1.054735 1.952200 0.073450 0.900683 4.099090 0.299597 2.488505 0.112463 0.332462 0.050350 0.196056 0.190838 
1.540439 1.685464 0.060518 0.603524 3.738887 0.554728 2.548245 0.852651 0.508895 0.188545 -0.007119 0.163201 
1.936721 1.965826 0.131087 -0.039832 2.855040 1.581730 2.719693 1.654290 0.720672 0.149290 0.218498 0.048896 
2.849919 2.212242 -0.147910 0.063607 2.535115 1.299586 2.056870 2.276193 0.648867 0.267347 0.293603 0.040524 
3.463619 2.518135 -0.364052 -0.012836 2.459364 0.511972 2.003203 2.209420 1.035817 0.477446 0.327184 0.059193 
3.726428 2.625250 -0.003855 0.109723 2.421744 0.362566 1.394998 2.083381 0.964622 0.580810 0.342753 0.057223 
4.085168 2.918763 0.329323 -0.186949 2.618938 -0.005472 1.040188 1.740871 0.736421 0.743443 0.301722 0.065882 
4.550571 3.748002 -0.153210 -0.543984 3.206634 -0.401156 0.324891 1.648291 0.680231 0.828483 0.256821 0.033373 
4.338630 3.542897 1.019728 -0.176440 2.057733 -0.103355 0.121152 1.337774 0.303933 0.829952 0.371719 0.082453 
4.323441 3.353885 1.565062 0.198604 1.473050 0.156997 -0.198139 0.355486 0.546594 0.696287 0.350304 0.085325 
4.517061 3.486411 1.620002 0.145006 1.252252 0.260756 -0.369009 0.136053 -0.144504 0.792994 0.354151 0.124264 
3.701694 3.060555 2.030671 0.665511 0.194856 -0.134279 -0.004373 0.222467 0.259711 0.411702 0.229811 0.077789 
3.540619 2.622458 1.533350 0.746668 0.737178 0.405998 0.042859 0.062922 0.079215 0.310020 0.146267 0.045503 
3.422878 2.427687 1.899398 1.437612 0.897168 0.314673 -0.178667 -0.083772 -0.004018 0.163357 0.062130 0.017513 
3.518982 2.984789 2.137024 1.520723 1.366492 0.154736 0.000886 -0.374329 -0.105387 0.101915 -0.097860 -0.007816 
3.488449 2.670745 1.994464 1.491997 1.361546 0.388575 -0.201466 -0.408216 -0.173840 0.019377 -0.109025 -0.018320 
3.414264 2.644765 2.010962 1.196298 1.000650 0.321938 -0.093154 -0.266183 -0.316027 -0.114593 -0.087192 -0.007355 
3.211317 2.333479 1.850852 1.198743 1.121603 0.180489 -0.091379 -0.201673 -0.369183 -0.158187 -0.203603 -0.003425 
3.451228 2.317545 1.515118 1.247661 0.961772 0.562625 -0.128713 -0.272596 -0.357569 -0.336617 -0.247201 -0.007094 
3.417963 2.375614 1.400418 1.052419 1.010334 0.410862 0.022733 -0.340863 -0.357842 -0.397509 -0.293099 -0.006239 
3.551494 2.429815 1.510996 0.761527 0.774139 0.507824 -0.108232 -0.131058 -0.468343 -0.371720 -0.325414 -0.016644 
3.361787 2.641801 1.750516 0.921736 0.520979 0.022691 -0.030931 -0.154233 -0.372300 -0.436473 -0.306514 -0.016210 
3.357411 2.502389 1.755150 1.495809 1.076425 0.067608 -0.352366 -0.636121 -0.524903 -0.347638 -0.221580 -0.010379 
3.682605 2.858429 1.866151 1.040276 1.149211 0.219131 -0.140684 -0.612017 -0.852048 -0.318484 -0.192476 -0.010646 
3.601935 2.774887 1.910935 0.861764 0.813400 0.369911 -0.413824 -0.408125 -0.761312 -0.388475 -0.200578 -0.015438 
3.653071 2.777459 1.620977 0.929640 1.088621 0.128376 -0.500330 -0.670556 -0.605205 -0.182308 -0.280108 -0.022645 
3.623287 2.756293 1.829595 1.195209 1.391707 0.126186 -0.359435 -0.650280 -0.962868 -0.323892 -0.170573 -0.016990 
3.797852 2.766685 1.875667 0.930014 1.372571 0.256721 -0.698380 -0.462924 -0.846637 -0.334782 -0.191123 -0.027528 
4.365230 2.774322 1.598644 1.037467 2.076237 0.336573 -0.994989 -0.644876 -0.844548 -0.257603 -0.145857 -0.038404 
4.668122 2.886919 1.367133 0.616761 2.616191 0.236095 -1.216907 -0.451898 -0.882485 -0.151263 -0.145157 -0.060065 
4.491377 2.773149 1.583762 0.906453 2.337856 0.252853 -1.148403 -0.511875 -0.809185 -0.242361 -0.135892 -0.045729 
3.753693 2.544065 1.633207 1.217821 1.272215 0.407769 -0.712932 -0.766410 -0.500007 -0.286880 -0.221897 -0.021655 
4.956713 3.121313 1.162215 0.926573 3.247689 0.333522 -1.206936 -0.727215 -0.886984 -0.258574 -0.094313 -0.050101 
5.288884 2.934794 1.240966 0.957644 3.389367 0.427797 -1.120389 -0.945164 -0.590039 -0.481895 -0.101728 -0.041931 
4.990797 2.809353 1.327120 1.081517 2.781964 0.778902 -1.132723 -0.910781 -0.685244 -0.487092 -0.050650 -0.030687 
4.494660 2.735596 1.457339 1.379112 2.330384 0.782194 -0.799752 -1.088803 -0.789821 -0.434899 -0.046382 -0.017947 
5.865769 2.702021 1.334825 0.387496 4.195848 0.702640 -1.027412 -1.006468 -0.868045 -0.518408 -0.136623 -0.031759 
3.501612 2.501744 1.931087 1.406631 1.213406 0.342750 -0.693056 -0.673373 -0.748128 -0.411864 -0.158460 -0.021279 
4.351478 2.751867 1.507814 1.299033 1.671787 0.499458 -0.723530 -0.839831 -0.678488 -0.565161 -0.107227 -0.017080 
4.375808 2.785402 1.312899 1.166104 1.967116 0.779872 -1.026632 -1.019727 -0.743181 -0.487807 -0.060421 -0.020600 
5.906953 2.567122 0.931813 0.981641 3.237875 1.300220 -1.264250 -1.615324 -0.371993 -0.642463 -0.084649 -0.026962 
3.489865 2.234222 1.435570 1.333451 1.372378 0.605030 -0.695282 -0.999490 -0.742078 -0.456109 -0.106514 -0.002296 
4.159227 2.509144 1.307563 1.077175 1.707725 0.922758 -0.635004 -1.118562 -0.838541 -0.457022 -0.056604 0.005392 
4.329218 2.658837 1.176617 0.996050 1.749171 1.159143 -0.600948 -1.321578 -0.834634 -0.415666 -0.023076 0.013519 
5.910947 2.586022 0.778368 0.527398 2.986223 2.164974 -1.299361 -1.874694 -0.314515 -0.732217 0.041252 0.008787 
5.330281 2.601083 0.940247 0.834812 2.359982 1.578551 -1.066865 -1.542623 -0.614287 -0.567910 0.034140 0.012737 
4.452226 2.736816 1.002944 1.122448 1.904794 1.000073 -0.953443 -1.280186 -0.835913 -0.306028 -0.004664 -0.001635 
5.859701 2.619557 1.099090 0.602259 2.750512 2.012917 -1.441546 -2.066198 -0.124782 -0.745747 0.026609 0.011596 
5.347980 2.801949 0.991663 0.977257 2.367209 1.669108 -1.395349 -1.722040 -0.258951 -0.708814 0.055922 -0.000337 
5.059494 2.629788 1.282954 1.109521 2.205251 1.512793 -1.318222 -1.646315 -0.461976 -0.555987 0.073989 0.014456 
4.366272 2.662087 1.479999 0.999250 1.535409 1.294484 -0.943337 -1.480907 -0.605268 -0.399157 0.021051 0.021075 
5.537127 2.410533 1.118135 1.253135 2.255993 1.904374 -1.432215 -1.884251 -0.160949 -0.573141 0.033918 0.027401 
4.778335 2.431471 1.342020 1.173281 1.767852 1.490543 -0.923227 -1.774780 -0.392819 -0.475992 0.039785 0.028848 
3.462466 2.356606 1.598128 1.261209 1.269286 0.464480 -0.798227 -1.077445 -0.648543 -0.211405 -0.069861 0.008963 
5.335032 2.486255 1.023187 1.162149 2.265520 1.592254 -1.547555 -1.704116 -0.386758 -0.433262 0.076920 0.009741 
4.557557 2.347816 1.035358 1.422734 1.898788 1.020304 -0.998215 -1.496230 -0.540724 -0.382021 0.035483 0.012227 
4.861503 2.421269 0.925354 1.188262 2.128283 1.168329 -1.206687 -1.504595 -0.453733 -0.406190 0.055190 0.009398 
3.501375 2.140233 1.209228 1.299015 1.600210 0.547865 -0.884187 -1.016964 -0.568158 -0.301388 -0.047774 0.016040 
5.015241 2.260750 0.981359 1.153540 2.205046 1.564558 -1.515084 -1.649510 -0.117747 -0.465620 0.057893 0.011358 
4.369365 2.247134 1.166621 1.311914 1.886550 1.018376 -1.074939 -1.340249 -0.479751 -0.311634 0.014936 0.008657 
3.470149 2.196786 1.521517 1.284282 1.246617 0.484993 -0.900129 -1.012575 -0.506678 -0.218088 -0.055363 0.013846 
5.631254 2.220132 1.017000 1.112156 2.509565 1.858697 -1.836893 -1.814266 0.020682 -0.533124 0.032045 0.014622 
4.555620 2.188693 1.192601 1.572108 1.901830 0.907188 -1.162940 -1.561641 -0.325615 -0.276630 0.019809 -0.000101 
4.780065 2.318805 1.140481 1.459524 1.967381 1.098494 -1.362813 -1.613889 -0.248362 -0.250368 0.045614 -0.002681 
3.433366 2.129540 1.401642 1.547433 1.507052 0.324562 -0.966496 -0.993107 -0.436468 -0.201310 -0.030486 0.015574 
4.927448 2.180226 1.610580 1.335487 2.124264 1.179862 -1.706201 -1.661966 -0.036821 -0.145363 0.038363 -0.005756 
4.309040 2.333443 1.641871 1.630566 1.941060 0.813203 -1.410487 -1.327074 -0.322262 -0.187683 0.040685 -0.000621 
3.779454 2.364980 1.339708 0.881605 1.261897 0.661337 -0.757301 -0.994797 -0.437436 -0.100103 -0.086699 0.018851 
5.386032 2.344923 1.548474 0.939430 2.485495 1.281019 -1.883931 -1.292157 -0.164641 -0.356045 0.085043 0.005832 
4.518062 2.393838 1.510021 1.204084 1.676829 0.975418 -1.406572 -1.380187 -0.135076 -0.204912 0.031651 0.011071 
5.152998 2.256368 1.526559 1.269563 1.988152 1.466905 -1.906765 -1.401549 0.188679 -0.459072 0.049372 0.034338 
3.809963 2.476861 1.243346 0.998037 1.127472 0.429178 -0.800684 -0.961091 -0.346209 -0.031369 -0.000090 0.039550 
5.016646 2.370017 1.144013 0.667937 2.398007 0.937789 -2.115474 -1.002079 0.177712 -0.202474 0.145808 -0.003220 
4.614635 2.420987 1.027176 0.860444 1.889898 0.636781 -1.692652 -1.025088 0.015408 0.031613 0.151266 0.019048 
5.174862 2.204755 1.085424 0.705490 2.497500 0.569874 -2.205272 -0.872107 0.114716 0.034127 0.210020 0.013105 
5.225147 2.342428 1.019772 0.516058 2.524954 0.636548 -2.144719 -0.976205 0.173260 0.044234 0.262637 0.021376 
5.264389 2.506765 0.885047 0.292077 2.469340 0.724836 -2.087348 -0.852460 0.132212 0.049169 0.312738 0.027753 
3.868163 2.283307 0.834464 0.561622 1.256061 0.134716 -0.967522 -0.593698 -0.066536 0.190841 0.232083 0.075274 
4.561303 2.249458 1.131510 1.080330 1.465107 0.208283 -1.399152 -0.931744 0.070303 0.217192 0.376626 0.104047 
6.586492 1.318257 1.325331 -1.090953 4.180959 0.075579 -1.807642 -0.387058 -0.380710 0.535257 0.311549 0.092463 
4.897803 2.237481 0.368324 0.585794 2.314614 0.229612 -1.698288 -0.762191 0.130150 0.286961 0.519880 0.132751 
3.588159 2.137530 0.616307 0.389575 0.739988 0.181157 -0.583755 -0.693951 -0.053537 0.380319 0.525829 0.166237 
4.072371 1.823837 0.232295 0.519830 1.476508 0.192198 -0.682809 -0.447022 -0.200243 0.236511 0.585024 0.196251 
5.342318 1.788565 -0.132325 0.078545 2.600558 0.538962 -0.924115 -0.006152 -0.136819 0.125637 0.535282 0.234024 
3.799163 1.890168 0.152153 0.183285 1.335724 0.620258 0.218824 0.051722 -0.218247 0.155341 0.678697 0.221329 
