4.306862 3.204760 1.912311 -1.098887 0.733110 -0.857131 -2.772346 -1.087187 -2.257475 -1.205676 -0.021080 -0.121287 
4.183135 3.223583 1.791730 -0.972423 0.398202 -1.033747 -2.712249 -1.110040 -2.251056 -1.157492 -0.023556 -0.106075 
4.093740 3.079187 1.917572 -0.890909 0.053505 -1.064353 -2.518609 -1.302926 -2.068861 -1.081784 -0.035629 -0.087744 
4.335411 3.093595 1.893359 -1.034890 0.165769 -0.984864 -2.727343 -1.315967 -2.128705 -1.110547 -0.041215 -0.084856 
4.099617 3.118367 1.632953 -0.795732 0.046289 -1.321128 -2.258125 -1.500190 -2.118905 -1.038995 -0.065308 -0.066865 
4.165868 2.973885 1.555205 -0.900034 -0.030558 -1.086635 -2.208618 -1.483481 -2.261382 -1.052887 -0.041768 -0.054759 
4.324052 3.011601 1.471047 -1.167973 0.011415 -0.931295 -2.188888 -1.456745 -2.377197 -1.142889 -0.046995 -0.045720 
4.447060 2.994997 1.365880 -1.388726 0.308472 -0.965510 -2.228047 -1.547724 -2.413392 -1.145438 -0.041676 -0.037122 
4.163168 2.840506 1.257878 -0.972213 -0.049048 -1.002772 -2.125999 -1.564827 -2.347915 -1.008750 -0.005924 -0.029344 
4.237700 2.698857 1.258959 -1.008100 -0.155394 -0.894356 -2.120121 -1.550366 -2.259024 -1.200302 0.029051 -0.018075 
4.258545 2.806353 1.014886 -1.105764 0.000894 -0.903117 -2.054497 -1.510801 -2.447048 -1.105350 0.007459 -0.009396 
4.493761 2.791365 0.884937 -1.157949 0.392687 -0.821429 -2.217197 -1.522349 -2.237476 -1.170271 -0.005496 -0.010781 
4.599187 2.619967 0.911735 -1.071716 0.052609 -0.572026 -2.192907 -1.350314 -2.251429 -1.178199 -0.016896 0.000711 
4.625752 2.584343 0.762047 -1.017961 0.120911 -0.686169 -1.869580 -1.651323 -1.960683 -1.173218 -0.047574 0.013232 
4.057039 2.451984 0.698183 -0.585886 0.032108 -0.760465 -1.709978 -1.515516 -1.900188 -1.041643 0.012430 0.002391 
4.546016 2.518815 0.538418 -0.738526 0.546506 -0.635408 -1.973768 -1.217550 -1.923158 -1.196229 -0.041957 0.004274 
4.991497 2.486243 0.688296 -1.168422 1.453042 -0.603350 -2.125971 -0.903865 -2.027461 -1.164779 -0.073058 -0.021864 
5.728456 2.282829 0.751461 -1.661881 2.517013 -0.695076 -2.649410 -0.367851 -2.035358 -1.043676 -0.122597 -0.098789 
3.853956 2.442631 0.889901 -0.389676 0.498380 -0.779449 -1.679995 -1.044659 -1.643186 -0.635102 0.015081 -0.015747 
4.080012 2.592121 1.167873 -0.681401 0.423199 -0.940602 -1.900075 -0.678463 -1.851975 -1.022160 0.017372 -0.035628 
5.446862 2.281405 1.364836 -1.177517 1.216608 -1.894397 -2.419324 0.436523 -2.298327 -1.614647 -0.238618 -0.062509 
5.320778 2.320136 1.336182 -1.269648 1.389003 -1.949589 -2.451089 0.464788 -2.171466 -1.463405 -0.218564 -0.075982 
3.857738 2.535830 0.923677 -0.518908 0.764191 -1.704450 -1.665883 -0.401020 -2.068122 -0.941439 -0.002813 -0.031512 
3.935503 2.235868 1.031027 -0.608575 0.405684 -1.966115 -1.985694 -0.301011 -2.012064 -1.021663 0.076883 -0.023664 
4.029947 2.267898 1.252576 -0.777312 1.206276 -2.759006 -1.813674 -0.426153 -2.417185 -1.241785 0.021174 -0.001185 
3.771031 2.492482 0.982034 -0.501675 1.160293 -2.887716 -1.733181 -0.646362 -2.092220 -1.221430 0.031340 -0.000618 
3.477882 2.064047 0.989944 -0.112380 0.533945 -2.672334 -1.661904 -0.405507 -1.718381 -0.938258 0.036541 -0.007891 
3.217934 2.374513 0.505191 0.010165 0.169216 -2.106476 -1.026636 -0.881100 -1.321881 -1.228293 0.110909 -0.035714 
3.397043 2.908787 1.270339 -0.176010 0.778484 -3.084974 -0.677508 -0.316512 -1.652942 -1.641799 0.182781 -0.038615 
3.308897 3.142942 1.323720 0.338353 0.436303 -3.183399 -0.376735 -0.301943 -1.942361 -1.338582 0.184983 -0.027811 
3.355922 2.819363 1.198647 0.596036 0.105009 -2.817324 -0.923503 -0.394451 -1.483743 -1.119416 0.179317 -0.016573 
3.352641 2.495455 0.939217 0.761803 -0.190596 -1.978461 -1.733079 -0.254897 -1.498397 -0.952128 0.231740 -0.017481 
3.695386 2.363238 0.824876 -0.359335 1.378567 -2.423251 -1.824819 -0.357646 -1.576559 -0.956170 0.153290 -0.018456 
3.741139 2.687150 0.292037 -0.842524 2.314935 -2.380289 -2.051310 -0.885281 -0.969373 -0.858343 0.078809 -0.079968 
3.840298 2.741399 0.524319 -1.359033 2.751727 -2.273275 -2.047347 -1.000946 -0.682383 -0.828996 0.079418 -0.101601 
3.843306 2.809445 0.089477 -1.323696 2.741351 -1.768641 -2.055461 -0.947100 -0.421146 -0.815890 0.096467 -0.147629 
4.116888 2.837331 -0.195008 -1.380981 3.131956 -1.372633 -2.186399 -1.175120 -0.355514 -0.863130 0.112069 -0.175205 
3.951587 2.194929 -0.055027 -1.079464 1.434984 -0.165613 -2.053019 -0.753316 -0.449419 -0.730783 0.033230 -0.111243 
3.585010 1.824397 0.465112 -0.637400 1.138137 -0.280317 -2.157314 -1.413277 -0.420826 -0.634850 0.126045 -0.072309 
4.598163 2.514259 -0.116362 -1.708788 2.918811 -0.289053 -2.817975 -1.112504 -0.564865 -0.713298 0.168553 -0.193800 
4.673023 2.687366 -0.467207 -1.959484 3.224866 -0.292169 -2.766878 -1.251872 -0.438813 -0.696817 0.182110 -0.245713 
4.136959 1.985347 0.166321 -1.165818 1.917390 -0.022469 -2.830697 -1.095792 -0.281420 -0.431186 0.060942 -0.167592 
3.855962 1.582673 0.336392 -0.790628 1.661837 -0.126063 -2.495925 -1.164629 -0.453785 -0.359288 -0.010835 -0.133533 
4.718889 2.412513 -0.355658 -2.294300 3.557561 -0.651018 -2.799514 -1.542174 -0.334943 -0.534802 0.193298 -0.219988 
4.540592 2.310239 -0.336931 -1.925173 2.836916 -0.444524 -2.945659 -1.433291 -0.353813 -0.443459 0.244688 -0.195766 
4.487541 2.238649 -0.003828 -1.795612 2.822734 -0.457294 -2.680440 -1.330631 -0.426162 -0.309345 0.223083 -0.155947 
5.132682 2.283792 -0.171343 -2.667868 3.283265 -0.400514 -2.553957 -1.466368 -0.424814 -0.319641 0.232411 -0.145133 
5.384759 2.491397 -0.650384 -2.818979 3.160765 -0.031592 -2.936935 -1.616173 -0.574587 -0.469544 0.356469 -0.181913 
4.585956 2.103823 -0.320806 -1.581170 1.742233 -0.053640 -2.731430 -1.447665 -0.344377 -0.353310 0.226639 -0.123817 
4.423405 2.131331 -0.277154 -1.068606 1.750145 -0.508033 -2.662964 -1.346186 -0.517911 -0.122421 0.181781 -0.112855 
5.424074 2.277844 -0.660054 -2.276552 2.643987 -0.438294 -2.847335 -1.653190 -0.275518 -0.306172 0.222426 -0.144389 
5.191661 2.448593 -0.657328 -1.682147 2.124249 -0.251942 -3.128648 -1.677022 -0.070772 -0.303691 0.294636 -0.155304 
4.644022 1.845611 0.017625 -0.850145 1.583109 -0.676495 -2.939578 -1.249846 -0.135471 0.097533 0.121903 -0.134326 
4.549310 1.866266 -0.175758 -0.563551 1.473927 -0.411807 -2.710891 -1.288716 0.011742 0.039579 0.087152 -0.134432 
5.325360 2.219325 -0.565585 -1.801442 2.612632 -0.147529 -2.867034 -1.157286 0.059626 -0.172286 0.173124 -0.188636 
4.977629 2.281617 -0.831463 -1.264536 2.181622 0.155179 -2.354356 -0.994995 0.183184 -0.254159 0.126291 -0.174041 
4.853741 2.444949 -0.872996 -0.979948 2.161239 -0.205823 -1.860039 -1.025024 0.173071 -0.194474 0.104944 -0.142366 
4.997620 2.734612 -1.364986 -1.366696 2.539648 -0.391510 -1.891922 -0.846817 0.175997 -0.203834 0.142596 -0.167472 
4.752003 2.511565 -1.399205 -0.746957 2.288844 -0.401097 -2.064052 -0.638280 0.397823 0.029783 0.129025 -0.177885 
4.664226 2.718408 -1.454313 -0.741464 2.545040 -0.539037 -1.845501 -0.609706 0.737026 0.159717 0.179907 -0.199961 
4.798674 2.451448 -1.522452 -0.617334 2.445535 -0.350778 -1.414290 -0.697072 1.272644 0.036944 0.261778 -0.159604 
4.758188 2.270027 -1.448817 -0.372564 2.526896 -0.406850 -1.246262 -0.676530 1.489293 0.203292 0.306173 -0.131944 
5.120891 2.366246 -1.536623 -0.937494 2.664354 -0.019165 -0.820310 -1.070900 1.870870 -0.118603 0.441976 -0.100239 
5.342910 2.581181 -1.881916 -1.154670 2.836211 0.059455 -0.963626 -0.305827 1.432757 0.074640 0.376207 -0.084277 
4.746434 2.065421 -0.697799 -0.346478 2.032098 -0.092681 -1.579321 0.016827 1.140949 0.179398 0.371574 -0.042589 
4.263773 2.163297 0.448432 -0.119303 0.951194 -0.051086 -0.445973 0.049547 0.247904 0.163585 0.367867 0.043068 
4.570788 2.214434 -0.021190 -0.198186 2.356257 -0.051132 -1.452859 0.013841 0.793216 0.050036 0.259669 -0.057038 
4.757437 2.333575 0.123069 -0.710062 2.682158 -0.053586 -1.509394 -0.421764 0.861015 -0.062063 0.373260 -0.036529 
4.976719 2.789744 0.114838 -1.164304 3.300063 -0.889128 -1.804862 -0.491197 0.797058 0.082839 0.320683 -0.065530 
4.636364 2.495348 0.421925 -0.683367 2.262748 -0.532305 -1.599201 -0.468720 0.898613 0.170090 0.339163 -0.035142 
4.672781 2.388807 0.792982 -0.984337 2.197748 0.124890 -0.810054 -0.311785 0.562475 0.066371 0.330267 0.022746 
4.740720 2.532082 0.344436 -0.838966 1.990863 0.346195 -0.254945 0.084526 0.239284 -0.316845 0.247202 0.035032 
4.446632 2.526635 0.194721 -0.707155 2.045577 0.339266 0.034131 0.190658 0.044110 -0.320032 0.145315 0.005601 
4.521108 2.548025 0.212394 -1.110393 1.836137 0.431588 0.603770 0.060148 -0.149658 -0.656705 -0.106892 -0.014968 
4.716462 2.296321 -0.429135 -1.194484 1.331913 0.435552 -0.229919 0.205047 0.084449 -0.697811 -0.006122 -0.030895 
4.719132 2.008635 -0.003427 -1.117373 1.625316 0.191356 0.185384 -0.029767 0.295516 -0.489924 -0.000872 0.016968 
3.891874 1.774554 0.055225 -0.313551 0.469622 0.408813 0.058258 0.027349 -0.039936 0.102800 0.069569 0.015615 
4.911909 2.171607 0.205320 -0.409472 1.353875 0.619327 -0.479806 -0.520177 0.965298 0.279586 0.324521 0.055229 
4.082480 2.103960 1.100541 0.330869 1.016733 0.322427 -0.106703 -0.060270 0.151642 0.364345 0.299811 0.082832 
5.340968 1.945978 1.354291 0.281869 1.748214 0.043797 -0.060351 -0.385091 0.081271 0.692457 0.285129 0.060284 
3.701743 2.334208 1.512530 1.126152 1.154228 0.133544 -0.109058 -0.293712 0.279504 0.473455 0.309452 0.064967 
4.365542 2.255700 0.982053 1.568204 2.200423 -0.295510 -0.691608 -1.103004 1.245624 0.708723 0.283537 0.019817 
3.916436 1.984162 0.844864 1.387118 1.930549 0.073027 -0.635023 -0.782190 0.941386 0.604428 0.199896 0.010327 
4.244002 2.245826 0.404394 0.987954 2.325867 0.234184 -0.735355 -1.420189 1.750690 0.446451 0.381852 -0.002310 
3.809068 1.941990 0.504490 1.310653 2.078228 0.168819 -0.555905 -1.193689 1.409053 0.560355 0.338719 0.015963 
