3.174726 0.678383 0.325087 2.370533 2.664743 0.301798 -0.372454 0.772255 1.050256 0.488301 0.166231 0.046621 
2.835253 -0.046243 0.128677 3.210735 3.435616 0.217480 -0.862341 1.086879 1.519120 0.525893 0.221266 0.016594 
2.966367 -0.226675 -0.438005 3.715078 3.356959 0.527193 -0.867871 0.681606 2.155893 0.263919 0.251616 0.011460 
2.046429 -0.295417 0.534889 3.960797 3.201892 0.296172 -1.163510 1.247181 1.464483 0.291080 0.164098 0.017695 
1.757444 -0.748980 0.996684 4.153369 3.843954 0.967121 -1.217909 0.876726 0.807283 0.743060 -0.043694 0.006557 
1.143659 -1.075242 0.990521 4.148339 3.458610 0.608835 -0.912983 0.210639 0.988582 0.695892 -0.047631 0.034053 
1.158902 -1.155131 0.928023 4.291932 3.177120 0.348809 -0.468170 0.228699 1.315851 0.385257 0.096262 0.037183 
0.775234 -0.565188 1.332807 3.952652 3.927896 -0.371488 -0.061514 -0.288143 1.333123 0.356462 -0.033691 0.067070 
0.389177 -0.274920 0.844663 4.220878 3.105857 0.067514 0.288190 -0.568604 1.620464 0.149488 0.040470 0.083398 
0.109274 0.386551 0.942875 3.813862 2.175910 0.172763 0.303559 0.044472 1.628329 0.123836 -0.096475 0.116793 
0.243581 1.331460 0.729035 3.042056 1.685418 0.427997 0.570710 0.216252 1.382362 0.355200 -0.189921 0.156682 
0.500808 1.347205 0.916938 3.458681 1.473816 0.555457 -0.046833 0.303798 1.448242 0.490967 -0.115638 0.076820 
0.559064 1.602453 -0.043032 3.832311 1.818095 0.196427 0.151934 0.440542 1.133022 0.710790 0.107246 0.013579 
0.558679 1.723413 0.315167 4.187024 1.739025 0.070074 -0.011872 0.277036 1.187872 0.403830 0.293343 -0.041214 
0.546059 1.691312 0.293169 4.334924 1.577506 0.255404 0.169734 0.791917 1.451822 0.349981 0.395810 -0.069605 
0.282018 1.870955 0.738754 4.170242 1.562110 -0.225686 0.061892 0.912628 1.496229 0.267253 0.356268 -0.057209 
-0.327001 1.646632 0.460817 3.458778 2.486900 0.090689 0.278801 0.745960 1.537629 0.419060 0.098757 -0.003836 
-0.304155 1.866792 0.933923 3.445801 2.913250 -0.259962 -0.122695 0.686579 1.340838 0.638155 -0.019010 -0.008582 
-0.506969 1.180261 1.062991 3.054384 2.869092 0.344580 -0.421559 0.676829 1.640226 0.543863 -0.252895 0.088156 
-0.334840 0.826043 1.134537 2.874305 3.081418 0.574975 -0.514075 0.492578 1.603187 0.490032 -0.301728 0.130084 
-0.181498 0.206031 1.097618 3.274060 3.081341 0.605739 -0.653976 0.359703 1.583349 0.272179 -0.190719 0.132559 
0.170688 -0.104999 1.271175 3.416559 2.794345 0.893264 -0.317608 0.341683 1.626286 0.087237 -0.172320 0.166771 
0.287036 -0.123297 1.276337 3.266322 3.075447 0.998011 0.249674 0.407714 1.412425 0.031990 -0.075448 0.193085 
1.272299 0.862312 1.401809 3.081372 1.956424 0.285362 0.340618 0.638401 1.401738 -0.273482 -0.021802 0.123404 
3.656643 1.829214 0.898593 1.404183 0.925491 -0.527475 0.277180 0.080742 1.225031 -0.396832 0.309193 0.070234 
4.369843 2.416621 0.112503 0.564256 1.149039 -0.508171 -0.986992 -0.214420 0.481344 -0.585538 0.030826 -0.038199 
4.585983 2.325126 -0.356402 0.491694 1.269877 -1.123541 -1.013319 -0.085957 0.048399 -0.722063 -0.092798 -0.026497 
5.556931 2.547391 -1.163677 -0.352621 2.156846 -1.895955 -1.122272 -0.075176 -0.181545 -0.488676 -0.424772 -0.005520 
5.394292 2.206350 -0.639680 -0.735822 1.588348 -1.662467 -1.375818 -0.126978 -0.012344 -0.746524 -0.298369 -0.032395 
5.454910 2.311412 -0.975091 -0.840298 1.760338 -1.812804 -1.635704 -0.138288 -0.241314 -0.658465 -0.362507 -0.042360 
5.145991 2.028181 -0.597347 -0.490374 0.824084 -1.301039 -1.798891 -0.381337 -0.131487 -0.855128 -0.194390 -0.034593 
6.034689 1.469080 -0.251378 -1.497172 1.494841 -1.632482 -1.912019 -0.602458 -0.182102 -0.789450 -0.439488 -0.035772 
5.847452 1.594368 -0.377040 -1.415210 1.231638 -1.538632 -1.963087 -0.664679 -0.323251 -0.863687 -0.391145 -0.043082 
6.078418 1.464024 -0.143640 -1.891484 1.333530 -1.532185 -1.864558 -1.011173 -0.431773 -0.808397 -0.443672 -0.036896 
5.252225 2.059872 -0.527871 -1.269102 0.442714 -1.071734 -1.657430 -0.938389 -0.676241 -0.919747 -0.224935 -0.040767 
5.224420 2.236673 -0.500507 -1.314527 0.267123 -0.858771 -1.510723 -0.961898 -0.813516 -0.930640 -0.219514 -0.040547 
6.354578 1.814695 -0.220090 -2.380035 1.506602 -1.196962 -1.657162 -1.533814 -0.709994 -0.841867 -0.485398 -0.046502 
5.044095 2.185089 -0.537331 -1.216662 -0.310208 -0.283269 -1.257513 -1.167152 -0.710832 -0.887255 -0.194197 -0.040909 
4.127410 1.924616 -0.253999 -0.919024 -0.267953 -0.780514 -1.632406 -1.175906 -0.736152 -0.685824 -0.094555 -0.048494 
5.053698 1.955198 -0.623925 -1.082350 -0.175547 -0.800046 -1.499432 -1.389623 -0.808777 -0.977902 -0.143618 -0.003005 
5.951827 1.867720 -0.751678 -1.785446 0.349612 -0.457030 -2.014597 -1.749304 -0.660363 -1.111758 -0.252602 -0.010269 
5.014282 2.220112 -0.554979 -1.421363 -0.496617 -0.655780 -1.387305 -1.283321 -1.035866 -0.927114 -0.123107 0.001598 
4.058725 1.980364 -0.159681 -1.343708 -0.943012 -0.673984 -1.080644 -1.259099 -1.166122 -0.852859 -0.053102 -0.005836 
5.280658 1.905086 -0.499382 -1.350155 -0.409294 -0.612828 -1.692774 -1.384658 -0.884217 -1.104861 -0.177041 0.009601 
5.755609 1.626657 -0.962777 -1.646717 0.078932 -0.522207 -2.365824 -1.661761 -0.614372 -1.108132 -0.236840 -0.009367 
5.762978 1.518633 -1.113126 -1.695211 0.161623 -0.587117 -2.374323 -1.546723 -0.712673 -1.020071 -0.213461 -0.007070 
5.011545 1.703163 -1.018653 -1.205144 -0.179122 -0.647471 -1.620780 -1.292987 -0.881968 -0.969068 -0.135452 0.005828 
5.951389 1.414771 -1.399114 -2.229138 0.357253 -0.283464 -2.193587 -1.467060 -0.706303 -0.880395 -0.160114 -0.009540 
5.785808 1.270497 -1.317784 -2.365417 0.057161 -0.248974 -2.227223 -1.730481 -0.465427 -0.930833 -0.095082 0.027664 
6.590163 0.597890 -0.868835 -2.922050 0.308833 0.032624 -2.434922 -1.859734 -0.275629 -0.705093 -0.178904 0.030387 
5.883114 1.081352 -1.204665 -2.262390 -0.380736 0.385882 -2.261518 -1.566296 -0.028812 -0.651145 -0.015732 0.044212 
5.912322 1.253148 -1.622207 -2.285011 -0.525691 0.450115 -2.354672 -1.750500 0.278063 -0.535745 0.012826 0.017137 
5.734401 1.171548 -1.639550 -2.283225 -0.194026 -0.026411 -2.003404 -1.434999 0.233619 -0.449401 0.045304 0.010837 
5.200557 1.577910 -1.629949 -1.929695 -0.287266 0.032188 -1.604340 -0.957632 0.290956 -0.360905 0.157930 0.008462 
5.964327 1.068409 -1.845298 -2.135815 -0.183978 0.463519 -1.931339 -1.040936 0.518873 -0.330886 -0.003355 -0.009439 
6.132102 0.820473 -1.780269 -2.174106 0.161857 0.534866 -1.781120 -1.019676 0.774816 -0.316623 -0.073817 -0.021382 
6.150606 0.645543 -1.706783 -2.126230 0.348002 0.577284 -1.866952 -0.739382 0.850156 -0.264893 -0.093778 -0.038687 
5.096212 1.189720 -1.960358 -1.425218 0.639796 0.206402 -1.571413 0.000251 0.811240 -0.234152 0.074983 -0.059822 
5.945202 0.644398 -1.705882 -1.523356 0.376051 0.790809 -1.628123 -0.415686 1.261926 -0.223966 -0.140590 -0.048594 
4.810976 1.042779 -1.227322 -1.097174 0.412513 -0.071114 -1.190211 -0.199744 0.957830 -0.172126 0.112979 -0.029673 
5.903136 1.043200 -1.366452 -1.415006 0.527298 0.712133 -1.751542 -0.569150 1.298671 -0.222477 -0.065910 -0.035048 
5.943470 1.133972 -0.903695 -1.390632 0.973474 0.526710 -1.775749 -0.640232 1.158837 -0.231740 0.016326 0.016521 
6.758600 1.046060 -0.419264 -1.594735 0.855472 1.177106 -2.424933 -0.515534 1.051390 -0.130730 0.025643 0.019542 
4.049878 1.547761 0.009280 0.022159 0.219828 -0.654335 -1.180064 -0.406754 0.423996 0.249768 0.335219 0.072653 
5.105968 2.517027 -0.114620 -0.771691 0.431658 0.077589 -2.010045 -0.438703 0.965063 0.136623 0.412298 0.051338 
6.048099 2.204821 0.280474 -1.391594 0.952385 0.907393 -2.303518 0.163569 1.529514 -0.038639 0.319101 0.044152 
6.040677 2.029785 0.762416 -1.294505 1.132812 1.095015 -1.587751 0.329333 1.646432 -0.288690 0.172678 0.084681 
4.428274 2.544375 1.003376 -0.253418 0.592953 0.814609 -0.488059 0.610459 0.891914 -0.416141 0.250760 0.062077 
4.297525 2.695272 1.101472 -0.164168 0.839075 1.098709 0.210796 0.727056 0.348539 -0.576489 0.255671 0.069491 
5.379358 2.963006 1.364257 -0.742013 0.670432 1.826634 -0.421451 0.420444 0.941412 -0.962891 0.237405 0.143612 
5.084150 2.859203 1.382910 -0.499148 0.408903 1.391879 -0.181069 0.573231 0.871004 -0.888680 0.240513 0.131504 
4.189892 2.818589 1.489341 -0.261383 0.188661 1.091091 0.413911 0.689183 0.368902 -0.532926 0.276599 0.074606 
4.223955 2.732513 1.495791 -0.306087 0.549815 1.410053 0.047004 0.612344 0.592555 -0.580518 0.340954 0.088364 
4.918816 2.568362 1.550382 -0.390788 0.186167 2.001908 -0.016642 0.627874 1.112552 -0.859609 0.249165 0.160805 
4.109121 2.345575 1.496138 0.032646 0.354110 1.766928 0.425952 0.553709 0.726671 -0.530558 0.320123 0.106311 
4.625941 2.961560 1.633820 -0.678560 0.356838 1.679003 0.348028 1.100722 0.812778 -0.883601 0.365650 0.107146 
5.074369 2.826843 1.313181 -0.496161 1.145939 1.925951 -0.211180 1.081121 1.036167 -1.137163 0.329055 0.131657 
4.190220 2.688535 1.657972 -0.003648 0.316577 1.704967 0.803196 0.877303 0.443261 -0.825261 0.282689 0.083416 
4.263879 2.532098 1.832626 0.101813 0.113009 1.837920 0.655797 0.354326 0.201077 -0.853973 0.102937 0.073645 
5.521372 2.223343 1.761165 -0.464615 -0.062507 2.034320 -0.669986 -0.169231 0.892840 -0.861531 -0.072643 0.149348 
6.304731 1.993444 1.680512 -0.820205 0.435162 2.043077 -1.579870 -0.633328 0.814849 -0.837668 -0.118347 0.134214 
5.010775 2.415077 1.354489 -0.199307 0.112348 1.281449 -1.435080 -1.125474 0.615829 -0.701647 0.037044 0.088724 
4.256236 2.319718 0.931716 -0.313913 -0.125666 0.700830 -1.005028 -0.790613 0.048614 -0.393907 0.099660 0.056032 
6.085161 1.718864 1.013553 -0.666814 0.491599 1.230895 -1.606093 -1.375158 0.954381 -0.702204 -0.177551 0.122234 
5.934151 1.799883 0.794657 -0.743659 0.684350 1.048056 -1.310367 -1.776690 1.386915 -0.725262 -0.192066 0.127291 
