0.092000 0.465516 -1.154038 -0.796985 6.278804 -0.512760 3.152426 -0.256021 -0.561516 0.445570 0.177985 0.268518 
-0.483974 0.128114 -2.625105 -1.091940 4.998175 0.145037 3.323007 0.231560 -0.617893 0.090368 0.117994 0.230894 
-1.048529 -0.632071 -2.313127 -1.003379 5.558542 1.165556 3.227286 -0.564441 -0.636821 0.373297 0.155551 0.193517 
-1.190406 -1.047475 -2.614738 -1.056397 5.394879 1.426433 2.680688 -0.325134 -0.595764 0.390018 0.139577 0.215711 
-1.103566 -1.234999 -2.469452 -1.206959 5.198387 1.835892 2.649636 -0.452494 -0.506719 0.466268 0.081702 0.198368 
-0.698790 -1.004338 -2.618769 -0.997496 4.564027 2.092784 2.185085 -0.209708 -0.360257 0.475737 -0.016051 0.183186 
-0.342805 -0.928602 -2.194385 -0.697372 4.897434 1.619195 2.166505 -0.371730 -0.303330 0.454618 -0.008560 0.152572 
1.029838 -0.037260 -1.719193 -1.247433 3.968850 1.261592 1.865417 0.168496 -0.069919 0.332189 -0.131575 0.137183 
2.246136 1.083210 -2.478456 -0.871277 4.213139 0.414007 1.777188 1.223243 0.261903 0.342125 0.098419 -0.006070 
3.137230 1.792563 -2.036951 -0.819676 4.262535 -0.194156 1.181091 1.477359 0.989786 0.895365 0.180580 -0.097097 
3.843865 1.926427 -2.329675 -0.761551 4.225718 -0.060595 0.718156 1.506014 0.946503 1.037892 0.078805 -0.097828 
4.047681 1.864610 -1.594804 -0.260112 3.133203 -0.152576 0.412772 1.194020 0.960618 0.945370 0.165585 -0.082417 
4.121212 2.253574 -1.631017 -0.508873 3.344897 -0.400531 0.439981 1.137934 0.700664 1.074745 0.069521 -0.068521 
4.435407 2.425060 -1.466145 -0.322507 2.877264 -0.642031 0.366302 0.909755 0.561939 0.896670 0.026790 -0.029473 
4.733983 2.969837 -1.193211 -0.267273 2.230923 -0.646183 0.212528 0.728109 0.401580 0.641335 -0.005174 -0.013072 
3.731305 2.056938 0.637004 0.095785 0.716432 0.122587 0.238797 0.243986 0.201353 0.275719 0.105334 -0.046362 
5.768226 3.065916 -1.196146 0.618018 0.978843 -0.363178 -0.655071 -0.127741 0.662258 -0.008227 0.012150 -0.043695 
5.954793 3.568079 -1.491555 0.266320 1.522009 -0.434213 -1.117700 -0.931939 0.604385 0.111748 0.051755 -0.113896 
5.859520 3.528052 -1.488583 0.262907 2.242899 -1.103723 -1.152581 -0.822679 0.104581 0.315712 -0.181546 -0.081887 
3.972540 2.451492 0.731542 0.346990 0.610377 -0.536402 -0.711443 -0.642946 -0.110428 0.036672 -0.105905 -0.078300 
6.399670 3.624691 -1.589918 -0.662261 3.368578 -1.707717 -0.868035 -0.564062 -0.618960 0.512111 -0.638446 -0.058987 
6.180680 3.699342 -1.156147 -0.896938 2.958340 -1.790212 -0.824558 -0.287038 -0.732535 0.192193 -0.702010 -0.084132 
6.180245 4.389782 -1.473123 -1.298356 2.907109 -1.783721 -0.895340 -0.533584 -0.912614 0.122335 -0.815421 -0.123487 
5.618701 3.298149 -0.177413 -1.415605 2.084690 -1.613240 -0.549225 -0.497125 -0.909795 -0.407518 -0.536683 -0.081970 
5.699714 3.924522 -0.712503 -1.903659 2.716644 -1.664370 -0.849201 -0.875221 -0.986847 -0.345909 -0.586455 -0.141759 
5.489070 3.617673 -0.315014 -1.891295 3.063292 -1.818889 -0.927394 -0.962220 -1.272812 -0.315280 -0.613600 -0.119039 
5.602039 4.114776 -0.710935 -1.978837 4.190826 -1.896703 -1.133256 -1.531595 -1.492687 -0.299521 -0.729556 -0.178185 
5.428474 4.017089 -0.581362 -1.356916 4.405709 -1.707670 -1.313699 -1.817168 -1.704215 -0.358345 -0.671687 -0.149970 
5.005095 3.696676 -0.109017 -0.524764 3.848476 -1.446114 -1.411934 -1.796209 -1.756492 -0.575216 -0.511558 -0.108363 
5.162532 3.377077 -0.134288 -0.106140 3.247739 -1.159918 -1.333197 -1.783606 -1.612558 -0.627136 -0.455443 -0.086405 
4.964857 3.017388 0.219478 0.061733 2.492064 -0.636145 -1.298126 -1.673517 -1.438029 -0.712544 -0.321228 -0.089603 
5.123495 2.786168 0.194385 0.530098 2.265824 -0.543279 -1.618820 -1.816566 -1.274179 -0.816633 -0.305454 -0.101800 
6.351592 3.160382 -1.060269 0.177745 3.801030 -1.276703 -1.668512 -2.341173 -1.479787 -0.551512 -0.632695 -0.108795 
5.018116 2.697135 0.210395 0.619520 1.862012 -0.080484 -2.063528 -1.983922 -1.123938 -0.810147 -0.214111 -0.113426 
4.241368 2.402940 0.870584 0.925921 1.312804 -0.246533 -1.824648 -1.978033 -1.144942 -0.605948 -0.203021 -0.103989 
5.438752 2.393272 0.220422 0.942433 2.188700 -0.067574 -1.955476 -1.894023 -1.115382 -0.819851 -0.261804 -0.093430 
4.070033 2.208257 0.524915 0.368660 0.836965 0.104930 -1.401928 -1.471761 -1.035503 -0.620829 -0.245401 -0.079090 
5.103822 2.270686 0.304480 1.042389 1.888483 -0.031661 -2.177071 -1.743996 -1.144640 -0.756204 -0.182579 -0.073156 
3.659487 2.204442 0.886213 0.371870 0.258343 -0.510542 -1.021155 -1.372337 -1.228024 -0.833927 -0.146610 -0.050991 
5.794850 2.135082 -0.049560 1.328732 1.997713 -0.086077 -2.111714 -2.167974 -1.237095 -1.024015 -0.269244 -0.051053 
3.634885 2.306641 0.889660 0.232370 0.172179 -0.416145 -1.315085 -1.619407 -1.408035 -0.725934 -0.122657 -0.054660 
4.964186 2.417580 0.498986 0.875009 1.634065 -0.506172 -1.573669 -2.020329 -1.425511 -1.080300 -0.159446 -0.031951 
3.600268 2.193657 0.822505 0.533307 0.528183 -0.482323 -1.312220 -1.684600 -1.303881 -0.694887 -0.127341 -0.061435 
5.345764 2.732000 -0.338762 0.605277 2.606704 -0.647247 -1.853060 -2.045666 -1.388440 -0.928145 -0.265955 -0.059949 
4.063601 2.294476 0.649456 0.593727 1.048163 -0.238700 -1.386872 -1.707170 -1.366500 -0.761451 -0.111621 -0.048330 
5.133968 2.387208 0.013854 0.905797 2.505894 -0.498903 -1.833701 -1.909336 -1.335245 -0.899268 -0.199056 -0.045543 
4.739327 2.285543 0.232305 0.699492 1.993471 -0.142058 -1.658960 -1.887373 -1.260655 -0.887085 -0.109047 -0.040994 
5.661070 2.780881 -0.676144 -0.124942 4.231295 -0.823597 -1.765916 -2.260754 -1.449465 -0.679288 -0.405905 -0.073192 
5.126646 2.625500 -0.465526 0.061995 3.397999 -0.477131 -1.753646 -1.874577 -1.321958 -0.743966 -0.228548 -0.066663 
5.099727 2.412459 -0.264048 -0.024197 3.546070 -0.633214 -1.664898 -1.915444 -1.224888 -0.679647 -0.235692 -0.057912 
4.042489 2.092655 0.236086 -0.059480 1.049484 0.086344 -1.569108 -1.507151 -1.044462 -0.568743 -0.164737 -0.065597 
4.593879 2.220060 0.023313 0.340375 2.462293 -0.480156 -2.092696 -1.543179 -1.265862 -0.641462 -0.122287 -0.069272 
4.552329 2.408017 0.074406 0.273619 2.193400 -0.403295 -2.421007 -1.836469 -1.294295 -0.595567 -0.059064 -0.084328 
4.279112 2.267179 0.310838 0.523389 1.559426 -0.355954 -2.037491 -1.981460 -1.018024 -0.645414 -0.051135 -0.067357 
3.987178 2.317630 0.365528 -0.009284 0.898002 -0.288439 -1.614251 -1.979628 -1.202176 -0.395804 -0.090009 -0.045791 
4.567626 2.432832 0.267569 0.044065 2.060072 -0.676298 -2.000312 -1.873219 -1.258290 -0.472198 -0.079050 -0.059185 
4.617763 2.614038 -0.256809 0.336384 2.011762 -0.678079 -1.856653 -2.013747 -1.251248 -0.543317 -0.069347 -0.043926 
4.288123 2.237481 0.217326 0.190627 1.353658 -0.707027 -1.594151 -1.810288 -1.065045 -0.567796 -0.089149 -0.041527 
5.191757 2.570223 -0.522448 -0.030109 2.489230 -0.886504 -1.760157 -2.251775 -0.924248 -0.831500 -0.138493 -0.041827 
5.846623 3.388277 -1.704549 -0.525319 3.272322 -0.885436 -1.947587 -2.488855 -1.224650 -0.721746 -0.312506 -0.096774 
5.694603 2.735701 -0.847206 -0.387609 2.129161 -0.404734 -2.150647 -2.200578 -0.838227 -0.946217 -0.117208 -0.057507 
5.575559 2.581340 -0.568432 -0.240082 1.571171 -0.438658 -2.300393 -1.928032 -0.724926 -0.834399 -0.055303 -0.030584 
5.035182 2.456156 0.013750 -0.025754 0.688927 -0.644704 -2.041133 -1.766744 -0.610280 -0.583494 0.081217 0.009504 
6.266548 2.847001 -1.000797 -0.775653 1.658222 -0.046073 -2.788208 -1.689915 -0.413400 -0.404431 -0.019302 -0.091550 
6.045890 2.412308 -0.766510 -0.234132 1.268131 -0.386799 -2.639066 -1.924779 -0.050608 -0.206649 0.032360 -0.060859 
4.493375 1.962677 0.056178 0.237335 0.606490 -0.889554 -2.100469 -1.498931 -0.288762 0.095144 0.129980 -0.013873 
4.045344 1.675746 -0.008116 0.341757 0.506694 -0.751929 -1.937108 -1.362642 -0.051192 0.280226 0.178752 -0.020578 
4.185677 1.569093 -0.355146 0.074065 0.790215 -0.264205 -1.529255 -1.231928 0.001986 0.342570 0.314129 0.007902 
5.535808 1.579904 -1.302971 -0.167278 1.643138 0.426539 -1.748990 -1.335989 0.215776 0.229867 0.395278 0.051108 
4.295100 1.399177 -0.609338 -0.102500 0.757997 0.200678 -0.865472 -0.791557 -0.128463 0.115542 0.499198 0.115348 
3.747040 1.447200 -0.280850 -0.315559 0.321480 0.307274 -0.194236 -0.469703 -0.322608 0.044013 0.555808 0.143118 
3.322246 1.319586 -0.112665 -0.244837 0.348327 0.554754 0.173256 -0.293562 -0.304101 0.065644 0.540207 0.139601 
4.427273 1.697838 -0.320608 -0.397753 0.821822 0.815264 0.259827 -0.128763 -0.342660 -0.102033 0.514550 0.210895 
5.047984 2.352648 -0.064514 -0.118310 1.174914 1.065206 0.231269 0.356778 0.025317 -0.206075 0.311992 0.149853 
4.456207 2.406924 0.501457 0.270113 0.977289 1.046256 0.380668 -0.076962 -0.365234 -0.153321 0.407437 0.160914 
4.710728 2.732582 0.504547 0.212574 0.935496 0.968310 0.647663 -0.034930 -0.133449 -0.314166 0.332918 0.144000 
6.077862 2.763713 -0.099681 -0.338775 2.877814 1.131176 0.397544 0.000948 -0.282817 -0.050684 0.175311 0.118209 
5.030965 2.913361 0.259536 0.041110 2.331055 1.051046 1.200875 -0.047931 -0.563909 0.099932 0.244820 0.159859 
3.910870 2.511301 1.221979 0.730360 1.770416 1.308677 0.929465 0.147853 -0.009687 0.331487 0.341001 0.093765 
4.226261 2.662187 1.031888 0.478811 2.067524 1.109632 1.103268 0.226492 -0.044907 0.565085 0.341341 0.112609 
5.699163 2.520649 0.927311 -0.334146 3.799719 -0.082767 1.458650 0.206707 -0.153785 0.741467 0.105548 0.180474 
4.455895 2.990003 1.006000 0.513436 1.831121 1.104564 1.132773 0.178561 -0.019436 0.277831 0.308388 0.121980 
5.125532 2.746622 0.401216 0.203539 2.196328 0.835574 1.355917 -0.011755 0.027608 0.085859 0.210111 0.132386 
3.691271 2.397257 1.241875 0.575632 1.338428 1.580959 1.257119 0.410494 -0.315776 -0.142599 0.130075 0.081943 
5.183756 2.305994 0.902317 0.166202 1.536686 1.725523 1.213530 0.093264 -0.084122 -0.272944 0.198638 0.149000 
