3.966525 3.178363 2.112451 1.208417 0.738083 0.564751 0.117429 -0.474929 -0.917940 -0.731075 -0.162326 -0.079461 
3.785635 3.023972 1.931960 1.009929 0.519589 0.174469 -0.164153 -0.608726 -0.847405 -0.695409 -0.176020 -0.078514 
4.043514 3.230336 1.940320 0.836043 0.397502 0.291609 -0.101550 -0.795262 -1.149242 -0.843192 -0.159413 -0.064218 
4.341894 3.226919 1.809224 0.883775 0.747700 0.640105 -0.038031 -0.991035 -1.408712 -0.938416 -0.141326 -0.032367 
4.297360 3.174727 1.700127 0.951381 0.944687 0.567580 -0.181502 -1.061528 -1.216417 -0.753786 -0.145504 -0.025767 
3.702738 2.723972 1.684961 1.080324 0.633681 0.079840 -0.503326 -0.840287 -0.774527 -0.540832 -0.207047 -0.040335 
3.725374 2.647257 1.387892 0.733929 0.542500 0.255551 -0.276656 -0.779029 -0.803251 -0.496813 -0.206821 -0.019642 
3.927178 2.754660 1.663238 0.950955 0.726031 0.402020 -0.392485 -0.942155 -1.053115 -0.565639 -0.010162 0.025012 
4.686372 2.756048 1.427846 0.919477 1.227851 0.544207 -0.553645 -0.853211 -1.088931 -0.812178 0.042667 0.069472 
3.783914 2.513771 1.308056 0.691881 0.846755 0.430653 -0.456369 -1.022704 -1.024314 -0.461133 0.001914 0.058251 
4.077120 2.737068 1.420558 0.506232 0.625708 0.465238 -0.517479 -0.984871 -0.882461 -0.540483 -0.020478 0.049328 
5.804092 2.300852 1.382624 0.309320 2.471542 0.219374 -1.080578 -0.353341 -1.652854 -0.634779 0.041761 0.059251 
5.033321 2.989007 0.875064 0.428263 2.134660 0.146395 -0.685433 -0.464558 -1.718613 -0.696318 -0.028191 0.079409 
5.395019 2.860740 0.898352 0.281248 2.809643 0.181258 -1.190335 -0.518524 -1.813233 -0.700683 -0.038740 0.046255 
4.909330 2.884579 1.123315 0.488355 2.150377 0.212808 -1.021012 -0.975557 -1.685708 -0.738812 -0.003008 0.035285 
6.286741 2.070302 1.463935 -0.547231 4.192603 -0.459228 -1.544249 -0.588213 -2.038945 -0.627079 -0.263288 -0.036520 
3.431934 2.100935 1.202248 0.803979 0.736787 -0.009828 -0.730242 -0.958248 -1.266729 -0.675000 -0.128807 -0.032512 
3.727107 2.602369 1.456097 0.596766 0.907651 -0.392313 -0.709193 -0.835152 -1.390506 -0.687183 -0.145693 -0.046378 
3.899786 2.322258 1.222572 0.562208 0.808005 0.305043 -1.017883 -1.267252 -1.319644 -0.873516 -0.038408 -0.022684 
5.083804 2.736567 1.160135 -0.394152 2.123378 -0.295842 -1.200000 -0.614157 -2.139605 -0.896523 -0.178918 -0.032836 
3.490626 2.480968 1.297209 0.344036 0.513089 -0.207225 -0.681706 -1.297180 -1.632152 -0.774677 -0.034670 -0.033410 
4.070168 2.789606 1.058575 0.304402 0.736314 -0.101186 -0.543564 -1.509153 -1.820130 -0.896379 -0.075362 -0.008593 
4.079951 2.510358 1.275360 0.392792 1.056739 -0.219200 -1.136585 -1.183912 -1.802032 -0.811513 -0.061457 -0.031212 
5.008203 2.649390 0.797619 0.006970 1.885194 -0.279226 -1.298913 -1.089125 -1.836186 -0.912390 -0.166858 -0.019184 
4.204142 2.674579 0.703929 0.260691 1.028277 -0.228191 -0.914659 -1.492852 -1.661288 -0.748790 -0.119528 -0.022455 
4.521063 2.591581 0.645322 0.137523 1.105802 -0.135582 -1.056391 -1.439810 -1.725852 -0.903610 -0.118829 -0.014216 
5.819524 2.640073 0.190273 -0.876646 3.210960 -0.552207 -1.876648 -0.797616 -2.205118 -0.777054 -0.327264 -0.073377 
5.326126 2.638439 0.260564 -0.607998 2.489191 -0.227059 -1.796269 -0.880111 -1.953384 -0.878761 -0.206097 -0.053411 
6.160263 2.419880 0.225331 -1.284787 3.790702 -0.598832 -2.035331 -0.932756 -2.188863 -0.706954 -0.363517 -0.101153 
4.733487 2.571015 0.494702 -0.376336 1.600668 -0.094625 -1.232573 -1.074144 -1.870096 -0.859159 -0.134232 -0.017432 
5.883132 2.662315 -0.101546 -0.787672 3.133409 -0.547071 -1.757303 -0.989399 -2.070776 -0.702205 -0.329847 -0.053159 
4.952423 2.651988 0.336212 -0.161589 1.734352 -0.255313 -1.230758 -1.218139 -1.793401 -0.841859 -0.153642 -0.006119 
5.714054 2.432569 0.145008 -0.432267 2.494929 -0.407549 -1.624443 -1.175294 -1.765779 -0.863230 -0.248226 -0.025246 
5.271673 2.487174 0.089480 0.035811 1.778528 -0.150171 -1.595034 -1.254122 -1.651588 -0.944745 -0.171868 -0.007920 
3.874751 2.145245 0.310985 0.160873 0.580243 -0.186590 -0.880390 -1.362504 -1.252114 -0.773203 -0.114921 -0.029505 
4.333331 2.470092 0.608065 -0.282919 0.760236 -0.177772 -1.033691 -1.348778 -1.645100 -0.730739 -0.084698 -0.008668 
5.193439 2.445486 0.171467 -0.317459 1.835622 -0.608175 -1.257607 -1.043116 -1.673546 -0.669611 -0.184657 -0.008516 
4.301393 2.223806 0.565686 0.084626 1.170773 -0.068589 -1.545013 -1.415712 -1.271699 -0.576823 -0.060915 -0.038199 
3.412217 2.202474 0.810596 0.139559 0.231633 -0.411579 -0.977690 -1.464067 -1.151838 -0.430627 -0.125369 -0.051607 
3.879896 2.192299 0.562011 0.273550 0.378364 -0.039346 -0.967937 -1.562266 -1.015886 -0.536081 -0.109017 -0.042591 
4.801749 2.374491 0.240400 -0.196512 2.028846 -0.938610 -1.360513 -0.706668 -1.466935 -0.390883 -0.227740 -0.039828 
3.751096 2.237496 0.622516 -0.133601 0.386865 -0.633075 -0.796403 -0.811267 -1.313926 -0.639449 -0.091777 -0.017002 
3.597397 2.175143 0.845853 0.236162 0.714799 -1.064615 -0.951537 -0.890029 -1.517424 -0.465885 0.013513 0.008045 
3.508955 2.268807 0.759573 0.053896 0.762970 -1.386475 -0.628381 -0.547252 -1.663220 -0.387933 0.022501 0.039502 
4.213291 2.646290 0.624679 -0.289630 1.900677 -1.849550 -1.136251 0.052986 -1.474146 -0.458063 -0.113118 0.042566 
3.363028 2.418724 1.176268 -0.052956 0.699547 -1.471354 -0.640819 -0.278630 -1.030034 -0.100942 -0.154924 0.006104 
3.941122 2.254873 1.695749 -0.285873 2.352474 -1.824218 -0.473985 0.069756 -1.498132 -0.564772 -0.139765 0.027665 
4.213350 1.920710 2.552950 -0.598357 3.040265 -1.661084 -0.484955 -0.014343 -1.314754 -0.792808 -0.256862 0.041817 
3.607555 2.055838 2.057939 -0.145328 2.622343 -1.131027 -0.163478 0.146791 -1.179743 -0.924342 -0.220869 0.000233 
3.763293 1.735689 2.661240 -0.671543 2.747338 -1.220689 -0.004071 0.097125 -1.179051 -0.907192 -0.228649 0.053911 
3.241671 2.023067 1.992040 -0.082776 1.981554 -0.784146 -0.013274 0.178820 -0.949873 -0.957510 -0.158998 0.013012 
3.698493 1.351694 2.440526 -0.804265 3.348599 -1.598773 0.166629 0.496639 -1.156515 -0.854650 -0.357178 0.111983 
3.814589 1.167105 2.612696 -0.798211 3.571293 -1.415509 -0.037201 0.480835 -1.146267 -0.899782 -0.343555 0.130228 
3.686628 1.118893 2.188920 -0.017115 3.165995 -1.382214 -0.236404 0.085437 -1.039431 -0.627177 -0.290472 0.089208 
3.870177 1.198329 1.933946 0.088242 3.732646 -1.464419 -0.491454 -0.102205 -0.972207 -0.536433 -0.322215 0.083741 
3.409101 1.663447 1.749256 0.379540 2.002249 -0.264936 -1.584324 -0.101155 -0.533823 -0.565332 -0.114412 -0.013498 
3.503016 1.793543 1.575463 0.492510 2.664330 -0.945344 -1.257587 -0.780764 -0.695795 -0.397365 -0.043854 0.004051 
3.717220 1.972938 1.877271 -0.107646 2.400988 -1.056242 -1.122649 -0.710569 -0.789824 -0.183614 -0.132314 -0.008775 
4.067704 2.145943 2.110326 -0.774659 1.768927 -1.205550 -1.083713 -0.677273 -0.923761 -0.036819 -0.088795 -0.007592 
3.559783 2.485646 1.567263 -0.077133 0.942546 -1.017735 -1.163886 -0.644580 -0.973036 -0.232456 -0.034864 -0.024055 
3.804574 2.975814 1.356842 -0.340524 0.877330 -0.760621 -0.708431 -1.302604 -0.853547 -0.027963 -0.246341 -0.020111 
4.376934 3.036187 1.327627 -1.320020 2.258788 -1.085999 -1.069532 -1.091629 -0.970690 -0.311904 -0.153249 -0.036436 
4.333118 2.530683 1.637143 -1.350688 1.609928 -0.992464 -1.076373 -1.121343 -1.284331 -0.343315 -0.127358 -0.025886 
4.309486 2.647226 1.336704 -1.280159 1.635523 -1.031629 -1.328862 -0.914245 -1.425263 -0.389629 -0.082234 -0.042711 
4.368954 2.605229 1.295244 -1.796258 1.812600 -0.844568 -1.432250 -1.159673 -1.256715 -0.464758 -0.021705 -0.026380 
4.770286 2.524167 1.327445 -2.478686 1.994159 -0.551070 -1.653962 -1.180320 -1.094868 -0.549915 0.052764 -0.010872 
4.172692 2.447532 0.535618 -1.429274 0.080338 0.154018 -1.194718 -1.205765 -0.804579 -0.441890 0.029342 0.001926 
5.215077 1.742499 1.089275 -2.852061 1.955314 -0.169356 -2.084093 -1.417064 -0.648027 -0.680357 0.066646 0.027433 
4.569088 2.037914 0.417072 -1.697365 0.934651 0.059338 -1.996035 -1.448765 -0.573454 -0.670858 0.155690 0.000050 
5.661698 1.459687 0.989285 -3.519338 2.560013 -0.161272 -2.149841 -1.710234 -0.473714 -0.637154 -0.117667 0.068095 
4.310514 2.119996 0.451666 -1.973592 0.501968 0.297150 -1.420365 -1.316128 -0.505916 -0.567243 0.042064 -0.008682 
4.938223 2.037111 0.570888 -2.367138 1.528789 0.340326 -1.666383 -1.242672 -0.527161 -0.745317 0.073655 -0.014422 
4.211146 1.974440 0.338951 -1.281469 0.577664 0.418252 -1.353221 -1.407334 -0.471273 -0.630033 0.042295 -0.013397 
5.234145 1.941449 0.583656 -3.000158 2.156067 0.292841 -1.569924 -1.352522 -0.378976 -0.803511 -0.008408 -0.006933 
5.952555 1.536270 1.013204 -3.820581 2.945432 0.283121 -1.750343 -1.570142 -0.387145 -0.619435 -0.248682 0.062929 
4.726574 2.131866 0.166911 -1.730571 1.259642 0.442159 -1.440181 -1.082216 -0.294151 -0.736740 0.083827 -0.024689 
4.590790 2.190501 0.210991 -1.715163 0.816080 0.291348 -1.043927 -0.954397 -0.600250 -0.588700 0.056208 -0.011188 
3.887745 2.029682 0.060870 -1.202849 0.428957 -0.232740 -0.988888 -0.746288 -0.526124 -0.407492 0.058286 -0.034677 
5.778511 1.822655 0.552327 -3.918067 2.709998 -0.262313 -1.830556 -1.271772 -0.399255 -0.469652 -0.012794 0.029573 
4.738748 2.016043 0.151796 -2.006049 0.849746 -0.035353 -1.558329 -1.057229 -0.208480 -0.576919 0.161237 -0.009658 
5.592315 1.744980 0.530163 -3.411312 2.384309 -0.184516 -1.945023 -1.307693 -0.183271 -0.575588 0.060805 0.030039 
3.789641 1.985763 0.261923 -0.842273 -0.001701 -0.268522 -1.186965 -0.795736 -0.560290 -0.381595 0.209002 -0.019576 
5.624398 1.456939 0.666409 -3.332146 2.863229 -0.313083 -2.022986 -1.087622 -0.322109 -0.373279 0.017639 0.017369 
5.004897 1.823646 0.202531 -1.692790 1.690357 -0.023266 -1.681845 -0.887894 -0.171909 -0.371185 0.168416 -0.024669 
5.050966 1.783953 -0.069316 -1.558997 1.974160 -0.014114 -1.723962 -0.768696 -0.119483 -0.420031 0.142735 -0.034988 
