2.598602 1.987006 1.779631 1.583362 1.295137 1.059389 0.881047 0.773092 0.558843 0.394197 0.212067 0.079607 
2.521222 2.032540 1.825333 1.533080 1.411780 1.156578 0.968296 0.730157 0.441880 0.391817 0.264497 0.079651 
2.574974 2.023141 1.781848 1.558903 1.472735 1.114219 0.859898 0.816272 0.675609 0.418326 0.183755 0.079781 
2.554204 1.986606 1.705629 1.431154 1.416079 1.022459 1.006478 0.784696 0.518722 0.435904 0.239197 0.080458 
2.540206 1.923993 1.579282 1.396635 1.269875 1.179545 1.020805 0.861925 0.503419 0.352533 0.239940 0.080030 
2.645464 1.980093 1.655100 1.563065 1.394920 1.019619 0.869107 0.817733 0.624305 0.360986 0.256663 0.080302 
2.549813 1.972996 1.813498 1.555281 1.295156 1.160357 0.822823 0.695808 0.637259 0.453452 0.303803 0.079676 
2.566973 2.061704 1.824354 1.588207 1.368136 1.092520 0.986597 0.819740 0.501776 0.375356 0.181073 0.080299 
2.614319 1.984574 1.718017 1.573557 1.417259 1.217623 0.974058 0.832160 0.538570 0.367696 0.164767 0.079332 
2.589200 1.931353 1.762615 1.484283 1.500388 1.220559 0.890642 0.961427 0.642292 0.391655 0.269598 0.080322 
2.649760 1.986772 1.744834 1.595681 1.494622 1.016180 0.849707 0.724996 0.496017 0.291530 0.227943 0.080161 
2.586892 1.991607 1.633121 1.585844 1.436313 1.129262 0.937359 0.654053 0.424937 0.363449 0.261325 0.080104 
2.526482 1.983490 1.782250 1.585285 1.289665 1.074342 0.939003 0.827852 0.688082 0.352460 0.189341 0.078106 
2.543788 2.011957 1.779900 1.593380 1.399008 1.060139 1.108794 0.677315 0.443633 0.456773 0.246008 0.079304 
2.464971 1.960111 1.854967 1.534378 1.398603 1.100133 1.120585 0.658820 0.644112 0.499740 0.207244 0.080886 
2.559644 1.972616 1.589859 1.786008 1.394415 1.193304 0.892976 0.649847 0.532873 0.334593 0.261096 0.080051 
2.617809 1.997341 1.562639 1.524288 1.390364 1.093497 1.077145 0.585517 0.639393 0.410360 0.213605 0.079915 
2.581256 2.017353 1.648538 1.598798 1.291535 1.134390 1.010275 0.857309 0.700496 0.335501 0.239740 0.079574 
2.442380 1.933769 1.728918 1.527324 1.548993 1.058937 1.300670 0.422496 0.724762 0.281864 0.205877 0.082273 
2.164543 2.616143 1.221267 1.890971 1.342963 0.853990 1.559269 0.121704 1.101613 -0.116275 0.443011 0.041380 
1.969445 2.797013 0.821552 2.226071 1.057728 1.038982 1.364825 0.194375 1.217824 -0.161092 0.599711 0.002213 
1.996396 2.840950 0.852924 2.014858 1.042767 1.105393 1.400780 0.103254 1.431271 -0.197478 0.595026 -0.002126 
1.853815 2.928213 0.800346 2.559434 0.921734 0.771497 1.294866 0.140661 1.249483 -0.136296 0.474721 0.006257 
1.635755 2.815065 0.647384 2.524457 0.981811 0.761888 1.606553 0.217962 1.143705 -0.178080 0.374064 0.023823 
1.698294 2.579563 0.645971 2.608587 1.110028 0.998093 1.367690 0.666712 0.804720 -0.108529 0.294114 0.054032 
1.743782 2.595279 0.266226 2.886949 1.225253 0.747003 1.078728 0.701382 0.599520 -0.173064 0.271219 0.064710 
1.752042 2.425385 0.527663 2.859399 1.354383 0.292870 1.454449 0.837053 1.106521 -0.463883 0.286321 0.058449 
1.736356 2.381777 0.842236 2.786822 1.077689 0.078439 1.417410 1.003370 1.032433 -0.495213 0.290557 0.071878 
1.661988 2.507835 0.340116 3.002072 1.458041 -0.013591 1.514060 0.930104 1.162855 -0.284486 0.335232 0.062797 
1.683344 2.337637 0.558076 3.301615 1.228879 0.313313 1.008278 0.877393 1.337576 -0.142486 0.252763 0.057530 
1.718118 2.456151 0.873153 2.740441 1.263346 0.579272 1.063347 0.571542 1.427904 -0.144902 0.137067 0.063161 
1.936142 2.336845 1.064754 2.219711 1.289111 0.688327 1.086689 0.984656 1.221355 0.010077 0.011097 0.086698 
2.180643 2.008556 1.218351 2.092918 1.900708 0.639642 1.002086 0.554569 1.313538 0.029464 -0.131474 0.087964 
2.343100 2.062558 1.358106 1.611228 1.464210 0.715787 0.908768 0.257711 0.578479 0.090907 -0.064238 0.089118 
3.421756 2.836110 1.976133 1.967282 1.626575 0.437522 0.058106 0.210907 0.225852 -0.082024 -0.252699 -0.009444 
4.179726 2.843151 2.190789 1.731106 1.661825 0.335323 0.472479 0.066750 0.026177 -0.481817 -0.211436 -0.043795 
3.934166 2.753140 1.088121 0.789037 1.002400 0.699007 0.003131 -0.150025 -0.011861 -0.311912 -0.333143 -0.096567 
5.482385 2.479568 0.644802 1.273560 1.801304 -0.424865 -0.851793 -0.232064 0.480348 -0.669395 -0.463999 -0.131754 
3.890360 2.289506 0.799642 0.708252 0.951894 0.066461 -0.811918 -0.668436 -0.325648 -0.339489 -0.202647 -0.096422 
5.861355 2.656625 -0.360808 0.496824 1.614384 -0.434453 -1.692949 -0.258897 0.241015 -1.108708 -0.591199 -0.142056 
5.006531 2.456597 -0.078937 0.456736 1.304445 -0.548998 -1.492895 -0.236385 0.327078 -0.897539 -0.346833 -0.118306 
5.838726 2.512830 -0.448047 0.222738 1.603987 -0.860363 -1.474702 -0.187170 0.195542 -0.882599 -0.500634 -0.094873 
4.294108 2.140389 0.253331 0.356484 0.831497 -0.614794 -1.351603 -0.367198 -0.017166 -0.506300 -0.206317 -0.077191 
5.084728 2.361796 0.056868 0.205282 1.056586 -1.100976 -1.649572 -0.269740 -0.074127 -0.644601 -0.265988 -0.060329 
5.271912 2.409841 0.028059 -0.213263 1.428884 -1.355177 -1.618654 -0.287384 -0.403700 -0.567785 -0.296499 -0.057961 
5.729750 2.608939 -0.489496 -0.431159 2.005339 -1.588606 -1.769497 -0.388846 -0.498060 -0.506603 -0.453408 -0.081668 
5.451595 2.491942 -0.217918 -0.662549 1.682285 -1.442207 -1.669580 -0.247508 -0.566424 -0.435287 -0.363896 -0.089284 
4.676049 2.336384 0.272178 -0.308841 0.551930 -1.067666 -1.233387 -0.402039 -0.610563 -0.537320 -0.223797 -0.057339 
5.197200 2.326806 0.019148 -0.612537 1.013965 -1.065220 -1.637841 -0.088925 -0.624617 -0.473621 -0.279408 -0.083250 
6.154325 2.541164 -0.584806 -1.540568 2.177660 -1.421008 -1.687523 0.119338 -0.891392 -0.145238 -0.433054 -0.132444 
4.869651 2.395654 -0.087952 -0.922703 0.421885 -0.526503 -0.916489 -0.208048 -0.513515 -0.308090 -0.206126 -0.073780 
5.169084 2.395454 -0.304249 -0.818335 0.665600 -0.873083 -0.966392 -0.070399 -0.242650 -0.215560 -0.209209 -0.072302 
5.711218 2.183136 -0.444054 -1.267450 1.154634 -1.354078 -1.111306 0.159529 -0.241658 -0.108041 -0.254835 -0.078665 
5.318098 2.405696 -0.530158 -1.067492 0.924491 -1.117618 -1.007439 -0.234054 0.164561 -0.081659 -0.158964 -0.078045 
4.824150 2.227029 -0.328962 -0.431192 0.228585 -0.976676 -0.383945 -0.232017 -0.003741 -0.067339 -0.063366 -0.031219 
6.609761 2.254638 -1.604731 -0.665974 2.010999 -2.352924 0.083196 -0.032424 0.193940 0.097786 -0.401247 0.028025 
5.621959 2.063068 -0.895105 -0.399552 1.166045 -1.111307 -0.500208 0.181716 0.280719 -0.030068 -0.223781 -0.064298 
5.287360 1.868905 -0.723009 -0.438328 1.178668 -0.976683 -0.717329 0.192024 0.332653 -0.022925 -0.209851 -0.087456 
6.185141 1.597228 -1.437054 -0.283543 2.154491 -2.063036 0.072483 0.345984 0.399729 0.053199 -0.464278 -0.043806 
5.571428 1.464712 -1.126566 -0.456769 1.758496 -1.095503 -0.459923 0.505037 0.409423 0.051546 -0.323137 -0.108120 
4.788671 1.543237 -0.811708 -0.463081 1.240346 -0.385734 -0.401696 0.545521 0.597444 -0.108411 -0.187658 -0.120114 
5.726035 0.737325 -0.415412 -1.128582 2.018569 -1.177710 -0.438882 0.837484 0.405833 0.086311 -0.315057 -0.103442 
5.545239 0.978278 -0.939001 -0.984201 1.985423 -0.803447 -0.489461 1.034337 0.319066 0.054225 -0.281597 -0.122373 
5.183654 1.020585 -0.823688 -0.857263 1.499171 -0.445872 -0.757600 0.867108 0.682628 -0.113596 -0.236099 -0.134272 
4.809694 0.865826 -0.770662 -0.845276 1.516264 -0.224466 -0.722981 1.099495 0.732275 -0.160645 -0.165189 -0.130237 
5.358177 0.421055 -0.625710 -0.946870 1.759865 -0.109207 -0.604655 0.857453 0.862458 -0.085893 -0.178271 -0.089786 
5.302216 0.559129 -0.783438 -1.192125 2.063751 0.330523 -0.788185 0.886276 1.006038 -0.131145 -0.119429 -0.090248 
5.327355 0.466721 -0.772765 -1.080651 2.121100 0.470242 -0.906168 0.895043 0.942369 -0.140760 -0.090494 -0.074233 
5.290728 0.346470 -0.626448 -0.936591 2.095520 0.898708 -0.860999 0.764887 1.070043 -0.190275 -0.060308 -0.047087 
5.356488 0.255648 -0.428765 -0.841479 2.191603 0.897077 -0.771020 0.887002 0.925032 -0.153772 -0.034614 -0.033138 
4.553482 0.438800 -0.392669 -0.138635 1.665231 1.035150 -0.760748 0.841963 0.804577 -0.188327 0.012524 -0.032534 
5.285903 0.145672 -0.326663 -1.106094 2.841833 0.674186 -0.713803 0.794745 0.879710 -0.034764 -0.053499 -0.050053 
4.541421 0.704376 -0.612736 -0.361684 2.458054 0.600490 -0.572852 0.916621 0.602364 -0.154510 -0.022033 -0.056092 
5.504736 -0.193722 0.236090 -1.567460 3.491120 0.631659 -0.343040 0.823450 0.705053 0.051289 -0.179909 -0.004410 
4.225383 0.657796 -0.300650 0.000852 2.229916 0.772048 0.009144 0.875255 0.560740 -0.139984 -0.052201 -0.048791 
5.400859 0.114999 0.242609 -1.442164 3.217297 0.932735 -0.427910 0.820830 0.919009 -0.182946 -0.150244 -0.004608 
4.258420 0.840779 -0.384854 -0.091288 2.123544 1.236783 -0.134577 1.011356 0.693794 -0.448882 -0.036578 -0.039579 
4.775964 0.568262 -0.099925 -0.601505 2.511734 1.138490 -0.116706 1.001130 0.970404 -0.423195 -0.115368 -0.038924 
4.635834 0.862813 -0.337976 -0.262169 2.548063 1.117423 -0.139223 1.127096 1.016929 -0.464268 -0.093039 -0.043147 
5.406890 0.146268 0.506268 -1.294033 3.175840 0.705981 -0.062872 1.309874 1.102257 -0.300483 -0.277971 0.007338 
4.811463 0.545306 -0.184895 -0.182434 2.410432 0.862313 0.069132 1.120410 1.124287 -0.408939 -0.157217 -0.024929 
4.523312 0.423440 -0.516442 -0.011540 2.230068 1.465909 -0.004626 0.950375 1.324069 -0.438333 -0.113543 -0.050885 
4.739954 0.369270 -0.507452 -0.223070 1.946457 1.633216 0.013637 0.838558 1.550734 -0.498645 -0.092855 -0.015027 
4.626455 0.471667 -0.701884 -0.275177 2.458693 1.716787 -0.038850 1.159052 1.180922 -0.458703 -0.030135 -0.037053 
5.137750 -0.034146 -0.087552 -0.802179 2.860956 1.394214 0.030569 0.935976 1.223365 -0.465674 -0.130861 0.042398 
