2.537073 2.019573 1.660524 1.531511 1.324924 1.202288 0.977533 0.792005 0.573012 0.369851 0.236644 0.079993 
2.510380 2.088262 1.677272 1.701410 1.282941 1.194650 0.896717 0.806710 0.582658 0.384071 0.243434 0.080042 
2.502683 2.022326 1.690819 1.585291 1.285359 1.230186 0.924378 0.756409 0.565358 0.403224 0.241857 0.080215 
2.527913 1.988299 1.703484 1.557924 1.311779 1.151369 0.989075 0.790682 0.605086 0.387504 0.213318 0.080300 
2.525525 2.040436 1.665691 1.617351 1.350331 1.207212 1.025461 0.734705 0.618988 0.365445 0.243436 0.079792 
2.500494 2.006088 1.701451 1.566860 1.400158 1.117503 0.992442 0.683196 0.615810 0.386466 0.240624 0.079917 
2.448211 2.119289 1.621248 1.561998 1.320798 1.078250 1.097583 0.670626 0.690784 0.322025 0.275554 0.078397 
2.384826 2.239756 1.479821 1.767383 1.215804 1.254809 0.997481 0.686679 0.635066 0.289821 0.299240 0.075635 
2.376624 2.255576 1.468175 1.762146 1.188103 1.221365 0.970934 0.745591 0.695435 0.296592 0.322726 0.074640 
2.400172 2.220606 1.546488 1.719788 1.233142 1.104920 1.050567 0.599241 0.804034 0.205098 0.371462 0.071905 
2.361820 2.224997 1.467384 1.792110 1.189613 1.210819 1.009901 0.634821 0.782239 0.242428 0.370460 0.071035 
2.401558 2.254168 1.463481 1.810673 1.172998 1.240764 0.968838 0.604233 0.763226 0.229624 0.371612 0.071253 
2.417029 2.190402 1.502967 1.699287 1.274662 1.161651 1.031704 0.588088 0.770825 0.212595 0.350005 0.072916 
2.440578 2.112892 1.604164 1.560463 1.381161 0.960939 1.217440 0.476038 0.815568 0.205561 0.342152 0.076226 
2.473014 2.108926 1.576109 1.702469 1.275871 1.169018 0.958794 0.706037 0.648844 0.309072 0.278466 0.078171 
2.493833 2.047719 1.638661 1.614171 1.252944 1.222328 0.994578 0.772848 0.608210 0.366073 0.240267 0.079905 
2.495826 2.053761 1.666564 1.592485 1.305296 1.197883 0.941000 0.807748 0.551969 0.439900 0.206264 0.080638 
2.533622 2.047466 1.712190 1.546542 1.312968 1.160392 0.956906 0.732128 0.557368 0.392604 0.225666 0.080157 
2.518199 2.042938 1.662965 1.607113 1.279299 1.188268 0.951348 0.790073 0.588933 0.404456 0.235575 0.080171 
2.493373 2.082686 1.625749 1.692135 1.201264 1.298829 0.816789 0.837273 0.528196 0.440983 0.220131 0.081524 
2.460048 2.121901 1.626781 1.656902 1.235118 1.211244 0.964997 0.747005 0.630005 0.331772 0.289666 0.078542 
2.437745 2.185219 1.545012 1.699323 1.168671 1.283882 0.899016 0.813480 0.523129 0.399354 0.240382 0.080681 
2.459695 2.084300 1.532479 1.719951 1.150323 1.331527 0.877056 0.796415 0.570044 0.410045 0.246108 0.080695 
2.420850 2.170989 1.512330 1.783631 1.179288 1.263247 0.993250 0.700110 0.440484 0.447871 0.225106 0.081208 
2.324096 2.181866 1.526731 1.733785 1.161760 1.158935 0.998966 0.675664 0.868591 0.241784 0.334051 0.072101 
2.296688 2.236215 1.400260 1.738547 1.282739 1.259385 0.977210 0.707684 0.698450 0.263855 0.279030 0.074758 
2.203712 2.285607 1.477370 1.913376 1.101575 1.315838 1.110057 0.498087 0.590616 0.334420 0.355709 0.069229 
2.231020 2.263177 1.313770 1.825910 1.047537 1.395245 1.033740 0.457418 0.848425 0.217059 0.362728 0.064756 
2.241822 2.243111 1.548916 1.700008 1.348941 1.085360 0.987230 0.845492 0.474606 0.294888 0.311995 0.075640 
2.397358 2.156531 1.458450 1.639883 1.086901 1.011633 1.086470 0.551966 0.634800 0.361589 0.317408 0.076224 
2.437679 2.271025 1.589409 1.847000 1.123452 1.114714 0.986499 0.535488 0.577104 0.341033 0.288108 0.076039 
2.615072 2.316024 1.635120 1.632071 1.192579 0.969869 0.860150 0.449984 0.642171 0.324931 0.379999 0.079725 
3.177112 2.661715 1.869668 1.386637 0.856165 0.662312 0.602637 0.212778 0.094143 -0.119941 0.030206 0.050519 
3.629414 3.027046 2.046539 1.488669 0.952800 0.844326 0.448470 0.283083 0.053025 -0.170396 -0.134937 0.000444 
4.736732 3.516551 1.758367 1.349917 1.294643 0.800237 0.117891 0.089711 0.177924 -0.065828 -0.185731 -0.056226 
4.838443 3.476173 1.600341 1.272134 1.378712 0.648181 -0.160159 0.110080 0.177350 -0.093442 -0.220717 -0.079138 
5.048784 3.581581 1.443444 1.210351 1.388275 0.292881 -0.270167 -0.143662 0.233604 -0.227060 -0.199242 -0.085504 
3.751497 2.693270 1.378019 0.593834 0.508960 0.370341 0.127627 -0.323151 -0.253172 -0.229594 -0.176795 -0.034930 
5.133675 3.306138 1.067054 0.486178 0.806461 0.169036 -0.838109 -0.770541 -0.210311 -0.078922 -0.030157 -0.024014 
6.246382 3.436750 0.260986 -0.148124 1.384482 0.196463 -1.305962 -0.486642 -0.086848 -0.429117 -0.110169 -0.048536 
4.997509 3.081844 0.776730 0.037418 0.438476 -0.178489 -0.845784 -0.379938 -0.130624 -0.397766 0.003949 0.009686 
4.118654 2.676712 0.946754 -0.067611 -0.002731 -0.190741 -0.582873 -0.642796 -0.219361 -0.102519 0.076604 0.041060 
5.240403 2.869510 0.272580 -0.701408 0.316033 0.294714 -0.750913 -0.498133 -0.077530 -0.263154 0.106745 0.051538 
6.357096 2.676244 0.242857 -1.789485 1.331925 0.706933 -1.047450 -0.865492 0.432057 -0.353901 0.085217 0.033038 
4.994281 2.759033 0.157247 -0.964165 -0.025114 0.271665 -0.397615 -0.377200 -0.058571 -0.181622 0.110667 0.063727 
6.196064 2.495874 0.159753 -1.731527 0.481832 1.107974 -1.046057 -0.652078 0.328623 -0.341759 0.133181 0.065058 
4.897329 2.520438 0.059620 -0.934761 -0.376338 0.628269 -0.277820 -0.748537 0.015474 -0.121414 0.085267 0.055180 
6.464328 2.237012 0.281726 -2.362735 0.634536 0.999060 -0.894246 -0.954619 0.442630 -0.238489 0.085252 0.056667 
5.023743 2.408966 0.062152 -1.268230 -0.071348 0.447401 -0.341830 -0.840223 0.251411 -0.108249 0.108823 0.044485 
5.960737 2.460528 -0.307792 -1.874670 0.586136 0.706091 -0.970227 -0.610484 0.714954 -0.223804 0.149750 0.016901 
4.997580 2.330419 -0.103028 -1.215299 -0.048433 0.323966 -0.398173 -0.635767 0.499345 0.109113 0.162923 0.032954 
5.919320 2.014129 -0.176337 -1.918739 0.783961 0.592684 -0.864307 -0.575048 0.909375 -0.055466 0.138073 0.030265 
5.107415 2.109440 -0.361124 -1.348655 0.312551 0.628774 -0.497884 -0.441314 0.544351 -0.014719 0.176050 0.031692 
5.894453 1.973330 -0.604160 -1.902877 1.190323 0.691838 -0.679339 -0.614330 0.913465 -0.130249 0.105239 0.005962 
6.223305 1.362141 -0.131604 -2.433901 1.729948 0.498658 -0.393792 -0.947425 0.861622 0.035127 -0.101178 0.045516 
5.686955 1.577411 -0.450728 -1.992703 1.620260 0.573140 -0.423987 -0.552327 0.749508 -0.119257 -0.001407 -0.002229 
5.343361 1.708883 -0.631808 -1.613242 1.489362 0.589058 -0.501942 -0.249463 0.404243 -0.038384 0.041838 -0.036416 
5.632984 1.707788 -0.559283 -1.950751 2.000703 0.641033 -0.535778 -0.267808 0.774746 -0.127282 -0.014034 -0.051904 
6.176484 0.869829 0.293357 -2.343662 2.596532 0.169008 -0.222290 -0.341073 0.447352 0.244652 -0.299628 -0.010828 
5.797433 1.624263 -0.560094 -1.635084 2.281138 0.395727 -0.430210 -0.133355 0.458940 0.030153 -0.110992 -0.084055 
5.256279 1.838727 -0.694131 -1.144638 1.770255 0.833035 -0.467715 0.110516 0.203331 0.027025 -0.052563 -0.100567 
4.262386 1.487083 -0.169148 -0.602611 0.899184 0.770493 0.094720 0.039409 0.049946 0.053848 -0.121043 -0.079557 
5.544531 1.554647 -0.811375 -1.371410 2.043839 0.584639 -0.091306 0.278797 0.088089 0.058024 -0.132196 -0.105336 
6.007289 1.028926 -0.376307 -2.308830 2.693926 0.440864 -0.028390 -0.050329 0.380204 0.171726 -0.197962 -0.058390 
5.543316 1.227985 -0.614738 -1.718319 2.131371 0.797834 -0.095880 0.214062 0.431168 0.014975 -0.066731 -0.068775 
4.236736 1.235632 -0.527402 -0.469984 1.202950 1.147375 0.175678 0.417310 0.355455 0.071657 -0.042494 -0.054220 
5.084052 1.218010 -0.544297 -1.349412 1.960373 1.345566 -0.166015 0.529917 0.598521 -0.003126 0.043459 -0.047606 
5.615636 0.822389 -0.301718 -1.544225 2.171198 1.592616 -0.201358 0.334003 0.818028 0.026907 0.054353 -0.008537 
4.944051 1.011231 -0.641791 -1.017522 1.638085 1.835770 -0.271654 0.328578 0.915820 -0.039307 0.108863 0.004188 
5.731803 0.087074 -0.023366 -1.903882 2.418321 1.880383 -0.057079 0.310816 1.192866 0.109657 0.021797 0.060026 
5.072221 0.719140 -0.705916 -1.246606 2.009595 1.886895 0.105967 0.492518 1.316275 -0.082743 0.099648 0.032840 
5.291033 0.336563 -0.347261 -1.732664 2.665163 1.771074 0.184430 0.614412 1.263619 0.022459 0.081664 0.058237 
4.902666 0.762701 -0.665667 -1.446303 2.629183 1.765118 0.462712 0.642615 0.918219 0.024189 0.114323 0.025350 
4.436709 0.866413 -0.619496 -1.058232 2.176280 2.020969 0.462717 0.611674 0.454826 0.064409 0.120672 0.014043 
4.851272 0.510792 -0.389307 -1.481983 2.364701 2.112675 0.381957 0.420553 1.097629 -0.099345 0.129927 0.065325 
4.301022 0.666592 -0.534911 -0.505131 1.655960 2.080207 0.465491 0.488303 0.865689 -0.106397 0.073901 0.041013 
5.540835 -0.041886 0.242628 -1.993816 2.811135 2.237481 0.246544 0.380099 1.414949 0.045693 -0.033286 0.105714 
4.462658 0.804570 -0.509321 -0.858010 1.919438 2.550208 0.013444 0.622901 1.145947 -0.217187 0.126876 0.032061 
5.758389 -0.416716 0.680015 -2.528849 3.121237 1.982781 0.182957 0.647735 1.389554 0.264591 -0.122593 0.134619 
4.122568 0.612730 -0.480099 -0.703202 1.575587 2.199165 0.648969 0.569508 1.143754 -0.092927 0.144024 0.048112 
4.693318 0.285012 -0.435635 -1.272374 2.028350 2.318715 0.630887 0.492380 1.696702 -0.158921 0.105608 0.087073 
5.194518 0.042091 -0.019579 -1.954665 2.734132 2.125166 0.644459 0.481573 1.950297 0.024536 -0.038330 0.123903 
5.143088 0.070449 -0.012639 -1.511821 2.393059 2.126998 0.492540 0.548253 2.005226 -0.058677 -0.008442 0.119217 
5.684778 -0.399510 0.441449 -2.486710 3.113329 2.174978 0.598403 0.677372 2.109264 0.382387 -0.190790 0.166932 
4.854125 0.376544 -0.140822 -1.014025 1.768274 2.154399 0.418750 0.433578 1.710994 -0.010044 0.089670 0.078510 
