2.664719 1.858776 1.603365 1.211721 1.153247 1.321740 0.797329 0.646055 0.375447 0.323405 0.277324 0.083529 
2.861348 2.013122 1.528286 1.297422 1.269261 1.053624 1.294022 1.001745 0.431619 0.412242 0.221506 0.079769 
2.671049 1.914538 1.852859 1.554386 1.517781 1.394676 0.925559 0.681936 0.590830 0.487449 0.182298 0.078083 
2.824848 2.063637 1.816403 1.608132 1.361738 1.060109 0.945976 0.695508 0.497196 0.489740 0.348801 0.084242 
2.647625 2.009473 1.707023 1.480146 1.361305 0.849123 0.853223 0.697522 0.396377 0.326033 0.190581 0.079635 
2.898655 2.141941 1.965380 1.719223 1.614043 1.340366 1.253789 0.984816 0.652376 0.425182 0.301481 0.086526 
2.913857 2.286369 2.072966 1.802938 1.973819 1.544823 1.165093 1.133255 0.881912 0.701941 0.431845 0.101149 
2.719449 2.173544 1.952233 1.703470 1.530329 1.090389 0.946673 0.955754 0.922577 0.658034 0.312061 0.076535 
2.754814 2.122954 1.945043 1.591150 1.232588 0.939336 0.732064 0.627573 0.517525 0.362461 0.343014 0.066550 
3.447841 3.416194 3.017841 2.438807 2.053122 0.459542 0.295944 -0.083503 -0.606363 -0.056078 0.167436 -0.001509 
4.202766 4.647341 1.761466 0.566136 3.270018 0.030335 0.014450 0.818733 -1.239951 -0.871133 0.190513 -0.059894 
3.732384 4.075356 2.030147 1.112232 2.229898 0.340978 0.035295 0.491984 -1.397932 -1.384724 0.412615 -0.078852 
3.844136 4.218100 1.968403 0.458475 2.610499 0.070013 0.152698 0.694266 -1.449722 -1.374710 0.229359 -0.122848 
4.031355 4.557736 1.561020 0.446865 3.066341 0.173194 0.097456 0.761362 -1.488126 -1.689835 0.105164 -0.186537 
3.518404 3.606243 1.876100 0.310945 2.427095 0.242149 0.201516 0.387467 -1.476538 -0.946090 0.003981 -0.114127 
3.840544 3.629101 2.459755 -0.190294 2.314096 0.234319 0.140752 0.586757 -1.556064 -1.128039 0.038918 -0.141177 
3.230828 2.630424 2.127726 1.038454 1.056221 0.383286 -0.407154 -0.284310 -0.677170 -0.647200 -0.060499 -0.102318 
3.251335 3.212736 1.758632 0.721255 1.737579 0.321297 -0.252101 0.049324 -1.309707 -0.800474 -0.059524 -0.128108 
3.669676 3.592567 2.652375 -0.043620 2.102210 -0.112684 -0.143990 -0.163463 -1.686818 -1.092694 -0.044109 -0.155998 
3.980446 3.721450 2.650919 -0.475898 1.611520 0.155343 -0.284148 -0.374523 -1.677566 -1.336749 -0.087267 -0.148149 
3.592598 2.959572 2.205455 0.258129 0.900099 0.352577 -0.461992 -0.511787 -1.458689 -1.066499 -0.048967 -0.114893 
3.702679 3.384997 2.158765 0.324498 1.081387 0.322274 -0.601997 -0.737763 -1.534489 -1.080968 -0.090568 -0.116509 
4.606589 3.741294 2.392861 -1.008386 1.904883 0.640380 -0.446199 -1.058208 -1.199738 -1.825312 -0.170209 -0.085507 
4.352975 3.440736 2.239714 -0.271322 0.663615 0.967367 -0.444018 -0.980650 -1.223468 -1.644223 -0.180011 -0.080224 
4.211403 3.345539 2.237487 -0.360074 0.556639 0.851824 -0.275025 -1.182072 -1.347215 -1.520146 -0.194671 -0.071226 
4.297503 3.328559 2.176729 -0.650794 0.451215 0.850522 -0.315763 -1.196390 -1.356505 -1.407170 -0.251522 -0.062710 
4.413378 3.341717 2.239491 -0.806728 0.355656 0.939921 -0.388115 -1.311222 -1.369160 -1.461876 -0.264611 -0.048499 
4.307075 3.045404 2.227000 -0.510961 0.473508 0.728864 -0.550013 -1.303707 -1.424719 -1.382918 -0.182936 -0.043858 
4.213737 3.042795 1.934671 -0.209940 0.537063 0.498909 -0.742056 -1.219135 -1.509866 -1.284261 -0.133629 -0.048813 
4.307659 3.157417 1.803877 -0.231844 0.813730 0.458282 -1.084525 -1.399096 -1.432670 -1.291252 -0.109297 -0.048092 
4.480614 3.197637 1.907163 -0.463624 1.108137 0.281539 -1.081149 -1.825699 -1.297827 -1.316291 -0.131771 -0.035581 
4.585221 3.181097 1.639104 -0.106444 0.882265 0.428188 -1.337105 -1.829164 -1.369654 -1.350081 -0.123985 -0.041024 
4.527753 3.072615 1.665044 0.006143 0.944301 0.363466 -1.413368 -1.953096 -1.379581 -1.370692 -0.102999 -0.041835 
4.567841 2.986163 1.574140 -0.042567 1.013508 0.350250 -1.418081 -2.047253 -1.218045 -1.413493 -0.097803 -0.037952 
4.930547 2.934370 1.397141 -0.020097 1.187580 0.431293 -1.494380 -2.131629 -1.011595 -1.387045 -0.143984 -0.035899 
4.391490 3.068038 1.203710 0.076013 0.917433 0.087321 -1.202202 -1.796383 -1.317407 -1.022132 -0.125835 -0.051321 
3.729008 2.482600 1.642761 1.077868 0.369960 -0.222826 -1.604070 -1.609773 -1.281440 -0.690088 -0.105428 -0.078074 
4.772973 3.316161 1.382374 -0.320732 1.144819 0.046207 -0.832229 -2.126657 -1.371439 -1.205348 -0.142806 -0.017622 
3.636104 2.610812 1.530846 0.885993 0.474785 -0.538456 -1.371430 -1.728672 -1.370357 -0.642534 -0.069217 -0.075957 
4.655804 3.173712 1.457540 0.163475 0.526128 0.101393 -1.170328 -1.736353 -1.242580 -1.327835 -0.138381 -0.044673 
3.487235 2.470724 1.515157 0.847183 0.251752 -0.493947 -1.148434 -1.547423 -1.338683 -0.718248 -0.045248 -0.081537 
5.026101 3.130719 1.202147 0.192979 1.227739 -0.131930 -1.285019 -1.933748 -1.230421 -1.434836 -0.177597 -0.048333 
3.595209 2.561611 1.468519 0.471175 0.334949 -0.170668 -0.954800 -1.572000 -1.410098 -0.787481 -0.037685 -0.079648 
5.587580 3.058403 0.864958 0.164590 1.512193 0.477185 -1.806637 -2.132134 -1.101877 -1.572100 -0.244198 -0.063087 
3.814218 2.609408 1.417819 0.760414 0.409826 -0.184987 -0.937429 -1.456702 -1.306487 -0.907060 -0.064440 -0.085227 
4.684979 2.979054 1.161688 0.644112 1.229047 0.024645 -1.168284 -1.577437 -1.687464 -1.117111 -0.146525 -0.058463 
4.948815 2.964653 1.207874 0.356653 1.521947 0.327177 -1.259687 -1.812485 -1.518048 -1.301453 -0.159707 -0.056641 
4.306747 2.927094 1.348406 0.630057 1.076232 0.292012 -0.979645 -1.667630 -1.665266 -1.076493 -0.105401 -0.068934 
4.413719 3.034870 1.450283 0.731564 1.297829 0.303373 -0.798470 -1.731000 -1.691505 -1.143015 -0.129629 -0.070395 
4.663754 3.060827 1.450171 0.803878 1.317821 0.445971 -0.877511 -1.857781 -1.485119 -1.116143 -0.161072 -0.071821 
4.006285 2.843830 1.544818 0.705950 0.238806 0.441643 -0.528895 -1.458574 -1.286384 -0.879978 -0.174795 -0.089115 
4.129783 2.876900 1.610214 0.604028 0.769106 0.544229 -0.830048 -1.517892 -1.397401 -0.860399 -0.154638 -0.082877 
3.782081 2.742136 1.567925 0.796762 0.549521 -0.169126 -0.776074 -1.316161 -1.100589 -0.762734 -0.176501 -0.105521 
3.853158 2.689635 1.578556 0.988919 0.741584 0.097916 -0.781288 -1.456245 -1.470137 -0.912147 -0.065661 -0.087858 
3.985452 2.928609 1.442056 0.520327 0.314661 0.067392 -0.477410 -1.242533 -1.335795 -0.830269 -0.173732 -0.086095 
3.819888 2.747038 1.619619 0.926969 0.873176 0.058110 -1.124412 -1.475043 -1.325140 -0.804009 -0.073225 -0.093426 
3.868151 2.896655 1.609591 0.601489 0.454432 -0.090968 -0.619114 -1.272784 -1.185296 -0.924717 -0.127989 -0.091362 
3.696116 2.623596 1.784940 1.016253 0.783585 -0.083488 -1.122811 -1.572861 -1.255070 -0.737249 -0.070290 -0.097826 
4.948321 2.945097 1.552505 0.555977 1.269959 0.661183 -1.529375 -2.115588 -0.946166 -1.326499 -0.126660 -0.050503 
3.784145 2.781954 1.770249 0.832298 0.715111 0.056846 -1.117702 -1.636963 -1.396729 -0.951045 -0.014106 -0.081845 
4.760948 2.819130 1.745803 0.583702 1.297919 0.688996 -1.635234 -2.358710 -0.845986 -1.508816 -0.081887 -0.036246 
5.512924 3.000982 1.216886 0.336971 1.455127 1.610099 -2.085721 -2.922356 -0.335220 -1.878925 -0.177708 -0.029476 
4.911765 2.801367 1.828936 0.683955 1.068528 1.116032 -1.606892 -2.571723 -0.739115 -1.628956 -0.128365 -0.012291 
4.899060 2.933191 1.911843 0.490382 1.129068 1.242412 -1.652368 -2.632506 -0.643240 -1.549986 -0.118003 -0.014701 
4.804655 2.894560 1.978224 0.624141 1.058415 1.180119 -1.356349 -2.557565 -0.737005 -1.593018 -0.114337 -0.010575 
5.255458 2.962282 1.814708 0.403412 1.234821 1.517993 -1.298624 -2.735178 -0.342530 -1.764570 -0.206282 0.007405 
5.378597 2.997468 1.902676 0.500985 1.205542 1.620282 -1.082637 -2.639105 -0.363265 -1.901396 -0.271117 0.013817 
4.976281 3.381328 1.776766 0.484923 1.367248 1.601951 -1.238358 -1.979675 -0.638690 -1.842365 -0.079790 -0.032557 
4.805042 3.107710 1.821179 1.269450 1.294516 1.242708 -1.002170 -1.981174 -0.850609 -1.473013 -0.081101 -0.042149 
4.779419 3.263351 1.636140 1.162764 1.841665 1.011853 -1.022947 -1.644197 -0.767380 -1.468715 -0.053232 -0.066028 
5.368445 3.447507 1.280632 0.651495 2.749997 1.786777 -1.472008 -1.809971 -0.401480 -1.715514 -0.033075 -0.089343 
5.647802 3.570109 1.226131 0.101110 3.608815 1.907908 -1.321681 -1.441289 -0.487742 -1.534513 0.021314 -0.093747 
5.003672 3.346719 1.580123 1.033986 2.583303 1.558235 -0.519081 -0.700536 -0.579958 -1.107917 0.022654 -0.012372 
4.476585 3.155623 1.928844 1.238607 1.766118 1.548518 0.512629 -0.144119 -0.622752 -0.563283 -0.016157 0.000531 
5.014093 3.340504 1.884867 1.079958 2.474507 2.047054 0.349026 -0.303057 -0.235786 -0.771059 0.044652 0.020145 
5.915007 3.200076 1.786789 0.259525 3.015943 2.390208 0.339984 -1.156041 0.870425 -1.148208 -0.029798 0.098769 
4.081317 3.083789 2.117749 1.386513 1.264670 1.592427 0.873694 -0.070490 -0.122977 -0.392559 0.080141 0.021373 
4.137525 3.143492 2.354373 1.603382 1.582792 1.487936 0.412429 -0.285823 -0.240338 -0.365893 0.159610 0.034874 
4.695281 3.003339 2.019342 1.001237 1.975482 1.779959 0.465071 -0.413005 0.020164 -0.505423 0.135018 0.068913 
3.569529 2.625379 2.114433 1.781641 1.924704 1.734331 0.840342 0.064253 -0.182006 -0.098387 0.053612 0.020957 
3.846859 2.835186 1.831081 1.696000 2.072814 2.109797 0.849284 0.113080 0.024886 -0.118312 0.080916 0.033515 
4.043148 2.705877 1.762482 1.769407 2.275182 2.356894 1.126469 0.106984 0.455080 -0.325306 0.044430 0.027799 
4.047272 2.809286 2.478517 1.848234 2.149017 1.745809 0.851638 0.041639 0.382211 -0.090205 0.102396 0.035679 
3.026565 2.447039 1.992595 1.751321 1.450488 0.940886 0.579849 0.181683 0.032736 0.032130 0.162723 0.039991 
3.594174 2.846405 2.081608 1.948208 1.848481 1.370778 0.418866 0.024781 0.071538 0.073250 0.227751 0.050760 
