2.567034 1.951358 1.757774 1.589425 1.323873 1.169172 0.954982 0.718154 0.571211 0.385025 0.218818 0.079707 
2.554076 1.984287 1.720039 1.475324 1.370327 1.231359 0.979937 0.815725 0.582866 0.367592 0.217648 0.078710 
2.566364 2.010578 1.772449 1.486769 1.268671 1.080516 0.939248 0.841117 0.607172 0.383342 0.252561 0.080106 
2.592094 2.027658 1.768193 1.661922 1.453930 1.216484 1.017764 0.853879 0.670772 0.451158 0.276156 0.081242 
2.587336 2.068760 1.825206 1.635055 1.384655 1.277588 1.089281 0.796504 0.590358 0.422516 0.241332 0.080223 
2.567531 2.009655 1.774215 1.581255 1.370907 1.173580 0.943204 0.763352 0.584113 0.408648 0.216691 0.077647 
2.561418 1.995340 1.761336 1.661521 1.496204 1.308864 1.123304 0.874792 0.623322 0.426499 0.274918 0.080803 
2.664935 2.160829 1.925262 1.733718 1.605629 1.457841 1.246466 0.954959 0.779157 0.568602 0.328572 0.087860 
2.650097 2.120652 1.860847 1.638412 1.468888 1.354259 1.216299 0.971202 0.681579 0.464466 0.266390 0.081284 
2.604870 2.055485 1.801518 1.577230 1.445135 1.252894 1.076268 0.810257 0.634852 0.432558 0.228163 0.077207 
2.553898 2.141058 2.025740 1.776423 1.482126 1.241283 1.153072 1.000640 0.726555 0.528533 0.296132 0.083426 
2.935808 1.881247 1.196945 1.063105 2.351601 2.676640 1.931558 0.356746 -0.211336 0.353664 0.641525 0.162572 
2.583506 1.994979 1.012550 1.317764 1.967491 1.933800 1.719653 -0.054685 0.249629 0.100589 0.639280 0.108647 
2.333533 2.344086 0.595534 1.635799 1.599704 1.778158 1.666387 -0.141501 0.273810 0.024947 0.558750 0.079861 
1.732638 2.811746 -0.015558 0.866359 3.066873 1.322451 2.711359 -0.972474 0.455395 -0.105324 0.763746 0.114652 
0.545233 2.479783 -0.453031 0.791330 4.785838 1.502521 1.496568 -0.357094 0.284752 -0.305381 0.791840 0.054525 
0.413647 2.337338 -0.549578 -0.127313 3.862927 1.378356 2.963883 -1.007686 0.509735 0.350948 0.588608 0.124190 
0.193081 1.765397 -0.638594 -0.418863 4.159376 1.481056 3.659104 -0.686645 0.040694 0.303502 0.485622 0.156241 
-0.198918 1.177185 -0.651324 -1.410753 5.324675 1.571730 3.443590 -0.196266 -0.215874 0.304420 0.347834 0.150089 
0.275273 1.168838 -0.606976 -2.142557 4.963242 1.084800 3.456391 0.155023 -0.197471 0.393262 0.209663 0.139998 
0.930029 1.077381 -0.145022 -2.360079 4.794428 0.494561 2.823080 1.029075 -0.116406 0.494356 0.056954 0.099373 
1.382165 1.654051 -0.209915 -2.697503 4.473557 0.415205 2.330256 1.610415 0.504229 0.510573 0.008551 -0.014904 
2.646549 1.804503 -0.960888 -0.710610 3.634310 0.287060 1.801421 2.561510 0.933342 0.447912 0.066855 -0.059974 
3.198580 1.562695 -0.159029 -0.810329 3.347228 0.498030 1.403253 2.617737 0.819524 0.455300 0.061087 -0.061668 
3.812499 2.292031 -0.996014 -0.936275 4.271222 0.252270 1.472144 2.165153 0.603580 0.564496 -0.105240 -0.033816 
4.409511 2.837791 -0.741488 -0.809623 4.125991 -0.594981 1.000030 1.869146 0.524261 0.542181 -0.241538 -0.012364 
3.717543 2.240013 0.411852 -0.063931 2.417193 0.268305 1.429371 1.269181 0.403558 0.515641 -0.008509 -0.013504 
4.738976 2.133507 1.323470 -0.582483 2.081454 -0.252689 0.929765 1.005694 0.641008 0.251329 0.102523 0.042821 
4.511708 3.301293 0.155568 0.212437 1.395208 0.208526 0.643305 0.788447 0.534910 0.248010 0.155532 0.010926 
4.417144 3.420375 0.526088 0.312874 0.882953 0.444643 0.460253 0.272176 0.407215 0.119857 0.189804 0.019497 
3.824967 2.465760 1.094215 0.600988 0.977599 0.165782 0.518836 0.023342 0.474737 -0.145706 0.163734 0.016692 
3.636558 3.133258 0.427855 1.010562 1.185401 0.179568 0.496618 -0.464953 0.364449 -0.338201 0.092612 -0.030803 
3.838177 3.398965 0.442615 0.792018 0.939688 0.048441 0.485154 -0.828035 0.143418 -0.453318 0.072967 -0.035527 
3.885044 3.640332 0.656442 0.893663 1.273853 -0.527914 0.209460 -0.660888 -0.358241 -0.515962 -0.021446 -0.026476 
4.181725 3.335766 1.040543 0.428176 2.097906 -0.855359 0.550644 -1.376218 -0.404015 -0.546261 -0.138176 -0.006967 
3.944584 2.900443 1.521853 0.553277 1.265069 0.023185 -0.121169 -0.764266 -1.265219 -0.211050 -0.214937 -0.061592 
3.655795 3.252910 1.175147 0.328566 0.638882 -0.480172 0.050103 -1.009993 -0.971902 -0.494827 -0.213002 -0.070656 
4.774326 3.137100 1.348812 -0.044130 2.190958 -1.014899 -0.684249 -0.487712 -1.902522 -0.632397 -0.291195 -0.048125 
3.663104 2.740544 1.693550 0.340045 0.570467 -0.477043 -0.993931 -0.817213 -1.229741 -0.577513 -0.135129 -0.082360 
4.509042 3.043905 1.765955 0.057906 1.707468 -0.532688 -1.005084 -0.983607 -2.037148 -0.869722 -0.131607 -0.052507 
3.674958 2.957573 1.411251 0.566676 0.424307 -0.540495 -0.755157 -1.235141 -1.412761 -0.638713 -0.134969 -0.065589 
4.671768 3.349914 1.537803 0.243422 1.690663 -0.509024 -0.837220 -1.426612 -1.773998 -0.897494 -0.203668 -0.045043 
3.661321 2.611916 1.526913 0.618292 0.368191 -0.144841 -0.877760 -1.259415 -1.289399 -0.753602 -0.122006 -0.072596 
5.470957 3.943508 0.131290 -0.026310 3.501223 -0.898274 -0.926826 -1.901395 -1.508629 -0.787647 -0.404116 -0.065200 
3.666345 2.589116 1.377099 0.805776 0.852560 0.006755 -0.726713 -1.399355 -1.306125 -0.666190 -0.138384 -0.069889 
4.552159 3.112281 1.087966 0.647170 2.066523 0.111005 -0.554964 -1.621568 -1.368688 -0.654860 -0.163421 -0.044964 
4.242546 3.364876 0.773756 0.595259 1.844760 0.031633 -0.280227 -1.795786 -1.241762 -0.591671 -0.181502 -0.044888 
3.637963 2.428062 1.215416 1.092372 1.197461 0.016098 -1.104731 -1.462490 -0.892622 -0.598001 -0.159894 -0.096022 
3.639425 2.538550 1.255352 1.012278 1.252127 -0.103358 -0.766219 -1.620408 -1.217047 -0.608642 -0.133478 -0.086006 
4.153460 2.703020 0.920091 0.643378 1.946192 -0.232172 -0.845794 -1.873971 -1.265059 -0.753172 -0.143076 -0.070737 
4.537093 2.992029 0.250987 0.887316 2.090517 -0.273346 -0.897826 -1.989203 -1.058356 -0.836909 -0.147272 -0.077213 
3.551277 2.393895 1.170223 0.804007 1.010831 -0.081701 -0.824994 -1.610930 -1.248174 -0.632066 -0.132270 -0.074237 
3.814903 2.474100 1.087282 1.034353 1.325609 -0.138185 -0.943349 -1.601536 -1.072690 -0.605994 -0.121908 -0.069992 
3.770142 2.427050 1.169387 1.156078 1.131062 -0.147570 -1.049960 -1.547227 -1.007421 -0.631617 -0.110269 -0.069836 
4.248578 2.722416 0.992067 0.859455 1.513333 -0.102225 -1.022847 -1.631937 -1.218587 -0.805102 -0.061417 -0.040938 
4.794227 2.916934 0.441672 0.732784 2.302584 -0.662652 -1.143581 -1.754706 -1.051770 -0.670758 -0.180177 -0.053312 
4.883686 3.071476 0.001121 1.063316 2.505805 -0.710286 -1.167019 -2.214595 -0.888479 -0.897599 -0.132223 -0.059543 
4.048827 2.536009 1.115695 1.346698 1.461147 -0.401851 -1.425930 -1.611088 -1.059843 -0.613463 -0.091747 -0.059434 
4.062245 2.410562 1.084803 1.156924 1.374339 -0.438484 -1.517354 -1.574252 -0.833859 -0.485919 -0.120829 -0.060830 
4.950081 2.916306 -0.035964 1.247772 2.576428 -0.708446 -1.463479 -1.569096 -0.619502 -0.604000 -0.197542 -0.064816 
3.896956 2.310495 1.105310 1.266549 1.361000 -0.563587 -1.416932 -1.378277 -0.570640 -0.417845 -0.188277 -0.065033 
4.495583 2.371329 0.732527 1.476031 2.237461 -0.482404 -1.510378 -1.685278 -0.638133 -0.637356 -0.114822 -0.056652 
4.770131 2.280651 0.833978 1.315823 2.605865 -0.237343 -1.443304 -2.081964 -0.491944 -0.803633 -0.092982 -0.043178 
4.753485 2.500201 0.467185 1.215865 2.065573 -0.030222 -1.691651 -1.463455 -0.636388 -0.722268 -0.115568 -0.048341 
3.704023 2.214055 0.987118 1.044946 1.118517 -0.017603 -0.970814 -1.292728 -0.828519 -0.460781 -0.095682 -0.013191 
3.883339 2.323699 1.076503 1.039146 1.442481 -0.245325 -1.041267 -1.213437 -0.714538 -0.345270 -0.124746 -0.022758 
4.915612 2.380337 0.661052 0.672798 2.352901 0.280584 -1.500019 -1.284565 -0.747302 -0.585555 -0.052160 -0.021719 
4.913896 2.609053 0.357194 0.464744 2.593376 0.278694 -1.451446 -1.172621 -0.909437 -0.545968 -0.060885 -0.028197 
4.881678 2.426119 0.431389 0.512876 2.931883 -0.024767 -1.563006 -1.043277 -1.076024 -0.380353 -0.092075 -0.033027 
4.132139 2.193405 0.737303 0.892684 1.613235 0.187578 -1.138660 -1.251882 -0.859039 -0.441935 -0.023375 -0.000079 
4.736292 2.159662 0.938304 0.505322 2.148772 0.245432 -1.167611 -1.215963 -0.926614 -0.253209 0.015285 0.002620 
4.152387 2.531283 0.884303 0.159605 1.234073 0.482707 -0.599412 -1.496007 -1.023678 -0.053900 0.000729 0.033079 
5.392097 2.217226 1.136653 -0.540976 2.552513 0.043123 -0.868535 -1.488902 -0.965203 -0.242926 0.030490 0.054575 
5.007140 2.337664 0.853960 -0.122591 1.825380 0.163530 -0.897184 -1.305610 -1.020693 -0.293570 0.118318 0.066124 
5.254496 2.111551 0.601668 -0.211421 2.392343 -0.107270 -1.208056 -1.102550 -0.803468 -0.388739 0.152505 0.096478 
4.310326 2.369070 0.474252 -0.031211 1.037162 0.002627 -0.790531 -0.871173 -0.724127 -0.140461 0.248388 0.110019 
5.385700 1.868908 0.940024 -1.352537 2.486621 -0.681656 -0.712913 -0.647363 -0.605033 -0.015780 0.137289 0.149068 
4.288709 2.290633 0.359216 -0.451832 1.114467 -0.263453 -1.132373 -1.030385 -0.100306 0.120931 0.347767 0.105572 
4.803927 2.251864 0.417783 -0.864361 1.439545 -0.853386 -1.133876 -0.817466 -0.072362 0.251279 0.301692 0.110352 
5.025912 2.042539 0.154401 -1.039684 1.463892 -0.705921 -1.483331 -0.512016 0.019417 0.162042 0.356804 0.113034 
5.190370 1.630409 0.164125 -0.999574 1.576086 -0.725578 -1.304799 -0.526301 0.245538 0.180404 0.395029 0.158708 
4.124590 2.133764 -0.234049 -0.832063 0.596127 -0.371460 -0.893259 -0.484349 0.102151 0.430364 0.571247 0.177807 
4.969575 1.942014 -0.416924 -1.133277 1.135905 -0.050360 -0.964173 -0.559207 0.350994 0.262390 0.583374 0.191148 
5.009286 1.951088 -0.289260 -0.949809 0.953366 0.351088 -0.968582 -0.558698 0.240977 0.302935 0.606983 0.197197 
5.060138 1.895621 -0.146479 -0.819330 1.081792 0.643543 -0.771699 -0.648797 0.219340 0.243813 0.606555 0.207726 
