2.630872 1.903719 1.768408 1.750367 1.379100 0.994854 0.830573 0.792897 0.638326 0.499840 0.316735 0.079497 
2.698070 2.176583 1.883630 1.592975 1.549538 0.940191 0.993889 1.051044 0.769026 0.620599 0.275990 0.085815 
2.748213 2.076838 2.118557 1.904608 1.665110 1.728532 1.254920 0.893440 0.677164 0.355633 0.346804 0.089631 
2.645144 2.044720 1.815227 1.604966 1.415738 1.284345 1.055632 0.873396 0.641054 0.484716 0.238705 0.076853 
2.711749 2.119910 1.908130 1.621710 1.589504 1.416788 1.070677 0.688547 0.669186 0.503328 0.281936 0.081415 
2.995271 2.342480 2.073970 2.049600 2.250928 1.553949 1.341216 1.261786 0.929957 0.771820 0.524873 0.119684 
2.991664 2.468944 2.070142 1.954013 1.816690 1.776976 1.362646 1.336371 1.083968 0.757167 0.454329 0.114692 
2.728560 2.208329 1.945672 1.743039 1.615501 1.479342 1.332866 0.941918 0.761976 0.559603 0.348113 0.080531 
2.721382 2.180925 1.985579 1.849322 1.806468 1.678589 1.475033 0.988530 0.751419 0.665200 0.364783 0.089175 
3.840578 2.882504 0.030797 1.662765 3.455270 4.502495 2.548867 0.364504 0.317866 0.345526 0.593106 0.242506 
2.738396 2.439567 -1.295391 1.790955 2.986322 4.848528 2.103737 0.515629 -0.210789 0.606058 0.514989 0.270457 
2.827129 1.595240 -0.696587 1.399385 2.282894 3.666254 1.552996 0.358045 -0.378838 0.479636 0.428671 0.185140 
2.726341 2.120667 -1.486322 1.254904 2.611670 4.245714 2.153834 0.211489 -0.148343 0.390006 0.539174 0.209928 
2.566806 3.622509 -4.480133 1.251591 3.819950 4.883105 3.383532 -0.273309 0.205491 -0.108200 0.787131 0.192681 
0.725146 2.022471 -2.832861 1.403747 4.069316 3.946199 3.214910 -0.351577 0.099399 0.010242 0.825711 0.137250 
0.798978 3.108674 -2.684101 0.769541 4.090592 1.785523 2.732596 -0.796666 0.320648 0.078247 0.422115 0.191508 
-0.410745 1.186632 -2.649535 0.203163 4.759336 2.501329 3.217253 -0.920681 0.342945 -0.099015 0.395739 0.146010 
-0.988950 1.007725 -2.241177 -1.227852 6.038221 1.813343 3.062796 -0.699730 -0.078122 0.147693 0.279960 0.156074 
-1.052127 0.764496 -1.914476 -0.456331 6.247145 1.706099 2.409506 -0.449075 -0.028251 0.287491 0.233106 0.124796 
-0.922044 0.757595 -1.843272 -0.422183 6.360145 1.574750 2.260151 -0.395195 0.009983 0.260289 0.240756 0.117960 
-1.048790 0.583092 -1.490555 -0.123203 6.192256 1.789668 2.313233 -0.435814 0.074914 0.372370 0.237035 0.117547 
-0.249984 1.030203 -1.443387 -0.792762 4.970795 1.352577 1.945623 -0.090941 0.206028 0.327662 0.268607 0.071310 
0.817995 1.293182 -1.164721 -1.142421 3.565647 0.227866 2.345773 0.291354 1.011293 0.532998 0.170305 -0.023459 
1.380824 1.488532 -1.050232 -0.923907 3.354808 0.361225 2.341497 0.819582 1.198040 0.601586 0.144322 -0.088743 
2.152809 1.603707 -1.252280 -1.100819 3.903564 -0.414168 2.183428 1.251257 1.259779 0.593586 0.135911 -0.074806 
2.886123 1.945745 -1.791824 -0.538124 3.971055 -0.321898 1.601710 1.858138 1.548123 0.278219 0.137147 -0.133670 
3.240987 1.985537 -0.973067 -0.646686 2.986593 -0.385144 1.169391 1.659093 1.322910 0.099970 0.156490 -0.098554 
3.561758 2.404041 -0.942838 -0.662475 3.023351 -0.544720 0.780409 1.136178 1.216035 0.215252 0.158945 -0.108874 
3.746765 2.382322 -0.559257 -0.447423 2.732162 -0.556605 0.522915 0.741832 1.039758 0.155365 0.112248 -0.096994 
3.914077 2.284842 0.062946 -0.241489 2.102683 -0.346539 0.084238 0.838245 0.478792 0.187258 0.027094 -0.090164 
4.696027 2.508408 -0.332978 -0.585111 2.810609 -0.559703 -0.313164 0.650672 0.661848 0.120270 -0.064376 -0.105482 
4.530055 2.452214 0.167598 0.055760 1.814935 -0.287108 -0.282304 0.350251 0.323717 0.048397 -0.047678 -0.076099 
4.899336 2.687441 0.414319 -0.184718 1.692974 -0.531537 -0.740978 0.181731 0.027978 -0.035801 -0.043436 -0.055708 
4.612067 2.532978 0.570431 0.346692 0.429164 -0.458885 -0.858749 -0.305977 0.019193 -0.288639 -0.004571 -0.027284 
5.770603 3.139078 -0.379318 -0.358767 1.786454 -1.468386 -1.194027 -0.396399 0.057074 -0.473830 -0.318267 -0.071501 
4.329840 2.626900 0.861996 0.208259 0.307016 -0.825106 -1.057324 -0.562438 -0.408914 -0.462533 -0.097314 -0.059459 
5.557939 2.808819 0.198485 -0.155407 1.779797 -1.273560 -1.342085 -0.644261 -0.386111 -0.562261 -0.333741 -0.089502 
3.990319 2.554547 1.238137 0.353786 0.030721 -0.639110 -1.077935 -0.582005 -0.603180 -0.386861 -0.222419 -0.099729 
3.940415 2.574155 1.129474 0.505727 0.202543 -0.433521 -0.771731 -0.887581 -0.694507 -0.679141 -0.205662 -0.091922 
4.455850 2.982414 1.175045 0.205434 0.981583 -0.598652 -1.128857 -1.253096 -1.079179 -0.508027 -0.213741 -0.077434 
5.310097 2.867530 0.991047 0.179046 1.233043 -0.293111 -1.236586 -0.939049 -1.032144 -0.893057 -0.280042 -0.074731 
4.024990 2.667811 1.357766 0.458741 0.423868 -0.285246 -0.992979 -1.070197 -1.108948 -0.654854 -0.193897 -0.069765 
3.799566 2.557083 1.321382 0.594499 0.751526 -0.010741 -1.056825 -1.342757 -1.216264 -0.626561 -0.139221 -0.062147 
5.578241 2.774905 0.589015 0.054609 2.077335 0.725424 -1.709583 -1.895679 -0.816054 -0.930820 -0.137396 -0.071338 
5.149874 2.421629 0.881316 0.363214 1.468743 0.768945 -1.644099 -1.976612 -0.903608 -1.001713 -0.134638 -0.040062 
4.508168 2.503630 0.880301 0.486312 0.960557 0.731316 -1.374166 -1.834622 -1.132878 -0.823452 -0.103040 -0.039115 
3.860568 2.509540 0.864227 0.151647 0.399662 -0.132274 -0.939469 -1.420784 -1.241668 -0.749834 -0.137190 -0.048590 
4.166916 2.226323 0.788630 0.451724 0.696975 0.159924 -1.406932 -1.847491 -0.814469 -0.732091 -0.125114 -0.056527 
4.619949 2.370613 0.598621 0.395092 1.117899 0.465393 -1.809114 -2.026912 -1.103835 -0.842536 -0.056355 -0.042075 
4.656718 2.475903 0.525505 0.289807 0.756458 0.671019 -1.512389 -2.079260 -1.235869 -0.720855 -0.068996 -0.025606 
3.794091 2.170090 0.744479 0.270220 0.663533 0.182554 -1.421823 -1.774309 -1.083072 -0.647841 -0.092036 -0.047403 
3.991947 2.215948 0.871617 0.341263 0.845214 0.270962 -1.483805 -1.925210 -1.212516 -0.576000 -0.070906 -0.041981 
4.399351 2.230876 0.923929 0.126220 1.068662 0.828604 -1.875497 -2.098584 -1.016213 -0.800763 -0.021275 -0.025957 
4.082079 2.239692 1.025708 0.331074 1.051857 0.784592 -1.488269 -2.044823 -1.024696 -0.643100 -0.042311 -0.027851 
3.651797 1.790546 1.346340 0.884045 0.676370 0.336490 -1.690880 -2.034559 -0.857079 -0.607460 -0.029718 -0.046709 
4.277733 2.317687 1.055104 0.151587 1.335960 0.994619 -2.159199 -2.202227 -1.036195 -0.756836 0.079580 -0.023036 
5.044752 2.027189 1.061434 -0.019536 1.416873 1.546114 -2.321005 -2.494963 -0.713879 -0.941314 0.014805 0.014715 
4.147233 2.025207 1.095409 0.174990 1.153650 1.059307 -2.035386 -2.218868 -0.835846 -0.778366 0.066038 -0.004817 
3.680366 1.829548 1.031514 0.711875 0.665784 0.234249 -1.430544 -1.901463 -1.078502 -0.624789 0.022991 -0.022816 
4.171464 2.132944 1.241699 0.144369 0.913194 0.979432 -1.807136 -2.165817 -0.956902 -0.847200 0.067851 0.013937 
4.265259 2.095141 1.306812 0.094250 0.832912 1.302228 -1.851451 -2.365840 -0.827641 -0.876205 0.051813 0.031608 
4.043896 2.192852 1.118525 -0.095650 0.245616 0.699624 -1.341209 -2.059800 -0.842670 -0.751379 -0.025380 0.013700 
4.157886 1.953182 1.086203 0.036047 0.757077 0.932945 -1.913391 -2.253726 -0.813722 -0.598186 0.022058 0.005341 
5.645271 1.436417 1.175466 -0.626396 1.255730 1.986521 -2.470954 -2.576292 -0.434387 -1.072481 -0.074841 0.091587 
4.659170 1.735851 0.962873 -0.163751 0.540142 1.528820 -1.937348 -2.287745 -0.570805 -0.958403 -0.026494 0.065736 
4.049995 1.795250 0.833569 -0.256693 0.616647 0.943880 -1.643400 -1.969153 -0.788678 -0.704297 0.009869 0.021800 
4.050258 1.937030 1.104956 0.019995 0.691744 0.944344 -1.619930 -2.082626 -0.947400 -0.728214 0.054361 0.025876 
4.256260 2.124561 0.802202 -0.407535 1.074757 0.929217 -1.842706 -1.877252 -0.660221 -0.717277 0.033653 -0.000427 
4.008889 1.780287 1.139395 0.093551 0.517266 0.734571 -2.012719 -1.994396 -0.616915 -0.742584 -0.007158 0.004669 
5.483446 0.964362 2.072954 -1.196556 1.339376 1.444047 -2.457247 -2.003135 -0.876325 -0.920360 0.040500 0.052785 
4.664469 1.576869 1.694517 -0.959938 0.980379 1.402506 -1.933663 -2.085818 -1.036010 -0.856233 0.047078 0.058697 
4.108708 2.077204 1.323124 -1.003879 0.776926 1.002649 -1.707658 -1.608181 -1.135877 -0.860981 0.058461 0.031483 
3.844366 1.841585 1.198743 -0.484122 0.399789 0.772380 -1.341825 -1.559224 -1.326301 -0.807023 0.058784 0.036447 
3.994255 2.027835 1.061921 -0.653147 -0.078501 0.746689 -1.227705 -1.733226 -1.114863 -0.813301 -0.009029 0.039185 
4.267071 2.026867 1.322657 -0.946092 0.728121 1.087103 -2.119231 -1.795489 -1.159102 -0.868624 0.122668 0.037933 
4.963481 1.461646 2.156399 -1.991376 1.256082 1.017772 -2.070380 -1.873839 -1.224244 -0.819758 0.075226 0.049593 
5.086291 1.140713 2.428852 -2.017386 1.346599 0.943268 -2.205629 -1.890322 -1.212400 -0.785937 0.070583 0.050037 
3.894695 1.811216 1.365991 -0.880149 0.240870 0.817243 -1.722428 -1.759230 -1.151386 -0.666972 0.043558 0.033972 
4.087190 1.988651 1.487792 -0.757334 0.776761 0.973574 -2.127574 -1.747631 -1.053342 -0.762299 0.127638 0.032045 
3.755116 1.572385 1.461912 -0.023512 0.111721 0.686408 -1.823475 -1.804154 -0.830952 -0.748390 0.067227 0.032683 
5.478530 0.853025 2.882853 -2.631878 1.856604 1.036909 -2.119704 -1.839567 -1.216116 -0.676554 -0.021766 0.085919 
5.650104 0.586280 2.897789 -2.782903 2.258801 0.846941 -2.320419 -1.718712 -1.313252 -0.746445 -0.092878 0.089887 
4.549802 1.812453 1.465855 -1.436566 0.908891 1.030470 -2.014757 -1.632692 -1.142070 -0.984347 0.146183 0.059591 
3.824194 1.720224 1.077836 -0.106381 0.502104 0.251512 -1.482918 -1.424977 -1.315488 -0.744232 0.152901 0.032879 
4.344762 1.783282 1.390505 -0.794143 0.881332 0.861434 -1.646427 -1.596624 -1.079655 -0.836797 0.131591 0.060557 
