1.028299 1.073036 2.111498 2.483325 1.107706 0.765632 1.653879 0.426951 0.531323 0.552565 -0.100269 0.137534 
0.904455 1.562286 1.313300 2.199260 2.183873 0.518327 1.387912 0.720888 0.365050 0.460009 0.010065 0.146145 
1.029809 2.086774 0.993176 1.909524 2.252964 -0.027278 2.041454 0.683313 0.251484 0.032936 0.094195 0.161575 
0.880712 2.197593 1.222868 1.978966 2.304612 -0.357067 1.485222 0.813491 1.043031 0.391418 -0.052199 0.158875 
0.970487 2.183661 1.471058 2.324278 2.133771 -0.419292 1.527017 0.565486 1.059789 0.488473 -0.099254 0.168022 
0.998773 2.230679 1.475527 2.285384 1.779722 -0.589366 1.639797 0.886651 0.884076 0.503709 -0.076640 0.177701 
1.165036 2.066626 1.700814 2.302082 1.980699 -0.353567 1.637491 0.900631 0.685278 0.456200 -0.131488 0.180463 
0.985400 2.278274 1.524671 2.228412 2.089552 -0.275513 1.647552 0.817399 0.443882 0.624590 -0.022280 0.158219 
1.451818 2.264444 1.560268 1.828449 2.290334 -0.544765 1.875390 1.003014 0.470369 0.292430 0.021846 0.152997 
2.042122 1.853797 1.844747 1.778245 1.471505 -0.106097 1.556452 0.536740 0.577563 0.260608 -0.026327 0.117093 
2.420944 2.130910 1.656339 1.558772 1.452738 0.265187 1.078938 0.334653 0.098901 0.151443 0.053780 0.089433 
3.301908 3.071063 2.707899 2.028280 1.225822 0.434808 1.017409 0.500221 0.027686 -0.275564 -0.132948 -0.007866 
4.224595 3.439032 2.448596 1.608510 2.234701 0.558336 1.060012 -0.077768 -0.341961 -0.354441 -0.134095 -0.018228 
3.544878 3.055552 2.278665 1.976866 1.752049 1.064628 0.232124 -0.571177 -0.635792 -0.252216 -0.073155 -0.037654 
3.565458 2.753823 2.155339 1.739459 1.654418 1.080896 0.229349 -0.601627 -0.986898 -0.531452 -0.029637 -0.053639 
3.924921 2.983989 1.785936 1.604031 1.645642 1.118697 0.315926 -0.868170 -1.224663 -0.776757 -0.021071 -0.045910 
5.009731 3.243505 1.424872 1.127432 2.589609 0.770185 0.153160 -1.031810 -1.683331 -0.935508 -0.137698 -0.006073 
4.612182 3.081830 1.487362 1.297818 1.964298 0.856491 -0.057718 -1.259517 -1.634064 -1.034309 -0.044428 -0.012130 
4.017530 2.781544 1.614085 1.221774 1.405732 0.692215 -0.337111 -1.204744 -1.519380 -0.917497 0.024125 -0.026480 
3.904222 2.710688 1.479232 1.105478 1.284451 0.486234 -0.296489 -1.150358 -1.435873 -0.833252 -0.026850 -0.021290 
4.092188 2.696239 1.338563 1.006350 1.330366 0.674452 -0.284266 -1.080120 -1.460823 -0.929746 -0.045809 -0.003243 
4.095353 2.591729 1.210955 0.852539 1.324712 0.787003 -0.332925 -0.974419 -1.418922 -0.910185 -0.106546 -0.008977 
3.963174 2.513270 1.083873 0.826094 1.405260 0.714846 -0.221159 -0.973401 -1.337825 -0.930524 -0.147332 -0.019239 
3.815177 2.415288 1.012551 0.722365 1.296393 0.811646 -0.100716 -0.899561 -1.397913 -0.910971 -0.185496 -0.021636 
3.764287 2.366965 0.949148 0.565217 1.180111 0.800256 -0.085295 -0.899525 -1.433288 -0.883420 -0.195942 -0.019783 
3.769374 2.338298 0.921407 0.513487 1.028669 0.753009 -0.168090 -1.052862 -1.398724 -0.934911 -0.136824 -0.011715 
3.935218 2.398048 1.027164 0.448608 1.077553 0.694113 -0.474650 -1.066091 -1.574233 -0.959969 -0.037841 0.007108 
3.878420 2.368918 1.049567 0.355971 1.065530 0.478878 -0.676990 -1.132920 -1.625160 -0.767649 -0.022949 0.007592 
3.763534 2.348732 1.028143 0.312570 1.008222 0.250848 -0.728166 -1.143494 -1.600598 -0.656765 -0.025365 0.006555 
3.774463 2.401101 1.033169 0.361900 1.103532 0.115838 -0.633389 -1.168410 -1.621517 -0.644908 -0.009352 0.013395 
3.826053 2.288508 1.171113 0.383718 1.218551 0.280276 -0.649329 -1.111815 -1.665663 -0.724821 0.048651 0.022719 
3.803199 2.197109 1.150347 0.472093 1.068152 0.472973 -0.642758 -1.146638 -1.557132 -0.834940 0.088139 0.032580 
3.681092 2.237057 1.151971 0.462174 0.922350 0.376885 -0.559274 -1.230266 -1.567935 -0.764425 0.087741 0.029075 
3.752274 2.266296 1.130134 0.472322 0.908054 0.328827 -0.569781 -1.313242 -1.466177 -0.784573 0.079330 0.029089 
3.846356 2.282909 1.094299 0.526179 0.865100 0.255197 -0.684368 -1.365178 -1.401700 -0.807777 0.076719 0.027479 
4.094961 2.195639 1.030665 0.425585 1.073128 0.294999 -1.052420 -1.157229 -1.289767 -0.930986 0.072856 0.032977 
4.280287 2.078511 0.740464 0.420250 1.341163 0.142579 -1.214448 -0.977310 -1.279706 -0.932056 0.040728 0.038488 
4.163803 1.973970 0.461422 0.596110 1.228362 -0.072023 -1.202579 -0.964104 -1.049768 -0.903093 0.001040 0.036179 
3.820747 1.870361 0.467074 0.663986 0.965485 0.036121 -0.952571 -1.240002 -1.001588 -0.722362 0.040117 0.039663 
4.545701 1.796645 0.323090 0.816362 1.796611 -0.143528 -1.584698 -0.837000 -0.691870 -1.034664 -0.044842 0.054259 
6.286772 1.315767 0.778495 -0.070989 4.224529 -0.486011 -2.081537 -0.745452 -1.174245 -0.912556 -0.383637 0.036860 
4.771848 2.025062 -0.042424 0.478951 2.752086 -0.035730 -1.598453 -0.725166 -0.719410 -1.057077 -0.043401 0.058473 
3.653492 1.646054 0.448977 0.723161 1.534934 -0.075940 -0.951594 -0.712742 -0.626960 -0.689400 -0.034641 0.050299 
4.262865 1.872259 0.618374 -0.073754 2.452021 -0.319577 -0.468974 -0.551616 -0.995759 -0.799317 0.020099 0.099965 
5.239739 1.843017 1.781767 -1.540468 5.518998 -0.719828 -1.194872 -0.624034 -0.868297 -0.756289 -0.337119 0.168624 
5.033536 2.129845 1.660616 -1.338576 5.073693 -0.962466 -0.870944 -0.694787 -0.817243 -0.727646 -0.287657 0.151685 
3.989351 2.668405 0.966929 -0.137265 2.746970 -0.310086 -0.021867 -0.865250 -1.087520 -0.738358 0.074825 0.098698 
4.645058 2.186311 1.504142 -0.695507 4.229843 -0.938683 -0.394004 -0.445628 -0.720310 -0.839780 -0.201790 0.130181 
4.594337 2.323707 1.587830 -0.508807 4.916918 -1.282612 0.282831 -0.241011 -1.075542 -1.016032 -0.322418 0.209952 
4.137059 2.006728 1.159710 0.060086 3.770287 -0.822687 0.406625 -0.427769 -0.941790 -1.030768 -0.148219 0.171435 
3.682975 2.365884 0.589839 0.607542 2.692516 -0.698404 0.440589 -0.594694 -0.915816 -0.706563 -0.069049 0.123738 
4.579038 2.219215 1.111540 -0.395493 4.525774 -1.665629 -0.110177 -0.294966 -0.642019 -0.654448 -0.292974 0.188180 
4.072367 2.244208 0.951212 0.112983 3.223803 -1.535954 -0.581911 -0.407299 -0.259169 -0.453139 -0.059311 0.111214 
4.400468 2.093716 1.292189 -0.303093 3.718961 -1.753537 -0.704032 -0.379409 -0.205366 -0.472057 -0.080469 0.157196 
4.590395 2.043068 1.600331 -0.771983 3.794961 -1.271537 -1.068896 -0.352213 -0.253567 -0.695214 -0.013818 0.134586 
4.831715 2.224717 1.627390 -1.684947 4.069604 -1.005121 -0.913575 -0.667057 -0.295152 -0.834876 -0.056317 0.164339 
4.520693 2.441450 1.322361 -1.370550 2.975764 -0.514598 -0.697029 -0.903588 -0.602491 -0.882580 0.135465 0.112362 
5.094203 2.114361 1.570846 -2.213654 4.212650 -0.620368 -1.149426 -0.914470 -0.649050 -0.849992 -0.139285 0.133284 
4.949765 1.900536 1.284235 -1.660422 3.648854 -0.571306 -1.128852 -0.961741 -0.536586 -0.981186 -0.111611 0.114721 
5.061454 2.065745 0.649811 -1.192064 3.832258 -0.530337 -1.542893 -0.797079 -0.589867 -1.055337 -0.142808 0.015768 
5.326583 1.865931 0.911214 -1.798186 4.459543 -0.599750 -1.701895 -0.935863 -0.673514 -1.006637 -0.318569 0.019090 
5.149606 1.890074 0.644352 -1.268416 3.833598 -0.573070 -1.564406 -1.116417 -0.550518 -1.080311 -0.226829 0.025086 
5.116511 1.817174 0.554658 -0.955953 3.389337 -0.428562 -1.604532 -1.151879 -0.308838 -1.130473 -0.194871 0.024318 
5.276493 1.833972 0.525832 -1.148950 3.293020 -0.310401 -1.667010 -1.394118 -0.046106 -1.229180 -0.214425 0.036788 
5.531920 1.759053 0.515570 -1.506877 3.353001 -0.357047 -1.808206 -1.488928 0.102397 -1.261349 -0.328820 0.040470 
3.832026 1.344155 0.487819 0.061204 0.869701 -0.117516 -0.943606 -0.657949 -0.388296 -0.806052 -0.076878 0.010430 
4.899766 1.725344 -0.350560 -0.562154 2.017952 -0.500510 -1.612173 -0.560453 -0.028290 -0.961961 -0.154109 -0.010346 
5.527267 1.981587 -0.397952 -1.326454 2.771554 -0.889830 -1.709743 -1.030316 0.140171 -1.190268 -0.292690 0.008593 
4.838623 1.907140 -0.631976 -0.485279 1.474325 -0.690897 -1.477537 -0.764349 0.169132 -0.845526 0.000473 0.019079 
4.109714 1.539870 0.141926 0.110004 0.484877 -0.948237 -1.161568 -0.615540 -0.141974 -0.578048 0.132078 0.048306 
4.958523 2.188006 -0.387860 -0.460468 1.289924 -1.085571 -1.311090 -0.707822 0.048854 -0.813112 0.082906 0.057566 
5.614011 2.544249 -0.891560 -0.772609 2.326225 -1.494958 -1.357759 -0.923902 0.189990 -0.685182 -0.172020 0.017454 
4.612671 2.205718 -0.099956 -0.114521 0.726683 -0.856472 -1.337103 -0.672183 -0.034739 -0.502476 0.124159 0.016116 
5.588070 2.756474 -1.054424 -0.597715 2.392391 -1.532361 -1.286550 -0.822550 0.222931 -0.668526 -0.245368 -0.021722 
4.713633 2.342659 -0.580770 -0.173619 1.942497 -1.160118 -1.173966 -0.453239 0.302104 -0.745474 -0.082511 -0.036444 
5.228464 2.532478 -0.883406 -0.285941 2.645300 -0.856979 -1.117868 -0.492039 0.508179 -0.921513 -0.211613 -0.050973 
5.112934 2.007209 -0.503305 0.081383 2.366504 -0.653348 -0.622821 -0.438663 0.957953 -0.963851 -0.151764 0.017100 
5.324328 2.229134 -0.945381 -0.161896 2.823337 -0.878956 -0.212254 -0.170116 1.241118 -0.786653 -0.149039 0.045231 
4.272652 1.515488 -0.094054 0.838073 1.812190 -0.140218 -0.789631 0.790143 0.953885 -0.429972 -0.084014 -0.018338 
4.847160 1.823039 -0.722443 0.824586 2.543989 -0.623315 -0.737278 0.645605 1.213462 -0.395151 -0.048643 0.032403 
4.821125 1.293309 -0.222171 1.130245 2.255424 -0.346083 -0.599082 0.759695 1.492459 -0.381348 -0.081927 0.044157 
5.532309 1.620068 -0.637288 1.082677 2.695785 -1.046513 0.253020 0.441593 1.741294 -0.267573 -0.164409 0.093160 
4.644901 1.324078 -0.015229 1.611977 2.095765 -0.606188 -0.165976 0.779524 2.040338 -0.251268 -0.048568 0.064619 
4.335075 1.461286 0.034267 2.148593 1.787826 -0.813545 -0.561191 1.181570 1.836855 0.067845 0.034048 0.081531 
3.856048 1.427584 0.979092 2.095063 2.057283 -0.829204 -0.742191 1.033747 1.673500 0.074424 0.011199 0.082538 
