2.776386 1.843733 1.588944 1.456340 1.523333 1.267810 0.854108 0.710712 0.653336 0.183763 0.082597 0.073990 
2.860551 1.833209 1.883439 1.609681 1.153305 1.057949 0.923620 1.034818 0.724886 0.310177 0.268778 0.084778 
2.642453 1.875400 1.951250 1.516766 1.435619 1.199342 1.110851 0.866802 0.664129 0.234301 0.183877 0.080254 
2.765804 1.780855 1.754426 1.387442 1.355390 1.406196 1.241565 0.879191 0.582790 0.406599 0.287668 0.081274 
2.658430 1.843874 1.606059 1.592312 1.541858 1.018784 1.113403 0.808255 0.632371 0.420894 0.205509 0.077094 
2.788527 1.929471 1.832671 1.562805 1.135350 1.076287 0.856227 0.485940 0.644152 0.438103 0.260345 0.081396 
2.555550 1.937770 1.760742 1.430328 1.404548 0.979597 1.090791 0.547926 0.522332 0.352134 0.260627 0.079888 
2.715040 1.881682 1.800735 1.900129 1.437054 0.968497 1.128105 1.151080 0.408159 0.346949 0.206874 0.082386 
2.697420 2.010834 1.755647 1.655439 1.124150 0.973573 1.120689 0.701248 0.492687 0.350080 0.105965 0.074423 
2.665580 1.835695 1.423250 1.237251 1.556821 1.340525 0.784624 0.768580 0.619884 0.476114 0.209125 0.078178 
2.857610 1.617126 1.799137 1.571856 1.696956 1.554852 0.924763 0.124666 -0.107276 0.243996 0.375085 0.089735 
3.177322 1.499351 -0.021955 1.167991 2.262790 2.822726 1.214274 0.155756 -0.652724 0.450947 0.590727 0.194874 
2.888800 1.524550 -0.130100 0.784233 2.848572 2.591017 1.660758 -0.575910 -0.473340 0.467900 0.482004 0.190052 
1.975031 1.765297 -1.979478 1.148941 3.572972 1.845315 2.331100 -1.129203 0.210357 -0.095105 0.297662 0.214343 
0.555265 1.515972 -2.837718 -0.312638 5.038213 1.429194 3.269057 -0.799516 0.089339 0.049467 0.355720 0.226449 
-0.551129 0.644345 -2.181422 0.366740 5.453956 1.738731 3.263177 -0.534205 -0.064992 0.186887 0.181173 0.218569 
-0.347099 0.925530 -2.513439 0.522288 5.934687 1.324943 2.808682 -0.363149 0.238930 0.144985 0.029099 0.232735 
-0.847270 0.594760 -1.815375 0.258910 5.281639 2.087582 2.971286 -0.729762 0.339463 0.119285 0.046631 0.237789 
-0.581548 0.434807 -2.131702 -0.426691 4.458503 1.806212 2.507751 -0.205916 0.291541 -0.080614 -0.034946 0.266795 
-0.353157 0.206742 -2.408900 -1.427605 3.704392 1.417012 2.495874 0.242623 0.496452 -0.181867 0.009173 0.257359 
0.091222 0.696465 -2.420490 -2.429505 3.103076 1.843771 2.631991 0.172114 0.610795 -0.031485 0.007582 0.227079 
1.671641 1.224347 -1.367718 -1.805020 3.442601 0.574292 2.200151 0.672817 0.899138 0.445226 -0.254843 0.008973 
3.193722 1.667200 -1.461507 -1.904353 4.238010 -0.219612 2.048205 1.264731 1.124278 0.386555 -0.101201 -0.096836 
4.003703 1.836250 -1.558466 -1.860179 4.417284 -0.189971 1.922238 1.403113 1.103344 0.433846 -0.261240 -0.107437 
4.747281 2.742330 -2.467715 -1.476417 3.763521 -0.314763 1.473474 1.220522 1.225567 0.586680 -0.285954 -0.120060 
4.870228 2.598642 -2.054888 -1.249945 3.764918 -0.550849 1.090667 1.207170 1.132454 0.711142 -0.292261 -0.104620 
5.059789 2.644062 -1.907415 -0.955211 3.714313 -0.914469 0.656496 1.136867 0.915274 0.841992 -0.291195 -0.047605 
5.005213 2.218606 -1.083983 -0.046319 2.876038 -1.033609 -0.069454 1.160382 0.650584 0.679470 -0.091890 -0.004513 
4.456774 1.933992 -0.161837 0.404850 2.134994 -0.936087 -0.295263 0.637822 0.539826 0.531608 0.133305 -0.004834 
5.105856 2.263800 -0.552373 0.089991 2.881945 -2.106468 -0.069964 0.094710 0.368518 0.428386 -0.113766 0.094436 
4.662092 2.557783 -0.412003 0.330223 2.449064 -2.167638 -0.064847 -0.552769 0.501022 0.195193 -0.047902 0.061654 
4.683339 2.643881 0.149719 0.167777 2.579417 -2.096589 0.015640 -0.987265 0.178867 0.168136 -0.152746 0.039411 
4.532517 2.705056 0.504153 0.345534 2.175441 -2.007607 -0.236536 -0.980913 0.013702 0.019991 -0.204264 -0.005270 
5.155279 3.427710 -0.369425 0.033731 3.325538 -2.465615 -0.806230 -1.233329 -0.094699 -0.201280 -0.460782 -0.020916 
4.799484 2.955202 0.694178 0.289734 1.857065 -1.641670 -1.215703 -0.796812 -0.340280 -0.484728 -0.198002 -0.044267 
4.922231 2.964351 0.824140 0.485709 1.811416 -1.740014 -1.318174 -0.795987 -0.464095 -0.454069 -0.249554 -0.042865 
4.074458 2.794440 1.386605 0.678270 0.875878 -0.867052 -1.416454 -1.049332 -0.583193 -0.421691 -0.136731 -0.054512 
3.798055 2.712999 1.529493 0.997895 0.648253 -1.136582 -1.173338 -0.931337 -0.607372 -0.335832 -0.255152 -0.059749 
3.784865 2.683512 1.656901 0.938447 0.368229 -0.812420 -1.003071 -0.935912 -0.639201 -0.681246 -0.180914 -0.057786 
4.045738 2.903661 1.523974 0.818559 0.977018 -0.738461 -1.061015 -1.170666 -1.208962 -0.497022 -0.210766 -0.058512 
3.705389 2.590550 1.446916 0.883305 0.654735 -0.466586 -1.277390 -1.483561 -0.995658 -0.516924 -0.204784 -0.071132 
3.510184 2.545546 1.535549 0.826954 0.468757 -0.569728 -1.123931 -1.385384 -1.150708 -0.528197 -0.214451 -0.070912 
3.621630 2.482297 1.558693 0.844376 0.458731 -0.370802 -1.262645 -1.415176 -1.183622 -0.608725 -0.188620 -0.072016 
3.739825 2.526430 1.462111 0.914074 0.421609 -0.632954 -1.053066 -1.208475 -0.986788 -0.710158 -0.232601 -0.072212 
3.588309 2.312284 1.469773 1.034046 0.420961 -0.826993 -1.296358 -1.013565 -0.746428 -0.695365 -0.295435 -0.080726 
3.627793 2.347732 1.250055 1.020116 0.648984 -0.742594 -1.601195 -1.414228 -0.731327 -0.476228 -0.315243 -0.099115 
3.819430 2.462345 1.329286 1.010132 0.789302 -0.703706 -1.795777 -1.604407 -0.949355 -0.534363 -0.250329 -0.099432 
3.874612 2.352258 1.588163 1.606642 0.882275 -1.013695 -1.988781 -1.522598 -0.824847 -0.735194 -0.269396 -0.104447 
3.653081 2.355679 1.796048 1.432752 0.642317 -1.000643 -1.903018 -1.384625 -0.964079 -0.693748 -0.262686 -0.099096 
3.586852 2.433821 1.370331 0.888293 0.523465 -0.729259 -1.638798 -1.383021 -0.732604 -0.544174 -0.317576 -0.095050 
3.559255 2.361661 1.305327 0.937829 0.518065 -0.585051 -1.408099 -1.331138 -0.896386 -0.651843 -0.266556 -0.085801 
3.721515 2.281743 1.548553 1.372724 0.784736 -0.684534 -1.767317 -1.254859 -0.714539 -0.655327 -0.304183 -0.094556 
4.398021 2.485163 1.392518 1.344054 1.513123 -0.438697 -2.173397 -1.458826 -0.658819 -0.643947 -0.281162 -0.115396 
4.150808 2.504597 1.405404 1.364265 1.202616 -0.554485 -2.118006 -1.364712 -0.554987 -0.671151 -0.303994 -0.112342 
3.800603 2.344862 1.311011 1.277032 0.816696 -0.686947 -1.655842 -1.250225 -0.787559 -0.667307 -0.285583 -0.092095 
3.582881 2.320402 1.401260 1.093443 0.779437 -0.535894 -1.584769 -1.445928 -0.974867 -0.590148 -0.255678 -0.092886 
4.247766 2.376863 1.230161 1.486547 1.434971 -0.535077 -2.266365 -1.547424 -0.808841 -0.913998 -0.229473 -0.105570 
5.355405 2.213000 0.981167 1.131855 2.569126 -0.214004 -3.161367 -1.621939 -0.984372 -1.338718 -0.349816 -0.116536 
4.998776 2.421641 1.048086 1.165939 2.115313 -0.365094 -2.951338 -1.655813 -1.070573 -1.327775 -0.261307 -0.103043 
4.318229 2.318234 1.330078 1.557766 1.637439 -0.481828 -2.561458 -1.837766 -1.077868 -1.064790 -0.136900 -0.095909 
5.051116 2.365004 1.105980 1.315903 2.689876 -0.245589 -3.020325 -1.634602 -1.249289 -1.314774 -0.227894 -0.105217 
5.033766 2.526255 1.018550 1.305261 2.813647 -0.308120 -2.907628 -1.460318 -1.202675 -1.256417 -0.248606 -0.113703 
4.868667 2.485988 1.078188 1.285493 2.491227 -0.152381 -2.737269 -1.632436 -1.170135 -1.202894 -0.171109 -0.098618 
4.853513 2.430828 1.045664 1.263495 2.582769 -0.020664 -2.836071 -1.713279 -1.170090 -1.255263 -0.134803 -0.097047 
5.364108 2.286345 0.842988 0.797920 3.176293 0.313052 -3.378470 -1.746019 -1.147023 -1.316337 -0.194481 -0.128269 
5.114957 2.333980 0.751587 0.718812 2.815324 0.272030 -3.308181 -1.760961 -1.217622 -1.324469 -0.123062 -0.111444 
4.729009 2.216019 1.003734 0.997236 2.106182 0.089264 -2.881772 -1.829714 -1.180928 -1.202958 -0.074891 -0.074321 
4.902309 2.224418 0.908084 0.875702 2.362712 0.210762 -3.133183 -1.886449 -1.133145 -1.305742 -0.088390 -0.084556 
6.259976 1.691980 1.094679 -0.040304 3.337345 0.878849 -3.978338 -1.689388 -1.338740 -1.393311 -0.198342 -0.145437 
5.825023 2.086546 0.721565 0.385720 3.044058 0.612097 -3.824616 -1.785133 -1.227323 -1.381048 -0.245718 -0.135324 
5.017682 2.282573 0.835614 1.036073 2.089168 -0.044234 -3.011178 -1.949963 -1.171686 -1.215776 -0.146817 -0.077382 
5.039607 2.364960 0.843493 1.106531 2.207191 -0.128439 -3.094793 -2.080345 -1.115480 -1.200466 -0.150030 -0.090446 
5.246197 2.449526 0.669344 0.862056 2.428149 -0.078395 -3.101225 -1.966765 -1.101153 -1.210020 -0.176553 -0.094147 
4.776514 2.530758 0.844675 1.025876 1.660786 -0.329512 -2.475527 -1.776509 -1.155048 -0.974179 -0.108754 -0.059788 
5.018410 2.304198 1.133278 0.916298 1.576237 0.027088 -2.579900 -1.936298 -0.973847 -1.034368 -0.108388 -0.043690 
6.236592 1.906584 0.881629 0.226992 2.756197 0.422688 -3.553229 -1.514659 -1.104387 -1.069375 -0.227637 -0.111498 
4.102789 2.285908 1.198227 1.028220 1.158357 -0.578369 -2.222397 -1.648386 -0.949721 -0.666221 -0.070762 -0.056590 
3.890821 2.263719 1.179787 0.711211 0.752368 -0.477748 -1.702771 -1.368679 -1.022888 -0.694101 -0.038703 -0.028068 
4.035373 2.271025 1.270983 0.963801 0.920372 -0.415123 -2.028996 -1.615164 -0.807273 -0.556275 -0.054806 -0.041764 
4.806776 2.628021 0.870078 1.145531 1.621374 -0.578543 -2.513684 -1.540257 -0.712176 -0.745880 -0.116280 -0.060322 
4.161848 2.501972 1.526202 1.502677 0.740355 -1.100997 -2.093778 -1.516323 -0.741092 -0.517668 -0.142493 -0.048487 
3.845085 2.465776 1.611231 1.396891 0.526036 -1.237993 -2.110542 -1.358989 -0.640259 -0.440201 -0.153396 -0.042782 
3.791365 2.342198 1.486618 1.509797 0.632619 -1.300716 -2.123933 -1.341877 -0.534320 -0.397063 -0.147565 -0.040844 
4.445226 2.527068 1.198449 1.412439 1.450727 -1.107554 -2.718864 -1.332225 -0.296051 -0.553754 -0.128958 -0.058141 
6.368102 2.037335 0.859853 0.783795 2.351602 -0.397115 -3.149703 -1.233354 -0.233000 -0.748788 -0.374458 -0.083172 
