2.350299 2.622659 1.307222 1.529700 1.125452 0.867699 1.335353 1.025760 0.679815 0.455616 0.038045 0.079677 
2.094330 2.756783 0.932899 1.693079 1.011704 0.282839 1.586286 0.814138 0.696504 0.741923 0.161899 0.102452 
1.928956 2.876031 1.031490 1.955927 0.938504 0.903577 1.454780 0.623586 0.981440 0.637826 0.050169 0.100328 
1.886553 2.987417 0.754092 1.704554 1.008769 1.048507 1.384189 0.879135 0.998483 0.401048 0.248187 0.064613 
1.821806 3.202048 0.341776 2.166467 0.755070 1.424362 0.929672 0.622437 0.904810 0.080549 0.212067 0.045012 
1.699695 3.446675 0.131756 2.130089 0.235444 1.813830 0.841450 0.885696 1.189181 -0.020129 0.231964 0.017461 
1.426170 3.409523 -0.143012 2.284178 0.268963 1.288434 0.829103 0.705541 1.023572 0.029348 0.237162 0.035643 
1.604028 3.182192 0.338793 2.333764 0.465028 1.015278 0.918225 0.593124 0.965867 0.205129 0.195495 0.058590 
1.101392 3.198498 0.575388 2.413622 0.193392 1.419740 0.930273 -0.033345 0.913843 0.424240 0.234085 0.065680 
1.035684 3.065723 0.571619 2.251249 0.509126 1.771380 0.936248 -0.139984 1.426104 0.176704 0.082051 0.087017 
0.732909 3.047820 0.747263 2.556027 0.532570 2.083723 1.171021 -0.210728 1.225644 0.188528 0.143362 0.083501 
0.678400 2.947809 0.842235 2.413559 0.305016 1.246150 0.862667 0.038055 1.346779 0.170579 0.096577 0.104990 
0.727139 2.687712 0.991580 3.021290 0.958731 0.814967 1.201523 0.184394 0.685584 -0.045639 0.148453 0.099528 
1.156371 2.800565 0.559203 2.791142 1.145216 0.546680 0.929316 0.671742 0.549180 0.145279 0.174801 0.090329 
1.041591 2.443614 0.701654 2.456206 1.284584 0.459669 1.030209 0.761530 0.682262 0.198682 0.192009 0.088364 
0.608365 2.567413 0.809480 2.495307 1.920465 0.718493 0.993582 0.620732 0.928451 -0.045322 0.191662 0.093126 
0.370485 2.681336 1.178071 1.826940 2.318105 0.525299 1.154865 0.721183 1.117473 0.230742 0.255643 0.063257 
-0.434529 2.321254 1.421094 0.698807 3.033721 1.058306 1.073626 0.773509 0.273376 0.155485 0.469550 0.021845 
-0.341109 1.820242 0.997604 0.993150 2.441403 0.748104 1.660695 1.443069 -0.621287 -0.484415 0.644324 0.085891 
-0.501654 1.777799 0.593143 0.840356 2.949382 0.826436 2.276052 1.618084 -0.837578 -0.745498 0.613657 0.156453 
-0.364178 1.717513 0.329567 0.673358 3.049104 0.684486 2.504242 1.848686 -0.711299 -0.665580 0.450019 0.152727 
-0.146283 1.411119 -0.188744 0.487717 2.818563 0.356994 2.236315 1.675241 -0.729833 -0.567031 0.385148 0.197020 
0.029783 1.106454 -0.246224 0.283188 2.679546 0.672163 1.777233 1.410989 -0.109876 -0.570827 0.288005 0.196324 
0.215062 0.793968 -0.737261 0.388903 3.114870 1.133306 1.329841 1.075870 0.035821 -0.283624 0.218404 0.199938 
0.507061 0.787850 -0.838441 0.166571 2.569655 1.465638 1.151723 0.918713 -0.028018 -0.454984 0.375087 0.206070 
0.681375 0.766254 -1.061441 0.344633 2.328689 1.760859 1.279211 0.706064 0.252608 -0.619879 0.449813 0.177215 
1.089512 1.241326 -0.923367 0.725244 2.869676 1.818629 1.989302 0.830467 -0.353190 -0.313402 0.374539 0.178068 
2.399949 2.333079 -0.004134 1.455461 2.557120 1.324762 0.817217 0.070807 -0.615592 -1.110122 0.123591 0.104329 
3.871499 3.730032 0.011758 1.490113 2.128937 0.269860 0.370001 -0.430472 -1.189043 -1.083521 0.119379 0.057433 
4.818593 4.614261 -0.592815 0.902711 2.855106 0.187487 -0.411001 -1.116522 -1.313243 -1.189340 -0.167956 -0.045808 
4.777987 3.515746 0.719324 1.064781 1.919815 0.522828 -0.632278 -1.298752 -1.476651 -1.103550 -0.068062 -0.020010 
4.222310 2.995068 1.340711 1.014524 1.265047 0.536860 -0.483127 -1.325157 -1.461882 -0.843862 -0.051410 -0.042714 
3.697821 2.708868 1.466472 0.935425 0.867439 0.457653 -0.386536 -1.068872 -1.257184 -0.779197 -0.078858 -0.074145 
4.118035 2.954971 1.564604 0.961479 1.117056 0.529579 -0.442754 -1.244395 -1.478775 -0.915485 -0.079314 -0.063080 
5.578828 3.330775 0.687172 0.702264 2.223885 0.152633 -0.720583 -1.169231 -1.921357 -1.076290 -0.308643 -0.029999 
3.611117 2.448949 1.121044 0.560357 0.738227 0.005029 -0.358729 -1.178102 -1.268502 -0.805360 -0.077559 -0.077257 
3.764406 2.834291 1.329187 0.122675 0.035148 -0.196933 -0.500905 -1.180690 -1.454888 -0.794878 -0.083709 -0.064909 
4.783163 2.884367 1.085177 0.291945 1.071059 -0.112566 -0.945678 -1.572664 -1.795108 -1.010193 -0.095927 -0.008809 
4.007964 2.505040 1.055519 0.641998 0.632239 -0.018277 -1.219436 -1.843926 -1.449349 -0.787683 0.019575 -0.030212 
3.697436 2.555081 1.167950 0.338483 -0.158041 -0.504532 -0.984487 -1.504201 -1.357182 -0.902083 -0.029711 -0.042129 
4.021252 2.637682 0.799178 0.079137 0.105426 -0.170817 -1.118906 -1.650182 -1.497719 -0.848937 -0.060105 -0.018850 
4.556039 2.646717 0.858391 0.410303 0.623279 -0.042597 -1.413144 -1.933146 -1.797896 -0.958816 -0.048968 -0.004075 
3.585126 2.435958 1.032209 0.245404 0.048414 -0.470829 -1.152303 -1.756573 -1.610914 -0.775632 -0.058714 -0.043106 
3.976204 2.612812 0.825886 0.060001 0.091287 -0.293121 -1.050381 -1.837772 -1.688817 -0.844686 -0.119749 -0.031888 
5.923282 2.827493 0.486934 -1.078235 2.333778 0.121660 -1.874719 -2.139492 -1.764840 -1.110578 -0.191610 -0.049114 
4.108787 2.558677 0.999274 0.119962 0.713590 -0.047203 -1.405592 -1.870735 -1.870161 -0.991070 -0.081026 -0.037596 
4.204655 2.773943 0.776242 -0.206895 0.721944 -0.032106 -1.244381 -1.799000 -1.819756 -0.874630 -0.173769 -0.043504 
4.604279 2.734220 0.769386 -0.321298 1.307016 0.128388 -1.467666 -1.703040 -1.897679 -1.032482 -0.155546 -0.044077 
5.705999 2.823512 0.474913 -1.410679 2.937281 0.124922 -1.870354 -1.818334 -1.881875 -1.142608 -0.216512 -0.086885 
4.352714 2.621130 0.716533 -0.132326 0.913072 0.274673 -1.151990 -1.721397 -1.759620 -1.011996 -0.174340 -0.040167 
4.231999 2.534829 0.840136 -0.137045 0.771480 0.099103 -1.186960 -1.722186 -1.680973 -0.986417 -0.174713 -0.047761 
5.124113 2.759153 0.479864 -0.736267 1.655955 0.509388 -1.769315 -1.759106 -1.678409 -1.085787 -0.129453 -0.052855 
4.639486 2.588830 0.733193 -0.407060 0.957458 0.407813 -1.472878 -1.812037 -1.676035 -1.024777 -0.146403 -0.036947 
3.952300 2.412593 0.838175 -0.141833 0.352003 0.016322 -1.393881 -1.758385 -1.606498 -0.946724 -0.131832 -0.051700 
4.262624 2.462882 0.813522 -0.287286 0.610354 0.124510 -1.475100 -1.830993 -1.734218 -1.025378 -0.116522 -0.038375 
5.122777 2.690292 0.818564 -0.994334 1.402392 0.506272 -2.116557 -1.763058 -1.710881 -1.080429 -0.090972 -0.057008 
4.181560 2.510330 0.841713 -0.387541 0.497705 0.065727 -1.501672 -1.762097 -1.703285 -0.991111 -0.137220 -0.047044 
4.035009 2.407187 0.810793 -0.249824 0.336423 -0.085373 -1.403518 -1.798876 -1.781302 -0.982765 -0.116550 -0.044350 
4.142657 2.523284 0.827786 -0.238481 0.550237 -0.161102 -1.509261 -1.803793 -1.864649 -0.970700 -0.118638 -0.044598 
3.932261 2.446562 0.919250 -0.130008 0.230416 -0.142853 -1.342537 -1.711358 -1.681399 -1.098795 -0.099698 -0.045831 
4.300237 2.706251 1.037976 -0.135625 0.495304 0.075435 -1.288827 -1.805156 -1.854665 -1.086920 -0.132139 -0.031435 
4.702831 2.692570 1.052599 -0.256236 0.686045 0.368760 -1.427369 -1.793388 -1.841918 -1.271888 -0.138760 -0.016168 
3.447602 2.220221 0.675817 -0.030345 0.107385 -0.454075 -0.979112 -1.365036 -1.507211 -0.926981 -0.128734 -0.056825 
3.895603 2.518468 1.141973 -0.222132 0.306701 -0.424118 -1.366429 -1.472084 -1.760403 -0.853655 -0.111665 -0.049260 
3.959085 2.535195 0.804553 0.136396 0.468347 -0.486678 -1.105225 -1.422077 -1.743974 -0.901437 -0.117824 -0.036628 
3.949428 2.555824 0.863377 -0.338213 0.132072 -0.159847 -1.000471 -1.702784 -1.911144 -0.901296 -0.100511 -0.022078 
3.442635 2.260521 0.882746 -0.071428 -0.114290 -0.631506 -1.159469 -1.371952 -1.355553 -0.833575 -0.146536 -0.069230 
4.465103 2.368433 0.611494 -0.036827 0.961537 0.117232 -1.518003 -1.482476 -1.632921 -1.087945 -0.124974 -0.034730 
3.687848 2.124703 0.838195 0.386578 0.660898 0.085875 -1.214216 -1.716055 -1.601205 -0.860765 -0.088753 -0.056533 
3.602964 2.057061 0.710141 -0.083167 0.257766 0.297025 -0.937485 -1.493288 -1.404548 -1.015616 -0.178723 -0.059203 
4.101945 2.189600 0.578736 -0.123055 0.816875 0.707921 -1.127124 -1.436451 -1.452368 -1.106344 -0.182494 -0.046895 
5.102514 2.468945 0.116159 -0.222549 1.651410 0.725238 -1.379254 -1.551637 -1.573381 -1.125852 -0.194332 -0.043130 
4.238119 2.218629 0.561409 0.106325 1.053120 0.472296 -1.122836 -1.552216 -1.648992 -1.032251 -0.118972 -0.031292 
4.099828 2.311138 0.592623 0.098939 0.593511 0.169780 -1.088478 -1.675942 -1.597476 -1.078817 -0.069618 -0.024168 
4.209985 2.332806 0.633504 -0.295264 0.204777 0.179755 -1.188654 -1.575140 -1.458756 -1.214141 -0.038709 -0.003071 
4.009885 2.301682 0.603838 -0.308102 0.648687 -0.356396 -1.422206 -1.399917 -1.667490 -1.053746 0.097604 0.007643 
4.271249 2.459706 0.754242 -0.807886 0.127324 -0.156804 -1.302327 -1.331496 -1.608762 -1.111799 0.064355 0.030828 
4.335370 2.408459 0.630575 -0.645422 1.022396 -0.875999 -1.381266 -1.081190 -1.347406 -1.201147 0.095653 0.036852 
4.349537 2.324248 0.899024 -0.561831 0.542908 -0.370815 -1.312526 -1.285174 -1.273547 -1.056610 0.072585 0.037268 
3.662952 2.423440 1.119131 0.124782 0.476345 -0.340131 -1.349649 -1.331438 -1.217806 -0.828452 0.185724 0.012391 
3.873818 2.534716 1.311517 -0.315153 0.371825 -0.697684 -1.277446 -0.932439 -0.922927 -0.817388 0.020376 -0.009929 
4.112241 2.821086 1.459903 -0.480963 0.707223 -0.362380 -1.676512 -1.397844 -0.809807 -0.921681 0.070609 -0.009382 
4.304497 2.624921 1.897072 -0.673181 1.122731 -0.961121 -1.706333 -1.534175 -0.594410 -0.859338 -0.037232 -0.004279 
4.511384 2.725686 1.686129 -0.996510 2.091069 -1.201312 -2.142544 -1.375797 -0.668067 -1.138812 -0.014307 -0.035043 
3.997721 2.500972 1.400011 -0.432265 1.845645 -1.292589 -1.928928 -0.903794 -0.700863 -1.158550 0.044315 -0.043113 
