1.525489 3.112860 0.686477 2.230106 1.073390 1.156045 1.150923 0.411978 0.872363 0.164863 0.555438 0.011159 
1.550062 3.317319 0.532766 2.287770 0.988507 1.152647 1.059861 0.608777 0.569594 0.093601 0.546602 0.013014 
1.710872 2.896856 0.759685 2.118513 1.027176 1.339407 0.986177 0.694200 0.677346 0.070467 0.494197 0.027968 
1.626583 2.945745 0.652112 2.135052 0.887719 1.316006 1.306807 0.576504 0.790318 0.109206 0.449506 0.029262 
1.809405 2.690981 0.761480 2.058839 1.066429 1.202533 1.222558 0.474091 0.818394 0.167961 0.456412 0.038882 
2.035063 2.456357 0.858489 2.014081 1.378596 0.983331 1.416761 0.507155 0.787811 0.163020 0.463159 0.051018 
2.189776 2.430621 1.143996 2.015156 1.077403 1.159566 0.890912 0.766193 0.763956 0.194959 0.428308 0.059165 
2.427704 2.433125 1.649946 1.652282 1.586063 1.075393 1.321947 0.789883 0.516122 0.361708 0.164403 0.081126 
2.837085 2.804592 2.147466 2.194107 1.591588 1.207839 0.789144 0.282143 0.097161 -0.043824 -0.061210 0.030619 
3.035667 2.700501 1.985881 1.718723 1.213830 0.963319 0.571936 0.095042 -0.128231 -0.430093 -0.246410 -0.003831 
3.323196 2.947659 1.957882 1.697902 1.203748 1.216102 0.687947 -0.083816 -0.469377 -0.642420 -0.157627 -0.039784 
3.551495 3.068934 2.014752 1.682419 1.199360 1.042931 0.369468 -0.291181 -0.746650 -0.675407 -0.095786 -0.054329 
3.804837 3.169162 1.979513 1.372754 0.977806 0.776564 0.120592 -0.565079 -0.929320 -0.659391 -0.107459 -0.053154 
3.846469 3.134323 1.778427 1.210418 0.708061 0.427196 -0.219161 -0.609144 -0.914621 -0.682509 -0.127434 -0.052506 
3.929892 3.031647 1.727332 1.010916 0.870022 0.369417 -0.300154 -0.811192 -1.084298 -0.782475 -0.095758 -0.038726 
3.908324 2.951405 1.560956 0.966630 1.074696 0.290119 -0.472799 -0.914184 -1.195684 -0.682311 -0.108495 -0.029027 
3.949247 2.935662 1.499243 0.955646 1.270068 0.194947 -0.658715 -0.905211 -1.177293 -0.644209 -0.125700 -0.031335 
4.096294 2.890522 1.490425 0.838223 1.602067 0.308795 -0.934429 -0.736092 -1.252233 -0.577585 -0.130163 -0.035954 
4.180047 2.839830 1.471926 0.727721 1.936052 0.257986 -0.907487 -0.774895 -1.277507 -0.561585 -0.124889 -0.036873 
4.257777 2.786467 1.371625 0.808262 2.194015 0.385138 -1.082992 -0.698214 -1.274302 -0.566426 -0.103384 -0.041447 
4.517277 2.927359 1.097843 0.604089 2.591115 0.464741 -1.062411 -0.732149 -1.343840 -0.540144 -0.092978 -0.036364 
5.030754 3.011988 0.890242 0.320543 3.014036 0.725162 -1.345833 -0.570761 -1.563939 -0.526671 -0.069787 -0.044213 
5.278696 3.347496 0.392246 0.074727 3.769576 0.715886 -1.266277 -0.696818 -1.577735 -0.541476 -0.102040 -0.054762 
5.513885 3.078881 0.416441 0.000048 3.507948 1.026915 -1.243633 -0.675472 -1.681482 -0.513201 -0.071175 -0.038675 
5.543380 3.220179 0.122434 -0.019853 3.878017 1.068654 -1.353944 -0.698224 -1.714751 -0.508073 -0.108261 -0.061316 
5.550199 3.038858 0.073310 0.296551 3.897547 1.120714 -1.633288 -0.867271 -1.496520 -0.617075 -0.119759 -0.079926 
5.482145 2.999379 0.033260 0.283623 3.723808 0.884337 -1.437924 -1.002860 -1.425285 -0.653402 -0.160835 -0.072402 
5.736113 3.007460 -0.163989 0.272658 3.829579 1.021733 -1.719079 -0.964070 -1.501003 -0.723634 -0.225857 -0.098051 
5.972339 3.192131 -0.353331 0.032135 4.111439 1.031678 -1.777863 -1.295093 -1.467536 -0.805667 -0.272605 -0.138915 
6.064191 3.504796 -0.674371 -0.154829 4.355691 0.793138 -1.846821 -1.261848 -1.837775 -0.643511 -0.379392 -0.160992 
4.865065 2.764365 0.417821 0.559111 2.186794 0.470765 -1.118889 -1.369995 -1.336242 -0.856013 -0.164350 -0.045507 
4.126886 2.565912 0.957957 0.686781 1.329112 0.314299 -0.985670 -1.501427 -1.304441 -0.770344 -0.138925 -0.047934 
4.267730 2.576293 0.821361 0.648307 1.450483 0.419754 -0.897936 -1.374191 -1.311752 -0.785327 -0.159265 -0.043582 
5.691671 2.872598 0.200577 -0.219425 3.420784 0.501169 -1.724083 -1.359615 -1.325251 -0.870992 -0.229724 -0.108264 
3.973971 2.396405 0.936433 0.690557 1.368473 0.476716 -0.990128 -1.252171 -1.250615 -0.820033 -0.157796 -0.049540 
3.626915 2.119526 0.701741 0.180168 0.949300 0.095691 -0.706991 -1.328128 -1.273502 -0.717377 -0.236833 -0.054000 
4.143299 2.363032 0.843454 0.326806 0.819946 -0.131582 -1.325643 -1.147344 -1.068898 -0.692416 -0.240000 -0.073714 
5.169358 2.304877 0.388872 0.129769 1.926801 -0.089542 -1.269506 -1.595482 -1.028920 -0.879923 -0.238540 -0.056691 
3.653191 2.006222 0.763448 0.683610 0.817400 0.169462 -1.233262 -1.736880 -1.077050 -0.660722 -0.136702 -0.063993 
3.520984 2.331983 0.730019 -0.000933 0.385541 0.116701 -0.602963 -1.400192 -1.493115 -0.638847 -0.202182 -0.045337 
3.953951 2.219985 0.623617 0.197549 0.603569 0.439679 -0.669616 -1.002714 -1.140617 -0.974258 -0.241315 -0.049955 
4.165379 2.222665 0.637918 0.225182 0.858416 0.360565 -0.564018 -0.977762 -1.089889 -0.852094 -0.287972 -0.059443 
3.626552 2.123832 0.707864 0.321400 0.940185 0.206494 -0.688970 -1.128982 -1.116481 -0.637782 -0.282429 -0.065555 
3.712460 2.059867 0.733937 0.493508 0.730648 0.290210 -1.122435 -1.191472 -0.783617 -0.613506 -0.284985 -0.079836 
3.792150 2.315441 0.649193 0.281426 0.850901 0.029281 -1.101575 -0.970386 -1.001767 -0.613877 -0.236837 -0.069189 
3.944713 2.295831 0.560727 0.266131 0.563157 0.094456 -1.115730 -1.148827 -0.923110 -0.578536 -0.197810 -0.056264 
4.250201 2.438137 0.544675 -0.106416 0.923966 0.183042 -1.466751 -1.174865 -1.035023 -0.667513 -0.099169 -0.042088 
4.184943 2.532454 0.683421 -0.212062 0.700669 0.181739 -1.307881 -1.182037 -1.148342 -0.769767 -0.060752 -0.019929 
3.965510 2.491473 0.590907 -0.056673 0.372282 -0.056820 -1.078889 -1.000676 -1.206028 -0.656071 -0.075063 -0.009418 
3.767819 2.481733 0.947791 -0.372448 0.330207 -0.270486 -0.837776 -1.041901 -1.324630 -0.571493 -0.011901 0.006994 
4.150671 2.857484 0.688021 -0.305896 0.547633 0.031190 -1.458221 -0.982741 -0.857817 -0.528068 0.037414 0.010481 
3.841646 2.559782 1.247610 -0.169757 0.438926 -0.727380 -1.219997 -0.807484 -0.641775 -0.351862 0.002993 0.019742 
3.636106 2.572581 1.190815 0.341341 0.211562 -0.692809 -1.219095 -0.867505 -0.453753 -0.147611 -0.050153 0.029163 
3.411350 2.410124 1.392035 0.465290 0.461741 -0.492714 -1.445364 -0.843622 -0.493361 -0.258268 0.054656 0.036604 
4.115735 2.642309 1.644876 -0.364013 1.394755 -0.223721 -1.520605 -0.890928 -0.580977 -0.349350 0.144672 0.037752 
3.896972 2.475825 1.545994 0.384620 0.615414 0.002411 -1.397924 -0.645486 -0.564705 -0.569391 0.189334 0.059893 
3.782073 2.849927 1.782784 -0.153296 1.370364 -0.431876 -1.420255 -0.768371 -0.886735 -0.257428 0.234336 0.049793 
3.756651 2.796503 1.896866 -0.132432 1.665443 -0.415918 -1.621614 -1.246639 -0.728828 0.023307 0.189503 0.046394 
4.038326 3.246248 2.380344 -0.404706 2.255411 -0.718297 -2.360362 -1.322484 -0.631434 0.389343 0.067237 0.005533 
4.111969 3.487255 2.551842 -0.613092 2.468368 -0.996849 -2.371780 -1.627795 -0.389533 0.434402 0.000394 0.017899 
3.939427 2.927189 2.455611 0.111514 1.675409 -0.958984 -1.962561 -1.431340 -0.445077 0.357615 -0.041780 0.014629 
4.030935 3.085863 2.583118 0.482035 1.718092 -0.916931 -2.330161 -1.514415 -0.144755 0.407154 -0.099420 0.001121 
4.528115 3.547138 1.777596 -0.329239 2.597810 -1.211745 -1.798561 -1.473495 -0.422416 0.371737 0.050146 0.015137 
4.507376 3.478555 1.883054 -0.387127 2.168927 -1.048045 -1.557475 -1.200630 -0.668849 0.374148 -0.033756 0.008734 
4.141137 3.495222 2.014429 -0.532735 1.656426 -0.609931 -1.138578 -0.953749 -0.894327 0.248167 -0.107679 0.007562 
4.276348 3.650136 2.087555 -1.053717 1.597627 -0.494961 -0.570111 -1.137524 -1.333234 -0.013428 -0.133631 0.034198 
4.252628 3.508455 1.776763 -0.718471 1.695176 -0.722711 -0.795447 -1.137619 -1.325033 0.062251 -0.130181 0.017932 
4.446676 2.767704 2.191584 -0.826243 1.516898 -0.922683 -0.556433 -1.208754 -1.236843 -0.144121 -0.096028 0.027544 
4.458340 3.119800 1.311282 -0.713959 1.082936 -0.972355 -0.870708 -1.315481 -0.977252 -0.216068 -0.071723 0.011212 
4.342504 2.836128 1.182794 -0.818005 0.905240 -0.811441 -0.868988 -1.086815 -1.282520 -0.407646 -0.061819 0.006688 
4.867782 2.689578 1.643267 -1.923793 1.564678 -0.507667 -1.137139 -1.361876 -1.109034 -0.561625 -0.059868 0.026984 
4.797219 2.232636 1.460606 -1.405951 1.179043 -0.384576 -1.084953 -1.597442 -0.849366 -0.759343 -0.064397 0.042755 
4.751431 2.484461 0.804978 -1.416649 1.013768 -0.219443 -0.957320 -1.499896 -0.705583 -0.719062 -0.024523 0.027050 
4.720445 2.306300 0.860785 -1.401230 0.561139 0.112442 -1.303962 -1.335931 -0.750933 -0.817527 0.022198 0.029446 
4.906013 2.283390 0.820441 -1.876176 1.252617 -0.261062 -1.341708 -1.320801 -0.705614 -0.679690 0.024482 0.028228 
4.544488 2.316174 0.738837 -1.034213 0.572596 -0.232548 -1.336163 -1.014033 -0.782149 -0.428594 0.075038 0.021110 
4.649842 2.701936 0.643906 -1.733723 0.799716 -0.661806 -1.265259 -1.191419 -0.663934 -0.276610 0.095905 0.024375 
5.754818 1.887373 1.209580 -2.869065 2.288146 -1.147898 -1.835815 -1.648960 -0.499478 -0.251936 -0.156148 0.081997 
4.871353 2.228593 0.718841 -1.482899 0.696681 -0.965267 -1.815790 -1.603780 -0.337865 -0.416147 0.142287 0.043355 
4.325503 2.425192 0.333459 -1.199714 -0.005350 -0.935502 -1.586748 -1.296988 -0.668766 -0.310816 0.209653 0.040672 
4.698907 2.343807 0.543694 -1.624916 0.424691 -0.611011 -1.877689 -1.213472 -0.163155 -0.363255 0.230282 0.032082 
5.559735 1.433470 1.229838 -3.010824 1.775228 -0.927372 -1.684477 -1.438578 -0.130314 -0.347124 -0.136014 0.125932 
5.085299 1.957158 0.719478 -2.343151 1.131247 -0.664498 -1.284160 -1.284810 -0.035159 -0.523447 0.044075 0.069453 
4.368192 2.276658 0.437736 -1.387093 0.642811 -0.469166 -1.042204 -0.821548 -0.421927 -0.430724 0.101657 0.008369 
4.876461 2.145889 0.594238 -1.789068 1.348716 -0.450064 -1.098750 -0.884726 -0.084898 -0.418676 0.023915 -0.004367 
