0.339602 2.510668 -0.370108 -0.021733 0.818143 3.562032 1.700296 -0.786721 0.877582 -0.287119 0.433039 0.128676 
0.311892 2.313970 -0.673217 -0.059824 0.924758 3.612950 1.769651 -0.804312 0.827284 -0.348223 0.514901 0.094811 
0.065001 1.988725 -0.766061 0.111660 1.161525 4.070581 1.813791 -0.635359 0.718424 -0.455356 0.512330 0.100051 
-0.024347 1.847336 -0.963577 0.649417 1.520269 3.604287 1.822904 -0.423556 0.517632 -0.471134 0.590035 0.080694 
0.343065 2.037457 -1.297299 0.021331 0.796603 2.042993 1.506669 -0.336547 0.230333 -0.219943 0.698527 0.099542 
0.414500 1.910306 -1.063232 0.178388 0.314840 2.005248 1.266815 -0.278727 0.175375 -0.104327 0.662887 0.127060 
0.540376 2.258024 -0.730613 -0.026592 0.127774 1.745239 1.115001 -0.444533 0.538740 -0.078124 0.634687 0.105386 
0.610065 2.464077 -0.526889 -0.591372 -0.249410 1.604269 1.152177 -0.322648 0.407918 0.162954 0.607837 0.130353 
0.634618 2.799930 -0.212544 -0.397397 0.093842 2.531761 1.501404 -0.264335 0.347483 -0.026493 0.431067 0.085770 
1.865779 3.602131 0.559679 0.424265 0.550677 1.614210 0.978001 -0.094014 0.241933 -0.007077 0.370779 0.005744 
2.747448 2.671381 1.510970 1.381884 0.627924 0.424908 -0.048564 -0.257881 -0.147651 -0.218887 -0.026510 -0.031926 
4.844595 3.788914 1.195546 1.158254 0.779446 -0.189430 0.184341 -0.550227 -0.583623 -0.256833 -0.123572 -0.021002 
3.300285 2.169810 1.007928 0.322151 0.342439 0.303106 -0.045029 -0.300322 -0.488829 -0.384681 -0.266598 -0.104447 
3.613659 2.593900 1.460524 0.754333 0.137958 -0.627977 -0.659484 -0.468628 -0.228272 -0.273380 -0.261604 -0.112384 
5.132523 3.282734 0.411973 -0.041020 0.381679 0.357373 -0.196024 -1.064380 -0.592485 -0.537761 -0.185762 -0.083548 
4.763171 2.834369 0.589290 -0.326840 0.348700 0.038644 -0.617487 -0.274544 -0.666293 -0.880415 -0.262572 -0.106263 
4.113538 2.471752 0.592497 -0.232050 0.242303 -0.101669 -0.314343 -0.436320 -0.799704 -0.656733 -0.220109 -0.107361 
4.423173 2.539854 0.248881 -0.636949 -0.038704 -0.109443 -0.174735 -0.301180 -0.776736 -0.831410 -0.222605 -0.094731 
4.683366 2.558474 -0.054571 -0.783156 0.197124 -0.448822 -0.460054 -0.442114 -0.770065 -0.687028 -0.167170 -0.070613 
5.077619 2.530606 -0.202971 -1.056988 0.293511 -0.565605 -0.875299 -0.339252 -0.774295 -0.785905 -0.172330 -0.055174 
5.243941 2.510370 -0.498363 -1.075752 0.373978 -0.635461 -0.905844 -0.549528 -0.722249 -0.733620 -0.167117 -0.043907 
5.516906 2.517756 -0.720573 -1.511381 0.716982 -0.601210 -1.114693 -0.604166 -0.724169 -0.643311 -0.164038 -0.051912 
4.910066 2.374089 -0.554508 -1.311982 0.149550 -0.500931 -0.764561 -0.689496 -0.830819 -0.592497 -0.111243 -0.040768 
5.685445 2.348640 -1.112918 -1.675752 0.844013 -0.545712 -1.231671 -0.715227 -0.784342 -0.570242 -0.169326 -0.054964 
6.017298 2.288188 -1.372697 -1.988707 1.351991 -0.767356 -1.298606 -0.702211 -0.940704 -0.404957 -0.215659 -0.063476 
6.446848 1.910425 -1.224878 -2.406352 1.661246 -0.767116 -1.583646 -0.553485 -0.994213 -0.309951 -0.207358 -0.089054 
5.056108 2.037547 -0.738878 -1.568923 0.314550 -0.282855 -1.054256 -0.605021 -0.761810 -0.504582 -0.086205 -0.048811 
5.478451 2.017207 -1.029284 -1.897475 0.884571 -0.258048 -1.374434 -0.359627 -0.832128 -0.474937 -0.105997 -0.063588 
6.230780 1.231504 -1.024924 -2.300085 1.355374 -0.439366 -1.522294 -0.286736 -0.780673 -0.423969 -0.164064 -0.083118 
5.661150 1.782666 -1.586468 -2.213090 1.412237 -0.560663 -0.957848 -0.609269 -0.856959 -0.354156 -0.188473 -0.062259 
4.938218 1.507880 -1.293370 -1.497310 0.316128 -0.081805 -0.897706 -0.570529 -0.487617 -0.625051 -0.095812 -0.044713 
5.460047 1.889430 -2.024131 -2.073226 1.527502 -0.672285 -0.897356 -0.287828 -0.775720 -0.320534 -0.234528 -0.063792 
6.171851 1.364877 -1.749849 -2.625270 2.087458 -0.821069 -1.121086 -0.045339 -0.943884 -0.126873 -0.262318 -0.094663 
5.445964 1.527145 -1.918919 -1.903624 1.070487 -0.466995 -0.906872 -0.364837 -0.650321 -0.367378 -0.162887 -0.060474 
5.326209 1.358866 -1.796366 -2.037171 1.141279 -0.080696 -1.061362 -0.376119 -0.516373 -0.398183 -0.102183 -0.075694 
5.880484 1.348214 -2.257696 -2.451967 1.759555 -0.274650 -1.171705 -0.507357 -0.563639 -0.234928 -0.167791 -0.096766 
5.382792 1.416119 -2.005733 -1.916186 1.108635 0.209123 -0.939486 -0.349660 -0.380462 -0.461729 -0.115270 -0.079175 
5.753801 0.902066 -1.801523 -2.017262 1.232859 0.080498 -1.067631 -0.582022 -0.236198 -0.439077 -0.150026 -0.075821 
4.703535 1.257279 -1.553195 -1.532823 0.497912 0.260406 -0.585828 -0.576927 -0.339914 -0.509755 -0.076593 -0.088999 
5.922705 0.952443 -2.247936 -1.737264 0.803310 0.551969 -1.194748 -0.637461 -0.213563 -0.458440 -0.153625 -0.088986 
5.028289 1.089622 -1.718736 -1.808967 0.720240 0.326319 -0.604388 -0.284478 -0.368583 -0.610453 -0.119822 -0.087376 
5.813531 1.091988 -2.138297 -2.108180 1.114364 0.510046 -0.626620 -0.417886 -0.421929 -0.500646 -0.167777 -0.087930 
4.613953 1.126356 -1.679584 -1.611548 0.336782 0.680947 -0.137444 -0.284442 -0.374648 -0.753240 -0.109810 -0.075805 
5.560993 1.232789 -2.067733 -1.910309 0.894627 0.942644 -0.564752 -0.167186 -0.424833 -0.478039 -0.124838 -0.084386 
5.451280 1.078456 -2.109248 -1.969740 1.018465 1.104208 -0.713946 -0.400053 -0.178813 -0.521376 -0.110198 -0.101437 
5.863287 0.845743 -2.162274 -2.360045 1.362154 1.172824 -1.070215 -0.443975 -0.195157 -0.424111 -0.083417 -0.119017 
5.746645 0.991413 -2.403268 -2.229271 1.468302 1.188515 -1.115747 -0.158648 -0.351032 -0.369506 -0.098144 -0.136310 
5.155587 0.827088 -2.085622 -1.731216 1.270171 1.145597 -0.515422 -0.230258 -0.141729 -0.497499 -0.099949 -0.107960 
5.971300 0.648715 -2.246438 -2.515981 1.638688 1.437673 -0.865883 -0.006407 -0.198428 -0.390275 -0.107847 -0.141367 
5.124652 0.914785 -1.979075 -1.848449 0.993521 1.369939 -0.255174 -0.293482 -0.075307 -0.530934 -0.072731 -0.085750 
5.716563 0.823523 -2.647875 -2.256642 1.576397 1.544506 -0.820401 -0.058733 -0.133572 -0.374812 -0.116007 -0.135904 
5.233561 0.771753 -2.500572 -1.717825 1.288351 1.001312 -0.326261 -0.129745 -0.055415 -0.465129 -0.125090 -0.092130 
6.499911 0.138496 -2.347894 -2.723772 2.156098 1.179431 -0.837399 0.160396 -0.212160 -0.244921 -0.134836 -0.139646 
5.082153 0.594825 -2.395359 -1.752815 1.296702 1.245788 -0.219150 -0.016400 0.138377 -0.523510 -0.083113 -0.078303 
5.597385 0.715218 -2.699977 -2.043373 1.680013 1.284455 -0.392803 0.302486 -0.052815 -0.354483 -0.140561 -0.106886 
4.681600 0.541481 -2.154778 -1.259859 0.740231 1.009089 0.196949 0.055902 -0.117547 -0.563818 -0.074095 -0.047481 
5.642868 0.363375 -2.544388 -2.182364 1.631154 1.669975 -0.393249 -0.110550 0.223951 -0.446384 -0.149972 -0.112869 
4.977047 0.402672 -2.295481 -1.699171 1.218071 1.490027 -0.158888 0.172570 0.133190 -0.652924 -0.127246 -0.081290 
5.796215 0.034444 -2.444718 -2.000371 1.797417 1.452973 -0.454870 0.416079 0.022766 -0.441227 -0.194715 -0.111717 
4.753297 0.173528 -2.013695 -1.293026 0.938953 1.293075 0.362729 0.150549 0.102452 -0.698060 -0.124981 -0.054588 
5.418575 0.371527 -2.718664 -1.533427 1.710975 1.544335 -0.072733 0.314685 0.262943 -0.465128 -0.189085 -0.099060 
4.814711 0.492238 -2.544851 -1.426573 1.700634 1.504926 0.024240 0.290286 0.172508 -0.542697 -0.115278 -0.092894 
5.506930 -0.045651 -2.453078 -1.152667 1.411353 1.478584 0.202073 0.129838 0.407862 -0.459080 -0.206795 -0.069366 
5.374488 0.012409 -2.435609 -1.487684 1.623435 1.526689 0.073275 0.248840 0.447176 -0.564129 -0.223800 -0.084939 
5.604646 -0.029970 -2.376012 -1.651636 1.964743 1.318594 0.250489 0.516690 0.315325 -0.440034 -0.227209 -0.085209 
5.188219 0.194120 -2.200877 -1.459554 1.513069 1.633619 0.239457 0.614332 0.513666 -0.622219 -0.176000 -0.072879 
4.967208 0.474803 -2.085479 -1.570172 1.504467 1.587172 0.254889 0.711654 0.461224 -0.600722 -0.084082 -0.066330 
5.270066 0.161394 -2.253537 -1.502438 1.680628 1.479067 0.097027 0.597940 0.790839 -0.514027 -0.195534 -0.087031 
5.575535 -0.473241 -1.852261 -1.271748 1.327100 1.499168 -0.108217 0.815707 0.837063 -0.540398 -0.261042 -0.047714 
5.367038 -0.385144 -1.986268 -1.376547 1.493889 1.318047 -0.123275 0.857448 0.923703 -0.675471 -0.305516 -0.057767 
4.783276 0.014540 -2.222818 -1.258795 1.761815 1.263481 -0.192889 0.936722 0.870078 -0.760730 -0.186141 -0.072828 
5.328109 -0.567615 -1.726601 -1.307789 1.674769 1.501183 -0.201028 0.759890 0.983086 -0.719198 -0.317664 -0.037758 
4.880317 -0.230905 -1.797401 -0.840682 1.529443 1.487234 -0.088386 0.615608 0.741922 -0.861612 -0.248996 -0.021604 
5.049102 -0.425015 -1.546572 -0.568910 1.835768 1.624000 -0.103158 0.462025 0.811404 -0.848293 -0.283544 0.003754 
4.598127 -0.005094 -1.577214 -0.109710 2.036699 1.467810 -0.182615 0.627494 0.696888 -0.933001 -0.200544 0.000705 
4.969702 -0.248310 -1.523887 0.014927 2.038432 1.266818 0.157529 0.749099 0.894150 -0.867666 -0.300448 0.022243 
4.950697 -0.227588 -1.602945 0.081642 2.080095 1.119062 0.227328 0.681978 0.848269 -0.859259 -0.329963 0.007027 
4.487744 -0.117957 -1.347509 0.011303 2.283324 1.442777 -0.101031 0.944934 0.762430 -0.987010 -0.284824 -0.016712 
4.438427 0.022946 -1.626707 0.100309 2.309268 1.412986 0.282185 1.082902 0.831260 -0.970262 -0.263525 -0.019120 
4.499061 0.081537 -1.552305 0.030816 2.613459 1.203614 0.459961 1.189653 0.793707 -0.885427 -0.222344 -0.001106 
4.465463 0.114578 -1.046970 0.046401 2.461459 0.955221 0.289844 1.444297 0.690310 -0.859753 -0.164064 0.021029 
4.220685 0.174837 -1.107485 0.621669 2.148028 1.224246 0.449554 1.253885 0.817856 -0.872466 -0.103541 0.035510 
4.214481 0.278109 -1.158095 0.449357 2.455803 1.435728 0.410804 1.334735 1.069752 -1.024112 -0.075489 0.047362 
4.140954 0.210188 -1.186851 0.431001 2.636002 1.441365 0.377449 1.525108 1.045866 -1.039978 -0.065574 0.051733 
4.259462 0.127748 -0.898465 0.308891 2.422869 1.379267 0.425532 1.722298 0.986556 -1.059416 0.000454 0.096198 
