2.562020 2.059400 1.642410 1.363654 1.390883 1.069461 1.066771 0.652058 0.470974 0.373310 0.205120 0.080604 
2.500086 2.025193 1.572618 1.364578 1.374185 0.811437 1.142529 0.693959 0.461784 0.383889 0.133072 0.082880 
2.692856 2.122042 1.680483 1.182176 1.430859 1.236895 1.376494 0.694832 0.407472 0.276545 0.063150 0.077548 
2.695515 2.146953 1.457251 1.180361 1.401871 1.277627 1.630832 0.901791 0.321611 0.161587 0.012694 0.076394 
2.765497 2.065379 1.318609 1.035028 1.232227 1.340405 1.709099 0.794272 0.229479 -0.034762 -0.032709 0.074806 
2.608989 1.807049 1.132169 1.096091 1.459690 1.562185 1.661043 0.653613 0.235205 0.007500 -0.029566 0.093029 
2.598682 1.823306 0.961244 0.458962 1.443827 1.293448 1.890927 1.044103 0.211060 0.080900 -0.208781 0.084362 
3.010347 2.279408 1.055179 -0.047541 0.983060 0.776368 1.788052 0.870004 -0.043438 0.009764 -0.331461 0.052863 
3.311267 2.700922 1.050365 -0.186121 0.703282 0.512616 1.906959 0.924428 0.045921 -0.038341 -0.201198 0.034138 
3.112353 2.240022 0.905236 0.097859 0.924848 0.989538 1.575100 0.904405 0.039232 0.064435 -0.055918 0.066250 
3.097599 2.102761 1.107452 0.349999 0.687617 0.900871 1.222246 0.796157 0.156613 0.007555 0.014173 0.066710 
4.002098 2.977709 1.216535 -0.420449 0.701960 1.035922 1.811103 1.280906 -0.094759 0.045167 0.088467 0.062617 
4.222835 3.049383 1.229474 -0.172523 0.876714 1.095998 1.832972 1.019781 -0.118121 -0.010609 0.120173 0.082161 
3.849582 3.047998 1.436438 0.135613 0.139838 0.646379 1.308939 0.768799 0.171004 -0.086332 0.142009 0.045583 
4.027454 2.867750 1.168455 0.100731 0.372735 0.935861 1.382802 0.764496 0.083532 -0.074059 0.184748 0.071751 
5.420101 3.935378 0.949996 -0.812922 0.321687 1.182806 1.675431 0.368926 0.086416 0.109388 0.089323 0.105222 
5.129475 3.532457 0.973525 -0.311204 0.360710 0.947225 1.389980 0.375600 -0.064704 0.128189 0.124720 0.092924 
4.632751 3.496643 1.276865 -0.326159 0.093438 0.845805 1.130939 0.376857 0.015147 0.028499 0.099119 0.058424 
5.664916 4.594435 0.492346 -1.067563 1.043118 -0.050614 1.908960 -0.414648 -0.120371 0.281939 0.007187 0.134138 
6.254239 4.800652 0.475077 -1.969068 1.515227 -0.491905 1.970432 -0.220171 -0.345684 0.323493 -0.134201 0.148106 
5.205989 3.913528 1.101874 -0.998220 0.506910 -0.070739 1.100364 -0.150679 -0.238967 0.275468 -0.061499 0.040691 
5.149609 3.934127 1.137905 -0.724323 0.269722 -0.177005 1.039171 -0.190669 -0.405301 0.175878 -0.094658 0.028833 
5.481031 3.876867 0.936052 -0.509499 0.287397 -0.084701 1.021344 -0.018696 -0.647225 -0.048180 -0.123158 0.023061 
6.248261 4.094487 1.029603 -0.999418 0.976305 -0.527620 1.252027 0.357062 -1.417980 0.114725 -0.252751 0.045358 
4.879259 3.569401 1.302935 0.014894 0.414357 -0.013351 0.854352 0.092277 -0.836082 -0.549601 -0.179794 -0.015795 
3.849961 2.814568 1.679567 0.391086 0.052846 -0.067125 0.191022 0.068873 -0.517321 -0.391128 -0.133098 -0.050807 
5.159018 3.381840 0.925478 0.045389 1.052280 -0.218870 0.745872 0.014375 -1.009367 -0.467610 -0.324894 -0.032473 
5.792312 3.216908 0.873656 -0.047502 1.389976 -0.882432 1.134651 0.299073 -1.358018 -0.382071 -0.409850 -0.012550 
4.936229 3.405684 0.844001 0.376736 0.527742 -0.612698 0.668324 0.078323 -0.583744 -0.578637 -0.369452 -0.073584 
3.578355 2.559824 1.559221 0.290912 0.164257 -0.145415 -0.233722 -0.334834 -0.740892 -0.359912 -0.287929 -0.061491 
5.879406 3.448566 1.043618 -0.641961 1.919817 -1.845375 1.100392 0.388117 -1.356678 -0.435615 -0.683158 -0.012154 
5.339144 3.629739 1.325834 -1.011908 1.354741 -1.639763 1.432615 0.246004 -1.849630 -0.453780 -0.710507 -0.030406 
5.367306 3.618309 0.890001 -1.081002 1.757730 -1.782027 1.027209 0.383345 -1.727274 -0.543697 -0.762359 -0.026822 
5.129794 3.522181 1.108637 -1.271891 1.331976 -1.262459 1.253747 0.240869 -1.725846 -0.523026 -0.689927 -0.049203 
5.401111 3.294165 0.649062 -1.334011 1.807933 -1.100723 1.252770 0.169244 -1.569476 -0.471019 -0.708520 -0.035210 
5.019746 3.165303 0.736227 -0.992560 1.120600 -0.308713 1.067881 0.293113 -1.351296 -0.612050 -0.599897 -0.082110 
4.205836 2.654785 0.850793 -0.491646 0.804157 0.363312 0.788962 0.128852 -1.019553 -0.666506 -0.534868 -0.086871 
5.996340 3.255297 0.153293 -1.353695 2.917526 -1.155046 1.083746 0.132259 -0.916924 -0.572592 -0.860620 -0.049252 
4.115470 2.570082 0.560442 0.057249 0.764579 0.409067 0.739046 0.084012 -0.693979 -0.937341 -0.476362 -0.075023 
4.256044 2.633081 0.742661 -0.249996 0.561504 0.126935 0.608112 0.322085 -0.968174 -0.904489 -0.450336 -0.078829 
4.238354 2.303528 0.599971 0.031722 0.770668 0.525807 0.287946 0.041962 -0.931577 -1.046827 -0.422056 -0.057910 
6.546983 2.623677 -0.243526 -0.081046 2.453425 -1.383782 0.553900 0.898115 -1.516518 -0.963724 -0.733183 0.061277 
4.014255 2.352437 0.584410 0.323303 0.806550 0.326806 0.704041 0.123680 -0.978024 -1.044157 -0.267793 0.005924 
4.284452 2.469356 0.886817 0.195040 0.459620 0.284008 0.695757 0.556318 -0.797898 -1.128710 -0.236051 -0.000062 
5.079408 2.512387 0.640589 0.711341 1.465468 -0.128301 1.047988 0.729474 -0.961899 -1.210421 -0.372488 0.044060 
5.599513 2.856799 0.387930 0.451554 2.586361 -1.154888 1.091497 1.132050 -0.995890 -0.826702 -0.607736 0.076097 
4.748459 3.192932 1.039509 0.384885 1.943916 -0.361766 1.302630 0.612047 -1.117957 -0.728096 -0.369357 0.027360 
4.977310 3.535150 1.563273 0.024568 2.588547 -0.350740 1.630188 0.330677 -1.313960 -0.514397 -0.351847 0.067936 
3.969623 3.271270 1.712123 0.539901 1.760261 0.377738 1.261715 0.198726 -0.916433 -0.386422 -0.160810 0.021531 
3.865726 3.225919 1.695464 0.658029 2.430540 0.083848 1.217338 0.624579 -0.918883 -0.267981 -0.313271 0.003111 
3.591998 3.080150 1.895423 0.857064 2.381211 0.289123 1.186892 0.580506 -0.894054 -0.154157 -0.268699 0.009767 
3.598317 2.909744 2.045754 0.769056 2.819714 -0.255725 0.979813 0.750398 -0.798805 -0.011289 -0.367657 0.004906 
3.162263 2.963440 2.543215 1.213313 2.225648 0.223326 0.827150 0.787726 -0.772694 -0.067219 -0.294349 -0.013713 
3.181904 2.575347 2.547213 1.273819 2.216849 0.429076 0.648825 0.761323 -0.366175 -0.154711 -0.242980 -0.002238 
2.941977 2.590476 2.220613 1.287115 1.908203 0.487238 0.585117 0.522898 -0.553915 0.066913 -0.257181 0.024222 
2.962060 3.026947 2.616583 1.432147 2.650232 0.419299 0.594913 0.718619 -0.743234 -0.059853 -0.273542 -0.013284 
3.149787 3.058565 2.764165 1.105081 2.453085 0.665302 0.771662 0.867456 -0.801109 0.107198 -0.265378 -0.021399 
3.298022 2.905593 3.219879 1.302689 2.840119 0.868827 0.625625 0.952451 -0.944272 0.152491 -0.100855 -0.044479 
2.981725 2.739265 2.375107 1.487557 1.984918 0.685612 0.668179 0.520871 -0.302321 0.166190 -0.110047 0.021365 
3.509406 3.711655 2.553949 1.098416 3.156516 0.474289 1.603169 0.726032 -0.703733 0.001935 -0.149093 0.008973 
3.954625 4.415538 2.798578 0.063883 4.071048 0.250899 1.885734 1.422846 -1.251436 -0.172204 -0.137031 -0.023237 
3.476826 3.607362 2.857992 0.792699 3.168316 0.797991 1.296926 1.135037 -0.995534 0.087629 -0.037632 -0.018435 
3.192064 3.214228 2.575483 1.099657 2.713482 1.008982 1.068169 1.068515 -0.772582 0.056694 0.008569 -0.005777 
3.365417 3.373144 2.821132 0.754920 2.605348 0.907069 1.129602 1.321253 -0.880297 0.008124 -0.000841 -0.031600 
3.961396 4.646719 2.582588 0.370337 3.776235 0.900407 1.383902 1.194001 -1.240443 -0.300115 0.032345 -0.028066 
3.620064 3.450704 2.545176 0.830148 2.464445 1.528925 0.824897 1.091918 -0.919506 -0.168902 0.108243 -0.011156 
3.322432 3.016615 2.240623 1.155614 1.990920 1.518517 0.922047 0.812454 -0.497333 -0.111693 0.092553 0.007417 
3.626786 3.018112 2.373074 1.041538 1.776298 1.729899 0.973261 1.271801 -0.422314 -0.224886 0.088280 -0.010231 
4.649217 4.481699 1.733079 -0.081970 3.764945 2.156438 1.113451 2.375585 -0.833751 -0.518722 -0.070653 -0.118648 
4.699060 4.245768 1.598148 -0.330649 4.352675 2.210971 1.676239 2.191072 -0.421427 -0.333270 -0.147538 -0.110419 
3.804015 2.916125 1.762585 1.274125 2.999458 2.839061 2.227619 1.534175 0.027933 -0.171837 -0.313937 -0.004316 
3.813650 2.699760 1.741669 1.448899 2.666430 2.500306 2.119561 1.028420 0.089339 -0.105258 -0.223115 0.003610 
3.778844 2.876953 1.557332 1.148117 2.314489 2.458879 2.029256 0.928686 -0.196523 -0.116937 -0.167715 0.015199 
4.154020 2.979893 1.395816 0.693898 1.541867 2.079069 1.574900 0.989380 -0.063408 -0.028319 0.022992 0.031135 
4.272018 2.650457 1.153049 0.786659 2.104306 2.206175 1.771177 0.775014 -0.000922 0.085209 0.041211 0.048852 
3.918943 2.718170 1.250877 0.621364 1.528886 1.781006 1.551593 0.906834 -0.050482 0.083610 0.163836 0.064952 
3.697620 2.714731 1.490573 0.775941 1.337715 1.546929 1.214643 0.634306 0.202678 0.263240 0.278979 0.069123 
3.737255 2.861632 1.701419 0.531359 1.241420 1.313023 1.246177 1.369610 0.568150 0.355430 0.112067 0.016114 
4.103983 2.895197 1.859299 0.346351 1.576369 1.672908 1.118614 1.757532 0.723676 0.372493 0.036417 -0.018006 
3.988307 2.952558 1.623689 0.215994 1.975835 1.945301 1.532585 1.671669 0.598888 0.354563 -0.059798 -0.016990 
3.832976 3.011795 1.654726 0.207556 2.272327 1.867583 1.779049 1.923711 0.676327 0.551244 -0.176422 -0.024563 
3.997121 2.682095 1.843248 0.428663 2.564116 2.559655 1.821069 2.202598 0.617222 0.542815 -0.221151 -0.036121 
3.560038 2.582558 1.907102 0.771176 1.949101 2.300615 1.976622 2.022749 0.722452 0.302669 -0.069384 0.024774 
3.565460 3.024326 2.129372 0.857324 1.728217 1.695742 1.824405 2.097185 0.668157 0.400784 0.034858 0.026054 
3.305466 2.794291 2.126689 1.361066 1.508884 1.345483 1.560566 1.443717 0.823814 0.337578 0.015901 0.041967 
