2.811587 2.355343 1.914957 1.433007 1.400456 0.823426 0.836655 0.571923 0.623648 0.424852 0.053593 0.071581 
2.837039 2.237512 1.976153 1.606643 1.538105 1.035912 1.081904 0.783983 0.416538 0.122020 0.010542 0.063307 
2.747318 2.043927 1.948084 1.436507 1.086364 1.071466 0.929787 0.780044 0.672228 0.296341 0.138504 0.069101 
2.940812 1.998041 2.179390 1.937506 1.376349 1.028392 1.359148 0.551658 0.540383 0.222012 0.007575 0.053961 
3.229270 1.966447 2.209627 1.960551 1.925154 1.341407 1.450657 0.916432 0.465189 0.124625 0.026380 0.053457 
3.052797 1.886110 2.048042 2.096279 1.951749 1.459258 0.983478 0.680264 0.435101 -0.062938 -0.038295 0.044907 
2.970611 1.999336 1.934092 1.632118 1.580053 1.181883 0.800515 0.773480 0.298518 0.027919 0.069973 0.047026 
3.559213 2.248295 2.491319 1.989031 1.621701 1.709489 1.204348 1.144222 0.308606 0.038698 0.121547 0.051441 
3.771855 2.601477 2.513133 2.019205 1.657354 0.803221 1.001977 1.404256 0.479510 0.006846 0.245562 0.072853 
3.319415 2.454291 2.308898 1.912948 1.507056 1.180094 0.717325 0.858220 0.543503 0.228673 0.343043 0.073380 
3.027061 2.601947 2.308805 1.807048 1.054413 0.506955 0.666530 0.441202 0.626438 0.555350 0.327249 0.080141 
2.977811 2.546762 1.955147 1.630609 0.508092 0.018526 0.747937 0.656695 0.728561 0.725471 0.281118 0.081863 
3.788685 3.239430 2.138210 1.441352 0.602403 0.329604 1.401521 0.049383 0.557971 -0.118643 0.117399 0.020732 
3.412089 2.896057 2.076000 1.308331 0.503813 0.325596 0.255921 0.086067 0.029987 -0.079893 -0.116567 0.010643 
4.662371 3.398440 2.082081 1.681305 1.155101 0.934438 1.614273 0.136560 -0.592730 -1.002562 -0.063436 -0.008530 
3.800394 2.897947 2.128119 1.750141 1.279378 1.155511 1.101938 0.094573 -0.648551 -0.612288 -0.062410 -0.034030 
4.658680 3.482909 2.145430 2.437005 1.386461 1.201076 1.546779 0.306307 -1.472743 -1.310052 0.007170 0.000732 
4.182804 3.321159 2.099306 1.539296 1.853474 0.734651 1.308938 0.228396 -1.759381 -0.801183 -0.083763 -0.024594 
4.620153 3.583882 1.614205 1.986987 3.082423 -0.325265 1.213398 0.491719 -2.114405 -1.005778 -0.277758 0.062380 
4.134946 3.105717 1.693235 2.051751 2.826516 -0.126026 0.393585 0.143610 -1.429825 -0.924679 -0.113660 -0.002353 
4.204198 3.233378 1.926800 1.980517 2.568559 -0.351974 0.979065 -0.262311 -1.433779 -0.959539 -0.120964 0.000146 
3.343138 2.975060 1.874939 1.872005 1.642367 0.187213 0.295714 -0.254010 -0.970050 -0.606604 -0.227137 -0.065832 
4.042458 3.634116 2.198872 2.214054 3.206669 -1.150922 0.813206 -0.218637 -1.815381 -0.582253 -0.348140 -0.007972 
3.331061 3.240358 2.013302 1.517160 1.852699 -0.265586 0.193290 -0.580932 -1.108789 -0.434389 -0.394492 -0.100408 
3.595194 4.085889 2.176246 1.602066 2.076892 -0.248222 0.754229 -0.916078 -2.113237 -0.668017 -0.330997 -0.097159 
3.436838 3.196879 2.019846 1.351782 1.085828 0.337922 -0.004195 -0.905575 -1.334146 -0.770865 -0.235102 -0.126907 
3.044555 2.457250 1.800356 1.063338 1.098996 0.216970 -0.345930 -0.713052 -1.153094 -0.636240 -0.313633 -0.133906 
3.661079 3.409338 2.321383 1.145428 1.546575 0.367940 0.170608 -0.987444 -1.417916 -0.671229 -0.323690 -0.126599 
3.624032 3.303222 2.342288 1.181337 1.689979 0.331263 0.074171 -0.825739 -1.411455 -0.537705 -0.365981 -0.130271 
3.432783 3.198442 2.389607 1.452498 1.565046 -0.014414 -0.153504 -0.770291 -1.150666 -0.480219 -0.412607 -0.138729 
3.192797 2.527722 2.191080 1.379555 0.958964 -0.102372 -0.632750 -0.946932 -0.974688 -0.585691 -0.364980 -0.147319 
4.205254 3.886984 2.691694 1.227207 1.578084 -0.335270 0.031009 -1.347626 -1.457655 -0.861695 -0.416096 -0.144918 
2.945783 2.307198 1.817962 1.019898 0.248294 -0.355404 -0.684616 -0.963220 -0.817891 -0.608725 -0.367228 -0.150530 
3.224821 2.895147 2.103050 1.228898 0.578410 -0.426115 -0.673339 -1.157139 -0.977517 -0.790282 -0.320647 -0.153889 
3.976352 4.199858 2.466904 1.163199 1.293158 -0.336293 -0.476010 -1.693141 -1.597247 -0.828276 -0.451057 -0.150311 
3.844474 3.494428 2.362009 1.188594 0.665513 -0.237118 -0.702317 -1.195277 -1.488768 -0.833253 -0.345435 -0.149749 
3.121345 2.530402 1.776385 0.841132 0.411254 -0.326378 -0.900535 -1.023145 -1.180752 -0.697049 -0.295144 -0.143502 
3.324802 2.877710 2.149811 0.844340 0.725893 -0.338295 -0.953293 -1.180442 -1.358185 -0.921306 -0.205775 -0.149012 
3.195047 2.554958 1.946945 0.991366 0.523259 -0.493802 -1.077409 -1.197717 -1.165378 -0.651597 -0.297510 -0.144930 
3.535276 2.933326 2.484541 0.372817 0.861588 -0.460222 -1.055718 -0.777623 -1.454046 -0.839207 -0.270581 -0.158236 
4.025698 3.713769 2.856775 -0.361583 2.041967 -0.142364 -0.909949 -1.066881 -2.367795 -1.059572 -0.316055 -0.180472 
3.134023 2.717879 2.025605 0.745189 0.908567 -0.496503 -0.688210 -1.188047 -1.223948 -0.650047 -0.330440 -0.143577 
2.973155 2.359705 1.869600 0.660286 0.739121 -0.363299 -0.751845 -0.941331 -1.149497 -0.615868 -0.318800 -0.137197 
3.660894 3.265110 2.722395 0.570120 2.134083 -0.437868 -0.461273 -1.213927 -1.491853 -0.395453 -0.424812 -0.124800 
3.457517 3.293350 2.621835 0.488000 2.437291 0.008530 -0.830702 -1.236181 -1.489315 -0.457986 -0.322411 -0.135894 
3.125488 2.878261 2.270742 1.005675 1.886013 0.017415 -0.663423 -1.209685 -0.947802 -0.469205 -0.367045 -0.124947 
3.259991 3.121723 2.151505 0.632504 2.138841 0.017398 -0.682200 -1.243753 -1.267517 -0.468696 -0.352269 -0.129683 
3.418888 3.263768 2.548604 0.135548 3.197124 0.252574 -0.969661 -1.652283 -1.600270 -0.337048 -0.297991 -0.136679 
3.065638 2.685588 1.860970 0.468701 1.623214 -0.051588 -0.647324 -1.057255 -1.305351 -0.461584 -0.388720 -0.139041 
3.182916 2.700767 2.071057 0.752328 1.694906 -0.232849 -0.751767 -1.181187 -1.332210 -0.421107 -0.369441 -0.140830 
3.688415 3.715737 2.178449 0.203370 3.273227 -0.194242 -0.407382 -1.611589 -1.768410 -0.323834 -0.395180 -0.096498 
3.780708 3.462347 2.297544 0.199411 3.008158 -0.174661 -0.176385 -1.944106 -1.499833 -0.470514 -0.376463 -0.078880 
3.247983 2.746890 1.789600 0.946542 1.205034 0.078654 -0.209734 -1.343137 -0.948930 -0.546605 -0.398091 -0.118442 
3.311991 2.894312 2.004104 1.002173 1.685846 0.227464 -0.604318 -1.503090 -1.243204 -0.454376 -0.349486 -0.126591 
3.792371 3.372575 2.530506 0.677189 2.782109 0.092942 -0.679424 -2.046526 -1.622035 -0.359692 -0.355530 -0.118392 
3.724535 3.250638 2.258657 0.885836 2.025800 -0.262650 -0.797402 -1.730449 -1.268827 -0.382606 -0.387590 -0.124752 
3.251760 2.929970 1.912855 1.118197 1.056883 -0.446087 -0.706805 -1.555649 -1.178540 -0.628767 -0.307821 -0.136297 
3.383411 2.856172 2.099435 0.748683 0.934259 -0.236547 -0.800284 -1.229547 -1.140838 -0.811261 -0.287703 -0.139906 
3.218259 2.697208 1.936101 0.810602 1.262253 -0.304374 -0.730650 -1.575278 -1.185982 -0.612975 -0.303622 -0.137766 
3.595100 2.992092 2.113110 0.172426 1.487751 -0.302527 -0.611750 -1.606085 -1.232822 -0.791874 -0.304960 -0.123099 
3.310680 2.978276 1.965767 0.709388 1.501861 -0.395481 -0.842004 -1.666019 -1.336028 -0.790637 -0.235972 -0.147073 
3.100221 2.582883 1.725787 0.325863 0.958427 -0.320938 -0.530873 -1.117559 -1.228340 -0.685793 -0.311040 -0.147165 
3.218809 2.482377 1.738287 0.550079 0.549445 -0.125521 -0.656432 -0.933190 -1.206122 -0.762024 -0.273456 -0.148713 
3.966452 3.122965 2.747931 -0.021618 2.144382 -0.340610 -0.643445 -1.239519 -1.407057 -0.840012 -0.339435 -0.136735 
3.085106 2.366687 1.679106 0.668939 1.013804 -0.025033 -0.487453 -1.207812 -0.968092 -0.656451 -0.330185 -0.146424 
3.102586 2.504023 1.594274 0.772750 1.221112 -0.034975 -0.546951 -1.181081 -1.116593 -0.645690 -0.305392 -0.148239 
3.340953 2.620232 1.869129 0.696428 1.887060 0.450239 -0.520514 -1.082802 -1.167981 -0.706703 -0.294361 -0.141663 
3.749440 2.940413 1.841422 0.253373 2.737318 0.802479 -0.456339 -1.021217 -1.007974 -0.721822 -0.280567 -0.131620 
3.172871 2.344104 1.827316 0.619659 1.436399 0.346483 -0.474615 -0.975155 -1.052083 -0.591859 -0.356562 -0.137579 
3.582490 2.759299 1.666518 1.247082 1.928404 0.778720 -0.310895 -1.320112 -0.872245 -0.589661 -0.300202 -0.122721 
3.478472 2.885191 1.927791 1.249200 2.404765 0.842117 -0.175718 -1.118621 -0.641060 -0.431873 -0.362578 -0.115285 
3.637021 2.940441 2.030605 1.333521 2.627840 1.352708 -0.378923 -1.162236 -0.625522 -0.374072 -0.295166 -0.115496 
4.297543 3.458589 2.012204 0.503011 4.390309 1.348233 -0.119797 -1.399515 -0.341933 -0.138238 -0.165329 -0.096525 
3.455284 2.665437 2.001000 1.659961 2.092773 1.517183 -0.020980 -0.757779 -0.741186 -0.426108 -0.356468 -0.102448 
4.726286 3.362932 1.784301 0.666860 3.339448 0.900206 -0.014284 -0.907718 -0.901264 -0.041478 -0.312222 -0.111382 
3.523390 2.937006 1.735390 1.191606 1.390293 0.883117 0.180188 -0.881641 -0.885729 -0.523083 -0.385845 -0.111105 
4.070383 3.018297 1.841326 1.189400 1.871815 0.872454 0.106835 -0.739989 -1.151634 -0.355522 -0.367054 -0.108531 
3.550239 2.920354 2.107483 1.587451 2.112752 1.006488 0.036048 -0.525163 -0.815474 -0.244610 -0.336096 -0.094205 
3.936983 3.211307 2.542071 1.978102 2.871475 1.266494 -0.107154 -0.654799 -0.545120 0.164997 -0.226912 -0.082440 
3.818887 3.254480 2.458620 2.202794 2.541826 1.142178 0.427783 -0.612344 -0.364996 0.283307 -0.146121 -0.031487 
3.403582 2.740709 2.456738 2.119373 2.303609 0.972503 0.483286 -0.087412 -0.320782 0.139502 -0.177317 -0.020894 
3.106523 2.609301 2.254027 2.030905 1.554032 1.093549 0.451874 0.148421 -0.205992 -0.144297 -0.195353 0.004883 
3.084467 2.523525 2.018356 1.962193 1.689909 0.990901 0.921308 0.458795 0.018611 -0.253371 -0.278538 0.012848 
3.659636 2.882061 2.580390 1.816719 2.194452 0.745011 0.599639 0.434813 -0.005247 -0.086382 -0.188560 -0.013834 
2.936442 2.206078 1.851672 1.696996 1.351101 0.873227 0.448192 0.152506 -0.049487 -0.161981 -0.048068 0.049826 
