3.425807 1.325178 1.253632 1.171053 2.370829 2.053885 1.115767 0.300022 -0.104291 0.978382 -0.180049 -0.004774 
3.114897 1.577833 1.128233 1.662379 2.159686 1.606353 1.008279 0.176828 0.264532 0.829001 -0.000403 0.042264 
3.405643 1.647682 1.366611 1.758261 2.765434 1.882789 0.855223 -0.030724 0.201527 1.017772 0.046050 0.024811 
3.416816 1.711005 1.080337 1.355781 2.217935 2.077635 0.840016 -0.080771 0.558503 1.146883 0.002054 0.024009 
3.564259 1.856802 1.223515 1.360078 1.803053 1.862202 1.538427 0.459203 0.861463 1.029913 -0.341085 -0.025523 
3.173716 1.562332 1.346687 1.641498 0.776096 1.292372 1.784557 0.833216 0.599096 0.851031 -0.188789 0.006478 
3.345493 1.343913 0.679020 1.666125 1.149855 1.576765 2.372311 0.228396 0.532076 1.158166 -0.173707 -0.039082 
3.361128 1.268987 0.664810 1.535404 1.367085 1.567491 2.532511 0.076692 0.279340 1.350205 -0.331979 -0.077781 
2.850617 1.038840 0.492365 1.524666 1.497536 1.570018 2.131089 0.067408 0.045636 1.565211 -0.342488 -0.084665 
2.541985 1.273754 0.278616 1.922219 1.702214 1.370463 2.004997 -0.176171 0.764100 1.105376 -0.136950 -0.035069 
2.496256 1.224862 0.377064 1.638665 2.346322 1.377805 1.654638 0.361686 0.521824 1.529948 -0.106020 0.010624 
2.554833 1.371468 -0.418225 0.927700 2.468698 1.180274 1.188444 1.346909 1.079096 1.394593 -0.097549 -0.040935 
2.689026 1.317906 -0.051578 1.025826 2.076355 1.112223 0.894536 1.613322 1.197759 1.635052 -0.089799 -0.055604 
2.798167 1.169162 -0.305234 1.183002 2.214531 0.999507 1.686461 1.797949 1.391902 1.531093 -0.137914 -0.068203 
3.238763 1.184448 -0.064449 2.102217 0.867724 0.779587 2.389790 0.927159 1.164816 1.654684 -0.206879 -0.120290 
3.552926 1.454685 0.594444 2.065899 0.704138 0.540367 2.237586 0.678370 0.564930 1.471287 -0.265961 -0.100563 
4.034380 1.822485 1.112446 1.570669 -0.100548 -0.097352 1.167128 0.345038 0.098512 1.227319 -0.271093 -0.101194 
4.793483 2.185551 1.880408 0.500660 -0.766343 -0.670795 1.108145 0.260061 -0.507848 1.231712 -0.089551 -0.141927 
4.092602 2.915688 1.989318 -0.344746 -1.040355 -1.007200 0.331733 0.655399 0.035263 0.370751 -0.083786 -0.043236 
4.253931 3.016450 1.418172 -0.310987 -1.117018 -0.357220 0.209000 0.503638 0.316960 0.082716 -0.038351 -0.039708 
5.288476 3.845041 1.728571 -0.968822 -0.745245 -1.563222 0.727975 0.854977 0.063208 0.292126 -0.053584 -0.042653 
4.013693 2.990897 1.493210 -0.138359 -0.687052 -0.989143 -0.123319 0.493063 0.254662 0.124945 -0.021508 -0.036724 
5.143595 3.381026 1.364590 -0.313460 -0.323169 -0.988134 -0.489797 0.269825 0.378493 0.248669 -0.009281 -0.047361 
4.895983 3.218270 1.088545 0.068923 0.168480 -1.136006 -0.806759 -0.122899 0.414708 0.355363 -0.054872 -0.060221 
5.154225 2.984450 1.093193 0.378343 0.325434 -1.332049 -1.140199 -0.046185 0.286318 0.405972 -0.086973 -0.075835 
4.329012 2.736136 1.307477 0.423124 0.299131 -1.021083 -1.040873 -0.203061 0.210363 0.482997 -0.157020 -0.076158 
4.930992 2.977154 0.949626 0.409029 1.143866 -1.476386 -1.090559 0.018568 0.054681 0.716076 -0.174794 -0.083808 
5.857661 3.075043 0.702502 -0.259928 2.906589 -2.588800 -1.281341 0.151115 -0.058043 0.953361 -0.361353 -0.080930 
5.134157 3.024195 0.864086 0.231823 2.105169 -2.017103 -1.335497 0.042709 -0.240198 0.878677 -0.248693 -0.071301 
5.343714 3.104320 0.669398 0.398768 2.554730 -2.614943 -1.580239 -0.068301 -0.257645 0.807185 -0.364048 -0.045622 
3.937525 2.591326 1.512155 0.674381 0.827986 -1.642752 -1.356149 -0.375679 -0.044023 0.470477 -0.272535 -0.037247 
5.606542 2.603689 1.011428 0.059236 2.994310 -3.133555 -1.796528 -0.256722 -0.265243 0.551582 -0.473542 -0.038471 
5.247447 2.783599 0.566560 0.661936 2.592927 -3.166298 -1.794418 -0.312691 -0.203733 0.430452 -0.524886 -0.025657 
5.177136 2.495998 0.788044 1.231972 1.995401 -3.308957 -1.585103 -0.187706 -0.191777 0.317237 -0.466124 0.002458 
4.104522 2.148576 1.282861 1.208133 0.704553 -1.760254 -1.869128 -0.421981 0.114420 0.063172 -0.339984 -0.037343 
5.942149 2.071149 0.786675 0.018400 2.754502 -3.096166 -2.010779 0.360477 -0.099082 0.332775 -0.536328 -0.066594 
4.666317 2.198390 0.728345 0.513417 1.568757 -2.420347 -1.643279 0.239908 0.049203 0.190850 -0.468611 -0.061188 
5.843525 2.559381 0.036741 -0.489301 2.796568 -2.733678 -1.765793 0.644488 -0.074594 0.273133 -0.677175 -0.112008 
4.116978 2.104658 0.953030 0.390378 0.436883 -1.567828 -1.501149 0.249612 0.296313 -0.056495 -0.395936 -0.055741 
4.058143 1.801447 0.527526 0.412012 0.450033 -1.071870 -1.173332 0.073505 0.283766 -0.228987 -0.512457 -0.080377 
5.017500 2.209662 0.050705 0.086039 1.090754 -1.600045 -1.487318 0.488800 0.411039 -0.502337 -0.504495 -0.092418 
5.592075 2.707199 -0.158412 -0.694442 2.009973 -2.417570 -1.684199 0.765189 -0.036116 -0.366419 -0.670098 -0.108699 
3.933235 1.928204 0.639365 -0.048530 0.131649 -1.716722 -1.274532 0.333138 -0.081738 -0.462155 -0.372455 -0.032502 
3.962218 2.144697 0.685347 -0.333387 0.170169 -1.610998 -1.080012 0.416624 -0.343444 -0.607089 -0.323251 -0.041456 
5.551093 3.390623 -0.468141 -1.599652 2.419702 -3.484110 -1.395162 0.517639 -0.711049 -0.535884 -1.002144 -0.107117 
4.418557 2.121624 0.147217 -0.958900 1.170732 -2.371799 -1.166778 0.267461 -0.548712 -0.393615 -0.472656 -0.068995 
4.295233 2.324006 0.262463 -0.702427 0.611336 -1.995244 -0.797534 0.253927 -0.698759 -0.570883 -0.385483 -0.062590 
4.648016 2.459435 0.332043 -0.600777 1.707207 -2.857667 -1.352864 -0.172058 -0.827867 -0.508190 -0.429455 -0.015498 
4.859626 2.957556 0.338728 -0.306698 2.723099 -3.135552 -2.064970 -0.768434 -0.783622 -0.401258 -0.516154 -0.041157 
3.600853 2.525819 1.428721 0.410686 0.664494 -1.447615 -1.806437 -1.097432 -0.826122 -0.225975 -0.152323 -0.048235 
4.189951 2.831867 1.295495 0.752278 1.482674 -1.963885 -2.019849 -0.548268 -0.809253 -0.005537 -0.339903 -0.065742 
3.640737 3.300081 1.801056 0.605126 2.909853 -2.499137 -2.368092 -0.485596 -0.848902 0.186667 -0.515731 -0.105324 
3.637175 2.716059 1.590439 0.216039 2.182722 -1.638823 -1.424234 -0.036290 -1.200048 0.419500 -0.521197 -0.096646 
3.482759 2.851870 1.953953 0.313927 2.497487 -1.611905 -1.714502 0.120637 -0.870928 0.422705 -0.515290 -0.106684 
3.745712 3.612064 1.779531 0.704607 3.949732 -2.233056 -1.814074 0.372920 -0.919894 0.213048 -0.523967 -0.122543 
3.355905 3.142861 2.504232 1.119260 2.931377 -1.174461 -1.573486 0.126777 -0.669097 0.170957 -0.379848 -0.083896 
3.617401 3.122805 2.233859 0.785409 2.687711 -0.042496 -1.447415 0.231080 -0.756079 0.294812 -0.223452 -0.094323 
3.585245 3.225682 2.497348 1.482070 2.906405 -0.554168 -1.406083 0.475684 -0.497673 0.254273 -0.255306 -0.076761 
3.835247 3.976123 2.293558 1.637849 4.275785 -0.902887 -1.821547 0.386925 -0.382298 0.325618 -0.241081 -0.130202 
3.477210 3.457293 2.512251 1.887525 3.458627 -0.554115 -1.598944 0.270212 -0.346444 0.071928 -0.118361 -0.094602 
3.377540 3.611085 2.115552 1.943811 3.927926 -0.738083 -1.546692 0.110954 -0.581448 0.097569 -0.130083 -0.116119 
3.353472 3.512000 2.502225 1.678608 3.434060 -0.455171 -1.660951 0.098788 -0.817343 0.159958 -0.108783 -0.113855 
3.576119 3.941642 2.687414 1.612080 4.300787 -0.527569 -2.132022 -0.080350 -0.703039 0.168606 -0.084055 -0.170741 
3.656843 3.647843 2.668707 1.749769 3.758919 -0.228004 -2.093635 0.063044 -0.796460 0.192084 -0.025524 -0.130642 
3.769058 3.566516 2.630841 1.851714 3.665775 -0.100958 -2.285508 -0.111741 -0.655020 0.190020 -0.030210 -0.134017 
4.194051 3.896877 1.846148 1.814396 4.671710 -0.118109 -2.699087 -0.146328 -0.584720 0.009493 0.070033 -0.209100 
4.169590 3.696313 1.658885 2.196621 4.549620 -0.133794 -2.752051 -0.287352 -0.481972 -0.101188 0.066304 -0.195259 
4.101928 3.302345 1.843121 2.555036 4.007591 0.141003 -2.643175 -0.164486 -0.618674 -0.061029 0.070620 -0.145396 
4.181890 3.356040 1.303061 2.413132 3.706175 0.740579 -2.493751 -0.414212 0.001498 -0.142541 0.173850 -0.149593 
3.690324 2.509181 1.779077 3.170766 2.658262 0.382107 -1.197558 0.001114 0.188651 0.059840 -0.023002 -0.076514 
3.795723 2.378616 1.044760 2.513236 2.855706 0.813000 -0.992242 -0.142200 0.317955 0.240571 0.091507 -0.077183 
3.674645 2.201122 1.445047 2.038789 2.325155 0.491096 -0.650842 -0.051502 0.656198 0.308851 0.034844 -0.069178 
3.682502 2.064910 1.046032 2.306140 2.692171 0.881769 -0.706860 -0.414169 0.364401 0.429947 0.203066 -0.069049 
3.886005 1.932391 1.076954 2.741377 2.665237 0.861485 -1.151571 -0.572972 0.168652 0.203296 0.406253 -0.025838 
3.654747 2.372156 1.028850 1.304077 2.035915 1.311580 -0.338933 -0.731783 -0.203056 0.586886 0.409772 0.009225 
3.395465 1.956988 0.928374 1.078241 1.762798 1.049981 -0.180586 -0.527909 0.035915 0.691746 0.469717 0.004642 
3.453940 2.008588 1.258150 1.123858 1.268579 0.307149 -0.263016 -0.174977 0.477857 0.766589 0.452033 0.041413 
5.873329 2.834932 -0.154576 -1.319076 3.071562 0.760975 -0.882791 0.641279 0.429947 0.734065 0.401662 -0.042003 
4.666507 2.648671 0.167965 -0.122598 1.459442 1.047156 -0.253440 0.672388 0.482251 0.623420 0.263426 -0.006007 
4.717541 2.363531 0.235370 -0.075868 1.408141 1.321535 -0.054362 0.326606 0.846606 0.503917 0.256297 -0.022334 
6.025352 2.322201 -0.681341 -1.195693 2.876462 2.141493 -1.230150 1.246433 0.701318 0.632845 0.372476 -0.133007 
5.668699 2.815360 -0.731506 -0.835091 2.968017 1.937724 -0.977679 0.930503 0.684585 0.750066 0.421085 -0.104393 
5.266792 2.263988 -0.131901 -0.041506 2.784008 1.670163 -0.683395 0.799039 0.761398 0.810408 0.389691 -0.049453 
3.939008 2.083178 0.548690 0.782943 1.828791 1.598563 0.401146 0.371445 0.650894 0.627262 0.293728 -0.003857 
3.734370 2.190363 0.831077 0.794227 1.678644 1.426377 0.300611 0.175350 0.521732 0.693662 0.375674 0.009719 
