2.571327 1.967579 1.722947 1.566244 1.295288 1.101513 0.928160 0.850166 0.635996 0.362289 0.209140 0.080329 
2.586295 1.997231 1.719410 1.679669 1.455281 1.120714 0.885716 0.713137 0.525139 0.335734 0.148370 0.079242 
2.545054 2.038206 1.897777 1.578146 1.315097 0.977427 0.868925 0.822094 0.520157 0.400091 0.199963 0.080357 
2.544155 1.962188 1.707357 1.492647 1.279515 1.039158 0.937901 0.746929 0.494442 0.372537 0.212455 0.080218 
2.563642 2.016549 1.730560 1.399440 1.261180 1.162637 0.883226 0.731706 0.602159 0.350009 0.235035 0.080250 
2.572514 1.861580 1.717906 1.535794 1.583322 1.124211 0.809557 0.784750 0.451952 0.352244 0.233815 0.079874 
2.598820 1.955681 1.728800 1.508117 1.415187 1.113408 0.935865 0.722273 0.442121 0.360910 0.293304 0.080572 
2.596885 1.934414 1.584012 1.270289 1.337774 1.116568 0.866709 0.702867 0.443501 0.344689 0.290175 0.082036 
2.626465 1.960397 1.706748 1.513341 1.584646 1.457936 1.128076 0.677917 0.254836 0.266905 0.235369 0.082296 
2.248653 2.255832 1.131974 2.197754 1.249420 1.510318 0.408044 0.449920 0.565323 0.456663 0.452160 0.065776 
2.382318 2.424559 0.339068 1.808217 1.394802 2.161665 0.959856 0.612919 0.243309 -0.038676 0.626348 0.079524 
1.868385 2.761373 0.108601 1.985950 1.529943 2.191725 0.710434 0.329448 0.301104 -0.117704 0.801665 0.018345 
1.532370 2.699397 0.015240 1.537014 2.317616 1.731830 1.268871 0.033166 0.441006 0.064655 0.749485 0.021448 
1.735330 2.467652 -0.554754 1.057460 2.159480 2.021445 1.265281 0.493733 0.724953 -0.046694 0.645174 0.018632 
1.761850 2.568451 -0.934286 0.554689 2.504885 2.007598 1.697016 0.783416 1.064094 0.069206 0.576530 -0.016159 
2.267425 2.082468 -1.094891 -0.413097 2.796941 1.448894 2.047000 0.539197 1.296355 0.185623 0.477023 0.002497 
2.757816 1.714602 -0.686095 -0.559317 2.773822 1.635139 2.395394 0.708518 1.422115 0.275358 0.536168 0.030442 
3.090807 1.855432 -0.541117 -0.305243 2.335801 1.453238 1.688413 0.405687 1.722007 0.522527 0.592760 0.019824 
3.276542 1.516907 -0.577461 -0.650852 2.862164 1.606087 1.047247 1.428984 1.355816 0.925453 0.539034 -0.027230 
3.177971 1.704237 -0.362540 -0.436182 2.254696 1.333914 0.589728 1.273803 1.164560 1.185907 0.551635 -0.006271 
3.743190 2.275601 -0.899663 -1.113466 3.116299 0.796806 0.490751 0.878092 1.460302 0.849881 0.707503 0.001142 
3.699305 2.484490 -0.183377 -0.793043 2.583235 0.588638 -0.115092 0.563291 1.088635 0.986890 0.690190 0.050759 
3.801313 2.499802 0.061101 -0.021884 1.617931 0.178550 -0.308700 -0.124160 1.184190 0.948402 0.714191 0.118432 
3.726499 2.752756 0.467422 0.495693 0.933582 0.324708 -0.384725 -0.218293 0.995787 0.736211 0.714609 0.144735 
3.980117 2.665737 0.931586 0.508254 1.164952 -0.418152 -0.557725 -0.256544 0.885707 0.903535 0.573073 0.156895 
3.787290 2.934533 1.032018 0.775005 0.825497 -0.170971 -0.576107 -0.342265 0.746649 0.730090 0.514922 0.147888 
3.707435 2.949311 1.572591 0.856479 0.635044 -0.202969 -0.478593 -0.383728 0.424457 0.537316 0.341422 0.132093 
4.299883 3.348717 1.347883 0.676127 0.790871 0.211275 -0.461400 -0.392297 0.180380 0.271123 0.240951 0.099279 
4.301902 3.260970 1.440789 0.901447 1.379127 -0.012656 -0.412438 -0.648205 0.149271 0.273671 0.072558 0.049717 
3.996001 3.172671 1.513042 1.331878 1.036945 0.373822 -0.303349 -0.778500 -0.076771 0.160419 0.115310 0.063015 
3.908174 2.997427 1.851192 1.367457 1.301959 0.284418 -0.204102 -0.682040 -0.289147 -0.067854 0.028375 0.039008 
3.981296 3.141751 1.922726 1.375346 1.143317 0.270263 0.030999 -0.721103 -0.389056 -0.093473 -0.008084 0.033641 
3.968990 3.242582 2.114267 1.427489 1.456031 0.317717 -0.203731 -0.768627 -0.410824 -0.130846 -0.054108 0.017013 
3.566785 2.932780 1.964762 1.373047 0.988001 0.109253 0.108231 -0.396329 -0.235645 -0.248710 -0.094132 0.016202 
3.783966 3.179818 2.133486 1.676550 1.538081 0.631186 0.189203 -0.494509 -0.525458 -0.339473 -0.083591 -0.005193 
3.807173 3.000654 2.088490 1.675889 1.603133 0.878518 0.127673 -0.644220 -0.515949 -0.311204 -0.107058 -0.009208 
3.686649 2.840027 2.042203 1.869545 1.742885 0.942464 0.175840 -0.545256 -0.649146 -0.331640 -0.159395 -0.018641 
3.343092 2.668810 2.081298 1.577810 1.127768 0.611403 0.011763 -0.325475 -0.362412 -0.281232 -0.235188 -0.005928 
3.275013 2.548227 2.158932 1.827951 1.270710 0.493233 -0.251139 -0.387277 -0.250629 -0.224699 -0.261486 -0.008179 
3.562649 2.830119 2.340320 2.029611 1.746054 0.841866 -0.152043 -0.529307 -0.396692 -0.258621 -0.195563 -0.030718 
4.168157 3.308942 2.544990 2.382953 2.245636 0.974944 -0.479527 -0.819898 -0.513710 -0.205726 -0.110346 -0.044087 
3.497966 2.756304 2.168148 1.768579 1.661488 0.977367 -0.035353 -0.539617 -0.541808 -0.246543 -0.213348 -0.020908 
3.298644 2.611449 2.117323 1.783823 1.344415 0.506413 -0.183104 -0.383858 -0.254329 -0.255869 -0.294233 -0.011770 
3.666915 2.543696 1.957545 2.045857 2.148797 0.601124 -0.638436 -0.862424 -0.221775 -0.012605 -0.254793 -0.046145 
4.374002 2.581152 1.633852 2.675425 3.036390 0.798678 -1.194663 -1.194198 -0.115280 0.186825 -0.155426 -0.108150 
3.676963 2.446425 1.577171 2.135478 2.764726 1.026797 -1.042275 -1.244024 -0.016286 0.311208 -0.276372 -0.090026 
4.143444 2.384749 1.622531 2.582196 3.245624 0.908730 -1.407370 -1.214670 0.117598 0.307841 -0.215942 -0.136410 
4.408029 2.625634 1.540321 2.537275 3.186469 0.704021 -1.328654 -1.292288 0.226016 0.326868 -0.183816 -0.132653 
3.915495 2.385300 1.951672 2.917300 3.019624 0.470911 -1.406556 -1.161862 0.114300 0.287599 -0.232609 -0.116719 
4.007625 2.430743 1.531995 2.413206 3.098076 0.843757 -1.250552 -1.333713 -0.086261 0.270878 -0.117860 -0.097393 
4.578738 2.477220 0.948528 2.045712 2.803296 0.705681 -1.139099 -1.075582 0.216835 0.290574 -0.163787 -0.109769 
3.941125 2.399871 1.209340 1.906295 2.666633 0.831184 -1.080349 -1.205263 0.069347 0.293665 -0.156472 -0.071994 
3.905153 2.281523 1.413893 2.341149 2.636805 0.488424 -1.203094 -1.192485 0.035549 0.218382 -0.086621 -0.057485 
6.249843 2.554321 -0.079917 2.013287 4.878512 -0.711171 -0.462108 -1.998348 0.287154 0.247084 -0.124619 0.011928 
5.590702 2.793159 0.092717 1.464957 3.950209 -0.351342 -0.741598 -1.796005 0.307685 0.151602 -0.001955 -0.018545 
3.852690 2.358324 0.947374 1.596757 1.879961 0.109133 -0.727293 -1.146182 0.101450 0.144068 0.005669 0.008699 
4.222861 2.418613 0.939478 1.616841 2.456387 0.267466 -0.994887 -1.347415 0.028567 0.276739 0.094077 -0.000011 
4.655122 2.368436 0.407904 1.292842 3.128009 -0.227055 -0.813302 -1.452797 0.121420 0.297183 0.173104 0.037462 
5.092367 2.681078 0.004922 0.679276 4.098745 -0.653962 -0.591543 -1.572604 0.245646 0.422531 0.150710 0.076328 
3.880359 2.118762 0.601178 0.949192 2.034820 0.046560 -0.658465 -0.942878 0.213097 0.450797 0.155164 0.055203 
3.865509 2.084681 0.561304 1.227950 1.743320 0.276021 -0.955137 -1.056377 0.363646 0.293853 0.312934 0.074077 
4.111700 2.385333 0.646584 1.166123 2.450010 -0.094487 -0.389911 -0.981920 0.008202 0.445888 0.306975 0.093864 
4.578797 1.937636 0.326459 1.416497 2.856089 -0.627135 -0.094578 -0.721899 -0.243500 0.422878 0.381056 0.171950 
4.158924 1.928921 0.396867 1.163715 2.249485 -0.112138 -0.108711 -0.486148 -0.166319 0.348400 0.472506 0.164705 
3.507934 1.617997 0.335435 0.925160 1.554305 0.017000 0.039202 -0.050230 -0.041770 0.097185 0.497716 0.169828 
3.867690 1.730433 0.376589 0.836921 1.605655 0.139477 0.215361 -0.021746 -0.211668 0.097313 0.579309 0.202892 
3.895130 1.823027 0.212624 0.454618 1.546238 0.312633 0.285133 0.300463 -0.073046 -0.010480 0.494929 0.192014 
3.177304 1.621437 0.564803 0.667252 1.050829 0.508964 0.485514 0.298271 0.046213 0.233641 0.398367 0.137264 
3.236369 1.900946 0.991568 1.000410 1.691144 0.520957 0.156365 0.144380 0.269114 0.464853 0.354382 0.102765 
2.915249 1.900992 1.405251 1.376372 1.446823 0.878889 0.895014 0.179918 -0.109419 0.001015 0.299187 0.096425 
3.041317 2.120160 1.631720 1.551797 1.309987 0.773746 0.645441 0.604674 0.531062 0.405339 0.372881 0.090883 
2.841039 2.032175 1.548007 1.421485 1.088729 0.762471 0.691812 0.627066 0.487357 0.389406 0.333771 0.087491 
3.063551 2.211414 1.758974 1.901781 1.538392 0.545008 0.451760 0.542468 0.460307 0.352499 0.441571 0.097556 
2.860100 2.053636 1.519406 1.296059 1.293026 1.150260 0.911388 0.685825 0.529296 0.474620 0.434925 0.088923 
2.804984 2.085876 1.758043 1.476023 1.300506 1.035628 0.843614 0.487822 0.330332 0.316999 0.265471 0.080421 
2.997026 2.216066 1.655968 1.610430 1.612528 1.237994 1.073636 0.599042 0.397015 0.225060 0.313920 0.084751 
2.852197 2.021855 1.596932 1.586405 1.524135 1.004667 0.691947 0.570128 0.496981 0.358356 0.263843 0.080953 
2.793551 2.120140 1.553216 1.355366 1.434521 1.115550 0.991748 0.708616 0.539950 0.410959 0.299552 0.082448 
2.708923 2.076278 1.645065 1.480524 1.317497 1.107310 0.989183 0.584786 0.339916 0.414310 0.300686 0.082291 
2.687723 2.045115 1.807762 1.680170 1.577243 1.204938 1.026768 0.565047 0.385890 0.354491 0.274999 0.079887 
2.686900 2.085664 1.804857 1.703197 1.433808 1.212549 0.992400 0.766479 0.488991 0.385081 0.273278 0.079472 
2.728818 2.054630 1.681913 1.652824 1.472402 1.046048 0.903291 0.793535 0.467377 0.306826 0.223319 0.079625 
2.674669 2.102388 1.753622 1.501910 1.310644 1.082128 0.821305 0.632231 0.436213 0.357656 0.238556 0.080067 
2.664745 2.046863 1.785331 1.494243 1.326966 1.168113 1.032713 0.770142 0.559822 0.457898 0.278183 0.079897 
2.629266 2.058450 1.819191 1.515377 1.474861 1.126923 1.010743 0.672012 0.503089 0.427676 0.245682 0.080212 
