1.961898 2.762874 -0.147467 0.397117 1.956492 1.870985 2.251122 1.378691 -0.717328 0.100883 0.122076 0.145912 
1.657733 2.562186 -0.529357 0.886947 2.313373 1.941441 2.710217 0.521583 0.016494 -0.384427 0.435401 0.114630 
1.818661 2.830268 -1.028566 0.130472 2.503776 1.962213 3.056779 0.469252 0.353862 -0.372837 0.324213 0.110589 
1.853211 2.489992 -1.283185 -0.106871 2.500857 2.009231 3.314409 0.533720 0.495628 -0.154292 0.219744 0.113750 
1.895078 2.624745 -1.170627 -0.205137 2.285336 2.053062 3.341678 0.551626 0.643966 -0.158643 0.207434 0.096846 
2.306989 2.305789 -1.457840 -0.482036 2.712096 2.349501 3.403922 0.693974 0.809653 0.375066 0.189477 0.088403 
2.765556 2.401002 -0.706447 -0.766986 1.820978 0.969335 2.088842 0.676824 0.966070 0.790549 0.280510 0.074316 
2.830079 2.262261 -0.268456 -0.021975 1.986056 0.662976 1.723384 1.052693 1.085300 1.447381 0.365993 0.061337 
3.208895 2.167207 0.145477 -0.134823 1.551788 1.056453 1.344383 1.051580 0.826234 1.481330 0.350895 0.064016 
4.010193 3.264296 -0.714809 -0.649086 2.454930 0.024351 1.143128 0.387636 0.729588 1.719822 0.274674 0.142277 
3.506147 2.341109 0.353381 0.025750 1.059225 0.475370 0.538026 0.073341 0.804512 1.121137 0.423443 0.109954 
4.323953 2.786654 -0.137014 0.036493 1.065874 0.006664 0.047986 -0.582189 0.683874 1.056246 0.489508 0.132518 
3.977841 2.467599 0.518176 -0.105267 1.037961 0.066753 -0.547034 -0.355348 0.199458 1.242063 0.463085 0.154184 
4.521752 3.150717 -0.039206 0.139906 0.774738 0.058846 -0.793620 -0.453797 0.274600 0.939128 0.464003 0.153973 
3.950564 3.048815 1.180177 0.516578 0.129153 -0.151064 -0.257092 -0.365449 0.110115 0.470313 0.301300 0.137430 
4.263015 3.696172 1.594098 0.881870 0.366819 -0.545652 -0.093545 -0.765755 0.232640 0.132187 0.237428 0.104285 
5.119849 4.405798 1.639103 -0.131418 1.589415 -0.781772 0.487709 -1.017698 -0.279009 0.141000 0.026870 0.122366 
4.235753 3.797901 2.067138 0.791797 0.556086 -0.222743 0.312110 -0.546324 -0.429790 -0.206277 0.041099 0.047142 
4.006253 3.343221 1.984791 0.775106 0.587419 -0.040666 0.245815 -0.400666 -0.390422 -0.294080 -0.052855 0.015620 
4.102428 3.380277 1.978765 0.881886 0.655542 0.268951 0.296531 -0.329694 -0.536375 -0.464175 -0.081254 -0.000453 
4.150390 3.274595 2.038734 0.808804 0.903317 0.504245 0.467549 -0.356861 -0.715050 -0.541149 -0.091903 0.002795 
4.222444 3.514023 1.851254 0.941687 1.254645 0.559180 0.453433 -0.422158 -0.893255 -0.489665 -0.110842 0.007247 
3.757878 3.192421 2.226165 1.120197 1.077967 0.347984 0.232243 -0.320022 -0.585367 -0.310200 -0.198872 -0.020526 
3.983843 3.156916 2.414496 1.306654 1.544427 0.755598 0.254903 -0.403010 -0.944216 -0.365472 -0.128546 -0.019963 
3.507264 2.713885 2.026531 1.591420 1.437917 0.721090 0.018567 -0.506425 -0.648494 -0.343844 -0.169317 -0.019167 
5.374112 3.700095 1.623560 1.067702 2.083855 1.193066 0.678731 -0.581413 -1.086506 -0.600707 -0.174782 0.005795 
5.494565 3.651132 1.137079 1.245157 2.227624 1.565013 0.382637 -1.009796 -0.894727 -0.524119 -0.089267 0.001063 
4.855725 3.246111 1.481611 1.443422 2.210551 1.428442 -0.033569 -1.004268 -0.784670 -0.440676 -0.077879 -0.015315 
3.776585 2.873706 1.927905 1.593992 1.503528 0.939183 0.031288 -0.713038 -0.748709 -0.382950 -0.125692 -0.022316 
5.155261 3.218294 1.387904 1.810142 2.842676 1.590477 -0.263568 -1.292397 -0.761713 -0.539954 0.021968 -0.004070 
5.718489 3.162996 1.120722 2.112011 3.455331 1.072026 -0.417317 -1.229933 -0.711771 -0.496684 -0.039376 -0.005837 
4.430927 3.058150 1.762177 1.965322 2.195862 1.127017 -0.274568 -0.984151 -0.888708 -0.427672 -0.011902 -0.009387 
4.595496 3.177175 1.696006 1.924054 2.195682 0.851945 -0.619903 -1.220962 -0.614046 -0.258757 -0.046960 -0.031772 
4.442961 3.099813 1.853651 1.984168 2.448241 1.046119 -0.718387 -1.389780 -0.758535 -0.197730 -0.005215 -0.035844 
5.621965 3.101451 1.126893 2.491907 3.653859 1.083477 -0.859530 -1.336321 -0.502925 -0.486159 -0.057998 -0.046095 
4.091097 2.787553 1.872445 2.150985 2.240882 0.880076 -0.773438 -1.103020 -0.625852 -0.261505 -0.075121 -0.053636 
4.040228 2.662026 1.900608 2.269815 2.378589 0.859297 -0.795084 -1.054220 -0.560957 -0.247517 -0.102750 -0.068423 
4.499597 2.774449 1.688128 2.285874 2.657078 0.905848 -0.966677 -1.246068 -0.657417 -0.299726 -0.040973 -0.063866 
4.149498 2.695016 1.722316 2.293460 2.225880 0.496325 -0.969548 -1.083830 -0.395799 -0.217864 -0.145470 -0.076820 
4.485899 2.714707 1.529544 2.283618 2.886245 0.905854 -0.952319 -1.200501 -0.696610 -0.322799 -0.024420 -0.059183 
3.958047 2.552533 1.672318 2.191937 2.378568 0.654714 -0.798995 -1.150325 -0.734307 -0.285872 -0.032836 -0.050358 
4.079271 2.573746 1.610872 1.915801 2.286937 0.771189 -0.817294 -1.078446 -0.732616 -0.240248 -0.055069 -0.048233 
4.135745 2.577142 1.400387 1.776873 2.623479 0.448660 -0.813820 -1.000704 -0.749695 -0.100887 -0.100035 -0.054173 
5.675485 2.869905 0.535319 1.074929 5.021074 0.111367 -1.452181 -0.687298 -1.176755 0.190050 -0.199412 -0.081525 
4.379215 2.714150 1.347899 1.875859 3.307375 0.185598 -0.990312 -0.993691 -0.809144 0.041296 -0.084285 -0.058766 
4.114738 2.615060 1.444125 1.538348 2.454143 0.292258 -0.947551 -0.992364 -0.747394 0.041542 -0.013895 -0.027160 
4.629278 3.027290 0.890454 1.149834 3.069039 -0.244816 -0.972149 -1.030548 -0.814899 0.150675 0.005185 0.009294 
5.125346 2.987676 0.941202 0.444612 3.305506 -0.415279 -1.309232 -0.721109 -0.887856 0.196197 0.040633 0.013835 
7.220553 2.366623 0.439849 -0.413879 5.989600 -0.877600 -0.802320 -0.890976 -1.170873 0.687991 -0.435171 0.063610 
5.476071 3.073936 -0.186130 0.205286 4.683674 -0.752619 -1.036206 -0.731712 -0.805665 0.302109 -0.110163 0.078177 
4.633877 2.643385 0.194709 0.579390 2.348855 0.115024 -0.858917 -0.856937 -0.360327 -0.158811 0.221833 0.091551 
4.327548 2.254970 0.438012 0.329729 1.621904 0.458617 -0.712432 -0.494303 -0.473009 -0.122388 0.244515 0.117544 
4.085318 2.335832 0.426947 0.706823 1.319637 0.435077 -0.288404 -0.814910 -0.463953 -0.220300 0.294996 0.136287 
4.867595 3.200793 0.740892 -0.432113 2.351665 -0.307875 0.619097 -0.339143 -1.366812 0.241447 0.206557 0.236774 
4.271115 3.460724 1.169421 -0.337805 1.491559 -0.161265 0.980530 -0.293855 -1.087010 0.528782 0.250322 0.225747 
3.638102 2.951477 1.464044 -0.103095 1.046822 -0.202180 0.589212 -0.097833 -0.594814 0.677265 0.288261 0.158016 
3.360432 2.685018 1.317240 0.450698 1.062719 -0.680217 0.210236 -0.262560 -0.146347 0.850342 0.346762 0.162491 
4.251203 3.184684 1.373141 -0.493424 1.624976 -0.483678 0.787954 -0.173542 -0.741779 1.213155 0.422997 0.257849 
3.766264 3.291410 1.205695 -0.146373 1.026778 -0.209253 0.780840 -0.032966 -0.295733 1.009357 0.470247 0.229347 
3.505810 2.806184 1.636893 0.550308 0.219528 -0.254529 0.269842 0.375296 0.534959 0.894933 0.555228 0.163519 
3.939076 3.286021 1.898352 0.311634 1.223218 -0.549518 0.422364 0.373800 0.266270 1.332207 0.461078 0.199256 
3.397636 2.622240 1.687596 0.741594 1.120584 -0.052424 0.281864 0.258251 0.306034 1.015772 0.569080 0.161635 
3.116677 2.574717 1.987352 1.267325 1.202902 0.386842 0.333620 0.323129 0.423814 0.729007 0.371853 0.110497 
2.955119 2.360286 1.738824 1.320089 1.523426 0.895357 0.959729 0.637576 0.365508 0.477622 0.273000 0.083023 
3.309798 2.518987 1.637867 1.057262 1.045344 0.648063 0.509570 0.288575 0.219846 0.473107 0.493831 0.123914 
3.032611 2.449923 1.957145 1.563726 1.177659 0.769736 0.644015 0.484241 0.411203 0.386638 0.361448 0.089059 
3.083200 2.321530 1.614881 1.094094 1.014285 0.861524 0.540033 0.310382 0.332633 0.440319 0.443974 0.105378 
2.953289 2.307568 1.759838 1.305117 1.028839 0.671961 0.443794 0.221697 0.390760 0.472195 0.361919 0.096533 
2.885959 2.254066 1.776894 1.346569 1.106597 0.745508 0.514894 0.390767 0.433159 0.480994 0.354102 0.091692 
2.937254 2.396119 2.016347 1.501029 1.127482 0.540459 0.254472 0.272568 0.368800 0.349868 0.288630 0.088670 
2.828944 2.255510 1.856702 1.454528 1.003196 0.589153 0.460130 0.448622 0.549824 0.420495 0.255590 0.089228 
2.771740 2.039008 1.563770 1.280056 1.057594 0.576887 0.451613 0.369044 0.396485 0.522038 0.272584 0.091470 
2.684669 2.000836 1.585698 1.244806 1.058336 0.759164 0.532185 0.550137 0.621824 0.476354 0.236593 0.084589 
2.763458 2.206798 1.924278 1.453658 1.143996 0.876550 0.849693 0.693178 0.485222 0.399981 0.225869 0.080014 
2.722750 2.070736 1.685362 1.514273 1.194903 0.930963 0.720628 0.649452 0.605610 0.453848 0.254591 0.081669 
2.694201 2.075717 1.650539 1.355015 1.164122 1.081016 0.821037 0.507445 0.428624 0.284140 0.242992 0.082071 
2.642505 2.122875 1.810630 1.633479 1.299809 1.068701 0.804711 0.578796 0.537942 0.309689 0.245511 0.078692 
2.595307 2.069289 1.814605 1.321698 1.149296 1.008228 0.796280 0.769254 0.534684 0.371676 0.269232 0.080685 
2.613468 2.063206 1.796425 1.570103 1.359825 1.162134 0.868811 0.615728 0.493727 0.314496 0.198116 0.079751 
2.573802 1.969130 1.696840 1.595935 1.426005 1.242685 0.826769 0.707488 0.524632 0.417552 0.246058 0.080545 
2.582946 1.999036 1.847116 1.601259 1.423634 1.119267 0.858664 0.617040 0.526296 0.361753 0.237705 0.080049 
2.507629 1.930313 1.739384 1.541383 1.391815 1.076410 0.884903 0.732846 0.563044 0.423700 0.223232 0.079882 
2.534438 1.955341 1.766032 1.556100 1.393770 1.230533 0.939773 0.690872 0.576044 0.380204 0.235908 0.080108 
2.592180 1.990401 1.708203 1.482115 1.362868 1.143396 0.832560 0.664532 0.537615 0.406742 0.284828 0.080803 
2.560710 1.968067 1.707114 1.546522 1.323765 1.134257 0.962202 0.638167 0.510828 0.390164 0.234844 0.080545 
