1.748203 1.570798 0.253468 2.623754 2.569329 -0.155170 0.503251 0.697528 1.201971 0.958691 0.133942 0.035900 
1.724141 1.803355 0.615538 1.810525 2.237423 0.473212 1.162766 0.968679 0.467461 0.843744 0.218800 0.078406 
1.734005 2.235605 0.192437 2.013778 2.318180 0.199967 1.327864 1.115923 0.661918 0.498505 0.252810 0.087188 
1.702626 1.958519 0.213990 2.012428 2.279022 0.364519 1.357654 1.066176 0.618772 0.508583 0.361567 0.070748 
1.979361 2.011905 0.361883 1.922345 1.827360 0.784877 1.319582 0.356100 0.920613 0.293796 0.237014 0.065911 
2.292610 2.038036 0.211485 1.832179 1.488954 1.082851 1.160926 0.352734 0.962525 0.217153 0.292532 0.052936 
2.615160 1.916341 0.650316 1.849813 1.902414 0.712728 1.122234 0.305054 0.719593 0.281685 -0.009998 0.071799 
2.921100 2.564934 1.062553 2.900998 1.812214 0.742973 0.891980 0.032493 0.605933 -0.274705 -0.283033 0.002609 
3.737350 2.661513 1.362364 2.318152 1.586652 1.035784 0.323495 0.107601 0.023505 -0.100457 -0.249924 -0.020389 
4.357591 2.802290 1.421375 2.308236 1.742441 0.185320 -0.561707 -0.389341 0.662174 -0.084629 -0.137764 -0.040541 
4.123466 2.810202 1.409828 1.340588 1.477780 0.100629 -1.012328 -0.344281 0.409946 0.388434 -0.197854 -0.049135 
3.555908 2.416966 0.985537 0.492895 0.646420 0.360864 -0.095061 -0.032416 0.302296 0.041820 -0.289873 -0.039611 
3.425463 1.993082 1.004605 1.035125 0.976327 0.327902 -0.269583 -0.074662 0.171078 -0.196153 -0.465199 -0.067456 
5.837199 2.336568 0.078388 0.584274 1.548247 0.033431 -1.133901 0.021444 0.853276 -0.304207 -0.516432 -0.199539 
4.927099 2.431015 0.200023 0.295543 0.943685 -0.095372 -1.166057 0.018712 0.638176 -0.237085 -0.438226 -0.176547 
4.208391 2.355279 0.546601 0.201533 0.518398 -0.208835 -0.902858 -0.340290 0.430209 -0.072327 -0.433759 -0.133048 
4.180373 2.316308 0.670277 0.319865 0.172515 -0.555398 -0.772960 -0.035147 0.264736 -0.348134 -0.423418 -0.111139 
6.083289 2.736128 -0.258484 -0.054774 0.688544 -0.373911 -1.590228 -0.158375 0.734179 -0.558174 -0.488957 -0.188114 
5.888276 2.868241 -0.494281 -0.284805 0.490255 -0.314869 -1.824400 -0.264880 0.646904 -0.503926 -0.398482 -0.192440 
6.205288 2.836650 -0.747862 -0.323622 0.163375 -0.382215 -2.156854 -0.419219 0.717109 -0.498273 -0.458001 -0.209771 
6.420693 2.708970 -1.010399 -0.695554 0.384137 -0.569267 -2.255347 -0.389639 0.447287 -0.399944 -0.475523 -0.215991 
6.750490 2.562028 -1.281262 -0.623767 -0.014002 -0.547454 -2.228165 -0.600621 0.527074 -0.413075 -0.547210 -0.226300 
7.251957 2.572156 -1.722325 -0.634406 0.320459 -1.111420 -2.143124 -0.271201 0.313031 -0.252157 -0.624316 -0.228835 
8.017692 2.496761 -2.429234 -0.215106 0.087223 -1.068317 -2.219692 -0.008826 0.299935 -0.135706 -0.696045 -0.218539 
7.986569 2.237217 -2.351558 -0.350737 -0.037279 -0.801747 -2.486806 0.293874 0.292722 -0.063548 -0.701372 -0.209630 
7.184291 2.212099 -2.003100 -1.013837 0.285422 -1.297523 -2.233592 0.151064 0.448685 -0.118198 -0.624045 -0.229452 
8.065201 2.308730 -2.580098 -1.370512 1.101281 -1.099463 -2.475365 0.697578 0.049122 0.162097 -0.635975 -0.221423 
7.864744 2.271608 -2.698025 -1.504453 1.355851 -1.280416 -2.433159 0.609823 -0.001483 0.287100 -0.603881 -0.214445 
8.014076 2.100283 -2.418537 -1.831603 1.879260 -1.235088 -2.452521 0.727744 -0.075897 0.378118 -0.493120 -0.224738 
7.017799 1.878671 -1.973491 -1.596414 1.329393 -1.092582 -2.480174 0.646516 0.223083 0.282910 -0.416169 -0.226884 
6.212469 1.936905 -1.948343 -1.346634 0.971737 -0.888817 -2.081995 0.228613 0.618643 0.147674 -0.332869 -0.199837 
6.342589 1.946399 -2.162290 -1.479656 1.124960 -0.666362 -2.016409 0.439171 0.520672 0.262778 -0.318063 -0.199119 
6.693136 1.824340 -2.342241 -1.611512 1.294248 -0.514049 -2.058178 0.741411 0.410774 0.388770 -0.326801 -0.204225 
4.685993 1.610762 -1.185065 -0.874571 0.144832 -0.517088 -1.240656 0.033776 0.803230 0.055811 -0.050388 -0.123326 
4.146286 1.302793 -0.827017 -0.661283 -0.187843 -0.640101 -0.936346 0.071283 0.638101 0.115657 -0.014718 -0.097960 
5.812068 1.325591 -1.776777 -1.374779 0.610547 -0.366794 -1.310903 0.241739 0.987980 0.014043 -0.178082 -0.133440 
6.345567 1.550197 -2.489943 -1.603558 1.010696 -0.449265 -1.113358 0.137469 0.879622 0.170828 -0.248339 -0.170529 
4.564955 1.310381 -1.360803 -0.961706 0.165956 -0.339691 -0.946488 0.263235 0.815479 -0.013829 -0.037669 -0.112884 
3.782999 1.081265 -0.811721 -0.645524 -0.263351 -0.709297 -0.734008 0.343147 0.649497 0.001571 -0.067363 -0.118912 
5.374254 1.244039 -1.937789 -1.171663 0.459758 -0.329201 -1.316169 0.052346 1.032238 -0.084402 -0.185289 -0.167193 
5.986533 1.171852 -2.362544 -1.512319 0.976127 -0.389963 -1.296720 -0.054797 0.972605 0.052188 -0.269766 -0.196980 
5.251671 1.109121 -2.013173 -0.961270 0.770830 -0.358717 -1.397023 -0.098035 1.057469 0.007326 -0.180806 -0.188638 
4.443191 1.049377 -1.393780 -0.748228 0.418487 -0.435016 -1.141187 0.016885 0.815042 0.046327 -0.104911 -0.169718 
4.633933 1.081883 -1.725503 -0.939755 0.720469 -0.251882 -1.026885 -0.005610 0.905452 -0.025697 -0.106657 -0.171986 
6.420721 0.729255 -2.340197 -1.410914 1.169681 0.044622 -0.760433 -0.103494 1.109071 0.123448 -0.316720 -0.193788 
6.861107 1.148665 -3.096729 -1.353244 1.335442 0.108755 -0.711927 0.102973 0.920260 0.216129 -0.342866 -0.213418 
7.193291 1.446856 -3.596857 -1.281754 1.963348 -0.139368 -0.486786 0.248736 0.772753 0.319311 -0.407809 -0.198454 
4.856241 1.120988 -1.830343 -0.861504 1.123072 0.388644 -0.613366 0.377443 1.026076 -0.153460 -0.183585 -0.167390 
7.079479 0.877197 -2.719620 -1.432575 2.045031 0.002807 -0.352516 0.613261 0.889681 0.221141 -0.427251 -0.196124 
7.836860 1.313476 -3.163670 -1.924501 3.215633 -0.351181 -0.228246 0.891819 0.506333 0.491744 -0.565336 -0.196404 
6.933980 1.329015 -3.094780 -1.287060 2.240037 0.113954 -0.335351 0.878971 0.784145 0.274792 -0.482180 -0.206781 
6.435154 1.125938 -2.784187 -1.322123 1.970543 0.438349 -0.392774 0.771628 0.871459 0.109549 -0.430145 -0.214590 
7.070571 1.092516 -3.085647 -1.421402 2.463148 0.338322 -0.339965 0.848955 0.627047 0.218752 -0.489151 -0.215195 
7.433328 0.954202 -2.977487 -1.731079 2.846614 0.216858 -0.311002 0.887561 0.505759 0.247060 -0.517519 -0.221457 
7.198627 0.841062 -2.950469 -1.438963 2.495406 0.142403 0.015119 0.555029 0.778594 0.160090 -0.507181 -0.205599 
6.498705 1.012022 -2.672755 -1.202120 2.136072 0.381458 -0.315541 0.717206 0.853690 0.101978 -0.446214 -0.211533 
7.689185 0.455111 -2.464926 -1.782184 3.187766 -0.514443 -0.005764 0.832119 0.640605 0.375413 -0.583645 -0.187623 
6.924938 0.745926 -2.534512 -1.162794 2.472122 -0.004376 -0.262395 0.973429 0.888759 0.209829 -0.471771 -0.186252 
6.700427 1.086624 -2.927859 -1.057955 2.483919 0.081604 -0.268322 1.151335 0.923142 0.313259 -0.464942 -0.179231 
5.944619 1.140117 -2.564860 -0.951803 2.106306 0.307394 -0.053087 1.010605 1.281113 0.128383 -0.358177 -0.162591 
5.740224 1.234448 -2.599114 -1.032618 2.260681 0.579696 -0.159633 1.148771 1.288636 0.198864 -0.306681 -0.172541 
5.162580 0.914071 -2.076190 -0.670808 2.116309 0.670080 -0.200784 1.007480 1.446647 0.016691 -0.237711 -0.156405 
5.544626 1.185246 -2.486598 -0.987465 2.643068 0.782553 -0.217403 1.143205 1.292156 0.172157 -0.292157 -0.181940 
5.233943 1.027175 -2.306343 -0.504865 2.320912 0.975212 -0.117042 0.891440 1.485635 -0.038773 -0.281868 -0.178998 
5.399078 0.900184 -2.278110 -0.433644 2.662462 0.969426 -0.121643 1.015668 1.305207 0.078105 -0.309349 -0.161053 
4.636996 0.680694 -1.732908 0.057687 2.232194 1.148677 0.012306 0.912690 1.293774 -0.091564 -0.258489 -0.140827 
4.933072 0.762201 -1.972009 -0.113171 2.331838 1.271296 0.088985 1.075523 1.420576 -0.012607 -0.250736 -0.139099 
5.203746 0.768076 -2.163689 -0.187885 2.639353 0.900816 0.316529 1.219264 1.363758 0.108472 -0.313051 -0.137216 
4.808270 0.756683 -2.107634 -0.268989 2.582796 1.125861 0.131659 1.249428 1.330607 0.094391 -0.214490 -0.132347 
5.095097 0.549522 -2.078473 -0.136759 2.510290 1.044810 0.324570 1.424830 1.610311 0.159905 -0.256395 -0.125028 
4.942257 0.522153 -1.937942 -0.096071 2.554383 0.890423 0.123819 1.375094 1.631117 0.224096 -0.230966 -0.123727 
6.050836 0.011581 -2.131758 -0.322920 3.070642 0.802011 0.214965 1.652911 1.577046 0.464310 -0.255219 -0.101947 
4.363559 0.713387 -1.729065 0.244235 2.414642 1.162394 0.015619 1.222384 1.674711 0.090859 -0.144016 -0.124834 
6.390510 0.460969 -2.714783 -0.555975 4.109868 0.427680 0.604935 1.705628 1.321845 0.696526 -0.367597 -0.092631 
5.484083 0.247222 -2.298985 -0.014482 3.001043 1.198297 0.207143 1.570116 1.825541 0.459592 -0.201630 -0.122298 
5.189829 0.114557 -2.013291 0.228560 2.722376 0.886868 0.261326 1.293960 1.867597 0.334068 -0.217033 -0.105905 
4.934216 0.664890 -2.437309 -0.036578 2.629910 1.087510 0.062629 1.424672 1.931231 0.216689 -0.188602 -0.127860 
6.651151 0.130231 -2.651438 -0.154239 3.723589 0.384835 0.395493 1.550453 1.543229 0.622714 -0.339400 -0.101931 
5.393828 0.365629 -1.966684 0.292158 2.708357 0.927894 0.315692 1.474097 1.776438 0.210625 -0.257421 -0.081089 
4.471218 0.682347 -0.956213 0.827097 1.936008 0.641799 0.013773 1.311668 1.695342 0.034586 -0.236678 -0.095776 
5.239259 1.316303 -1.569242 0.305054 2.676238 0.770201 0.057122 1.548014 1.824555 0.262670 -0.220453 -0.122561 
5.015889 1.522404 -0.987152 0.271332 2.221772 1.014495 0.308950 1.726495 1.693543 0.006553 -0.159245 -0.090590 
5.742842 1.628410 -1.143985 0.557570 2.301434 0.666626 0.285554 1.743787 1.723088 0.162982 -0.257325 -0.073633 
4.127835 1.651623 0.314913 1.255000 1.840481 0.540486 0.569138 1.608742 1.490570 0.015595 -0.246606 -0.081353 
5.029669 1.742828 -0.612708 0.900325 2.368834 0.842712 0.235516 1.619255 1.792507 -0.082651 -0.240753 -0.088269 
