3.053219 2.258245 1.760149 1.375007 1.095623 2.022906 1.848753 1.200117 0.369476 0.269022 0.415349 0.094790 
3.200761 2.157082 1.572499 1.340279 1.745014 1.342441 1.533670 1.375810 0.573743 0.325294 0.515677 0.110619 
2.736439 2.041154 1.846014 1.397268 1.426739 1.390660 1.225697 1.029809 0.622625 0.352215 0.252315 0.076671 
2.701897 2.032363 1.784704 1.517106 1.335503 1.085822 0.930477 0.793806 0.546093 0.335970 0.255322 0.076353 
2.826268 2.354567 2.000379 1.756458 1.425313 1.172780 0.867201 0.878284 0.663519 0.406473 0.237920 0.080712 
3.500876 3.135275 2.390449 2.224305 1.977796 1.304631 1.451738 1.121055 0.568176 -0.094388 0.297462 0.067023 
2.842390 2.251754 2.021508 1.694055 1.522561 1.277236 0.967178 0.793898 0.650637 0.298707 0.193049 0.069103 
3.093173 2.610037 2.349387 2.205305 1.927369 1.590994 1.141419 0.741621 0.275197 -0.042331 -0.046599 0.022981 
4.124031 3.282377 2.419493 2.133124 1.948213 2.177527 1.484874 0.755368 -0.237397 -0.539064 0.010101 -0.000581 
4.218601 3.319235 2.399922 1.972110 2.230734 2.075127 1.779587 0.891045 -0.384626 -0.831094 0.001179 -0.006079 
3.539654 3.078623 2.189576 1.593628 1.525985 1.466420 1.185498 0.484990 -0.095027 -0.350197 -0.196581 -0.040636 
3.963438 3.277453 2.355228 1.798496 1.858310 1.663448 1.433277 0.445779 -0.220168 -0.612125 -0.057431 -0.029408 
4.354181 3.808357 2.339419 1.987919 2.077875 2.232186 1.629237 0.374769 -0.640001 -0.908641 -0.023712 -0.021859 
3.868924 3.235345 2.404155 2.257320 1.923697 1.578092 1.133878 0.082577 -0.583214 -0.743918 -0.025684 -0.037732 
4.121569 3.321384 2.403140 1.991302 1.873038 1.417107 0.948892 0.208756 -0.613478 -0.709445 -0.117759 -0.047416 
5.766294 3.931768 1.112460 3.031370 3.043206 0.555870 1.697560 -0.287107 -0.313203 -1.310585 -0.252453 -0.009318 
4.912276 3.536609 1.634860 2.642970 2.539617 1.269611 0.599889 -0.243539 -0.662202 -0.836489 -0.147514 -0.041541 
3.479342 2.876258 2.158859 1.885137 2.025776 0.964228 0.790515 -0.454186 -0.293327 -0.679500 -0.236444 -0.067231 
5.376181 4.632591 -1.066599 3.787764 3.492602 0.329261 0.929034 -1.047897 0.077668 -1.257541 -0.242293 -0.097364 
4.220277 3.343082 1.146979 2.510006 2.187896 0.982373 0.293796 -0.918602 -0.133270 -1.105838 -0.143669 -0.128830 
4.482830 3.408994 0.970778 2.722928 2.373396 0.357268 0.448818 -0.978596 -0.288303 -1.197500 -0.164051 -0.112040 
3.787823 2.530311 1.843494 1.288611 1.755687 0.685874 0.063507 -0.782862 -0.805296 -0.663581 -0.313028 -0.104506 
4.912313 3.204947 0.428154 3.097805 2.582712 -0.151104 -0.099899 -0.896802 -0.552327 -1.035895 -0.312089 -0.095991 
4.360578 2.593713 1.259065 2.207269 1.981152 0.210583 0.277969 -0.512795 -0.723454 -0.959513 -0.302599 -0.079998 
4.094807 2.765948 1.083920 2.288734 2.506899 0.105375 0.195832 -0.726220 -0.863704 -0.966008 -0.241940 -0.069849 
3.463508 2.663473 1.432405 1.947547 1.604946 0.133867 0.191840 -0.801852 -0.657666 -0.920611 -0.272315 -0.100985 
4.322884 3.400430 0.085176 2.582117 3.003656 -0.630548 0.396286 -0.958289 -0.471026 -1.085997 -0.315805 -0.052935 
4.126278 3.452417 0.372671 2.598854 3.108333 -0.660228 0.227987 -1.324391 -0.440009 -0.840771 -0.269379 -0.074098 
3.958572 3.466133 0.165158 2.849174 3.321300 -0.602981 0.140653 -1.313411 -0.533183 -0.821929 -0.247173 -0.063206 
3.253846 2.513680 1.398969 1.760374 1.463874 0.308901 -0.171356 -0.960901 -0.430388 -0.742053 -0.296136 -0.083594 
3.792606 3.386118 0.431880 2.151078 2.061568 0.508701 -0.147916 -1.482563 -0.551249 -0.851522 -0.041137 -0.088376 
3.652280 3.188043 0.731471 2.395192 2.260241 -0.150298 -0.007813 -1.430424 -0.654932 -0.698125 -0.099767 -0.059352 
4.051931 3.536859 0.300564 2.817289 3.333056 -1.112297 0.060923 -1.554708 -0.804397 -1.004500 -0.138676 -0.004704 
3.137197 2.459063 1.461553 1.685763 1.417042 -0.519660 -0.496880 -1.256727 -0.746467 -0.696893 -0.203897 -0.068303 
3.563610 2.901418 0.802204 2.251480 2.094401 -0.632751 -0.459576 -1.668928 -0.953421 -0.797428 -0.067079 -0.066980 
3.576100 2.939537 0.397696 2.752218 2.123536 -0.616127 -0.808218 -1.681330 -0.899655 -0.904539 -0.048587 -0.093421 
3.866950 3.040584 0.167425 2.634023 3.170155 -0.945211 -0.540069 -1.981213 -0.875394 -1.183234 0.010658 -0.057667 
3.424406 2.499140 0.993521 2.055161 2.181383 -0.340030 -0.475786 -1.652827 -0.839673 -0.801701 -0.048611 -0.063326 
3.133809 2.259937 1.214882 1.495651 1.859292 -0.039257 -0.599314 -1.677471 -0.957401 -0.460417 -0.139656 -0.051643 
3.497687 2.629727 1.100030 1.651734 2.254218 -0.422531 -0.301144 -1.717904 -0.762932 -0.668683 -0.099628 -0.040700 
3.884117 2.907028 0.686638 1.959830 2.964169 -0.196699 -0.526912 -1.681228 -0.902035 -0.662040 -0.020465 -0.031300 
3.964342 3.041239 0.541325 2.177913 2.821072 -0.048399 -0.449232 -1.998095 -0.797923 -0.688536 0.057533 -0.039121 
3.477209 2.333569 1.095407 1.424331 1.337883 0.355353 -0.399209 -1.474646 -0.898492 -0.624011 -0.101637 -0.020569 
3.861972 2.301552 0.781064 1.401725 2.411184 0.072080 -0.521159 -1.659018 -0.817147 -0.566676 -0.076047 -0.018417 
4.123719 2.361783 0.392687 1.355997 2.987558 -0.346111 -0.405804 -1.715068 -0.710844 -0.732304 -0.116056 -0.006064 
4.217414 2.430872 -0.163668 1.895920 2.684711 -0.075858 -0.537345 -1.755944 -0.670942 -0.790332 -0.069879 -0.022971 
4.423954 2.695369 -0.217438 2.384706 2.939781 0.101875 -0.885656 -1.770843 -0.479974 -0.893754 -0.008164 -0.046980 
4.430123 2.698047 -0.182642 2.048229 2.494753 0.306617 -0.920453 -1.421305 -0.821042 -0.778433 -0.072290 -0.021206 
4.468720 2.446062 0.151159 2.088279 2.399302 0.331259 -0.737661 -1.634511 -0.631059 -0.662408 -0.054225 -0.030200 
4.362403 2.643139 0.316121 1.738152 2.606612 0.388423 -0.891371 -1.677243 -0.652983 -0.642341 -0.027853 -0.035768 
3.977753 2.330715 0.668983 1.764187 1.943969 0.480172 -0.824746 -1.501607 -0.867410 -0.507006 -0.066543 -0.021658 
4.191106 2.436448 0.610786 1.756230 1.989372 0.403450 -0.792611 -1.685233 -0.793376 -0.539467 -0.031443 -0.022410 
3.821270 2.193489 0.835344 1.774705 1.740832 0.361276 -0.860414 -1.502836 -0.872239 -0.463040 -0.096278 -0.029384 
4.436788 2.221856 0.401288 2.173158 2.141527 0.320212 -0.856265 -1.617098 -0.807966 -0.585847 -0.044623 -0.022684 
3.685237 2.080413 0.854882 1.772569 1.949217 0.456348 -0.945411 -1.391481 -0.893650 -0.409071 -0.111191 -0.028974 
4.155638 2.084984 0.894469 2.167280 2.113463 0.193871 -0.874770 -1.306390 -0.804337 -0.515173 -0.075593 -0.021839 
3.939322 2.219240 1.094537 1.873759 1.780520 0.300866 -0.672098 -1.342342 -0.905431 -0.507896 -0.059699 -0.016296 
4.394259 2.319246 0.907211 2.280461 2.190355 0.311144 -0.790713 -1.341373 -0.937456 -0.536996 -0.022086 -0.009532 
4.158718 2.509674 1.257168 2.493023 2.140073 0.162013 -0.757215 -1.256853 -0.895922 -0.660685 0.008257 -0.016030 
3.758891 2.575474 1.750982 1.880359 1.545812 0.295848 -0.599595 -1.146497 -0.960031 -0.493108 -0.045621 -0.023194 
5.496231 2.994263 0.459850 3.734582 3.148746 -0.766893 -0.125924 -1.481293 -0.858846 -0.618803 0.015670 0.044884 
4.995013 2.879336 1.516212 3.386399 3.002674 -0.133394 -0.431822 -1.164684 -0.842163 -0.545057 0.009776 0.008472 
5.376932 2.921442 0.976514 4.314199 3.833219 -0.302131 -0.529171 -0.955185 -0.858274 -0.424452 0.000189 0.047778 
3.367518 2.549155 2.164105 2.093236 1.510514 0.412734 -0.340649 -0.614593 -0.555398 -0.291157 -0.019050 -0.007636 
3.980474 2.937319 2.370617 2.720278 2.206966 0.320888 -0.308329 -0.570598 -0.642761 -0.429471 0.051613 -0.005991 
3.601940 2.738102 2.049550 2.009714 1.779207 0.592725 -0.066859 -0.723735 -0.677403 -0.348738 -0.045190 0.003460 
3.698458 2.908279 2.268384 2.066827 1.479936 0.500569 -0.035320 -0.411893 -0.628062 -0.467634 -0.008800 0.009142 
3.490993 3.003304 2.447435 2.247928 1.641040 0.661027 0.094165 -0.346339 -0.506958 -0.400840 -0.023054 -0.006380 
3.215912 2.706999 2.283127 1.971095 1.356239 0.815685 0.350288 -0.051328 -0.320907 -0.184276 -0.067028 0.016670 
3.102955 2.651708 2.328044 1.961564 1.654013 1.100847 0.390452 -0.037680 -0.291691 -0.207407 -0.023065 0.016878 
3.180225 2.702405 2.421542 2.148039 1.768767 1.078836 0.454949 0.010598 -0.096839 -0.003179 0.016057 0.023963 
3.231460 2.705974 2.368389 2.223004 1.907548 1.269287 0.666455 0.305397 0.163206 0.127873 0.054191 0.037563 
2.896198 2.350538 2.114173 1.860319 1.609080 1.289224 0.821345 0.439433 0.149144 0.097889 0.015446 0.052887 
2.770001 2.218696 1.866973 1.730388 1.487427 1.180607 0.828625 0.472079 0.360619 0.298263 0.179360 0.071265 
3.014743 2.542254 2.150826 1.888200 1.680691 1.296613 0.851072 0.399860 0.185263 0.186830 0.142721 0.059027 
2.955074 2.311882 2.117856 2.045069 1.786586 1.358953 0.816740 0.380186 0.286759 0.254977 0.156815 0.064183 
2.891176 2.227765 1.965700 1.940471 1.881413 1.381931 0.658331 0.235738 0.231542 0.145785 0.121241 0.060281 
2.814509 2.211899 1.882358 1.687908 1.511413 1.189686 0.671680 0.329329 0.285544 0.289739 0.204695 0.072662 
2.701769 2.034903 1.779416 1.745344 1.750021 1.333784 0.834353 0.641557 0.544470 0.335116 0.160615 0.074101 
2.871039 2.217320 1.914329 1.867360 1.655029 1.275373 0.668019 0.351175 0.362552 0.268560 0.153345 0.067556 
2.778170 2.133663 1.837257 1.709375 1.753798 1.252553 0.741936 0.463392 0.352270 0.313937 0.243486 0.075901 
2.776138 2.207635 1.829754 1.489523 1.359443 1.091686 0.549090 0.308194 0.229899 0.231680 0.081285 0.073733 
2.726852 2.194400 1.932770 1.614046 1.424731 1.093763 0.714631 0.503938 0.361146 0.207504 0.109235 0.071978 
2.617986 2.068339 1.833437 1.665850 1.380115 1.148859 0.822943 0.695032 0.508055 0.295850 0.136356 0.077484 
2.680181 2.135679 1.849914 1.610164 1.326889 0.935109 0.641711 0.599104 0.363724 0.251345 0.131178 0.076544 
