2.557308 1.986773 1.812782 1.598080 1.389577 1.163699 0.945617 0.822384 0.615926 0.406153 0.264636 0.080224 
2.562700 2.020066 1.821194 1.563604 1.318837 1.243684 0.979885 0.803475 0.593329 0.387752 0.249328 0.079815 
2.541133 2.012934 1.735145 1.536505 1.355764 1.162934 0.999384 0.738002 0.538543 0.397564 0.215637 0.080087 
2.561458 1.994081 1.712718 1.553216 1.385192 1.164753 0.983010 0.775397 0.664045 0.448496 0.250642 0.080337 
2.546189 2.065953 1.665796 1.502744 1.233944 1.109681 1.155088 0.797623 0.553412 0.531641 0.255849 0.080182 
2.568156 1.934556 1.706477 1.516011 1.174521 1.179564 1.031688 0.849051 0.517511 0.391835 0.270629 0.079617 
2.530762 1.893583 1.777246 1.608768 1.278286 1.183717 0.948229 0.687146 0.673425 0.600780 0.273481 0.077825 
2.551363 1.736783 1.550811 1.622138 1.657180 1.299349 0.801494 0.511213 0.584269 0.591198 0.265548 0.075550 
2.578701 1.904629 1.306128 1.268077 1.659532 1.428570 0.947909 0.502538 0.448194 0.665750 0.343518 0.083182 
2.594027 1.724176 1.460778 1.635299 1.600185 1.455090 0.856637 0.349642 0.369903 0.697326 0.385423 0.077445 
2.595026 1.805528 1.408856 1.353308 1.702217 1.588308 0.731075 0.315368 0.407757 0.782184 0.392761 0.080179 
2.575913 1.850716 1.665409 1.482106 1.481778 1.483303 0.766827 0.508612 0.428337 0.652900 0.353540 0.078660 
2.671460 2.043987 1.535517 1.561253 1.402910 1.380645 0.950097 0.438550 0.431422 0.616328 0.385676 0.083988 
2.855091 2.052289 1.730193 1.602368 1.364749 0.899341 0.566917 0.190391 0.376679 0.480311 0.302788 0.082814 
2.866168 2.331152 1.534288 1.179690 0.846159 0.648873 0.575888 0.425880 0.522644 0.631942 0.440776 0.103208 
3.385095 2.747348 1.694818 1.560008 0.848745 0.692300 0.150247 -0.113215 0.494648 0.444865 0.466144 0.120934 
3.165090 2.423949 1.765081 1.443970 0.949341 0.602919 0.342694 0.402537 0.394881 0.364233 0.174316 0.078569 
3.283172 2.756679 1.953014 1.628054 0.828352 0.353124 -0.221800 -0.104928 0.409331 0.468439 0.363987 0.111207 
3.099223 2.172335 1.357949 1.019497 0.730872 0.529520 0.173550 0.327279 0.495428 0.516517 0.298770 0.093054 
3.520757 2.440485 1.294870 1.191297 1.212751 0.765794 -0.119154 -0.218138 0.466181 0.760420 0.466920 0.116013 
3.953824 2.860823 1.100865 1.010532 0.916879 0.225696 -0.186976 -0.565215 0.976487 0.899278 0.355648 0.100095 
4.289293 3.064555 0.921024 0.945857 0.770315 0.275902 -0.419851 -0.543137 0.910485 0.932596 0.261275 0.065876 
3.741454 2.694607 1.303734 0.877372 0.453275 -0.007883 -0.124590 0.083974 0.783823 0.627688 0.229415 0.084522 
4.321586 3.146044 1.320149 0.447972 0.233349 -0.017325 -0.055460 0.057998 0.696316 0.522469 0.226379 0.078047 
5.993307 3.540238 0.583263 -0.120032 1.387818 -0.189596 -0.504189 -0.232258 0.466524 0.690466 0.288983 0.047872 
5.993931 3.762102 0.454263 0.008421 1.237642 0.072320 -0.687139 -0.279363 0.261131 0.694093 0.313026 0.054785 
5.700256 3.585582 0.756909 -0.172833 1.352988 -0.010208 -0.463815 -0.424979 0.227155 0.654340 0.283709 0.059667 
5.695529 3.439073 0.855634 0.084175 1.235575 -0.074876 -0.866925 -0.173057 0.197146 0.643731 0.250693 0.044525 
5.478983 3.694106 0.945745 0.276190 1.616225 -0.618886 -0.916205 -0.345722 0.053941 0.846574 0.186501 0.046046 
5.337897 3.467891 1.375829 -0.091774 2.130477 -0.944197 -0.864513 -0.312968 -0.168968 0.964426 0.079785 0.023741 
4.537730 3.423405 1.651751 0.485061 1.357506 -0.727039 -0.715018 -0.149055 -0.012032 0.677135 -0.053429 0.026621 
3.799256 3.154241 1.912839 0.780519 0.908789 -0.343999 -0.479613 -0.086988 -0.107002 0.403102 -0.130506 0.036028 
3.492283 2.530458 1.561030 1.020754 0.741519 -0.054674 -0.251376 -0.084372 -0.063937 0.096497 -0.158910 0.026008 
3.899644 2.785341 1.678849 0.479519 0.439162 0.022344 -0.364842 0.038729 -0.048425 0.126901 -0.198190 -0.001916 
4.092801 3.246861 2.276919 0.398871 0.389128 -0.950010 -0.584081 0.343659 0.008757 0.310305 -0.223653 -0.010288 
4.096705 3.180641 1.404404 0.490192 0.908592 -0.591586 -0.342006 -0.234067 0.008095 0.431930 -0.306295 -0.015683 
3.512890 2.818256 1.838811 0.593008 0.538038 -0.520664 -0.068926 0.197392 -0.239040 0.076488 -0.270532 0.008177 
3.838315 2.903059 1.840484 0.163339 1.028539 0.013055 -0.497364 -0.042322 -0.466864 0.279772 -0.211720 -0.001651 
4.323259 3.025853 1.948962 0.281487 1.010393 -0.485981 -0.825334 -0.097356 -0.292826 0.434670 -0.182108 -0.018731 
5.496665 3.974141 0.881806 -0.804450 2.621346 -1.146435 -0.755742 -0.113278 -0.707086 0.772821 -0.143797 -0.013009 
5.565966 4.051919 0.335104 -0.601273 2.728561 -1.026450 -0.612075 -0.116269 -0.603606 0.699944 -0.191597 -0.009840 
5.530761 3.344723 1.017487 -0.969934 2.524217 -0.694580 -0.615710 0.073663 -0.692095 0.615937 -0.102562 -0.040391 
5.111157 3.393962 0.924852 -0.780570 2.080379 -0.421612 -0.247426 0.149853 -0.630074 0.479612 -0.169695 -0.025443 
5.241463 3.868700 0.192583 -0.783738 2.657409 -0.641540 -0.320817 0.128879 -0.611882 0.624614 -0.220650 -0.016805 
5.638599 3.853727 0.043496 -0.934553 3.059963 -0.870063 -0.472678 0.155616 -0.618186 0.739909 -0.215867 -0.021113 
6.097758 3.726484 0.160751 -1.117513 3.392423 -1.092113 -0.689823 0.126538 -0.595856 0.853687 -0.173410 -0.025537 
4.852854 3.111104 1.091300 0.034962 1.473738 -0.463460 -0.748518 -0.244857 -0.295643 0.650843 -0.026044 0.010210 
3.945030 2.891926 1.075856 0.224126 0.278598 0.164088 0.057825 -0.277641 -0.039862 0.124141 -0.061302 0.049640 
3.911300 2.536543 1.138360 0.668085 0.652414 0.198503 -0.278038 -0.276045 -0.165925 0.062228 -0.049981 0.050329 
5.913606 3.581211 -0.312876 -0.300433 2.433820 -0.170642 -0.642660 0.026431 -0.172901 0.232846 -0.109493 -0.021712 
4.731737 2.913094 0.752951 0.151947 1.075300 0.229908 -0.270758 -0.131761 -0.059300 0.098107 -0.097333 -0.001506 
3.571505 2.400919 1.154470 0.645105 1.105687 0.398605 -0.278391 -0.416869 -0.124813 0.266070 -0.077218 0.049798 
3.527150 2.313440 1.414125 0.928639 1.048016 0.251024 -0.271324 -0.034658 -0.095071 0.009854 -0.183648 0.029735 
4.750881 2.994699 0.958913 0.401536 2.380644 0.004313 -0.959244 -0.132324 -0.192768 0.412050 -0.141617 -0.055698 
4.973836 3.244099 0.822504 0.152524 3.006683 -0.067761 -1.061834 0.139258 -0.339429 0.521845 -0.109676 -0.069148 
3.887715 2.811532 1.656368 0.945895 1.859515 0.339836 -0.514813 -0.149082 -0.260283 0.328907 -0.152322 0.004259 
3.926245 2.808095 1.955466 0.956102 1.998275 0.305439 -0.679549 -0.169165 -0.352581 0.255554 -0.048802 0.014967 
3.987948 3.246315 2.160853 1.035552 2.688894 0.204026 -0.521356 -0.256711 -0.392559 0.547371 -0.141407 -0.002172 
3.268793 2.488993 2.105930 1.240004 1.679087 0.709825 -0.385333 0.032750 -0.397253 0.236618 0.022045 0.037418 
3.082734 2.695888 2.146511 1.406572 1.999720 0.254863 -0.131297 -0.207048 -0.319536 0.318545 -0.003793 0.047825 
3.323454 2.836406 2.509224 1.430859 2.765588 0.311865 -0.226361 0.106973 -0.425483 0.600549 -0.182921 0.005721 
3.519939 3.392675 2.556934 1.554511 3.814207 0.264673 -0.456283 -0.159047 -0.542420 0.829515 -0.167345 -0.005399 
2.967413 2.319907 2.093269 1.077616 1.912888 0.841375 0.228592 0.302551 -0.415669 0.404133 0.000240 0.045668 
3.226957 2.843017 2.365219 1.475563 3.344255 0.911657 -0.065285 -0.145051 -0.460760 0.547244 -0.064936 0.001562 
3.501796 3.246683 2.648279 0.999377 4.166441 0.808948 -0.255534 0.067188 -0.704791 0.879830 0.004859 -0.004148 
3.582640 3.590289 2.596918 1.471243 4.886864 0.416011 -0.577813 -0.010430 -0.853469 0.926670 0.123512 -0.010106 
3.628121 3.895650 2.870998 1.125311 4.929006 0.965912 -0.502803 0.169378 -0.574194 0.949590 0.078698 -0.025366 
3.615465 3.897388 2.928265 1.136189 4.827884 1.553476 -0.570669 0.617206 -0.320065 0.729011 0.177300 -0.058101 
3.594536 3.924971 3.090323 1.298968 4.938008 1.580718 -0.398384 0.669755 -0.284503 0.550557 0.215230 -0.065432 
3.772011 4.590086 2.928056 0.710731 5.628726 1.462095 -0.733627 0.649149 -0.294462 0.714452 0.252441 -0.122649 
3.960966 4.816068 2.880052 0.261464 5.858271 1.250340 -0.229023 0.634198 -0.324705 0.552980 0.264161 -0.117531 
3.848858 4.504300 2.979107 1.032402 5.298060 1.558754 -0.215547 0.643088 -0.460717 0.436846 0.203253 -0.091605 
3.242731 2.981232 2.367564 1.788654 2.544642 1.470761 0.720677 0.608819 0.052496 0.198156 -0.004040 0.008297 
3.228758 2.750222 2.723342 2.283398 1.951151 1.140255 0.140093 0.184777 0.190033 0.166408 0.050192 0.003261 
3.417323 3.052197 2.781759 2.036609 2.049131 1.256348 0.888944 0.310685 -0.013103 -0.043622 0.051968 -0.002852 
3.568869 2.970984 2.491257 2.172407 2.636056 1.571019 0.288404 0.126179 0.095403 0.413764 -0.035354 -0.011701 
3.216831 2.865789 2.352257 1.847883 1.626413 1.140918 0.856896 0.429034 0.087317 0.207224 0.103116 0.016165 
3.244962 2.486904 2.294379 2.158218 1.681070 0.909695 0.299511 0.425263 0.473175 0.368503 0.095956 0.021760 
3.477317 2.651296 2.058079 2.066892 2.271205 1.198972 0.102021 -0.127948 0.313397 0.471172 0.218633 0.025771 
3.630939 2.755947 1.932749 1.929375 2.143317 1.291447 0.179181 -0.296816 0.350457 0.576223 0.311463 0.053595 
3.419319 2.411099 1.626496 1.860589 1.953032 1.167803 0.276124 0.048243 0.501599 0.667729 0.359201 0.061605 
3.133073 2.219537 1.841823 1.850695 1.892227 1.106498 0.558164 0.230857 0.517359 0.657502 0.391540 0.068545 
3.133530 2.219356 1.456771 1.360533 1.667395 1.134480 0.329251 0.271162 0.576622 0.779081 0.405024 0.084290 
3.223474 2.067203 1.278484 0.983762 1.597889 1.463527 0.708866 0.357910 0.621777 0.724200 0.396777 0.089143 
3.646150 2.192999 1.222387 1.026032 1.951056 1.675273 0.392982 0.389408 0.751139 0.928294 0.381759 0.076257 
