2.382943 1.687375 -0.011405 1.639019 1.381248 1.915291 1.047746 0.517398 0.495424 0.205682 0.283571 0.084334 
2.694729 1.817695 0.699932 1.286095 1.297772 1.582191 0.453283 0.040751 0.413298 0.202399 0.194565 0.090944 
2.837312 1.808349 1.615287 1.918291 1.541486 0.986773 0.366539 0.253616 0.431300 0.315032 0.072017 0.063985 
3.104901 2.448027 2.082225 2.229503 1.086143 1.194591 0.465860 0.190460 0.372657 0.251404 -0.083430 0.036724 
3.455542 2.538451 1.845431 1.717813 1.712447 1.365925 0.676995 0.035608 -0.143541 -0.088589 -0.102090 0.008678 
3.932433 2.890014 1.615714 1.845628 1.554484 1.084136 0.147784 0.007738 0.033631 -0.167502 -0.079882 -0.011426 
4.205414 2.903796 1.672825 1.497266 1.534581 0.735363 0.027804 -0.219421 -0.041140 -0.023142 -0.080808 -0.012035 
4.539872 3.034078 1.539341 1.252835 1.315645 0.595752 -0.064017 -0.497678 0.039440 -0.003975 -0.109396 -0.032610 
4.702284 3.121081 1.497290 1.156813 1.471954 0.661395 -0.655650 -0.630628 0.011242 0.028303 -0.079790 -0.040551 
4.800521 3.076333 1.190641 0.867501 1.110961 0.285033 -0.508414 -0.496915 -0.199602 -0.195695 -0.135939 -0.047596 
4.855207 3.030749 0.996752 0.559344 0.871346 0.195019 -0.582955 -0.321489 -0.094654 -0.350471 -0.171021 -0.057932 
4.927581 2.856763 0.719995 0.442444 0.863388 0.120283 -0.780017 -0.504204 0.147501 -0.349502 -0.173709 -0.070117 
5.293611 3.051203 0.238877 0.025962 1.135046 -0.006915 -0.969797 -0.572186 0.055560 -0.395136 -0.151349 -0.079090 
5.830168 2.958630 0.014828 -0.021964 1.337511 -0.284008 -1.089858 -0.664684 -0.042723 -0.298638 -0.179525 -0.076433 
4.026341 2.368692 0.930701 0.450791 0.116258 -0.446449 -1.066686 -0.890047 -0.293082 -0.209260 -0.146724 -0.041903 
5.281530 2.863286 0.405636 -0.134162 0.511380 -0.555061 -1.536044 -1.090246 -0.239100 -0.036300 -0.055709 -0.055326 
5.003924 2.843807 0.568999 -0.004397 -0.353266 -0.683154 -1.312367 -0.951411 -0.015072 -0.187219 -0.088587 -0.046272 
6.202407 3.099802 -0.190392 -0.912524 0.737150 -0.277387 -2.511722 -0.944607 -0.051022 -0.058640 0.001365 -0.104863 
4.104439 2.386338 0.705768 -0.170338 -0.279675 -0.916755 -1.468479 -0.812294 -0.272281 -0.048747 -0.089372 -0.036486 
4.796990 2.452186 0.451533 -0.328446 -0.086711 -0.749154 -1.763519 -0.818494 -0.045929 -0.037304 -0.025328 -0.039514 
4.974778 2.511582 0.063509 -0.807583 0.216715 -0.559651 -1.850321 -0.728558 -0.052557 -0.002464 0.004107 -0.056398 
5.869830 2.646584 -0.392215 -1.566583 0.552996 -0.085981 -2.514814 -0.291989 -0.130212 -0.192887 0.008645 -0.104031 
5.781332 3.075620 -0.817536 -1.883107 1.120503 -0.493090 -2.435633 -0.090275 -0.337053 -0.037441 -0.031238 -0.157575 
4.773960 2.314202 -0.094902 -0.993658 -0.075209 -0.392970 -1.510100 -0.289515 -0.216054 -0.239757 -0.086401 -0.069973 
4.806186 2.469209 -0.148488 -1.217230 0.133890 -0.206624 -1.501785 -0.212167 -0.153909 -0.220045 -0.096550 -0.097932 
5.201464 2.401717 -0.253779 -1.347824 0.325972 -0.176443 -1.821048 0.084324 -0.027436 -0.138824 -0.089936 -0.127872 
5.388641 2.659891 -0.644240 -1.641591 0.681211 -0.315118 -1.917924 0.236294 0.039907 0.016548 -0.057827 -0.159572 
5.809476 2.765641 -0.863266 -1.953405 0.791129 -0.008947 -2.605845 0.617923 -0.082462 0.156729 -0.004148 -0.202107 
5.197344 2.347574 -0.500787 -1.551630 0.432851 -0.265475 -1.741777 0.127642 0.217778 0.100176 -0.002426 -0.136107 
5.159251 2.248875 -0.772747 -1.351167 0.443722 -0.269108 -1.631930 0.282799 0.253503 0.184653 -0.028057 -0.137582 
5.036122 2.220785 -0.869936 -1.473263 0.554836 -0.138712 -1.495569 0.221796 0.226751 0.226120 0.016080 -0.135163 
5.585700 2.297135 -1.528721 -1.750379 0.872715 0.089854 -1.761978 0.322686 0.431151 0.208862 0.002056 -0.175669 
5.580150 2.247028 -1.783763 -1.974649 1.099906 0.135699 -1.653258 0.426618 0.362444 0.199068 -0.011271 -0.192990 
5.454222 2.207310 -1.969745 -2.084268 1.083234 0.306467 -1.445840 0.180184 0.502657 0.044597 0.026001 -0.197504 
5.307263 1.896312 -2.002191 -1.772738 0.925020 0.233414 -1.332790 0.061474 0.547140 -0.027159 -0.019193 -0.184297 
4.049355 1.490665 -1.037581 -1.067406 0.027188 -0.077426 -0.625503 -0.092265 0.252872 -0.042625 0.022045 -0.138209 
5.525942 1.399596 -1.985798 -1.937954 1.251381 -0.106701 -1.195369 -0.051563 0.418113 -0.045511 -0.119895 -0.173275 
5.632891 1.889615 -2.549288 -2.426832 1.540870 0.711133 -1.771916 0.384165 0.106227 0.065513 -0.044058 -0.235380 
4.813053 1.376245 -1.637955 -1.546574 0.740485 0.346170 -0.749225 0.213786 0.407254 -0.348541 -0.100046 -0.153769 
4.218463 1.232214 -1.306086 -0.952762 0.531426 0.135371 -0.394329 0.023699 0.204484 -0.159666 -0.100389 -0.159334 
5.761192 1.255228 -1.949143 -1.792089 1.471351 0.296816 -1.061499 0.099302 0.427510 -0.138460 -0.211561 -0.185940 
5.705596 1.699847 -2.342451 -1.770654 1.538291 0.715437 -1.115409 0.146791 0.335244 -0.077152 -0.171601 -0.208433 
4.613510 1.399971 -1.415642 -0.991302 0.891831 0.515585 -0.377644 -0.104031 0.349673 -0.276750 -0.167657 -0.177981 
5.413907 1.723595 -2.241543 -1.656201 1.765338 0.680747 -0.916164 0.028950 0.346215 -0.187690 -0.191054 -0.221714 
6.462481 1.849706 -2.861282 -2.250738 2.293050 0.817790 -1.303483 0.614393 -0.155825 0.296686 -0.291130 -0.265677 
6.356728 1.430599 -2.409676 -1.656835 1.948473 1.037110 -1.147921 0.315910 0.195717 0.102668 -0.259002 -0.241376 
5.275957 1.588423 -1.964723 -1.239271 1.759620 1.147645 -0.567412 0.042697 0.500570 -0.157005 -0.190107 -0.220988 
6.721919 1.563845 -2.803858 -1.651891 2.386894 1.336732 -0.889532 0.672656 0.110324 0.333973 -0.254156 -0.235213 
6.906316 1.563675 -3.125782 -1.609118 2.649271 1.544248 -0.992541 1.107881 0.026988 0.544689 -0.265596 -0.233669 
6.308034 1.532563 -2.873438 -1.507638 2.400773 1.624040 -0.528529 0.843961 0.488455 0.371045 -0.186758 -0.209559 
5.493301 1.386772 -2.310188 -1.174150 2.186268 1.526771 -0.301024 0.525660 0.978267 0.109624 -0.112918 -0.203124 
5.355098 1.429080 -2.270086 -1.085461 1.973067 1.682839 -0.510525 0.671480 0.923041 0.060860 -0.123273 -0.208130 
5.598460 1.420920 -2.160122 -1.183758 1.995322 1.514461 -0.439655 0.542911 0.987280 0.016576 -0.172617 -0.210970 
5.878707 1.503721 -2.404755 -1.418085 2.175838 1.482004 -0.477771 0.606227 0.891077 0.077482 -0.210862 -0.226905 
5.756543 1.394771 -2.253513 -1.296262 2.324678 1.379603 -0.456476 0.582115 0.836991 -0.016606 -0.253548 -0.220521 
5.399063 1.270666 -2.099053 -0.820918 2.166896 1.559968 -0.479785 0.508936 0.762412 -0.100212 -0.248739 -0.202023 
5.489245 1.151376 -2.155856 -0.821312 2.351257 1.637526 -0.249107 0.328800 0.800135 -0.146640 -0.242435 -0.182572 
5.861821 1.227913 -2.488025 -0.872916 2.750195 1.536159 -0.100620 0.403701 0.741960 0.052726 -0.240772 -0.171304 
5.817436 1.245976 -2.543254 -0.777849 2.783628 1.703609 0.153153 0.501497 0.786837 0.104552 -0.177748 -0.139681 
6.211380 1.319776 -3.001119 -0.520127 2.882851 1.878439 0.080945 0.803091 0.736055 0.398614 -0.159029 -0.123412 
6.361666 1.544304 -3.394768 -0.496868 3.270246 1.611953 0.312207 0.771302 0.797178 0.585103 -0.165093 -0.115466 
6.160287 1.557678 -3.312715 -0.470118 3.097899 1.957744 0.118883 0.907413 0.829908 0.586231 -0.122824 -0.118634 
5.801476 1.227375 -2.866913 -0.426692 3.046057 1.980516 0.296423 0.763883 1.078448 0.339968 -0.112078 -0.127763 
5.827658 1.314818 -3.149990 -0.454973 3.102037 2.177434 0.121687 1.147380 0.987913 0.453356 -0.166606 -0.139241 
6.072651 1.209981 -3.325718 -0.454977 3.512278 1.816060 0.412665 1.120159 1.021432 0.583316 -0.199369 -0.130017 
5.744964 0.820332 -2.801890 -0.264748 3.109578 2.009745 0.352867 0.978413 1.268945 0.363732 -0.163408 -0.137384 
6.006072 1.179131 -3.066690 -0.413880 3.525367 1.327260 0.310580 1.021883 1.076283 0.614378 -0.230053 -0.142884 
5.303416 0.740255 -2.283313 -0.114307 3.037537 1.456431 0.299126 0.744661 1.229152 0.350077 -0.128683 -0.131152 
5.749312 0.678719 -2.740041 -0.299601 3.631073 1.429085 0.528628 1.049029 1.146951 0.518520 -0.178034 -0.119072 
4.541494 0.350820 -1.402340 0.085436 2.849596 1.615812 0.507039 0.988381 1.432578 0.289598 -0.079356 -0.107360 
5.048298 0.993397 -2.317284 -0.305701 3.481584 1.699241 0.171207 0.918459 1.438681 0.399917 0.004767 -0.112606 
4.859143 0.617873 -1.931903 0.266437 3.272740 1.587107 0.345636 0.830557 1.500418 0.250949 -0.082988 -0.095533 
5.401292 0.796388 -2.719607 0.079333 3.864142 1.672951 0.779354 0.920490 1.568090 0.426228 -0.066472 -0.075403 
4.610873 0.132983 -1.544646 0.581603 3.081614 1.881097 0.523255 0.942103 1.723598 0.181601 -0.056510 -0.065866 
4.385043 0.548608 -1.775075 0.621531 2.918998 1.973454 0.310042 0.968133 1.535223 0.140336 -0.036215 -0.078393 
4.572676 0.513591 -2.057501 0.505620 3.029750 1.831739 0.704014 0.979672 1.816629 0.170788 0.092960 -0.038811 
5.387299 1.061098 -3.532889 0.567419 3.431992 1.776369 1.250522 0.675719 2.306512 0.397088 0.227168 -0.053802 
5.191309 0.922409 -3.303390 0.677465 3.053053 1.787471 1.013759 0.630984 2.288829 0.214633 0.211956 -0.046434 
4.035488 0.502233 -1.855775 0.892275 2.747038 1.666894 0.524515 1.084367 1.820785 0.030183 0.090579 -0.029819 
4.614414 0.082698 -1.722404 1.111496 2.839199 1.544799 0.953770 0.815645 2.108698 0.036879 0.018435 0.012318 
5.088585 1.000482 -2.743820 1.025242 3.371791 1.567361 1.263847 0.865049 2.350831 0.117725 0.150713 -0.011154 
5.075980 1.071012 -2.419527 1.229243 3.175586 1.372488 1.131253 0.929160 2.171925 0.164634 0.142733 0.013217 
4.807813 1.124086 -1.440276 1.046216 2.836092 1.278477 0.467658 1.063061 1.756912 0.213399 0.114927 0.023875 
4.515337 1.398405 -1.001804 0.691446 2.932642 1.437214 0.747190 1.101040 1.692908 0.318831 0.174023 -0.003459 
4.197435 1.556319 -0.362128 0.931441 2.286230 1.359954 0.495529 1.101281 1.448299 0.479676 0.162071 -0.019819 
