2.482967 1.889128 1.512319 1.962857 0.889519 1.163780 0.948746 0.511365 0.412967 0.672687 0.348775 0.074468 
2.366191 1.679223 1.205836 2.351194 1.175091 0.952462 0.644942 0.825671 0.769805 0.673661 0.280767 0.070461 
2.432830 1.882563 1.234927 2.049631 1.288134 0.881612 0.535933 1.102867 0.866120 0.490748 0.271661 0.078136 
2.633196 1.765113 1.476699 1.832779 1.121236 0.732708 0.511240 0.770209 1.014209 0.448441 0.194307 0.078131 
2.656824 1.717389 1.355029 1.908454 1.145731 1.189801 0.464488 0.948425 0.744939 0.553710 0.310546 0.080230 
2.568593 1.866509 1.164411 1.562707 1.037091 1.226812 0.584068 0.996474 0.676361 0.658088 0.249162 0.078157 
2.720344 1.814461 1.385284 2.027781 1.251944 0.986502 0.269675 0.935836 0.587101 0.707247 0.194090 0.079364 
2.578989 1.803001 1.428210 1.873867 1.232377 1.130966 0.613763 0.636943 0.607720 0.487077 0.271084 0.078584 
2.700952 1.807717 1.554851 1.840022 1.122747 1.028116 0.486974 0.801190 0.970592 0.701322 0.197718 0.075969 
2.605986 1.776752 1.538406 1.237816 1.028413 0.904925 0.633143 0.778202 0.793308 0.699701 0.337133 0.078325 
2.850478 2.013206 1.658166 1.334882 0.891566 0.449507 0.451788 0.538316 0.516095 0.688561 0.498223 0.102145 
3.565618 2.517816 1.534720 1.069485 0.504170 0.314461 0.639937 0.965788 0.885226 0.314831 0.107977 0.058017 
4.062358 2.666164 1.287919 0.585860 0.577537 0.689854 0.664064 0.659840 0.684248 0.254478 -0.054803 0.012221 
4.068334 2.366089 1.070823 0.996940 0.900224 0.520351 0.133032 0.745507 0.832125 0.103468 -0.143860 -0.007144 
4.330955 2.364723 0.886373 0.751215 0.941878 0.232380 0.099108 0.815524 0.756333 0.085258 -0.159808 -0.020308 
4.292540 2.446567 0.905115 0.623629 0.761411 0.187597 -0.371079 0.484788 1.053064 0.188020 -0.130706 -0.027895 
4.514426 2.527672 0.617879 0.573324 0.864158 0.024118 -0.509398 0.469081 0.996391 0.171974 -0.098864 -0.032987 
4.541755 2.396467 0.481195 0.408510 0.676004 0.077085 -0.472017 0.325416 0.954622 0.177062 -0.074800 -0.026096 
4.641648 2.363825 0.352277 0.293880 0.607265 -0.211735 -0.562089 0.341644 0.936610 0.187082 -0.071021 -0.025306 
4.676705 2.437424 0.195518 0.056534 0.550311 -0.169526 -0.643909 0.268301 0.931435 0.215494 -0.063732 -0.036734 
4.673313 2.451473 0.124542 -0.138896 0.303027 -0.135516 -0.627980 0.243423 0.835943 0.176414 -0.073236 -0.039400 
4.761293 2.490586 0.023218 -0.247181 0.309572 -0.208340 -0.629001 0.327817 0.842233 0.037031 -0.089026 -0.045477 
4.783941 2.459910 0.191420 -0.142719 0.235924 -0.379289 -0.580699 0.410651 0.796531 -0.033955 -0.161573 -0.060019 
4.945916 2.520158 0.010134 -0.208964 0.381199 -0.292048 -0.670807 0.442985 0.856907 -0.119472 -0.197490 -0.082314 
4.877705 2.566881 0.148730 -0.122159 0.307740 -0.316281 -0.665203 0.432374 0.842487 -0.073022 -0.211424 -0.090636 
4.868286 2.598653 0.298301 -0.026096 0.283155 -0.415399 -0.710265 0.362852 0.857103 0.007886 -0.215465 -0.094820 
4.743651 2.579895 0.375216 0.055047 0.184678 -0.487021 -0.749352 0.319397 0.906477 0.139548 -0.198238 -0.091481 
4.603447 2.553777 0.560146 0.088663 0.007721 -0.601018 -0.828500 0.240333 0.930995 0.294303 -0.179628 -0.081422 
4.730222 2.580339 0.480867 -0.088088 0.073041 -0.607494 -0.841135 0.312133 0.948956 0.344377 -0.113192 -0.075161 
4.866154 2.534824 0.192478 -0.225599 0.138748 -0.626064 -0.864531 0.413522 1.047477 0.347702 -0.046435 -0.065807 
5.199079 2.398560 -0.263796 -0.459811 0.343702 -0.445323 -0.747604 0.515373 1.060949 0.344489 -0.007102 -0.063493 
4.819983 2.206979 -0.270125 -0.491065 0.153770 -0.234839 -0.449481 0.468076 0.998065 0.399383 0.042529 -0.042001 
4.526954 1.891072 -0.307392 -0.462243 0.046057 -0.040313 -0.260496 0.425340 0.952223 0.450669 0.070682 -0.025361 
5.372721 1.912227 -0.792387 -0.702725 0.432571 0.087287 -0.526761 0.449389 1.294563 0.375999 0.094634 -0.038802 
5.424704 1.858240 -0.864474 -0.686938 0.469086 -0.020754 -0.435195 0.684227 1.236587 0.398477 0.099188 -0.024049 
5.459086 1.983387 -1.110729 -0.854159 0.488070 0.135564 -0.233209 0.686268 1.231303 0.345921 0.118114 -0.018155 
4.831585 1.802827 -0.704104 -0.766921 0.085705 0.095551 0.051135 0.874346 1.029848 0.251672 0.144998 0.015982 
6.931243 1.117612 -1.165135 -0.764945 0.453769 0.278454 0.005600 0.871314 1.346322 0.401473 -0.022501 -0.004798 
4.228338 1.620626 -0.490724 -0.632492 -0.024306 0.171126 0.438104 0.962302 0.865263 0.124505 0.099743 0.013936 
5.274167 2.148990 -1.423104 -1.080417 0.843720 0.602160 -0.197738 0.809329 1.330436 0.219499 0.094878 -0.060443 
5.769446 1.826238 -1.402930 -0.737654 0.803196 0.340081 -0.149241 0.930066 1.501990 0.225223 -0.023060 -0.053091 
7.737095 1.167997 -1.849210 -0.791591 1.350798 0.076331 -0.139723 1.149220 1.382491 0.520746 -0.141891 -0.075074 
4.338902 1.642334 -0.549186 -0.507920 0.226880 0.192511 0.307473 0.981068 1.036075 0.253865 0.075629 -0.024711 
5.259136 2.054646 -1.407163 -0.992898 0.936579 0.489262 -0.000025 1.110992 1.414402 0.205123 0.045263 -0.066053 
5.200986 1.585949 -1.178382 -0.653484 0.717001 0.474239 0.270316 1.204293 1.386687 0.048166 -0.028130 -0.033264 
5.788535 1.756557 -1.594796 -1.041317 1.455429 0.659058 0.042335 1.269294 1.520355 0.238133 -0.060335 -0.070440 
5.843159 1.923300 -1.796389 -1.142072 1.586147 0.752093 0.099517 1.318130 1.471721 0.306406 -0.040882 -0.075704 
6.388227 1.551836 -1.814886 -0.976059 1.811372 0.296937 0.282948 1.403825 1.447021 0.415985 -0.144187 -0.061093 
5.250648 1.579642 -1.224484 -0.616108 1.177270 0.525440 0.307807 1.317459 1.483654 0.153117 -0.029355 -0.043903 
5.314382 1.747614 -1.440654 -0.778941 1.388476 0.770507 0.158918 1.343974 1.595962 0.155384 -0.038605 -0.074824 
5.999285 1.806791 -1.718036 -1.013423 2.008483 0.438031 0.033180 1.548024 1.543167 0.396820 -0.155978 -0.099690 
5.975653 1.807933 -1.742182 -0.778986 1.996713 0.385709 0.179926 1.460602 1.532160 0.342824 -0.186648 -0.091503 
5.192245 1.615581 -1.339810 -0.487879 1.654832 0.789977 0.175314 1.316971 1.505031 0.087404 -0.131564 -0.089254 
5.398529 1.782827 -1.574270 -0.546696 1.882189 0.793452 0.175938 1.306743 1.579209 0.145294 -0.141009 -0.104320 
6.713312 2.072253 -2.365603 -1.069038 3.123657 0.015767 0.309709 1.941211 1.024629 0.727702 -0.429894 -0.097812 
5.642523 1.704804 -1.628919 -0.691192 2.357325 0.766407 0.209527 1.546688 1.401989 0.237325 -0.218253 -0.108038 
5.087147 1.660298 -1.337826 -0.371582 2.120985 0.884325 0.380490 1.410108 1.367553 0.116863 -0.194297 -0.108664 
5.328314 1.734420 -1.477083 -0.522693 2.365043 0.797537 0.341933 1.476254 1.413394 0.221544 -0.201404 -0.115553 
5.791576 1.721422 -1.601640 -0.543545 2.419805 0.858817 0.229732 1.601109 1.388778 0.368578 -0.211900 -0.116890 
5.575778 1.688841 -1.359725 -0.344247 2.028541 1.041130 0.266642 1.523663 1.474882 0.274405 -0.160933 -0.105264 
5.263094 1.690711 -1.190750 -0.068919 1.742349 0.981469 0.366476 1.423838 1.680692 0.236394 -0.130828 -0.100651 
5.483325 1.724553 -1.380116 -0.131973 1.849770 0.830689 0.243443 1.617847 1.767179 0.360196 -0.131592 -0.099476 
5.451288 1.553471 -1.303947 -0.099706 1.704289 0.706592 0.122945 1.750045 1.994208 0.418016 -0.113464 -0.093907 
5.253222 1.599946 -1.465063 -0.179951 1.770747 0.641561 0.147610 1.789617 2.117020 0.444743 -0.064565 -0.094755 
4.809130 1.396809 -1.179571 -0.065447 1.593286 0.646420 0.172361 1.640944 2.108401 0.398159 -0.014139 -0.085082 
5.187099 1.619222 -1.593164 -0.236249 1.910633 0.771816 0.030696 1.697122 2.221013 0.515983 0.006915 -0.098813 
5.001884 1.278596 -1.330450 0.029970 1.861204 0.911015 0.064441 1.677389 2.072925 0.462918 -0.006083 -0.074614 
4.772731 1.236406 -1.306819 0.203179 2.058070 0.879438 0.187840 1.557225 2.061256 0.405365 -0.011624 -0.072763 
4.432863 1.032471 -1.174416 0.298161 2.067866 1.038733 0.338572 1.609047 1.905189 0.279626 -0.039382 -0.059924 
4.798162 1.252163 -1.728143 0.010123 2.461415 1.254271 0.288700 1.643336 1.858925 0.221386 -0.057094 -0.059924 
4.245113 0.693806 -1.077748 0.302532 1.856225 0.880250 0.355086 1.712044 1.731620 0.209872 -0.077081 -0.029292 
4.303043 0.704138 -1.339800 0.137486 2.116203 0.758660 0.413311 1.715413 1.739467 0.293008 -0.075836 -0.038102 
4.511906 0.548367 -1.542106 0.004236 2.350215 0.657156 0.464521 1.906205 1.888786 0.411880 0.027437 -0.016169 
5.057167 0.935521 -1.930949 -0.369004 3.105562 0.526163 0.463578 2.107492 2.065328 0.622537 0.038372 -0.006164 
4.210661 0.834752 -1.095441 0.229196 2.068677 0.444776 0.354063 2.024878 1.904726 0.381414 0.106295 -0.007958 
4.460317 0.889545 -1.293416 0.279850 2.130737 0.584284 0.264066 1.952081 2.144952 0.298353 0.114563 0.003384 
5.300321 0.612457 -1.592663 -0.192448 3.036535 0.578521 0.557683 2.333013 1.927464 0.462661 0.014867 0.047021 
4.856680 1.056659 -1.911697 -0.131056 2.978706 0.562119 0.470162 2.091860 1.941752 0.348003 0.044327 0.030909 
4.090041 0.587388 -1.225517 0.456492 2.041402 0.617724 0.233235 1.853507 1.892773 0.122181 0.040762 0.019972 
4.191249 0.945164 -1.173229 0.261334 2.150600 0.312822 0.096361 2.001440 1.846622 0.184193 0.060929 0.020073 
4.335286 0.916661 -1.099611 0.360730 2.046374 0.130609 -0.175394 2.069801 2.133754 0.363280 0.084183 0.012603 
4.501498 1.442206 -1.191745 0.456340 2.297591 -0.011532 -0.127643 2.180450 2.304321 0.552685 0.093101 -0.010810 
4.621060 0.787647 -0.629445 0.691126 2.468350 -0.259970 -0.124689 2.056512 2.147138 0.666314 0.106481 0.030709 
4.475758 1.123448 -0.681342 0.862257 2.477172 -0.086829 -0.180566 2.007348 2.086767 0.479935 0.072917 0.028617 
3.762509 1.260797 0.084942 1.286847 2.031856 0.118795 -0.010070 1.674560 1.789991 0.323714 -0.026718 0.007157 
