2.625362 1.962555 1.853905 1.353910 1.200847 1.176013 0.928465 0.464467 0.408930 0.359242 0.131973 0.079538 
2.522935 1.928523 1.646714 1.320483 1.391528 1.094705 0.761823 0.574173 0.510728 0.332527 0.216809 0.081364 
2.548293 1.766815 1.968646 1.560968 1.355132 1.030950 1.045886 0.677778 0.394978 0.437653 0.271513 0.078495 
2.697982 2.060075 1.970300 1.765555 1.392687 1.097802 1.026788 0.598506 0.490105 0.313445 0.182004 0.077499 
2.639112 2.125761 1.965799 1.389448 1.223088 0.819815 1.199389 0.808303 0.407472 0.444881 0.183159 0.078792 
2.617119 1.869605 1.738104 1.614803 1.075332 1.003836 1.018358 0.593311 0.484559 0.403218 0.171929 0.078283 
2.708846 2.149533 1.980184 1.587063 1.262039 1.068249 0.693077 0.424274 0.466085 0.320802 0.124214 0.075905 
2.611517 1.911755 1.846757 1.347147 1.158103 0.994304 0.785819 0.675513 0.358096 0.271021 0.206614 0.081131 
2.745564 2.003277 1.997083 1.659311 1.260868 1.150723 0.977104 0.766769 0.393731 0.351975 0.261626 0.079442 
2.713726 1.988495 1.718950 1.193716 1.037869 0.938019 0.827288 0.750728 0.437588 0.470101 0.378570 0.085623 
2.642294 1.867588 1.679371 1.106126 0.948105 1.223586 0.831639 0.589978 0.523518 0.547254 0.281069 0.083121 
2.792684 1.960026 1.772980 1.541183 0.999278 0.753742 0.881296 0.676613 0.469697 0.255725 0.198183 0.080648 
2.745214 1.932060 1.783624 1.526585 1.117294 0.882823 0.725677 0.461192 0.350653 0.356373 0.323400 0.083953 
2.721579 1.610806 1.859622 1.739118 1.479756 1.073723 0.642536 -0.141173 0.258088 0.346088 0.211422 0.073794 
2.663353 1.789092 1.666042 1.558448 1.435198 1.205837 0.687431 0.403582 0.497568 0.315701 0.150475 0.077813 
2.713507 1.943204 1.842382 1.719894 1.229835 1.076623 0.540491 0.305851 0.284438 0.330639 0.174001 0.076315 
2.688354 1.859842 1.805753 1.647716 1.108984 1.288025 1.177538 0.471238 0.479144 0.572018 0.076412 0.073475 
2.649376 1.890220 1.955486 1.962075 1.088737 1.055559 1.169925 0.375637 0.129901 0.244226 0.141632 0.071806 
2.953662 2.372620 2.139484 1.629132 1.241150 0.907344 0.587437 0.057452 -0.223248 -0.117442 -0.206881 0.031904 
3.414752 2.816464 2.248963 1.843318 1.389273 0.808490 0.496871 -0.199419 -0.363145 -0.274761 -0.181834 -0.012709 
4.305786 2.846951 2.078710 1.505555 1.295834 0.497416 -0.109564 0.080545 -0.220448 -0.539701 -0.258634 -0.051017 
4.794480 2.906600 1.657319 1.299805 1.127679 0.175106 -0.380456 -0.254000 -0.219265 -0.681739 -0.312372 -0.076839 
3.832119 2.559217 1.526570 1.009562 0.762721 0.108385 -0.274495 -0.405498 -0.529748 -0.779730 -0.320018 -0.074161 
4.144523 2.749356 1.354205 0.937430 0.491920 -0.191126 -0.422806 -0.256860 -0.224351 -0.673027 -0.406043 -0.103821 
3.553087 2.483946 1.433531 0.744803 0.539876 0.321070 -0.155672 -0.538139 -0.736457 -0.715231 -0.325496 -0.070803 
4.529540 2.764105 1.261694 0.784721 0.313492 -0.002975 -0.367892 -0.208598 -0.054377 -0.692465 -0.385587 -0.099786 
4.659113 2.680702 1.034349 0.790414 0.715050 0.148993 -0.582535 -0.313321 -0.366350 -0.771430 -0.278364 -0.050321 
4.717282 2.878839 1.038009 0.326475 0.436846 -0.173083 -0.510182 -0.298169 -0.365582 -0.630043 -0.232454 -0.035409 
3.994047 2.560815 1.015421 0.387677 0.308367 -0.160234 -0.616332 -0.456076 -0.417197 -0.580420 -0.162038 0.003323 
4.578500 2.649744 0.942181 0.226674 0.160498 -0.342822 -0.686247 -0.390459 -0.235345 -0.593509 -0.146646 0.008611 
5.981280 2.625934 0.584191 -0.183785 1.111623 -0.319704 -1.558564 -0.010015 -0.030473 -0.828099 -0.315643 -0.031177 
5.337019 2.806689 0.502675 -0.466239 0.963036 -0.454751 -1.517814 -0.114376 0.038713 -0.868556 -0.197292 -0.028528 
5.886945 3.011501 0.236582 -0.957158 1.678003 -0.529897 -2.116938 0.012823 -0.159273 -0.848051 -0.304152 -0.112655 
5.008112 2.647604 0.421701 -0.562651 0.517474 -0.690936 -1.481583 -0.411632 -0.475360 -0.810942 -0.153731 -0.002509 
5.476716 2.587706 0.287338 -0.707761 1.004534 -0.733051 -2.113374 -0.165437 -0.547598 -0.991421 -0.260838 -0.041480 
5.788105 2.619403 0.153931 -0.910573 1.499555 -0.831474 -2.555243 -0.158145 -0.503052 -0.916285 -0.328239 -0.096321 
4.746025 2.333963 0.435446 0.053683 0.225639 -0.821542 -1.710501 -0.656798 -0.301896 -0.772884 -0.159631 0.003148 
4.337977 2.408801 0.878652 0.404585 -0.065667 -1.004949 -1.645663 -0.726936 -0.225766 -0.517747 -0.117705 0.012320 
3.551152 2.354086 1.099498 0.234518 -0.028505 -0.839594 -1.021755 -0.849570 -0.792978 -0.382493 -0.041960 0.037211 
4.215550 2.453681 0.904765 0.225373 0.227992 -0.222404 -1.535809 -0.776545 -0.303745 -0.317006 -0.077161 0.022265 
4.209855 2.577644 1.319485 0.757401 0.410461 -0.563549 -1.478388 -0.630791 -0.278911 -0.282738 -0.071798 0.029813 
4.165427 2.692071 1.333851 0.684453 0.371823 -0.822203 -1.378257 -0.392393 -0.181875 -0.282371 -0.126431 0.016844 
3.583805 2.292921 1.120926 0.855749 0.404535 -0.547136 -0.966826 -0.666538 -0.317031 -0.312333 -0.155466 0.023410 
3.995932 2.577716 1.129176 0.676480 0.465784 -0.185793 -1.170489 -0.798340 -0.379367 -0.211141 -0.144086 0.006319 
4.642601 2.664482 0.728356 1.140839 0.623922 -0.425664 -1.455137 -0.369596 -0.008701 -0.563360 -0.235130 -0.026394 
6.024789 3.135494 -0.110850 1.223216 1.230685 0.231550 -1.885972 0.191875 -0.260936 -0.855214 -0.534592 -0.059965 
3.576250 2.416925 1.357755 0.794917 0.417161 -0.098043 -0.392136 -0.406102 -0.595462 -0.556582 -0.204541 -0.001184 
4.322052 2.742777 0.973886 0.790642 0.659048 0.006760 -0.556951 -0.116891 -0.342158 -0.561107 -0.273230 -0.029481 
5.389520 3.782691 0.230384 0.301710 1.901561 -0.853277 -0.979453 0.717312 -0.202031 -0.859747 -0.485166 -0.098036 
5.359315 3.739755 -0.200004 0.282556 1.929374 -1.074379 -0.843915 0.607458 -0.517370 -0.581130 -0.522911 -0.043875 
3.461235 2.242466 1.093401 0.393152 0.180226 -0.542269 -0.276701 -0.359036 -0.439063 -0.532531 -0.189730 0.011192 
4.724369 2.912754 0.123524 0.479790 1.351866 -0.891885 -0.742777 -0.142701 -0.284210 -0.775532 -0.246491 -0.009367 
4.891758 2.831808 0.317097 0.076970 1.535159 -0.841154 -0.818844 0.017623 -0.284407 -0.832428 -0.252270 -0.010027 
5.315070 3.259642 -0.092492 0.353150 2.127053 -1.551510 -0.434201 0.046294 -0.270567 -0.799906 -0.428734 0.022196 
4.663001 2.783683 0.590201 0.426566 0.916129 -0.912778 -0.708550 0.194711 -0.208292 -0.731577 -0.178894 0.010850 
4.467861 3.045021 0.825018 0.279743 1.260796 -1.157720 -0.398425 0.082150 -0.463790 -0.809149 -0.125128 0.029677 
4.616381 2.894685 1.002796 0.101126 1.496495 -1.074217 -1.174263 0.262446 -0.407071 -0.673691 -0.128561 -0.003402 
4.829642 3.240846 0.369754 0.255260 1.837660 -1.204392 -1.691892 0.572344 -0.413440 -0.607907 -0.238387 -0.035190 
5.317478 3.459402 0.286321 -0.216658 2.441498 -1.472904 -1.835181 0.841431 -0.516506 -0.607614 -0.401403 -0.085997 
4.448549 2.965854 0.448651 0.414219 1.463777 -1.208640 -1.346533 -0.019778 -0.584760 -0.631318 -0.166969 -0.012088 
4.960074 3.219410 0.254956 0.070892 1.981867 -1.085396 -2.023009 0.592884 -0.775314 -0.864086 -0.331838 -0.081710 
4.763499 3.037171 0.611717 -0.098282 1.746880 -0.947779 -1.775248 0.263856 -0.815963 -0.942737 -0.204730 -0.072204 
4.199946 2.651959 0.801781 0.301885 1.375812 -1.224117 -1.274192 -0.040437 -0.496261 -0.795897 -0.218636 -0.057544 
4.344676 2.600032 0.683638 0.028374 1.666613 -1.073174 -1.458055 0.255792 -0.373725 -0.914242 -0.274561 -0.089021 
4.922621 3.233515 0.139688 -0.529417 2.897189 -1.702924 -1.469650 0.364327 -0.340849 -0.886491 -0.510327 -0.152240 
4.676781 2.703514 0.172644 -0.126151 2.131787 -1.290002 -1.495840 0.476425 -0.342099 -0.696993 -0.433983 -0.116172 
3.998388 2.175371 0.733085 0.260836 1.227220 -1.140392 -0.996855 0.133855 -0.255700 -0.676783 -0.287650 -0.058001 
4.416490 2.242354 0.471681 0.444676 1.305088 -1.129937 -1.567005 0.297555 -0.094605 -0.663657 -0.303881 -0.065200 
4.717826 2.563029 -0.579082 0.470459 2.017853 -1.427006 -1.501989 0.272908 -0.114721 -0.513310 -0.392557 -0.052074 
4.726860 2.242718 -0.210803 0.467022 1.339154 -1.150778 -1.743162 0.436445 0.342873 -0.657516 -0.299113 -0.064429 
4.193495 1.845227 0.434058 0.809730 0.963649 -1.360967 -1.190326 0.460450 0.490571 -0.585173 -0.185638 -0.020966 
4.404181 1.906196 -0.015106 0.708105 1.077379 -1.408149 -1.284649 0.618671 0.713059 -0.639219 -0.109564 0.008021 
4.849690 2.021332 -0.562205 0.438938 1.672850 -1.367476 -1.343283 0.828164 0.645103 -0.466467 -0.080395 0.049848 
4.820490 1.581357 -0.187404 0.673054 1.628327 -1.235101 -1.486354 1.021067 0.759339 -0.132788 0.020351 0.067823 
4.431754 1.044195 0.463529 1.081536 1.244141 -1.209022 -1.256450 0.742130 1.017615 -0.054569 0.150012 0.092010 
4.530192 1.376063 0.282282 1.353918 1.150546 -0.935318 -1.520495 1.046134 1.277349 -0.022732 0.165226 0.112501 
4.551508 1.308332 0.390251 1.446444 1.971047 -0.986164 -1.470887 1.017004 1.260885 0.107957 0.161501 0.104585 
4.745190 1.272965 0.346694 1.738433 2.052719 -0.869738 -1.379477 1.409954 1.155348 0.128922 0.110708 0.126156 
4.568027 1.303896 0.138095 1.891200 1.978327 -0.105493 -0.802017 1.155526 1.307452 -0.167565 -0.004455 0.096092 
4.633497 0.959412 0.482418 1.350912 2.370449 0.468013 -0.784243 1.135028 1.398899 -0.083663 -0.145002 0.033063 
3.097567 1.454509 0.910043 1.102671 1.121806 -0.089474 -0.391464 0.710023 1.042079 0.053843 -0.048628 0.078534 
3.221256 1.601588 1.047550 1.171794 1.398734 0.013446 -0.526046 0.561900 1.105540 0.387129 0.138078 0.073985 
3.187822 1.701869 0.986511 0.674389 1.000599 0.182361 -0.415790 0.473204 0.841238 0.458033 0.275578 0.100543 
3.136884 1.824365 1.437401 1.212746 1.266391 0.435754 -0.494393 0.798410 0.878156 0.489449 0.201923 0.079551 
2.931221 1.909987 1.415089 1.322835 1.490448 0.680700 0.098752 0.537521 0.851714 0.416316 0.162687 0.073181 
