5.053617 3.220481 -0.138558 0.868823 1.608466 1.047127 -0.855162 0.225409 0.840927 -0.503654 -0.192381 -0.145788 
5.521690 3.915051 -0.604715 0.229239 2.534026 0.368964 -1.365908 0.431108 0.507300 -0.409759 -0.284003 -0.222424 
5.034205 2.906751 0.518147 0.541404 1.408366 0.061540 -1.105534 0.118502 0.367905 -0.414797 -0.223955 -0.098366 
5.394707 3.401093 0.119611 0.172539 1.639265 -0.194399 -1.479722 -0.058917 0.272383 -0.310095 -0.183076 -0.126475 
4.836316 3.049423 0.958417 0.473385 0.652691 -0.665392 -0.948283 -0.246470 0.185304 -0.329772 -0.173110 -0.064104 
3.658385 2.213521 1.000585 0.574779 0.311652 -0.238344 -0.819970 -0.369198 -0.155891 -0.247799 -0.291511 -0.061634 
5.771953 2.871572 0.215524 0.414998 1.617280 -0.366187 -2.026634 -0.304113 0.279989 -0.282035 -0.359915 -0.170410 
4.763115 2.528568 0.540773 0.672170 0.918936 -0.446997 -1.610909 -0.419251 0.357431 -0.352537 -0.400513 -0.153490 
4.675528 2.567500 0.533575 0.725979 0.991321 -0.745428 -1.875513 -0.566585 0.319011 -0.202312 -0.417896 -0.168726 
3.871944 2.253308 0.914594 0.614015 0.452903 -0.710119 -1.568756 -0.850012 -0.200013 -0.198498 -0.395853 -0.119833 
6.618271 3.191544 -0.544593 -0.050361 1.623425 -0.815749 -2.512692 -0.586863 0.043380 -0.355314 -0.580086 -0.255141 
5.060632 2.704488 0.258124 0.395982 0.557397 -0.967604 -1.856681 -0.725313 0.118240 -0.413014 -0.336224 -0.146029 
5.209312 2.680477 -0.087611 -0.210345 0.834164 -0.833837 -1.892049 -0.570689 -0.248596 -0.575906 -0.345380 -0.145007 
6.660836 3.047479 -0.782440 -1.459760 2.030815 -1.303444 -2.112094 -0.214718 -0.721184 -0.414647 -0.651043 -0.233734 
6.759447 3.146663 -1.447447 -1.470943 2.174156 -1.384968 -2.119854 -0.050791 -0.895838 -0.194672 -0.765321 -0.232815 
6.246809 2.875862 -1.080160 -1.537148 2.016177 -1.218592 -1.867849 -0.238236 -0.562380 -0.461140 -0.632371 -0.222894 
5.873735 2.605156 -0.988041 -1.166302 1.731783 -1.131655 -1.787683 -0.319425 -0.291153 -0.439263 -0.524456 -0.198790 
5.763442 2.607934 -0.938067 -1.151630 1.733659 -1.274596 -1.795324 -0.301082 -0.152592 -0.332135 -0.503086 -0.206691 
5.397056 2.554379 -0.659662 -0.762340 1.330599 -1.358518 -1.608426 -0.409759 0.035789 -0.256438 -0.405668 -0.178777 
5.383762 2.734842 -0.778874 -0.813702 1.243719 -1.424483 -1.670923 -0.345478 0.110026 -0.129149 -0.361888 -0.179918 
5.812847 3.021944 -1.423652 -1.284296 1.464848 -1.378171 -1.650457 0.073110 -0.186747 0.059178 -0.435094 -0.176200 
5.403364 2.636364 -1.050764 -1.069296 0.864995 -0.913510 -1.387513 0.117313 -0.026282 -0.081802 -0.254837 -0.134041 
5.306379 2.407695 -1.075304 -1.065174 0.442194 -0.657232 -1.126024 0.278417 -0.068881 -0.150848 -0.187988 -0.094905 
5.604261 2.376227 -1.303943 -1.303367 0.578985 -0.621313 -1.097206 0.264674 0.076260 -0.167339 -0.181828 -0.096744 
6.048716 2.529804 -1.958548 -1.564773 1.081205 -0.584766 -1.337768 0.408721 0.017400 0.007608 -0.278351 -0.127050 
5.791441 2.278146 -1.791259 -1.595287 0.835147 -0.275890 -1.188452 0.353148 0.223123 -0.188294 -0.192861 -0.115611 
5.893352 2.278767 -2.158552 -1.687345 1.286413 -0.356966 -1.187987 0.499018 0.209542 -0.003137 -0.249681 -0.135386 
6.028376 2.221595 -2.591530 -1.577621 1.525987 -0.191879 -1.153422 0.598394 0.268357 0.149776 -0.300808 -0.145144 
6.280968 2.318851 -2.932093 -1.679476 1.779300 -0.157615 -1.123472 0.761830 0.171516 0.339063 -0.379707 -0.155850 
6.611312 2.379454 -3.320087 -1.584224 1.825356 -0.126887 -1.085909 0.900773 0.083331 0.490313 -0.481748 -0.155798 
5.815600 2.043807 -2.580992 -1.522643 1.348142 0.162777 -0.968548 0.493180 0.565687 -0.000344 -0.264087 -0.180420 
6.002203 2.204088 -2.921031 -1.555871 1.788694 -0.190329 -0.743493 0.463510 0.385601 0.208587 -0.361541 -0.181536 
6.210259 2.452265 -3.363103 -1.583680 2.359468 -0.710633 -0.444644 0.390118 0.219743 0.482764 -0.545040 -0.163187 
4.341350 1.568112 -1.221124 -0.783509 0.667609 0.119186 -0.296680 0.155284 0.426334 -0.115412 -0.162616 -0.160295 
4.701956 1.387564 -1.379853 -0.865084 1.102787 0.068109 -0.416467 0.165890 0.457654 -0.053846 -0.171276 -0.161241 
6.524913 1.784072 -2.962719 -1.541113 2.689506 -0.707265 -0.318350 0.243424 0.384078 0.439755 -0.472180 -0.176570 
5.240780 1.671143 -2.310528 -1.281229 1.827653 0.244194 -0.747972 0.328051 0.559841 0.044300 -0.239777 -0.216814 
4.332632 1.120627 -1.469259 -0.587196 0.956219 0.387289 -0.322702 0.265273 0.628181 -0.183595 -0.234896 -0.194557 
4.153952 0.973559 -1.279965 -0.456393 0.610271 0.208601 -0.226667 0.230388 0.616856 -0.338919 -0.266350 -0.186967 
5.520829 1.812149 -3.036262 -1.257949 1.820639 0.116874 -0.792655 0.381796 0.606852 0.048279 -0.401369 -0.252905 
4.766077 1.254498 -2.008333 -0.722705 1.178643 0.449129 -0.664836 0.356941 0.687178 -0.230624 -0.271471 -0.216420 
5.469549 1.176234 -2.327948 -0.962629 1.663582 0.475268 -0.702245 0.477250 0.922839 -0.098003 -0.367573 -0.241945 
4.164769 0.979947 -1.329159 -0.351157 1.033854 0.314326 -0.240066 0.607219 0.800232 -0.299437 -0.300761 -0.215239 
5.433460 1.605590 -2.980381 -1.329773 1.832997 0.667930 -0.634940 0.780253 0.923529 -0.133418 -0.409357 -0.275400 
5.156003 1.095475 -2.232526 -0.877891 1.412200 0.686535 -0.488262 0.726447 1.016780 -0.312616 -0.373418 -0.224443 
5.280036 1.353907 -2.524214 -1.327743 1.862053 0.621784 -0.362031 0.704498 0.948780 -0.199756 -0.353088 -0.244874 
4.878537 0.933897 -1.855741 -0.797360 1.545950 0.565257 -0.132864 0.802859 0.919735 -0.283686 -0.330670 -0.197723 
6.062958 1.101631 -2.585610 -1.600589 2.404139 0.471998 -0.251937 1.059549 0.803343 0.083508 -0.462151 -0.234758 
6.051816 1.302444 -2.755694 -1.676126 2.562188 0.565432 -0.297810 1.132275 0.743417 0.163891 -0.463855 -0.245362 
5.332636 1.088869 -2.410899 -1.157093 2.037237 1.048162 -0.339651 0.670032 1.136420 -0.274997 -0.355779 -0.226832 
5.317645 0.874766 -2.218921 -0.956985 2.173454 0.897626 -0.334396 0.752494 0.934277 -0.218809 -0.388470 -0.203291 
5.906637 0.894446 -2.464275 -1.293791 2.554295 0.678571 -0.110138 0.643834 0.941347 -0.094614 -0.448635 -0.196287 
6.198082 0.890486 -2.748147 -1.232946 2.762142 0.889169 -0.403915 1.156514 0.651248 0.114820 -0.454261 -0.201765 
6.110551 0.873981 -2.810298 -0.894893 2.593521 0.923296 -0.211165 1.174791 0.826700 0.096591 -0.454681 -0.185401 
6.288600 0.830210 -3.084510 -0.603993 2.504302 1.043916 0.067552 1.167001 0.997676 0.113382 -0.466158 -0.180223 
6.194691 0.861412 -3.014278 -0.826859 2.819917 1.041298 0.135014 1.340189 0.985779 0.174765 -0.473258 -0.186652 
5.159568 0.562398 -2.161553 -0.218797 2.156931 1.381796 0.207974 1.055742 1.430044 -0.216717 -0.393089 -0.168298 
5.975947 0.494143 -2.544754 -0.525283 2.790486 1.326473 0.321816 1.427591 1.300015 0.111091 -0.436566 -0.174448 
5.561762 0.570316 -2.162928 -0.556134 2.782882 1.323115 0.219829 1.408593 1.375827 0.062368 -0.371273 -0.161542 
4.881140 0.681066 -1.815156 -0.214087 2.432461 1.551916 -0.108927 1.430253 1.477060 0.035215 -0.276929 -0.165074 
5.111799 0.383563 -1.712739 -0.039348 2.246614 1.139751 0.179161 1.079695 1.475125 0.096840 -0.290184 -0.138649 
5.213907 0.866773 -2.318313 -0.548119 2.929580 1.063642 0.333967 1.445044 1.498611 0.206105 -0.306595 -0.167136 
5.308697 0.543256 -2.117656 -0.735143 3.006968 0.697060 0.530448 1.433227 1.517166 0.207786 -0.356908 -0.146266 
4.559533 0.414958 -1.821420 -0.485377 2.619291 1.083949 0.294072 1.486107 1.583919 0.063941 -0.257820 -0.142654 
5.849678 0.338085 -2.066631 -1.458667 3.740219 0.119669 0.811824 1.560577 1.389976 0.531899 -0.427442 -0.091801 
5.131089 0.934997 -2.736980 -0.857996 3.450664 1.248578 0.638964 1.616766 1.585086 0.240024 -0.254768 -0.143994 
4.854566 0.588619 -2.086850 -0.413442 3.199545 1.416828 0.300785 1.541329 1.479049 0.082947 -0.256381 -0.144410 
5.983802 0.405313 -2.247267 -1.099239 4.137495 1.076633 0.488156 1.962734 1.097300 0.436118 -0.390982 -0.151883 
5.711441 0.579946 -2.202098 -0.603719 4.037529 1.130029 0.530214 1.769001 1.159149 0.395645 -0.396512 -0.150456 
4.361378 0.459446 -1.442175 0.537829 2.784220 1.464069 0.648343 1.291320 1.524906 0.009678 -0.288284 -0.134070 
4.737254 0.609271 -1.976191 0.152038 3.072281 1.567545 0.374006 1.425483 1.946717 0.143112 -0.209641 -0.154297 
6.261036 0.575764 -2.751378 -0.912638 4.606161 0.503260 1.309735 1.605241 1.528262 0.824617 -0.417768 -0.083409 
5.560025 0.738736 -2.884700 -0.369845 3.981430 0.894813 0.867594 1.660755 1.643894 0.616113 -0.295142 -0.105120 
3.985079 0.078605 -1.624498 0.584654 2.567194 1.039142 0.325507 1.521729 1.981519 0.194762 -0.193750 -0.124085 
5.373789 0.299525 -2.511167 -0.144971 3.714667 0.839692 0.808771 1.633775 1.651655 0.423239 -0.307730 -0.086608 
5.147246 0.722697 -2.904494 0.132798 3.748034 0.827978 0.974376 1.497327 1.653346 0.355615 -0.325095 -0.071830 
5.201513 1.133463 -2.920359 0.305193 4.028650 0.604999 0.931757 1.437779 1.434739 0.396139 -0.391736 -0.056548 
4.686893 0.887222 -2.034842 0.540865 3.218511 1.134328 0.335662 1.460891 1.678860 0.056563 -0.254234 -0.103579 
4.333205 0.529366 -1.725765 1.077116 2.706479 1.041986 0.355861 1.386872 1.944798 0.040089 -0.226761 -0.120254 
5.183801 0.415276 -2.142571 0.777640 2.954691 0.505921 0.585831 1.314190 1.879077 0.222391 -0.259437 -0.093698 
5.374999 0.864893 -2.776712 0.581927 3.563964 0.231635 0.484812 1.854376 1.532432 0.560687 -0.347892 -0.060353 
4.312160 0.748021 -1.576913 0.590091 2.518340 0.447434 -0.075809 1.573849 1.951749 0.150325 -0.170758 -0.111966 
4.140653 0.408883 -0.981098 0.978335 2.670914 -0.141345 0.440545 1.673518 1.975018 0.319289 -0.196611 -0.077968 
5.307684 0.538298 -1.582728 1.170664 3.289413 -0.581483 0.699940 1.367539 2.010173 0.420032 -0.278599 -0.040027 
5.502369 1.263496 -2.469750 0.821379 3.993357 -0.722230 1.030154 1.549882 1.886822 0.661650 -0.368219 0.009835 
