3.037989 2.047787 1.596636 1.129901 1.280779 1.526939 0.467649 0.429247 0.680159 0.640031 0.505713 0.104750 
2.775900 1.931833 1.398855 1.091642 1.155721 0.931672 0.646488 0.604288 0.500202 0.330929 0.297360 0.083450 
2.804813 2.042235 1.564761 0.870795 0.933676 0.639221 0.205153 0.089269 0.277998 0.288919 0.156691 0.097821 
3.268900 2.732070 2.289782 2.237770 1.928513 1.010835 0.258061 0.115120 -0.050345 0.135426 0.122873 0.035312 
3.239070 2.566847 2.187137 1.493195 1.398375 0.912869 0.419781 0.094483 0.045978 0.143283 0.086463 0.047032 
3.715202 3.003069 2.859747 2.582769 1.674264 1.222872 0.539393 0.101621 -0.123029 -0.156776 0.019224 -0.007550 
3.739769 3.258961 2.878466 2.238650 1.579859 1.076373 0.866141 -0.063674 -0.052788 -0.092373 -0.042908 -0.018449 
3.616083 2.907448 2.871722 2.630124 1.863564 0.942210 0.519466 0.081320 -0.271344 -0.207888 -0.019491 -0.029571 
3.642290 3.313636 3.129330 2.396507 1.657933 0.770791 0.550438 -0.107512 -0.308514 -0.394596 -0.025858 -0.045753 
4.025416 3.699994 2.666634 2.197988 1.619334 0.678978 0.324190 -0.014972 -0.142299 -0.311989 -0.136319 -0.051564 
4.365507 3.820179 3.396880 2.247990 2.174910 0.373523 0.698987 -0.147980 -0.081439 -0.869526 -0.054697 -0.050473 
3.606400 3.561553 2.958679 2.236874 1.353797 0.449757 0.432210 -0.168248 -0.096958 -0.589821 -0.146906 -0.071169 
3.639965 3.500615 2.678845 2.382662 1.549796 0.454882 0.348510 -0.291727 0.104910 -0.660992 -0.164352 -0.077466 
4.068375 3.923536 2.797724 2.722732 1.326807 0.175458 0.098046 -0.068618 -0.118189 -0.944442 -0.108721 -0.094351 
4.170972 3.808269 3.021837 2.282772 1.744244 -0.148705 0.403387 -0.540647 0.081749 -1.064492 -0.113029 -0.086382 
3.409319 2.950913 2.522011 1.943589 1.204195 0.816642 0.131467 -0.088782 -0.463576 -0.446162 -0.315661 -0.084812 
3.805378 3.719885 2.929089 2.468064 1.351997 0.271653 -0.109968 -0.371495 -0.087415 -0.870330 -0.139714 -0.098325 
3.977718 4.230670 2.710638 2.259830 1.400658 0.531434 0.253173 -0.454412 -0.129313 -1.039818 -0.053783 -0.119244 
3.923081 3.946691 2.972772 2.268232 1.426771 0.171768 0.237837 -0.664174 -0.198938 -0.912902 -0.106129 -0.101557 
3.400155 3.137627 2.438856 2.044932 1.031560 0.617060 0.043088 -0.682828 -0.483206 -0.678026 -0.160485 -0.090076 
4.914345 5.181432 2.167218 1.836495 2.316768 -0.241090 -0.244528 0.288643 0.120078 -1.480106 -0.153312 -0.213173 
4.047283 3.918141 2.934395 2.334812 1.561783 0.535652 -0.145165 -0.591464 -0.420223 -0.923958 -0.135575 -0.110037 
3.817947 3.571654 2.748924 2.306172 1.572415 0.649671 -0.195051 -0.612997 -0.493448 -0.708818 -0.176864 -0.102407 
3.830236 3.545625 2.735859 2.019399 1.378033 0.681855 0.129010 -0.224025 -0.551888 -0.796652 -0.147222 -0.096189 
5.220860 4.913350 1.783655 2.208153 2.288952 0.628309 -0.359805 -0.627761 0.203416 -1.296376 -0.169625 -0.195242 
3.797973 3.597721 2.597024 2.206553 1.292867 0.278199 -0.162144 -0.297971 -0.600540 -0.721995 -0.187904 -0.098009 
3.898050 3.409900 2.843585 1.877833 1.079680 0.754639 -0.335249 -0.217413 -0.486981 -0.829025 -0.171650 -0.095846 
4.289935 3.720413 2.715257 1.734591 2.088495 0.774512 -0.547148 -0.561680 -0.842531 -0.882913 -0.171378 -0.113963 
3.949016 3.401562 2.810964 1.747992 1.962665 0.502272 -0.663055 -0.677627 -0.939353 -0.786352 -0.169110 -0.117963 
3.947730 3.227696 2.574844 1.499081 1.464157 0.614365 -0.643109 -0.507166 -0.902408 -0.572099 -0.245954 -0.107823 
4.313146 3.142816 2.753035 1.628364 1.522946 0.458637 -1.125306 -0.855498 -1.040560 -0.648894 -0.263837 -0.122986 
3.939606 3.337481 2.436878 1.406044 1.412871 0.269212 -0.390699 -1.091703 -1.145377 -0.728063 -0.236351 -0.111109 
4.191965 3.139405 2.422542 1.550482 1.189110 -0.051519 -0.529409 -0.726994 -0.753726 -0.997892 -0.234689 -0.108748 
4.665811 3.473755 2.285828 1.753286 2.088033 -0.290105 -0.844350 -0.465372 -1.123180 -1.415940 -0.279915 -0.117800 
3.853303 3.326237 2.275706 1.757661 1.375089 0.056842 -0.277686 -0.789445 -0.932657 -0.952011 -0.188681 -0.112887 
4.014889 3.257838 2.284401 1.840057 1.218186 -0.000829 -0.176567 -0.537883 -0.659993 -0.942784 -0.215568 -0.103753 
5.034450 3.791872 1.484011 1.948197 2.543664 -0.242668 -0.375985 -0.507120 -0.432775 -1.530094 -0.373472 -0.124735 
4.364176 3.416938 1.989034 2.027666 1.751545 -0.029020 -0.321053 -0.705287 -0.699075 -1.256222 -0.203938 -0.105142 
3.524357 2.817962 2.109956 1.647309 1.012318 0.046713 -0.337706 -0.901539 -0.835540 -0.647061 -0.252260 -0.108870 
4.488990 3.260315 2.169160 1.795289 1.605770 -0.337830 -0.421177 -0.800302 -0.975406 -1.133004 -0.264231 -0.102646 
5.015122 3.512721 2.050041 1.747057 2.307373 0.130768 -0.559173 -0.924765 -0.935666 -1.285439 -0.308820 -0.106388 
3.923885 3.033429 2.081976 1.522732 1.219540 0.291176 -0.389364 -0.930586 -0.914124 -0.692289 -0.245559 -0.102406 
3.814141 3.040735 2.176118 1.255403 0.716927 0.327920 -0.002792 -0.731617 -1.084493 -0.751802 -0.233476 -0.099489 
5.239372 3.137010 2.056387 1.527591 2.049125 0.374852 -0.229214 -0.942608 -0.924096 -1.147482 -0.303524 -0.071258 
4.640681 3.301189 1.900115 1.411843 1.018566 0.677232 -0.430439 -0.656488 -1.046399 -1.007165 -0.249313 -0.082989 
3.434084 2.704513 2.078979 1.368041 0.840441 0.122312 -0.501102 -0.724442 -0.845428 -0.648127 -0.239180 -0.092949 
5.325646 3.704425 1.923163 0.878242 1.809340 0.765818 -0.460567 -1.118644 -0.902226 -1.069784 -0.266672 -0.079743 
5.280700 3.641368 1.713271 1.106764 1.711366 0.691565 -0.696093 -1.080604 -0.694657 -1.018425 -0.240931 -0.083073 
4.703484 3.285380 1.892777 1.567222 1.292668 0.222804 -0.980860 -0.976722 -0.650641 -0.477741 -0.226868 -0.078330 
3.678143 2.677499 1.722718 1.247931 0.913215 0.202949 -0.600445 -0.886170 -0.818971 -0.508015 -0.225572 -0.067580 
4.792699 3.058218 1.365719 1.306780 1.932335 0.500934 -0.981213 -1.348836 -0.645331 -0.611395 -0.179550 -0.083370 
4.767834 3.069035 1.336144 1.006748 1.473355 0.813294 -1.062967 -1.363381 -0.515079 -0.571069 -0.168838 -0.075112 
5.951407 2.805225 1.361401 0.524504 3.173031 0.256741 -1.223011 -1.317661 -0.452758 -0.646310 -0.279852 -0.080793 
5.020383 3.211907 1.425886 1.444491 2.129594 0.298980 -1.145356 -1.256556 -0.603213 -0.569140 -0.132022 -0.060102 
4.626195 3.084847 1.654927 1.391063 1.841370 0.263930 -1.089811 -1.055888 -0.801416 -0.460000 -0.099951 -0.036041 
4.789045 3.290335 1.491866 1.260167 1.671728 0.136076 -0.766629 -1.139186 -0.808169 -0.360538 -0.086566 -0.012841 
4.153285 2.960237 1.787854 1.233991 1.040623 0.229002 -0.671479 -1.016765 -0.756111 -0.449464 -0.060303 -0.000891 
5.122375 3.202258 1.262290 1.751255 2.138855 0.035841 -0.749581 -1.113810 -0.750028 -0.572927 -0.081969 -0.002092 
5.043190 3.288569 1.547738 1.586449 2.111838 0.367530 -0.486086 -0.886302 -0.879599 -0.757434 -0.041990 0.019213 
5.077555 3.418196 1.892868 1.488443 1.966039 0.277758 -0.000904 -0.649181 -1.052905 -0.557849 -0.067316 0.025480 
3.545450 2.844567 2.195190 1.609427 1.204469 0.353897 -0.158251 -0.358569 -0.566293 -0.333218 -0.065550 -0.008288 
4.779454 3.496038 2.243393 2.097515 2.198189 0.456469 0.305689 -0.450922 -0.683160 -0.514551 -0.001400 0.018025 
4.215544 3.555784 2.663093 2.007931 1.875240 1.022955 0.151800 -0.648957 -0.512432 -0.033197 0.033957 0.014062 
3.697245 3.037559 2.446478 2.058719 1.605704 1.006230 0.099943 -0.311971 -0.277934 -0.159389 0.008450 0.002436 
3.586598 2.896074 2.446660 2.158457 1.558547 0.769714 0.047721 -0.255028 -0.298049 -0.168441 -0.010039 0.004583 
3.930994 2.930240 2.488166 2.216934 1.762721 0.880020 0.352154 -0.184289 -0.480473 -0.327184 0.031776 0.009006 
3.434616 2.795207 2.307266 1.825047 1.107984 0.684277 0.340849 0.067200 -0.277934 -0.281913 -0.151204 0.003356 
2.979642 2.381508 1.981277 1.762124 1.223348 0.570184 0.260497 0.045849 -0.063914 -0.199984 -0.155821 0.038460 
3.288173 2.702113 2.413002 2.203687 1.736571 1.022167 0.201295 -0.280378 -0.173120 -0.169869 -0.068829 0.003983 
3.167122 2.610115 2.365834 2.021457 1.549014 0.916060 0.219954 -0.082537 -0.188421 -0.074410 -0.012554 0.024833 
3.135168 2.510499 2.185792 1.834200 1.365005 0.879026 0.336486 -0.055793 -0.117134 -0.004469 0.046740 0.044479 
2.866157 2.363496 2.130736 1.634237 1.310852 0.882300 0.524821 0.284697 0.205647 0.133980 0.072324 0.062766 
2.900573 2.408226 2.170426 1.984180 1.375325 1.030404 0.640764 0.309314 0.253295 0.114612 0.197071 0.063204 
2.754488 2.214259 1.852178 1.500569 1.242313 0.737365 0.500893 0.445341 0.340078 0.202899 0.041229 0.073153 
2.774820 2.197125 1.995806 1.625319 1.109398 0.674773 0.587445 0.526502 0.365896 0.292820 0.176506 0.079211 
2.781406 2.227591 2.086699 1.875285 1.647611 1.374161 0.972382 0.568766 0.484320 0.171585 0.049961 0.067887 
2.627786 2.048538 1.780713 1.602753 1.425057 1.152254 0.887557 0.698977 0.486807 0.323832 0.163609 0.076453 
2.693773 2.194367 2.042448 1.741055 1.429873 1.232477 0.883198 0.697756 0.362208 0.259136 0.126987 0.072770 
2.837411 2.291457 2.073288 1.597879 1.166323 1.004777 0.819752 0.448563 0.215146 0.133712 0.059786 0.065901 
2.706953 2.221525 1.989147 1.583990 1.234546 0.855290 0.721856 0.231738 0.191755 0.200821 0.134710 0.073662 
2.715238 2.199612 1.948237 1.747862 1.242020 0.666081 0.524723 0.218276 0.202476 0.100261 0.118281 0.072252 
2.827952 2.303146 1.996062 1.715430 1.387069 0.958794 0.562146 0.104917 0.196634 0.043423 0.087610 0.063344 
2.712487 2.228198 1.931291 1.768818 1.448494 0.869655 0.792252 0.351342 0.379756 0.158392 0.095208 0.070797 
2.717947 2.086469 1.883279 1.655470 1.057605 0.894675 0.590082 0.462397 0.218389 0.220269 0.178675 0.077758 
2.745567 2.244765 1.841476 1.497225 1.151635 0.921020 0.849845 0.453992 0.421984 0.283632 0.126786 0.076487 
