2.991791 2.232823 2.209525 1.163922 1.193314 1.208432 1.225822 0.613557 0.412493 0.458544 0.013263 0.061841 
2.875226 2.556601 1.956787 1.906116 0.794384 0.789783 1.568984 0.631187 0.625554 0.377735 0.154884 0.056755 
1.980121 3.560374 1.644218 2.029944 0.897001 -0.219575 2.619627 0.214867 0.721680 0.682107 -0.049671 0.115837 
1.483817 3.230926 1.448291 1.555217 2.092323 -0.121564 1.623757 0.336063 0.651380 0.539915 0.160753 0.073407 
1.411081 4.198696 1.886589 1.500684 2.680663 -0.800291 2.542908 -0.200945 0.441174 0.712712 -0.019730 0.181352 
1.154643 3.851610 2.202239 1.163681 2.693410 -0.524371 2.231846 0.146926 0.784604 0.707948 -0.093146 0.201477 
1.325846 3.480590 1.989365 0.041407 3.251249 -0.598341 2.668087 -0.185769 0.512910 0.779065 0.056120 0.188704 
1.441070 2.801113 2.182795 0.167256 3.321842 -0.654342 2.153636 -0.101751 0.742454 0.763928 0.076548 0.174514 
1.654583 2.505882 1.483204 0.661048 3.241290 -0.616182 1.780521 -0.273758 0.728052 0.869313 0.074499 0.160824 
1.557128 2.070592 1.066446 0.680462 3.796518 -0.638338 1.353186 -0.081644 1.093580 1.019978 0.013069 0.129907 
2.052238 1.904096 1.089563 0.902224 3.456977 -0.586004 1.404038 0.260439 1.003605 0.709740 -0.200868 0.140296 
1.938355 1.748743 0.914789 0.783868 3.222054 -0.726396 1.627691 0.202051 1.136400 0.842303 0.057222 0.124988 
1.933500 1.930691 0.758617 1.311233 2.210457 -0.405258 1.439474 0.366631 1.208953 0.378374 0.032748 0.107382 
2.167989 2.035723 0.936316 1.311922 2.381182 -0.337308 1.656679 0.091438 1.130362 0.705286 0.182380 0.104964 
2.214889 2.151821 1.052631 1.671339 2.173909 0.330843 1.292277 -0.429485 0.900729 0.515559 0.074140 0.091635 
2.456351 2.039421 1.513439 1.848665 1.987055 0.114015 1.030382 0.282614 1.086397 0.515999 -0.017088 0.086030 
2.517266 2.051573 1.177624 1.815288 1.658846 0.881167 1.436340 0.432268 0.873665 0.310216 -0.017528 0.075262 
3.929686 2.973808 0.884350 1.431367 2.106937 -0.396286 -0.222531 -0.000869 1.101304 0.634339 -0.127735 -0.011761 
4.483793 2.991813 1.051222 0.936828 1.957993 -0.420404 -0.638552 -0.111266 1.189914 0.552096 -0.091173 -0.055152 
4.952582 3.101708 0.607198 0.336257 2.210725 -0.619846 -0.824484 -0.274924 1.080516 0.492883 -0.033944 -0.078567 
5.187388 2.960179 0.200871 0.482605 1.872483 -0.673366 -1.097538 -0.267425 1.087059 0.292145 -0.048124 -0.090291 
5.473971 2.673416 0.166824 0.391713 1.577091 -0.798222 -1.224707 -0.218478 1.138804 0.111300 -0.092354 -0.075888 
6.216813 3.138824 -0.696951 -0.166322 2.197130 -1.307231 -1.075516 -0.445368 1.156437 0.164148 -0.209606 -0.105712 
6.504845 3.197381 -1.060404 -0.355883 2.292534 -1.616134 -0.969815 -0.492016 1.103812 0.225502 -0.295284 -0.101391 
6.357039 2.793373 -0.872551 -0.248505 1.718425 -1.227848 -1.308577 -0.463518 1.158670 0.091614 -0.233263 -0.110613 
5.676910 2.393901 -0.448264 -0.029062 1.323100 -1.073944 -1.536925 -0.316787 1.066273 0.054512 -0.180250 -0.095942 
5.716051 2.586180 -0.705223 -0.262097 1.399312 -0.751463 -1.651767 -0.295852 1.020680 -0.043751 -0.197325 -0.133074 
5.729259 2.352864 -0.608089 0.083548 1.165890 -0.856060 -1.459873 -0.259573 1.059169 -0.163798 -0.309063 -0.134897 
6.555225 2.189532 -0.678358 -0.374163 1.647594 -1.159162 -1.275219 -0.185717 0.822794 -0.108453 -0.485052 -0.156198 
5.642494 2.352037 -0.676019 -0.199913 1.149727 -0.551838 -1.627000 -0.172287 0.854995 -0.223990 -0.363938 -0.181591 
5.150973 2.178601 -0.478587 -0.093826 0.847659 -0.620030 -1.410613 -0.126046 0.758837 -0.248274 -0.368798 -0.171158 
5.651992 2.289869 -0.887859 -0.282240 0.959031 -0.634958 -1.456830 -0.306533 0.733610 -0.259657 -0.363768 -0.179237 
6.029327 2.127775 -1.007404 -0.360004 0.917158 -0.838283 -1.630462 -0.174926 0.651025 -0.176370 -0.403803 -0.175227 
6.113457 2.536268 -1.372341 -0.830965 1.047292 -0.827102 -1.806491 -0.217575 0.564571 -0.154736 -0.388197 -0.203788 
5.654419 2.162018 -0.891844 -0.562540 0.633931 -0.805545 -1.618342 -0.285096 0.621822 -0.262730 -0.330825 -0.166391 
5.726636 2.243399 -1.007359 -0.804475 0.700812 -0.751145 -1.730280 -0.250325 0.519752 -0.261878 -0.321599 -0.172635 
5.621500 2.185575 -0.875096 -0.691021 0.876341 -0.676746 -1.514919 -0.401746 0.594613 -0.223368 -0.311846 -0.178218 
5.714366 2.079865 -0.842977 -0.431219 0.931704 -0.828642 -1.446874 -0.131593 0.490182 -0.134352 -0.368339 -0.175437 
4.678376 2.106032 -0.302542 -0.424058 0.474528 -0.641159 -1.094323 -0.153913 0.267531 -0.074147 -0.319090 -0.161267 
4.778531 1.974822 -0.431446 -0.448195 0.669432 -0.432568 -1.204585 -0.025643 0.371584 -0.207596 -0.374041 -0.177187 
5.131230 1.961263 -0.640700 -0.611726 0.550552 -0.152754 -0.975360 -0.141390 0.305093 -0.410458 -0.321808 -0.143793 
5.540311 1.969962 -0.978624 -0.916666 0.970880 -0.151194 -1.240350 0.285122 0.015118 -0.295629 -0.347793 -0.152733 
4.662891 1.913778 -0.795732 -0.624817 0.576559 -0.059336 -0.725254 0.025883 0.085165 -0.282533 -0.310920 -0.134246 
4.939536 2.045676 -0.915295 -0.735265 0.584367 -0.032503 -0.638599 -0.015309 0.159747 -0.291745 -0.271101 -0.124934 
5.328726 1.828023 -1.073277 -0.467026 0.627683 0.241140 -1.020750 0.065914 0.377590 -0.315710 -0.293247 -0.123991 
6.438712 1.847784 -1.619830 -0.776620 1.190851 0.527620 -1.728336 0.632507 0.058760 -0.054171 -0.355152 -0.149417 
4.500101 1.658783 -0.502973 -0.310474 0.477135 0.287449 -0.411258 0.061334 0.182234 -0.161075 -0.239012 -0.098844 
5.720566 1.959878 -1.207479 -0.635063 1.074073 0.508423 -0.957087 0.370698 0.338923 -0.132545 -0.254047 -0.121813 
5.559404 1.803137 -0.951351 -0.718309 0.891815 0.548083 -0.658189 0.274503 0.372907 -0.204893 -0.224538 -0.104420 
5.582808 2.041926 -1.236397 -0.855630 1.168310 0.617336 -0.907020 0.497481 0.330614 -0.150757 -0.215774 -0.117939 
4.262981 1.590476 -0.607031 -0.353700 0.500778 0.473580 -0.163719 0.371479 0.302471 -0.171399 -0.180462 -0.083650 
5.330416 1.816966 -1.545275 -0.618530 1.223746 0.602756 -0.677103 0.552181 0.431635 -0.022459 -0.185318 -0.111739 
5.106048 1.805477 -1.481882 -0.796630 1.371659 0.733467 -0.569653 0.566510 0.651567 -0.012847 -0.115137 -0.118289 
5.409055 2.088598 -2.096962 -0.772130 1.071085 1.336513 -0.575206 0.469595 0.840357 0.078166 -0.037726 -0.122573 
5.636334 1.942108 -1.882319 -1.218947 1.421616 1.312121 -0.852946 0.819706 0.762331 0.189911 -0.026732 -0.127134 
5.366836 1.867738 -1.895012 -1.089733 1.439570 0.994074 -0.296012 0.369263 1.032065 0.138641 0.036848 -0.113030 
5.450737 2.046056 -2.160593 -1.260753 1.414380 1.463160 -0.607574 0.558627 0.869350 0.175471 0.097578 -0.107108 
5.543266 1.683686 -1.831064 -1.352001 1.529095 1.048733 -0.280588 0.603320 0.802634 0.154358 0.035421 -0.086535 
5.713987 1.915429 -2.039776 -1.634180 1.465341 1.581912 -0.761707 0.835668 1.036303 0.124517 0.056704 -0.129613 
5.253180 1.719863 -1.665138 -1.437977 1.314661 1.381873 -0.325211 0.787817 1.034647 -0.012493 0.069267 -0.095849 
5.244422 1.777528 -1.820362 -1.378755 1.419556 1.411028 -0.246241 0.932814 1.034609 0.004943 0.070368 -0.097508 
5.687425 1.853730 -2.083793 -1.671867 1.544828 2.057713 -0.686990 1.007093 1.180119 0.086074 0.108779 -0.123892 
6.060192 1.842850 -2.361299 -1.718776 1.757827 1.844253 -0.469824 1.079601 0.981474 0.253531 0.031827 -0.127480 
5.644765 1.714652 -2.095360 -1.227333 1.537431 1.516268 -0.041997 0.631482 1.024745 0.018557 0.013375 -0.098622 
5.465090 1.607189 -1.818759 -0.984405 1.530465 1.325549 0.053957 0.500942 0.850901 -0.017025 0.004944 -0.083897 
5.940003 1.817689 -2.072456 -1.405142 1.995186 1.534980 -0.354457 0.552128 0.766566 0.085873 0.007895 -0.107345 
6.186476 1.556964 -1.554791 -1.563091 2.225442 1.881140 -0.927973 0.610809 0.625775 0.044060 0.044265 -0.109321 
5.740575 1.527267 -1.231344 -1.063286 2.259370 1.745878 -0.938281 0.648901 0.656050 -0.026518 0.026901 -0.098184 
5.593191 1.520849 -1.048079 -0.882293 2.402049 1.750557 -0.982895 0.889472 0.647646 -0.066889 0.015076 -0.091833 
4.927987 1.417006 -0.696564 -0.302181 2.170947 1.458141 -0.235411 0.741792 0.669955 -0.120130 0.004348 -0.047235 
5.202302 1.324888 -0.991003 -0.442455 2.428074 1.631116 -0.501824 1.114106 0.869988 -0.132138 0.018699 -0.029112 
6.602715 0.037737 -0.591538 -0.792604 2.912388 2.147276 -0.771417 1.884795 0.763520 -0.151651 0.097727 -0.027747 
6.354493 0.027805 -0.544928 -0.696172 2.929572 1.704847 -0.190491 1.785591 0.784713 -0.068293 0.068186 0.031041 
4.545626 1.010646 -0.835813 0.490767 1.966732 1.511948 0.726001 1.047999 0.829245 -0.248346 0.040216 0.054391 
4.501353 1.346532 -0.981061 0.344029 2.314318 1.331778 0.502210 1.167275 0.850220 -0.217417 0.077713 0.034944 
5.539742 0.874198 -0.908809 0.132795 2.401522 1.505278 -0.100988 1.878348 1.000260 -0.191831 -0.018637 0.065544 
6.760506 -0.230436 -0.291543 0.067717 2.283129 1.717051 -0.742221 2.370697 1.084630 -0.344383 0.047076 0.059417 
5.099501 0.806926 -0.979070 0.476800 1.713213 1.216335 0.155029 1.679803 1.509477 -0.237833 0.053565 0.090215 
4.202596 0.949665 -0.623151 0.648283 1.735042 0.899085 0.506695 1.647167 1.271563 -0.299716 0.153869 0.047701 
5.224362 0.620958 -1.267815 0.463789 2.153243 1.174413 0.429747 2.063518 1.674898 -0.022960 0.120912 0.119319 
5.061195 0.831359 -1.273464 0.342954 2.133717 1.226884 0.659320 2.336304 1.803365 -0.199788 0.159435 0.150415 
5.213762 0.750657 -1.020769 0.332332 2.251309 1.104005 0.258695 2.542709 1.482714 -0.188029 0.136513 0.177573 
3.923970 0.618647 -0.492807 1.120561 1.858029 0.728008 0.568557 1.961399 1.468596 -0.364549 0.141682 0.112725 
4.501301 0.384755 -0.994300 0.966384 1.951094 0.728280 0.636645 2.066778 1.718172 -0.163193 0.217574 0.161966 
4.558400 0.811781 -1.074401 0.546612 2.163169 0.755434 0.313147 2.464060 1.739699 -0.196316 0.267629 0.166388 
