2.607580 2.050889 1.701859 1.408724 1.210034 0.773385 0.869144 0.766786 0.620974 0.404442 0.171367 0.079881 
2.681272 2.066038 1.926772 1.681576 1.369747 1.071908 0.836236 0.813709 0.773169 0.490934 0.225783 0.080821 
2.654844 2.011838 2.003945 1.613686 1.217463 0.875303 0.783257 0.675082 0.799879 0.449436 0.312315 0.083803 
2.642393 1.954563 1.522350 1.474612 1.589361 1.160882 0.763195 0.807728 0.810800 0.569074 0.348111 0.077686 
2.608052 1.932526 1.550457 1.366126 1.335784 1.047004 0.726198 0.660308 0.789459 0.521080 0.302759 0.078062 
2.613553 1.926378 1.608233 1.310984 1.609303 1.202329 0.781656 0.733569 0.874027 0.649093 0.315153 0.077732 
2.679160 1.962041 1.699957 1.504873 1.165259 1.101079 0.753476 0.533729 0.641395 0.539211 0.281473 0.082145 
2.545131 2.041648 1.728998 1.369964 1.388314 0.957839 0.720187 0.764075 0.615524 0.488385 0.369014 0.080074 
2.641309 1.979062 1.909281 1.221046 1.169670 1.045621 0.807542 0.779402 0.910111 0.550066 0.319135 0.082796 
2.689084 1.942296 1.774958 1.139526 1.036975 1.036946 1.101074 1.053220 0.996004 0.539437 0.343423 0.078144 
2.791634 1.934678 1.884420 1.292441 1.082947 1.073342 0.844347 0.829212 0.853766 0.569323 0.353100 0.085153 
2.682102 2.013811 1.670534 1.125859 1.174279 1.055178 0.953995 0.922410 0.792696 0.533299 0.319695 0.078872 
2.652138 1.944891 1.826306 1.420725 1.246265 1.183790 0.722545 0.578980 0.730661 0.544771 0.246386 0.080697 
2.656763 1.810298 1.867855 1.303214 1.378109 1.539323 1.175374 0.793130 0.548897 0.447188 0.318201 0.081118 
2.622725 1.780553 1.313079 1.128055 1.672541 1.709369 0.591669 0.303077 0.522499 0.439604 0.339274 0.086567 
2.901302 1.983194 1.050087 1.026817 1.644730 1.570421 1.312600 0.180842 0.127918 0.439271 0.325433 0.105769 
2.687304 1.800120 1.144028 1.218072 1.914039 1.832830 0.753457 0.173991 0.295434 0.505020 0.421039 0.092982 
2.660369 1.996843 0.711464 1.134886 1.942292 1.833011 1.412103 -0.468253 0.859406 0.152001 0.561998 0.092211 
2.786226 1.862482 -0.431581 0.802947 2.327334 2.574042 1.890589 -0.337172 1.121148 -0.191412 0.300800 0.074100 
2.635596 1.623874 -0.536274 0.696994 2.526244 2.167075 1.944998 -0.340725 0.903417 -0.181161 0.193698 0.095633 
2.574561 1.948140 -1.405722 0.586322 2.953644 1.574050 2.430234 -0.468134 1.540120 -0.099484 0.120417 0.022944 
2.669524 1.861969 -1.575293 -0.120578 3.148157 1.724315 2.663282 -0.267711 1.868777 0.156989 0.133218 -0.019969 
2.748226 2.300044 -1.776420 0.651293 2.852731 2.025217 2.719796 -0.243325 1.788851 0.293882 0.025285 -0.040818 
2.779553 2.198861 -1.955492 0.464489 3.214761 1.897317 2.618015 0.092419 1.866253 0.533598 0.040633 -0.066416 
3.258895 2.391465 -2.155573 0.832553 3.150697 1.566097 2.451745 0.498574 1.771365 0.648204 0.041188 -0.077094 
3.268536 2.366518 -1.711150 0.548856 3.309069 1.664404 2.294057 0.278132 1.722339 0.695511 -0.036004 -0.082696 
3.476523 2.594355 -2.344895 0.578092 3.137667 1.064264 1.792269 0.428796 1.799835 0.937414 0.067477 -0.100394 
3.318829 2.116514 -1.201988 0.134554 2.190479 0.983998 1.215742 0.281944 1.781508 0.958887 0.146584 -0.084468 
3.783487 3.110281 -2.533364 -0.069061 2.863635 0.145456 0.823509 0.328110 1.700992 1.161283 0.275171 -0.061457 
3.566911 2.631828 -1.514535 0.059042 1.806961 0.265128 0.502121 -0.108999 1.810356 1.123442 0.374985 -0.048146 
4.047715 3.218375 -1.329558 -0.296069 2.136825 -0.916906 0.197490 -0.729737 1.755135 1.251181 0.508574 0.038138 
3.770871 2.660155 0.009221 -0.192073 1.941427 -0.998123 0.001444 -1.294308 1.802537 1.279557 0.411532 0.075301 
4.287245 3.371230 -0.069185 -0.378806 2.346066 -1.308124 -0.348095 -1.785049 1.736254 1.162246 0.520792 0.081205 
4.346024 3.640103 -0.390261 0.680103 1.834533 -1.421186 -0.224699 -1.870357 1.453702 1.158938 0.432402 0.054528 
4.609020 3.648057 0.360709 -0.170137 2.614250 -1.357087 -0.594752 -2.166783 1.460159 0.902717 0.448209 0.068193 
5.338051 3.805959 0.586639 -0.535695 2.739505 -1.151288 -0.920126 -1.740123 0.864700 0.605555 0.300455 0.022851 
4.295824 3.121313 1.113807 0.365479 1.053841 0.101760 -0.928051 -1.121696 -0.099406 0.221788 0.070078 0.004395 
4.877068 3.175976 0.622498 0.133460 1.227385 0.153931 -0.778428 -0.853214 -0.123960 -0.094192 -0.005464 -0.039038 
4.543598 2.948976 1.264114 0.068273 0.946916 0.350518 -0.319918 -0.714151 -0.658179 -0.285806 -0.029564 -0.001945 
6.189868 3.937664 -0.121606 -0.914762 3.661013 0.224815 -0.706036 -1.194466 -0.029494 -0.343212 -0.126028 -0.150792 
4.538183 2.705430 0.854096 0.852213 1.899376 0.578491 -0.753831 -1.169641 -0.292828 0.044340 -0.082522 -0.047640 
4.767979 2.757592 0.593004 0.978603 2.285566 0.747947 -0.833890 -1.313418 -0.221651 -0.043897 0.000514 -0.043138 
4.531121 2.372043 0.774468 0.886659 2.455977 0.903932 -0.932057 -1.147643 -0.476985 0.077457 -0.014819 -0.035544 
4.264127 2.308801 0.784865 0.982340 2.085636 0.965846 -0.787159 -1.206372 -0.626276 0.015061 -0.034800 -0.013836 
4.103535 2.231968 0.623003 0.440108 1.667203 1.336089 -0.692552 -1.019631 -0.569436 -0.114916 -0.127302 -0.008459 
4.825455 2.334542 0.434236 0.534909 2.754694 1.128162 -0.986515 -1.411177 -0.571890 -0.126519 0.012185 -0.029329 
4.891752 2.415902 0.401545 0.554499 3.093599 0.954923 -1.149545 -1.359731 -0.545993 -0.058974 0.009710 -0.045029 
3.827725 2.120112 1.048647 1.438153 2.373938 0.743407 -0.999505 -1.334426 -0.722763 0.131877 -0.050903 -0.018045 
4.023934 2.450644 1.071012 0.626375 1.954175 0.911887 -1.057870 -1.305050 -0.397692 0.230476 -0.130555 -0.023688 
4.424913 2.355223 1.379707 1.447351 2.973008 0.417783 -1.288568 -1.510318 -0.405188 0.300251 -0.064017 -0.070382 
3.603868 2.431523 1.316704 1.627436 2.026965 0.569952 -1.032050 -1.392171 -0.110033 0.298226 -0.241013 -0.052680 
4.398663 2.647891 1.338165 1.703142 3.252575 0.645182 -1.323001 -1.659115 -0.091473 0.326476 -0.109174 -0.112987 
4.980862 3.032301 1.139950 1.326534 4.064954 0.118596 -1.100378 -1.842201 0.077746 0.338231 -0.106586 -0.119570 
3.936072 2.412328 1.854204 2.311844 2.808707 0.365478 -1.089861 -1.536349 -0.189443 0.398509 -0.244114 -0.109240 
3.417097 2.257243 1.484489 1.711369 1.839425 0.590355 -0.745906 -0.986215 -0.199289 0.055467 -0.337245 -0.045702 
3.738797 2.615177 1.756441 1.812390 2.331576 0.680638 -0.963274 -1.067675 -0.313421 0.018028 -0.236105 -0.066021 
3.904011 2.635308 1.638631 1.637409 2.855735 0.721224 -0.892312 -1.101293 -0.443319 0.139092 -0.224269 -0.078631 
4.141380 2.505061 1.512610 1.697782 3.007999 0.978155 -0.980383 -1.014762 -0.200498 0.093913 -0.239365 -0.102957 
4.251299 2.558519 1.436677 1.712831 3.141005 0.705169 -0.911474 -0.941891 -0.062828 0.287588 -0.312082 -0.126467 
3.566596 2.332896 1.322177 1.729899 2.371815 1.012472 -0.566942 -0.877574 -0.028193 0.134711 -0.363831 -0.069391 
3.918223 2.495806 1.295498 1.888057 2.713273 0.997031 -0.718114 -0.999894 -0.049220 0.335748 -0.281056 -0.096727 
4.999505 2.852123 1.196791 1.337249 3.966329 0.663003 -1.462390 -0.852090 -0.136830 0.373154 -0.088822 -0.142660 
5.327988 2.804048 1.198288 0.921330 4.435904 0.790213 -1.808970 -0.476383 -0.292200 0.454082 -0.042639 -0.180930 
4.151544 2.662530 1.484961 1.507675 2.880817 0.903286 -1.242217 -0.922438 -0.043248 0.528055 -0.107449 -0.080085 
3.957388 2.486930 1.842882 1.693999 2.719920 0.711347 -1.300724 -0.596378 -0.176627 0.302312 -0.039570 -0.046088 
5.549895 2.814636 0.996136 0.496936 4.520617 0.565532 -1.828329 -0.199228 -0.643994 0.456162 0.105863 -0.103883 
6.019420 2.550062 1.491448 -0.336574 5.111749 0.569732 -1.721808 -0.214225 -0.663521 0.320371 0.107065 -0.107479 
4.560688 2.678858 1.280617 1.172740 2.943737 0.846420 -1.158540 -0.617147 -0.403059 0.161720 0.158415 -0.002630 
4.174523 2.519178 1.191637 1.205373 2.163423 1.016027 -0.745033 -0.982041 -0.157509 0.267686 0.170776 0.023487 
4.564220 2.645302 0.717912 0.767555 2.696945 1.193791 -1.023365 -0.776023 -0.204432 0.098512 0.321231 0.044553 
6.218034 2.548867 0.224845 -0.887085 4.741301 0.879927 -1.038162 -0.829890 -0.469398 0.456044 0.349946 0.063801 
5.993028 2.558343 0.027057 -0.761875 4.125227 0.895272 -1.020165 -0.764207 -0.404807 0.281512 0.370228 0.084063 
4.687868 2.559597 0.561137 0.065553 1.836052 0.973334 -0.215658 -0.594522 -0.585127 0.137135 0.430325 0.168547 
4.399138 2.437423 0.498269 0.107220 1.025795 0.837674 0.217722 -0.187928 -0.424760 0.113591 0.488711 0.202242 
4.589521 2.489294 0.645990 0.237143 1.173510 0.934875 0.381369 -0.121322 -0.320661 -0.104000 0.529703 0.223546 
5.590524 2.216692 0.469671 -0.348175 2.490858 0.499273 -0.037092 0.137855 -0.200724 0.174634 0.462604 0.223339 
4.314203 2.502178 0.748195 0.357132 1.089021 0.904344 0.438262 0.010611 0.024859 0.269916 0.556565 0.188677 
3.898401 2.588660 1.276606 0.877981 1.416124 1.102405 0.689625 0.105315 0.149773 0.343190 0.591354 0.159329 
3.229785 2.424154 1.700796 1.400244 1.027658 0.598574 0.488334 0.386683 0.502377 0.452180 0.359751 0.090403 
4.686090 2.598079 1.133761 0.936848 1.839217 0.648381 1.071649 0.771618 0.492158 0.365068 0.622555 0.219686 
3.878012 2.677851 1.661396 1.187001 1.307656 1.212108 0.995666 0.342202 0.502888 0.451799 0.674320 0.169748 
3.173211 2.418960 1.755961 1.360097 1.137371 1.008830 0.807404 0.560244 0.655906 0.499064 0.468678 0.098294 
3.078495 2.262658 1.618442 1.452285 1.478164 1.359425 1.049103 0.765239 0.674637 0.511142 0.337725 0.081905 
3.452916 2.410205 1.756351 1.292961 1.580201 1.099883 0.549212 0.484934 0.597084 0.606051 0.493337 0.112794 
3.876504 2.399987 1.591567 1.292639 1.623180 1.487411 0.811880 0.369260 0.600447 0.607857 0.446732 0.119171 
