3.316216 2.947557 2.759363 2.081783 1.982597 1.022440 0.244126 0.156076 -0.310053 -0.243399 -0.161484 -0.041048 
3.443105 3.427475 3.124393 2.066138 2.120876 0.624593 0.213279 0.186150 -0.697306 -0.220293 -0.154687 -0.060024 
3.409972 3.190352 2.530013 1.982753 1.830867 0.490892 0.158170 -0.086938 -0.444251 -0.183388 -0.187859 -0.037640 
3.456594 3.273352 3.136863 2.387567 2.159265 0.855963 -0.061290 -0.269029 -0.712795 -0.240550 -0.152005 -0.071225 
3.423505 3.128614 2.876511 2.028384 1.942808 0.688459 -0.172691 -0.194966 -0.602791 -0.284815 -0.204074 -0.063463 
3.586688 3.366847 2.969824 2.017276 2.014611 0.628734 -0.262162 -0.231266 -0.768073 -0.283779 -0.175832 -0.069213 
3.738979 3.381147 2.914880 1.844691 1.745426 0.563551 -0.274423 -0.152098 -0.779035 -0.325406 -0.153237 -0.060233 
3.555582 3.226790 3.073268 2.116143 1.966569 0.712598 -0.369441 -0.378439 -0.647359 -0.420984 -0.152913 -0.076062 
3.773619 3.640399 3.291425 2.419716 2.627834 0.754643 -0.640909 -0.270435 -0.989210 -0.337401 -0.120729 -0.095907 
3.918132 3.572901 3.088395 2.280471 1.955700 0.594846 -0.501638 -0.437856 -0.689666 -0.381059 -0.160651 -0.070579 
3.636195 3.131047 2.607107 1.882249 1.362858 0.564292 -0.206460 -0.455285 -0.482614 -0.357288 -0.195108 -0.049182 
3.578399 3.215333 2.931203 2.045593 1.598228 0.626277 -0.236807 -0.346559 -0.628659 -0.423008 -0.159050 -0.061647 
3.711720 3.738768 3.459470 2.649671 2.352537 0.345284 -0.344443 -0.390334 -0.790792 -0.265189 -0.194554 -0.078191 
3.605094 3.256437 2.928689 1.969559 1.598073 0.556793 -0.319159 -0.351075 -0.650991 -0.320151 -0.167572 -0.055434 
3.765357 3.427576 2.765532 1.933988 1.530144 0.494465 -0.334485 -0.306036 -0.653411 -0.374955 -0.128952 -0.048007 
3.558219 3.272737 2.948749 2.173312 1.726551 0.704727 -0.284910 -0.558551 -0.636537 -0.448128 -0.117337 -0.063832 
3.596737 3.427271 2.971744 2.149068 1.839902 0.507846 -0.230644 -0.507923 -0.801944 -0.343835 -0.142703 -0.062621 
3.568979 3.426513 3.033374 2.243511 1.622547 0.564380 -0.256844 -0.501052 -0.646672 -0.521354 -0.102207 -0.067137 
3.972599 3.631152 3.080639 1.826661 1.636424 0.335404 -0.549029 -0.326861 -0.696127 -0.418950 -0.142678 -0.060566 
3.843235 3.722856 3.484583 2.087951 2.232062 0.720613 -0.466909 -0.186267 -1.109299 -0.421001 -0.120570 -0.097061 
3.789635 3.704808 2.979210 2.197616 1.751567 0.384152 -0.276563 -0.492414 -0.798294 -0.484268 -0.170953 -0.083204 
4.381818 4.367247 3.803189 2.509851 2.771334 0.261396 -0.779030 -0.308635 -0.928063 -0.442112 -0.301584 -0.127143 
3.842124 3.378628 2.935020 2.151305 1.162875 0.400029 -0.309703 -0.380796 -0.616156 -0.539214 -0.208684 -0.086428 
3.690691 3.369723 2.945771 2.125361 1.350149 0.408334 -0.317054 -0.344985 -0.546296 -0.389260 -0.252963 -0.082971 
4.131081 3.965761 3.615904 2.631510 1.841009 0.478239 -0.359433 -0.299648 -0.727235 -0.511585 -0.214098 -0.096151 
5.393645 4.761061 4.380190 1.701382 1.919932 0.208176 -1.089164 0.343789 -1.117205 -0.341477 -0.199321 -0.121400 
4.146816 3.859988 3.195165 2.247068 1.453993 0.445571 -0.393789 -0.421277 -0.659925 -0.480160 -0.203099 -0.077137 
3.844530 3.385572 2.715050 2.038433 1.224474 0.290300 -0.345038 -0.653575 -0.629390 -0.350681 -0.216353 -0.066879 
4.270464 3.915277 3.417971 2.107149 1.874778 0.848606 -0.540434 -0.425176 -0.977764 -0.479721 -0.167177 -0.084385 
3.817621 3.505195 2.991100 2.140007 1.552202 0.637640 -0.219992 -0.613611 -0.738758 -0.403481 -0.152170 -0.068225 
4.660031 3.832623 3.444497 2.013929 3.043107 1.089806 -1.110447 -0.549349 -1.059069 -0.090514 -0.148219 -0.107721 
4.674029 4.063096 3.006881 1.370510 3.613018 1.381065 -1.379940 -0.529267 -1.309311 0.064224 -0.081448 -0.121325 
4.890060 4.103143 2.872280 1.098121 3.265544 1.314226 -1.417073 -0.684254 -1.385518 0.001846 -0.084520 -0.108324 
3.479909 3.049055 2.510762 1.996422 1.725765 0.509438 -0.382776 -0.672302 -0.690365 -0.279421 -0.227783 -0.078687 
4.035711 3.350649 3.155052 2.106867 2.987430 1.163552 -1.325302 -0.763905 -1.233271 -0.236519 -0.091430 -0.134426 
4.992295 4.115471 2.976405 1.010443 4.284990 1.546739 -2.526682 -0.387244 -1.721906 0.079262 0.062173 -0.226302 
4.764710 3.893664 2.758663 0.840068 4.141559 1.453397 -2.183465 -0.550987 -1.644919 -0.013313 0.067543 -0.189784 
3.496493 2.925466 2.514834 1.727344 2.260186 0.416020 -1.173355 -0.721961 -1.071696 -0.200510 -0.137737 -0.101632 
3.432852 2.712032 2.038617 1.619826 1.656331 0.690240 -0.674420 -0.980798 -0.878426 -0.309721 -0.135618 -0.073422 
4.378384 3.401561 3.028763 1.228171 3.505415 1.544129 -2.002219 -0.832194 -1.550020 -0.099937 0.042403 -0.155196 
4.187798 3.467452 2.953341 1.272767 3.799327 1.229123 -2.171389 -0.797513 -1.754594 -0.140050 0.064996 -0.182565 
3.733529 2.981958 2.742138 1.538717 2.860199 0.885124 -1.776328 -0.968923 -1.474540 -0.280188 0.032830 -0.138072 
3.263491 2.637360 2.208256 1.065617 1.580929 0.255990 -1.191151 -0.695479 -1.229438 -0.424499 -0.043122 -0.084011 
3.417112 2.545399 2.074225 1.341800 1.678668 0.647742 -1.329840 -1.262302 -1.320757 -0.411940 0.012960 -0.087406 
3.903292 3.224680 2.725235 1.269131 3.323838 1.049484 -1.858811 -1.101734 -1.790872 -0.316494 0.092583 -0.148578 
4.530482 3.368571 2.869735 0.915872 3.602427 1.535140 -2.452856 -0.920505 -1.912684 -0.146542 0.131244 -0.171791 
3.955524 2.981398 2.436877 1.515395 2.822331 1.064590 -1.509367 -1.238441 -1.400183 -0.296216 0.057234 -0.096621 
3.478119 2.709287 2.240215 1.166582 1.746034 0.685557 -1.105278 -0.816153 -1.252763 -0.368476 -0.001981 -0.065005 
4.277364 3.416066 2.169802 0.709782 3.471996 1.185245 -1.549754 -1.069359 -1.586519 -0.296428 0.110573 -0.088093 
4.087825 3.146105 2.624315 1.557093 3.403472 1.335610 -1.783908 -1.076899 -1.611558 -0.131564 0.116876 -0.119485 
3.940515 3.169711 2.444890 1.485624 2.860051 1.187665 -1.348061 -1.080931 -1.441498 -0.240318 0.073169 -0.078695 
4.343848 3.250631 2.394201 1.551328 3.044478 1.421321 -1.308911 -1.279873 -1.283178 -0.285979 0.091752 -0.063553 
4.304842 3.468487 2.373826 1.463432 3.132396 1.105289 -1.433940 -1.313157 -1.218743 -0.037194 0.015870 -0.074618 
3.677876 3.106267 2.553621 2.168483 2.698136 0.941728 -0.791757 -1.294140 -1.188639 -0.303375 0.103915 -0.072190 
3.817142 3.176497 2.364793 1.711983 2.313455 0.949902 -0.837432 -1.127640 -1.110879 -0.157458 -0.009125 -0.047556 
4.812180 3.602920 2.962908 1.132180 3.743332 1.609919 -1.571886 -0.925745 -1.627625 0.166396 0.114339 -0.092954 
4.086813 3.389142 2.431238 1.977630 3.008125 0.925670 -0.759904 -0.894518 -1.266242 0.157102 0.008878 -0.033819 
3.485903 2.872538 2.335965 1.901450 2.141461 0.593531 -0.429251 -0.750447 -0.747575 0.044891 -0.045674 -0.018141 
3.646514 2.984101 2.449034 2.057803 2.307485 1.378128 -0.136987 -0.762618 -0.713742 -0.053161 0.102152 -0.004711 
3.619297 2.885976 2.653668 2.043251 2.297468 1.449839 -0.025542 -0.366416 -0.613650 -0.100032 0.175192 0.009473 
3.338244 2.887501 2.533456 2.005418 2.001036 1.373594 0.440831 0.202298 -0.107554 -0.007111 0.045301 0.016732 
3.181964 2.783690 2.466413 1.971444 1.988314 1.601773 0.920548 0.401739 -0.133441 -0.116299 -0.052172 0.012377 
3.133316 2.734728 2.512991 1.703551 1.683844 1.080530 0.391876 0.368232 -0.223843 -0.160164 -0.118963 0.007479 
3.020930 2.534706 2.604238 2.060662 1.848715 1.124579 0.299274 0.205975 -0.222632 -0.152446 -0.134403 0.005182 
3.003599 2.558008 2.300778 1.789822 1.526072 1.023394 0.457246 0.249243 -0.119868 -0.145286 -0.089827 0.025315 
3.356253 2.915412 2.824354 2.392125 2.152496 1.434881 0.388103 -0.044090 -0.342601 -0.279489 0.020898 -0.015074 
3.198975 2.937382 2.659153 2.148393 2.227688 1.440972 0.452605 -0.013104 -0.296135 -0.072958 -0.004358 -0.000004 
3.008377 2.570370 2.251240 1.801759 1.693676 1.289765 0.642686 0.190652 -0.228525 -0.086763 -0.024425 0.032221 
2.967637 2.499412 2.210493 1.854993 1.685926 1.206589 0.567585 0.230655 -0.050572 -0.007197 0.028185 0.042977 
2.878895 2.365515 2.177943 1.764526 1.589546 1.258906 0.714715 0.515609 0.130460 0.141417 0.078893 0.058976 
2.642808 2.100659 1.745444 1.490104 1.326012 1.098179 0.889184 0.597328 0.486282 0.343323 0.210333 0.079705 
2.609880 2.094387 1.791919 1.598975 1.348474 1.308372 1.022120 0.681048 0.409884 0.281483 0.187721 0.078324 
2.680914 2.142306 1.868799 1.613509 1.295980 1.022118 0.757301 0.561332 0.320067 0.160237 0.129764 0.075470 
2.666331 2.088149 1.819720 1.511054 1.176708 0.766971 0.669098 0.573114 0.437553 0.276320 0.193380 0.081977 
2.631580 2.050610 1.740454 1.462723 1.191424 0.928612 0.591215 0.475347 0.318872 0.285027 0.217927 0.082461 
2.713257 2.137930 1.847427 1.705336 1.380341 1.008848 0.678076 0.421808 0.221939 0.151394 0.116773 0.072757 
2.708453 2.085962 1.744560 1.459540 1.243006 1.161418 0.821992 0.587914 0.375123 0.282229 0.196376 0.078854 
2.692011 2.126845 1.764524 1.455496 1.298065 1.071178 0.838741 0.558307 0.397954 0.343671 0.186481 0.079458 
2.654605 2.103760 1.848789 1.583235 1.314156 1.065252 0.847818 0.534996 0.399531 0.255449 0.132990 0.076984 
2.588944 2.061218 1.840875 1.573110 1.337494 1.097807 0.806744 0.659176 0.509111 0.256543 0.157264 0.079240 
2.585468 1.960179 1.694791 1.437472 1.201052 1.005227 0.828312 0.595516 0.484967 0.297368 0.172380 0.081776 
2.638896 2.035831 1.761955 1.531256 1.249850 1.080172 0.928502 0.713004 0.386268 0.301215 0.196188 0.079532 
2.600966 2.033857 1.797246 1.465473 1.373750 1.178556 0.885604 0.792871 0.555232 0.341078 0.204375 0.079306 
2.622121 2.059140 1.867672 1.631160 1.455951 1.216366 0.959887 0.655859 0.492380 0.336447 0.167424 0.078465 
2.560854 2.029061 1.792217 1.625493 1.360659 1.073278 0.888078 0.690125 0.536398 0.381470 0.195646 0.079662 
