2.563576 2.002845 1.741033 1.555459 1.361285 1.130271 0.919292 0.774776 0.570045 0.386564 0.217614 0.079935 
2.544094 1.982210 1.692996 1.479667 1.340918 1.156573 0.933182 0.756552 0.573343 0.411532 0.240080 0.080077 
2.566617 2.001657 1.782137 1.609489 1.374803 1.116204 1.008871 0.823710 0.598793 0.412711 0.226203 0.080392 
2.579407 1.978063 1.818685 1.627761 1.430549 1.258215 0.984358 0.684679 0.486339 0.349311 0.241698 0.080281 
2.651660 2.088678 1.832519 1.582027 1.315850 1.118695 0.903720 0.674440 0.517161 0.361614 0.203729 0.078761 
2.708350 2.232580 2.036405 1.827241 1.483103 1.227929 0.988212 0.691466 0.389449 0.244543 0.186580 0.074282 
2.743204 2.260266 1.958409 1.682653 1.344989 1.071894 0.789139 0.499070 0.250999 0.131896 0.084465 0.067188 
2.908763 2.395789 2.170376 1.867712 1.511379 1.131589 0.885443 0.541838 0.303656 0.147779 0.116952 0.062957 
2.978504 2.541732 2.277908 1.956440 1.547420 1.155686 0.845187 0.472725 0.254389 0.117945 0.073822 0.053549 
3.009827 2.561479 2.417195 2.231339 1.765263 1.109381 0.738015 0.378109 0.062113 -0.071130 0.011509 0.032612 
2.947628 2.447617 2.148426 1.820517 1.404718 0.847767 0.408188 0.147201 -0.075259 -0.116413 -0.050457 0.040583 
3.243793 2.852944 2.347933 2.100001 1.285706 0.728674 0.388823 0.098766 -0.067591 -0.240550 0.029402 0.023998 
3.489822 3.072751 2.706377 2.288253 1.503267 0.533778 0.440199 -0.138365 -0.334047 -0.392511 0.097214 0.010998 
3.197556 2.768100 2.395059 1.976948 1.379447 0.636250 0.269932 -0.058753 -0.244942 -0.289454 -0.027572 0.016552 
3.131653 2.709203 2.269531 2.034074 1.380558 0.597649 0.263606 -0.033566 -0.157235 -0.266738 -0.079182 0.016951 
3.390968 2.946307 2.567290 2.405361 1.508931 0.470651 0.169491 0.012134 -0.233349 -0.397692 -0.053969 -0.003341 
4.083665 3.642683 3.119576 2.764466 2.162906 0.094740 0.845625 -0.219358 -0.288955 -0.714255 0.116840 0.003341 
3.588277 3.236778 2.803103 2.317178 1.568443 0.652975 0.362493 -0.230529 -0.364604 -0.356829 -0.026970 -0.014583 
3.177843 2.749984 2.227916 1.874168 1.319688 0.711645 0.257620 -0.147110 -0.233883 -0.275587 -0.116160 0.009022 
3.303516 2.863544 2.343033 1.932484 1.450559 0.867716 0.390303 -0.179704 -0.274487 -0.294149 -0.098776 -0.001797 
4.187694 3.769401 2.939007 2.623045 1.925476 0.741444 0.389114 -0.510204 -0.240764 -0.493714 0.000833 -0.022818 
4.440812 4.010460 2.847869 2.814695 2.374480 1.074575 0.315260 -0.909636 -0.350570 -0.333221 0.019719 -0.018944 
3.184420 2.689384 2.356306 2.064211 1.449582 0.751968 0.164964 -0.177138 -0.344930 -0.238190 -0.136580 -0.001647 
3.393498 2.974173 2.542262 2.086297 1.387405 0.703284 0.114139 -0.304988 -0.405160 -0.285930 -0.070138 -0.007027 
4.521572 3.881777 2.911049 2.482599 1.817186 0.985059 0.354509 -0.606047 -0.497337 -0.453316 0.015514 -0.004067 
4.271687 3.769226 2.805199 2.282771 1.679307 0.960077 0.361512 -0.482271 -0.705031 -0.484174 0.041038 -0.000003 
3.272848 2.844866 2.405933 1.986114 1.273439 0.522953 -0.069284 -0.356584 -0.345023 -0.263151 -0.109706 0.000917 
3.754697 3.209524 2.497894 1.974424 1.464297 0.987659 0.116257 -0.547282 -0.696830 -0.236338 -0.009701 0.000259 
4.617139 3.882171 2.730508 2.120095 1.863784 1.110186 0.089395 -0.658858 -0.603647 -0.400404 -0.006748 0.001697 
3.670025 3.239311 2.633094 1.910970 1.266537 0.668062 0.013585 -0.376909 -0.410976 -0.267308 -0.088048 -0.010080 
3.259278 2.733782 2.284798 1.859127 1.309113 0.641287 0.050362 -0.304954 -0.378245 -0.248480 -0.118041 0.001940 
3.858761 3.420606 2.788510 2.019290 1.324881 0.848350 0.075234 -0.500703 -0.610783 -0.316152 -0.012119 -0.005663 
4.689446 3.907427 2.714353 2.287093 1.671879 0.956825 -0.207818 -0.595754 -0.594721 -0.224488 -0.039685 0.000525 
3.391758 2.908340 2.458138 1.885862 1.275904 0.608799 0.013482 -0.380518 -0.414817 -0.293349 -0.077500 -0.000030 
3.506037 3.064459 2.535389 1.987387 1.311847 0.679412 0.009098 -0.482892 -0.549182 -0.273654 -0.030055 -0.000656 
5.430936 4.399367 2.749428 2.351424 1.953684 1.042174 0.144261 -0.871516 -0.743935 -0.135912 -0.051527 0.008354 
3.967687 3.620821 2.999983 2.332567 1.628377 0.778611 0.005628 -0.546321 -0.624413 -0.243803 -0.044190 -0.016093 
3.595090 3.189953 2.898261 2.357229 1.539280 0.567669 -0.153468 -0.461903 -0.447783 -0.270810 -0.092052 -0.023842 
4.378940 3.916428 3.298518 2.598645 1.753716 0.585239 -0.376849 -0.744866 -0.447237 -0.004152 -0.176858 -0.029564 
4.741615 4.219283 3.318737 2.358420 1.746021 0.811699 0.017246 -0.685505 -0.567498 -0.209498 -0.137881 -0.029342 
3.702435 3.389292 2.984459 2.327880 1.517113 0.682788 -0.020319 -0.460802 -0.486978 -0.314188 -0.107702 -0.035009 
4.434103 3.954991 3.001008 2.242723 1.575710 0.800673 -0.030593 -0.448945 -0.507865 -0.315534 -0.105490 -0.028394 
4.354931 3.822247 3.067067 2.351269 1.538678 0.632475 -0.031472 -0.539632 -0.444933 -0.308609 -0.104807 -0.027497 
3.897869 3.581801 2.978000 2.152827 1.540511 0.683327 0.033487 -0.368573 -0.554388 -0.402629 -0.073073 -0.031395 
4.166857 3.693461 3.061993 2.357806 1.542323 0.643097 -0.203045 -0.513293 -0.502788 -0.178883 -0.124967 -0.026432 
4.330812 4.021144 3.260499 2.572336 1.756194 0.615613 -0.213064 -0.569289 -0.488707 -0.223888 -0.127008 -0.030413 
4.037198 3.628224 3.188893 2.552771 1.871171 0.869787 -0.182567 -0.632348 -0.556741 -0.264509 -0.080130 -0.034717 
4.031565 3.620460 2.972227 2.291112 1.704674 0.592181 -0.270099 -0.551188 -0.416043 -0.154354 -0.140320 -0.028109 
3.758047 3.367287 2.859232 2.101871 1.346046 0.654432 -0.030638 -0.374204 -0.453284 -0.272494 -0.123135 -0.026251 
4.263736 3.783668 2.972174 2.351680 2.011422 1.076419 -0.173774 -0.699799 -0.674930 -0.231772 -0.084035 -0.030773 
3.927788 3.413568 2.795472 2.235078 1.443992 0.568141 -0.212272 -0.474416 -0.388079 -0.201471 -0.144013 -0.026429 
3.780145 3.256511 2.582419 1.813134 1.243720 0.738575 0.105370 -0.375062 -0.451278 -0.278086 -0.101017 -0.015053 
3.713346 3.291553 2.790999 2.050671 1.343410 0.613340 -0.115871 -0.473200 -0.405078 -0.228653 -0.110585 -0.015181 
3.784661 3.435383 2.872446 2.078287 1.347089 0.657799 -0.073269 -0.488007 -0.456120 -0.250929 -0.085917 -0.013630 
4.056443 3.552455 2.854538 2.095449 1.158704 0.455749 -0.057226 -0.340365 -0.335709 -0.220565 -0.096257 -0.010242 
3.345101 2.897994 2.393531 1.710894 1.019663 0.518450 0.075398 -0.210193 -0.250411 -0.203773 -0.149143 0.004237 
4.246576 3.598363 2.710662 2.197887 1.694056 0.896279 -0.065549 -0.532693 -0.534182 -0.267316 -0.067432 -0.016307 
3.440826 2.884101 2.278697 1.762882 1.344867 0.705489 0.030116 -0.391645 -0.443510 -0.273567 -0.107349 -0.000640 
6.758465 3.687210 1.828566 1.902086 1.775902 1.845537 -0.079602 -0.433290 -0.928622 -0.381622 -0.044559 0.038864 
3.438481 2.801481 2.064354 1.433734 1.070413 0.737057 0.256887 -0.222090 -0.425073 -0.290804 -0.119140 0.013152 
3.901166 3.194905 2.316535 1.667048 1.174812 0.723263 0.224538 -0.228388 -0.526457 -0.395520 -0.025763 0.009098 
3.424808 2.808666 2.203189 1.708216 1.293030 0.667814 0.108805 -0.259846 -0.447162 -0.314941 -0.042906 0.016291 
3.775306 3.140714 2.310142 1.799063 1.439448 0.815095 0.049179 -0.446075 -0.565546 -0.276123 0.030027 0.020260 
3.422935 2.965120 2.292329 1.531081 1.018479 0.628677 0.229913 -0.184270 -0.381630 -0.294908 -0.050931 0.016612 
3.438832 2.862371 2.271620 1.714257 1.212272 0.662958 0.104974 -0.114172 -0.219359 -0.234986 -0.087001 0.014310 
3.327616 2.753471 2.221165 1.836498 1.382723 0.892022 0.390787 -0.028107 -0.295957 -0.264390 -0.047412 0.017104 
2.914053 2.360927 2.017126 1.685520 1.297492 0.943266 0.491759 0.146304 -0.091604 -0.127992 -0.067091 0.047421 
3.031351 2.576571 2.389309 2.177932 1.791761 1.271050 0.742472 0.257685 0.062033 -0.043753 -0.019053 0.030891 
2.733160 2.229027 2.007108 1.765871 1.382353 1.103284 0.778681 0.449787 0.196833 0.159340 0.119396 0.068822 
2.664099 2.097967 1.857174 1.656977 1.452755 1.137220 0.806755 0.563759 0.435361 0.292135 0.187373 0.076668 
2.619545 2.070297 1.762350 1.540772 1.310988 1.059112 0.788044 0.586979 0.391786 0.286327 0.168245 0.079015 
2.654497 2.080991 1.787092 1.596038 1.422571 1.168310 0.959866 0.693622 0.489560 0.327890 0.219887 0.079619 
2.634541 2.084633 1.825400 1.534622 1.231039 1.007459 0.748188 0.540312 0.379969 0.283108 0.166961 0.079055 
2.597628 2.051392 1.802253 1.534574 1.299229 1.061492 0.782249 0.596157 0.447954 0.293543 0.181183 0.079563 
2.599320 2.042597 1.774968 1.608770 1.397646 1.163757 0.895925 0.665757 0.556135 0.410117 0.232869 0.079861 
2.609054 2.047844 1.745835 1.483203 1.279882 1.068491 0.892808 0.741342 0.565590 0.396974 0.252343 0.080742 
2.581519 2.041702 1.743170 1.509073 1.309458 1.113144 0.911271 0.763115 0.570683 0.355271 0.197383 0.079884 
2.612547 2.064380 1.790752 1.579572 1.363242 1.172885 0.957851 0.715016 0.518540 0.313465 0.183905 0.079213 
2.603266 2.050317 1.802000 1.620866 1.430120 1.189463 0.969742 0.772040 0.540371 0.361878 0.212840 0.079817 
2.555427 1.972555 1.717393 1.482426 1.260710 1.077065 0.910043 0.748289 0.586814 0.417548 0.243867 0.080408 
2.565569 2.018185 1.753803 1.536562 1.345448 1.123168 0.934227 0.719108 0.540311 0.379357 0.212453 0.080120 
2.551791 1.992976 1.784000 1.610630 1.396570 1.243395 1.004711 0.767841 0.565148 0.391597 0.225878 0.080327 
2.562532 2.018769 1.772639 1.543868 1.370229 1.155797 0.931761 0.752980 0.559196 0.351438 0.216045 0.079936 
2.563363 2.000375 1.751106 1.528296 1.352136 1.165242 0.940065 0.775863 0.584112 0.393362 0.229328 0.080100 
2.544401 1.995487 1.737408 1.531069 1.379121 1.198401 0.998149 0.790912 0.594587 0.400802 0.241214 0.080136 
