2.584780 1.354893 1.244174 0.819806 1.895820 -0.395693 0.710140 0.774503 0.245282 1.146872 -0.089316 0.005656 
2.321954 1.395006 1.363622 0.640794 1.622718 -0.146422 1.090633 0.650184 0.023702 1.246476 0.031106 0.012861 
2.284134 1.529740 1.818970 0.631161 1.384571 -0.537517 1.421806 0.389109 0.086673 1.434249 0.143168 0.043565 
2.187955 1.356595 1.701490 0.895101 1.357750 -0.328978 1.784456 0.328005 0.305537 1.429930 0.154179 0.024756 
2.201956 1.403077 2.017768 1.129833 1.324494 0.306647 1.548642 0.016414 0.130728 0.777295 0.194846 0.056597 
2.461171 1.101623 1.799602 1.848825 1.292956 0.625204 1.218781 -0.781661 0.408849 0.323951 0.509025 0.066249 
2.590999 0.645674 2.217690 1.837295 1.369354 0.765468 1.289028 -0.892872 0.217725 0.129707 0.517581 0.097007 
2.726835 0.968998 2.275044 1.985613 0.824707 0.770943 0.869401 -0.818794 -0.018242 0.037796 0.673985 0.089499 
2.767690 1.296657 1.893607 1.711795 0.356024 0.471206 0.838897 -0.115716 0.102776 0.227111 0.519036 0.082598 
2.832621 1.263098 2.045086 1.567943 -0.275940 0.345267 0.464961 0.068658 -0.336936 0.313418 0.427454 0.084966 
2.939715 1.158652 1.975697 1.321915 0.323869 -0.212003 0.145330 -0.079626 -0.492640 0.422359 0.410911 0.095515 
2.943284 1.253290 2.294421 0.687087 1.116785 -0.390255 0.116128 0.418518 -0.064960 0.206305 0.337777 0.082096 
3.028536 0.764623 2.222153 0.357493 1.397102 -0.419013 0.230765 0.733381 0.070623 0.014544 0.363915 0.103032 
2.841587 0.816628 2.163994 0.341713 1.139470 0.004512 0.679576 1.523556 0.451768 0.265040 0.419644 0.041897 
3.120710 0.393585 1.835243 -0.522532 0.943650 0.696394 1.260158 1.593989 0.309816 0.512749 0.264822 -0.017469 
2.986953 0.503835 1.187099 -0.074268 0.975783 0.633394 0.690710 1.499770 0.264413 0.642289 0.015023 -0.057510 
2.826716 0.501310 0.838635 -0.336044 1.304790 1.244849 0.820330 1.344804 0.074998 0.706706 0.021262 -0.027538 
2.583629 0.498917 0.023009 -0.351496 1.776911 1.866627 1.159335 0.850181 -0.214165 0.301001 0.127941 0.047428 
2.111845 0.821627 -0.635466 0.034796 2.410183 2.927570 1.011869 0.880772 -0.147828 -0.192393 0.233185 0.072294 
1.408735 0.610632 -0.964624 0.245431 2.100241 3.134839 2.160773 0.708245 -0.612211 -0.529327 0.516462 0.038846 
0.748190 1.076377 -2.775646 0.208802 2.008583 3.034745 2.253625 -0.097646 -0.362753 -0.619013 0.370675 -0.048524 
0.534392 0.913655 -3.574935 0.371666 2.141016 3.308346 1.528794 -0.181874 -0.094820 -0.374996 0.219516 -0.024734 
0.644942 1.001407 -3.511677 0.109298 2.169939 3.573724 1.338967 -0.094031 -0.071170 -0.322550 0.291870 -0.014416 
1.075521 1.728218 -3.075766 0.491550 2.971594 3.136097 1.439626 0.180784 0.004367 -0.208627 0.191898 -0.069137 
2.385404 2.616217 -2.616245 -0.040939 2.073293 2.164276 1.038933 0.866611 0.081778 -0.001831 0.175137 -0.129700 
2.914641 2.256902 -1.435219 0.055023 1.317421 1.909105 1.224683 0.527173 0.652092 0.060726 0.261658 -0.134077 
3.707932 3.049770 -2.179221 -0.020292 2.324053 0.778174 0.939506 0.553134 1.139872 0.635358 0.328035 -0.113942 
3.123361 1.695006 -0.475094 0.458792 1.227459 0.859348 0.765139 0.850073 0.954053 0.735630 0.385832 -0.118336 
4.164983 2.672135 -1.722820 -0.072392 3.092489 -0.092719 0.557177 0.199766 1.611634 1.057636 0.367422 -0.106493 
4.017555 2.466830 -0.709617 0.318254 2.251348 -0.051071 0.355296 0.005202 1.533755 1.174632 0.290623 -0.103045 
4.603178 3.513970 -1.859001 0.003406 3.270568 -0.836988 0.156126 -0.400453 1.701648 0.935039 0.283918 -0.100030 
3.640410 2.254010 0.488479 0.821272 1.358407 -0.247818 -0.593914 -0.592360 0.908734 0.645351 0.263615 -0.046251 
4.504408 2.969109 -0.347379 0.879490 2.082817 -1.327526 -0.764426 -1.408545 1.075383 0.390651 0.235128 -0.050707 
4.104322 2.930454 0.496556 0.907334 1.069185 -1.332129 -1.088320 -1.733792 0.701295 0.371131 0.090017 -0.055619 
3.981619 2.555831 0.748734 1.072682 0.613380 -1.271972 -1.921334 -1.658665 0.212269 0.185694 -0.019935 -0.077970 
5.018016 2.777459 -0.391904 2.040927 0.568743 -1.550574 -1.845459 -1.992352 0.210315 -0.308483 0.012835 -0.124149 
4.162799 2.582364 1.265755 1.356038 0.655041 -1.397101 -1.842818 -1.369986 -0.425243 -0.231400 -0.141911 -0.075557 
4.225476 2.736366 1.473912 1.713061 0.822281 -1.533404 -2.008129 -1.767918 -0.458670 -0.201030 -0.221168 -0.094202 
3.602037 2.597027 1.607962 0.894344 0.165497 -0.920076 -1.651105 -1.505773 -0.950959 -0.279861 -0.048266 -0.062609 
4.960290 2.981682 1.409411 1.783328 1.001720 -1.728823 -2.155423 -1.975881 -1.021247 -0.214082 -0.233174 -0.082448 
4.282095 2.921304 1.769052 1.345701 0.735523 -1.392158 -2.566170 -1.938867 -0.967569 -0.477852 -0.217096 -0.086683 
4.117807 3.084697 1.817037 1.018469 0.168967 -1.127654 -1.850759 -1.756553 -0.905342 -0.489847 -0.180973 -0.062640 
3.675500 2.751518 1.756067 0.724615 0.056873 -0.757071 -1.261420 -1.469243 -1.067323 -0.426416 -0.117954 -0.058579 
4.044048 3.131483 2.050959 0.913393 0.353307 -0.744699 -1.258659 -1.511603 -1.105149 -0.464652 -0.166361 -0.057416 
4.382759 3.518510 2.063090 0.746663 0.580231 -0.825500 -1.077490 -1.296832 -0.912277 -0.460099 -0.245314 -0.069382 
4.037382 3.303319 2.049484 0.868295 0.229960 -0.708477 -1.021163 -1.216899 -0.887557 -0.550905 -0.243154 -0.081386 
4.486745 3.455756 2.305282 0.985773 0.711182 -0.614494 -1.398679 -1.196047 -1.152806 -0.805925 -0.256350 -0.096542 
3.822722 3.126059 2.127638 1.302274 0.560630 -0.545939 -1.189285 -1.515352 -1.161623 -0.749130 -0.167951 -0.095442 
4.259347 3.256577 2.237687 1.640925 0.442923 -0.466789 -1.024352 -1.560052 -1.154452 -0.914521 -0.198763 -0.094618 
4.111121 3.602740 2.461004 1.354132 0.241254 -1.121874 -1.050876 -1.148693 -1.201578 -0.924113 -0.237018 -0.103529 
4.896381 3.930652 2.267573 1.255830 0.509688 -1.306337 -0.902497 -1.290100 -1.160139 -0.800325 -0.344500 -0.097326 
4.970801 3.705011 2.155230 1.003639 0.680566 -0.755592 -1.272826 -1.353302 -0.977570 -0.640103 -0.311775 -0.097662 
4.210806 3.299144 2.180935 1.206622 0.415557 -0.938306 -1.129917 -1.250650 -1.013400 -0.640792 -0.257305 -0.087684 
3.534916 2.840036 1.931909 0.866727 0.056418 -0.505545 -0.920556 -0.870060 -0.783323 -0.570220 -0.287837 -0.099027 
5.177900 4.122281 2.171855 0.701866 0.834211 -1.062111 -0.972703 -1.603079 -0.690606 -0.995538 -0.319947 -0.101817 
4.618373 3.790512 2.621924 1.184184 0.574935 -0.881954 -0.965742 -1.646302 -1.058084 -0.960673 -0.307319 -0.102425 
3.992096 3.290726 2.534889 1.348763 0.385665 -0.782934 -1.263381 -1.427348 -1.212759 -0.796102 -0.240676 -0.100922 
3.355117 2.649063 1.879803 0.994585 -0.053706 -0.820162 -1.219506 -1.234655 -1.009840 -0.571529 -0.185622 -0.088261 
4.551340 3.830408 2.442111 1.361899 0.301097 -1.140079 -1.044387 -0.991427 -1.438224 -1.154967 -0.269471 -0.105884 
4.714672 3.637032 2.243072 1.225286 0.515617 -1.166699 -0.838839 -1.445969 -1.279448 -1.130516 -0.279682 -0.091077 
4.822618 3.298369 2.470297 1.118420 1.023185 -1.432262 -1.195740 -1.470550 -0.999507 -0.931392 -0.313769 -0.077474 
3.525558 2.772394 1.974982 1.185265 0.252066 -0.720173 -1.188227 -1.222316 -0.907916 -0.523577 -0.165688 -0.072641 
3.944534 3.146397 1.892252 1.100576 0.686099 -0.791111 -1.261859 -1.258587 -0.798295 -0.405197 -0.227939 -0.065296 
5.093432 3.349072 2.185458 1.591568 2.012931 -1.563945 -2.358106 -1.627255 -0.904939 -0.010795 -0.344450 -0.109875 
4.585849 3.216416 2.306011 1.621773 1.120122 -1.030697 -2.208739 -1.540821 -0.804299 -0.052160 -0.292241 -0.083920 
4.446413 3.336817 2.407191 1.535801 1.335888 -1.279533 -2.373071 -1.475804 -0.690231 0.103469 -0.346763 -0.086525 
3.569128 2.752438 2.076108 1.148555 0.148978 -1.033317 -1.331753 -0.863793 -0.435465 -0.244254 -0.123784 -0.036201 
4.953608 3.515411 2.463782 1.057707 1.754723 -1.119064 -2.908958 -1.423675 -0.628995 0.269609 -0.227863 -0.107321 
4.817899 3.171162 2.118721 0.792400 1.217179 -0.965650 -2.387866 -1.590318 -0.403283 0.282942 -0.136243 -0.068098 
5.487819 3.122983 1.437602 1.120474 1.384925 -1.239262 -1.983089 -1.721079 -0.518069 0.305674 -0.022239 -0.044595 
3.702691 2.506563 1.648426 0.958854 0.178066 -0.946256 -1.588447 -1.095572 -0.401516 0.006402 0.005904 -0.014531 
4.566894 2.968193 1.714252 0.544123 0.705389 -0.354241 -1.339673 -1.619913 -0.617815 0.084362 0.068017 0.018321 
5.482019 2.392796 1.839170 0.654233 1.017742 -0.318715 -1.178938 -1.602526 -0.564011 0.336907 0.178970 0.033100 
5.753430 1.763322 2.030847 0.590566 1.551270 -1.047178 -0.650422 -1.124851 -0.685742 0.665045 0.252122 0.042524 
3.831749 2.233832 1.428043 0.966473 1.046730 -0.263390 -0.922309 -0.645701 -0.116091 0.504988 0.253199 0.061980 
4.386673 2.057259 1.470076 1.220653 1.029737 -0.451664 -0.777161 -0.707386 0.121850 0.662344 0.261172 0.060670 
4.908070 1.850670 1.551344 1.023393 1.705302 -0.893643 -0.172191 0.277900 -0.472736 0.898273 0.376889 0.076759 
4.409410 2.260592 1.418838 1.069205 1.643935 -0.714819 0.231859 0.540001 -0.324583 0.731211 0.383207 0.128848 
4.017828 2.251249 1.570797 1.040661 0.967175 -0.111785 0.402306 0.855948 -0.035666 0.513300 0.504467 0.124276 
4.805416 2.645288 1.888690 1.014844 2.223693 -1.117173 1.131915 1.036097 -0.559383 0.572386 0.258595 0.158836 
4.161625 2.425889 2.178800 1.263667 1.895684 -0.175971 0.789402 0.694080 -0.162348 0.546472 0.287565 0.083429 
3.807688 2.461869 1.993218 1.828811 1.387803 0.251251 0.324891 0.151331 0.015942 0.391304 0.242248 0.049784 
3.932053 2.630243 1.911024 1.278719 1.851833 0.277611 0.402315 -0.330135 0.294432 0.601861 0.127431 0.036087 
4.336146 2.225259 1.959866 0.871027 2.047273 0.023398 0.225102 -0.432368 0.048907 0.780089 0.208461 0.041569 
4.379178 2.325499 2.151915 0.293599 1.869124 -0.012656 0.193166 -0.336264 0.018723 0.861839 0.188699 0.048074 
