2.932882 0.798470 1.018150 1.550631 0.653244 0.422458 0.516351 0.957281 1.120237 -0.174336 0.044792 0.114749 
2.942489 1.201622 1.404335 1.510483 1.048623 0.058353 0.194305 1.041570 1.200684 -0.136358 -0.067535 0.097731 
2.943500 1.444724 1.680787 1.739660 1.473352 0.341212 0.530849 0.770024 0.987287 -0.053802 -0.048049 0.076392 
3.702136 1.380265 1.109218 1.163780 1.119947 0.635957 0.914966 0.728756 1.379526 -0.170095 0.223967 0.103438 
3.658145 1.418954 0.937679 0.867033 1.273415 1.155238 1.033773 0.838752 1.094760 0.054502 0.427883 0.114226 
3.214679 1.644746 1.075318 0.326358 1.259735 1.161774 1.108791 0.557747 0.499591 0.181733 0.326352 0.088768 
3.155222 1.415769 0.800054 0.153888 0.649947 0.858791 1.064797 0.384315 0.484624 0.098899 0.352099 0.112359 
3.453049 1.210168 0.879494 0.293298 0.643658 0.985743 0.605089 0.576515 1.024724 -0.357790 0.218974 0.128307 
3.291906 1.340400 0.499259 0.380281 0.659055 0.998676 0.383273 0.718833 0.840742 0.092713 0.137331 0.083413 
2.902172 1.011289 -0.006486 0.511086 2.498204 1.035425 0.526119 -0.420716 1.280267 0.689629 -0.344234 -0.002715 
3.324222 0.537567 0.230908 0.516494 2.543724 1.541398 1.120196 -0.579122 1.341984 0.644009 -0.455332 -0.047106 
3.209675 0.324068 0.610589 0.655512 2.554887 2.482697 1.785089 -0.570336 1.634795 0.691313 -0.595393 -0.041537 
3.506828 0.188127 0.642736 0.478101 2.453564 2.216778 1.918522 -0.647212 1.671164 0.488199 -0.574274 -0.029614 
3.367126 0.446398 0.455762 0.784549 1.134917 2.942556 1.365177 0.048615 1.199353 0.288994 -0.451531 -0.019777 
3.759700 0.898780 0.461858 0.246412 0.479011 2.777672 1.857625 -0.333876 0.686472 -0.003262 -0.230160 0.037888 
4.176992 1.258083 -0.107103 0.159434 0.367208 2.310504 1.887659 0.140939 0.266173 -0.075673 -0.182779 0.009244 
5.062002 1.420684 -0.560207 -0.465146 -0.389304 2.005842 1.427350 -0.175897 0.618506 -0.073962 -0.045335 0.040497 
4.473347 2.051002 -0.351340 -0.689549 0.235977 0.838152 0.861942 0.726225 0.390094 -0.145545 0.110817 0.038846 
5.360555 2.323685 -0.407614 -0.741095 -0.111334 0.694164 0.706006 0.476859 0.560820 -0.064063 0.092447 0.023703 
5.532539 2.331887 -0.343142 -1.113721 0.797820 -0.669314 0.532554 0.753310 0.432624 -0.145803 0.010083 0.043590 
5.917168 2.546158 -0.372785 -1.337496 1.253847 -1.504758 0.259815 1.116611 0.187010 -0.065295 -0.124504 0.065807 
5.491006 2.460318 -0.043883 -0.949415 0.501073 -1.390747 0.138691 1.041381 0.086246 -0.307830 0.023396 0.082268 
5.772404 2.656230 -0.433043 -1.064273 1.239578 -2.206124 0.121374 1.095851 0.066711 -0.169983 -0.195322 0.101002 
5.850679 2.572327 0.071901 -1.753040 1.620244 -2.407927 -0.071794 1.077154 -0.118323 -0.033462 -0.252442 0.070378 
6.110263 2.919918 -0.837537 -1.481062 2.218543 -2.745956 -0.163635 0.462971 -0.112154 0.279747 -0.448517 0.074343 
6.377708 2.507326 -0.270764 -2.230343 2.366074 -2.532552 -0.200606 0.140025 -0.048703 0.268743 -0.490803 0.028607 
6.155095 3.141821 -1.061631 -2.000269 2.121079 -2.050291 -0.330147 -0.058723 0.012687 0.052447 -0.434402 -0.038036 
5.912299 2.695535 -0.536308 -1.739078 1.105717 -0.918667 -0.750607 0.098750 0.024856 -0.429705 -0.224345 -0.068565 
5.434345 3.008247 -0.509798 -1.400555 0.026642 -0.563137 -0.487467 0.352811 -0.223361 -0.703750 -0.194380 -0.053567 
5.346954 3.137696 -0.353131 -1.500726 -0.117425 -0.942232 -0.307614 0.550778 -0.488996 -0.716660 -0.246596 -0.047050 
4.699644 2.990013 0.151152 -1.280782 -0.708234 -0.927474 0.259282 0.143038 -0.705411 -0.733076 -0.164873 -0.032477 
5.137601 3.176446 0.049222 -1.839431 0.495357 -1.665477 0.026199 0.485287 -1.178165 -0.521503 -0.387008 -0.033504 
5.286712 2.986699 0.206672 -1.861999 1.100559 -2.070616 0.008776 0.339156 -1.394651 -0.319544 -0.486440 -0.026980 
3.912215 2.685619 0.704255 -0.890666 0.038909 -1.306035 -0.303667 -0.227428 -0.861585 -0.415800 -0.319722 -0.074259 
3.574268 2.170746 0.522695 -0.763672 0.144971 -0.901547 -0.586734 -0.742743 -0.959427 -0.291655 -0.274652 -0.064027 
4.474409 3.024766 0.524049 -1.349180 0.559073 -2.190201 -0.462875 -0.061991 -1.110468 -0.129468 -0.388113 -0.054659 
6.171801 1.570752 1.624107 -2.894257 2.147666 -2.722721 -1.072577 0.112086 -1.087353 -0.019807 -0.760905 -0.056299 
3.868391 2.412091 0.442309 -0.705190 0.306445 -1.895303 -0.880333 -0.400802 -0.788213 -0.064067 -0.335108 -0.070281 
3.473891 2.300770 0.541694 -0.871584 -0.421969 -1.140827 -0.882245 -0.893643 -1.035121 -0.186956 -0.171630 -0.056479 
3.859181 2.464019 0.572716 -1.242069 0.234030 -1.705303 -0.793625 -0.292973 -1.358070 -0.122784 -0.244575 -0.058107 
4.214917 2.251179 1.014761 -1.684555 0.414977 -1.685008 -0.846332 -0.195546 -1.445843 -0.089580 -0.203780 -0.072366 
3.831807 2.472834 0.779755 -1.510655 0.029466 -1.490211 -0.904021 -0.385363 -1.308241 -0.111699 -0.172903 -0.056845 
3.673334 2.655208 0.137646 -1.309451 0.472313 -1.450425 -0.763884 -0.800878 -1.169676 0.093305 -0.214452 -0.021558 
3.819943 2.037392 0.439081 -1.056047 0.584930 -1.183180 -1.328063 -0.489510 -0.855686 0.022310 -0.150129 -0.066152 
3.740510 1.895719 0.656031 -1.186465 0.258923 -0.946621 -1.187278 -0.250017 -0.858375 -0.083916 -0.163060 -0.060587 
4.020704 1.705642 0.603641 -1.030324 0.854591 -0.605517 -1.222913 -0.241994 -0.907865 -0.143150 -0.146898 -0.052182 
4.091016 2.767138 -0.041103 -1.403694 1.445886 -0.815441 -1.110918 -0.468028 -0.867464 -0.123127 -0.153930 -0.044112 
4.348631 2.462634 0.642594 -1.211087 1.259351 -0.745690 -1.209531 -0.088505 -0.949817 -0.128278 -0.174226 -0.071509 
3.826649 2.309137 0.955242 -0.501093 1.099429 -0.509140 -1.533704 -0.392431 -0.733364 0.142875 -0.244731 -0.079683 
4.211901 2.334046 1.746223 -0.609783 1.877660 -0.672692 -2.041563 -0.280615 -0.994979 0.165511 -0.077670 -0.108122 
4.343156 3.030248 1.933165 -0.830474 2.536625 -0.774677 -2.335197 -0.566871 -1.020956 0.248865 -0.025897 -0.114253 
4.293596 3.840673 1.496464 -0.448359 3.074729 -0.559448 -2.547200 -0.771880 -1.127317 0.133299 0.069498 -0.128567 
4.715749 4.402541 0.997813 -0.167639 3.140331 -0.580951 -2.164008 -0.651309 -0.992704 -0.050206 0.046823 -0.124292 
4.058931 3.356889 1.562791 1.011433 1.331838 0.337702 -1.388284 -1.051734 -0.572280 -0.481565 0.111299 -0.009227 
3.357224 2.860065 1.795092 1.016004 1.366273 0.028575 -1.043500 -1.183359 -0.715953 -0.113993 0.061251 -0.011796 
4.379178 3.297434 2.074506 0.846316 3.037424 0.075014 -1.711207 -0.863476 -0.708970 -0.248040 0.095138 -0.058702 
4.286087 3.917348 1.858140 1.002574 3.857484 0.286001 -1.973342 -0.940355 -0.510829 -0.178628 0.183333 -0.122252 
3.987024 3.313739 2.309940 1.549364 2.561452 0.577792 -1.136173 -0.815613 -0.549589 0.038421 0.072885 -0.034101 
3.663877 2.987622 2.110231 1.494938 1.652132 0.422025 -0.364761 -0.799930 -0.350804 -0.156220 0.086715 -0.003081 
3.875898 3.201799 2.737985 1.284534 2.324177 0.519532 -0.389187 -0.690892 -0.447347 -0.341525 0.121596 -0.011139 
3.726738 3.517320 2.558563 1.209144 2.380231 0.857343 -1.114595 -0.525295 -0.521610 -0.316280 0.193542 -0.034129 
3.440707 3.185329 2.446045 1.436649 2.202739 0.702997 -0.740271 -0.751796 -0.633698 -0.375900 0.249001 -0.034072 
3.517283 3.270000 2.535111 1.305343 2.011272 0.533077 -0.535440 -0.703252 -0.038203 -0.683074 0.251409 -0.037084 
3.361495 3.578357 2.578638 1.338864 2.419310 0.509091 -0.747727 -0.902059 -0.117332 -0.566460 0.278271 -0.063530 
3.522381 3.609946 2.307707 1.226632 2.094822 0.599116 -0.501123 -0.923516 0.048231 -0.602202 0.261096 -0.049209 
3.564577 3.227807 2.026185 1.818586 1.930750 0.516159 -0.690845 -0.728786 -0.313291 -0.617401 0.312871 -0.048054 
3.513433 2.925866 2.164495 1.275796 1.357738 0.168459 -0.212557 -1.042327 -0.388337 -0.346248 0.231750 -0.021815 
3.885045 2.970989 1.984005 1.760814 1.853231 0.492338 -0.605916 -1.708293 -0.564206 -0.338070 0.245481 -0.026013 
4.311804 2.913782 1.764735 1.515493 2.353485 0.673861 -0.740639 -1.948569 -0.277336 0.116954 0.157435 -0.033360 
4.493603 2.469066 1.362305 1.500103 2.387470 0.453638 -0.356881 -1.458249 0.214137 0.071387 0.132536 -0.035138 
4.100291 2.283466 0.741175 0.908489 1.807815 1.145190 -0.149530 -0.555029 0.017324 0.440083 0.124442 -0.051516 
4.619070 2.444546 0.199881 0.567135 1.803520 1.670607 -0.288380 -0.490042 0.255454 0.187399 0.170614 -0.049971 
5.553018 2.649860 -0.459667 -0.200849 2.084316 1.684031 -0.471714 -0.412139 0.602868 -0.023661 0.207055 -0.055609 
5.009871 2.356007 0.111710 0.022518 1.705218 0.922461 0.072056 -0.138084 0.381588 0.168531 0.176317 -0.018670 
5.042756 2.785930 -0.046168 -0.220924 1.286485 1.457819 -0.116737 0.030577 0.377320 0.139635 0.204803 -0.018629 
4.863202 2.601843 0.305588 -0.097775 1.391800 1.329383 -0.122052 0.122024 0.721935 0.258025 0.076005 -0.079879 
4.565375 2.239670 0.261081 0.517356 1.602293 1.298138 -0.059100 0.008786 0.612835 0.705196 0.070860 -0.098910 
4.636636 2.226348 -0.098941 0.109650 1.964371 2.170019 -0.308636 0.166412 1.007256 0.422238 0.087813 -0.136719 
4.444011 2.125833 -0.055993 0.331319 1.753438 1.902876 -0.003585 -0.000098 0.908684 0.440118 0.060960 -0.118290 
4.073023 2.014397 -0.142213 0.507636 1.702646 1.335219 0.096636 -0.032995 0.650281 0.602947 0.076962 -0.101726 
4.048124 1.859867 -0.308828 0.416133 1.756945 1.335519 -0.036383 0.190395 0.986201 0.416502 0.048854 -0.115139 
4.690371 2.075107 -0.936015 0.371143 2.023095 1.441767 -0.153495 0.168298 1.197143 0.434444 0.199220 -0.104938 
5.094358 2.323152 -1.579681 0.328813 2.221648 1.624681 -0.199489 -0.050356 1.643426 0.211170 0.309631 -0.128197 
3.910169 1.947856 -0.090526 0.585123 1.512234 1.061137 0.303948 0.148428 1.138347 0.388698 0.338097 -0.056339 
4.654352 2.351163 -0.574468 0.587424 1.743792 0.919809 -0.239922 -0.277251 1.561420 0.268338 0.439863 -0.055936 
