3.073917 2.545073 2.363923 1.930032 1.618563 0.994808 0.411587 0.191504 0.167239 0.042086 0.015303 -0.003707 
4.047211 3.584928 3.923112 2.909554 2.660933 0.999331 -0.250130 -0.344578 -0.131813 -0.302383 -0.110942 -0.078986 
3.398246 3.096222 2.735979 2.230721 1.474024 0.754914 0.077819 -0.022063 -0.390898 -0.288216 -0.115911 -0.068792 
3.004445 2.540153 2.215755 1.702388 1.098017 0.453255 0.044482 -0.078421 -0.178870 -0.232191 -0.159401 -0.070489 
3.714766 3.359959 3.055224 2.782606 1.905611 0.719894 0.021326 -0.471510 -0.556397 -0.252080 -0.181102 -0.100715 
3.879682 3.471964 3.112386 3.184519 2.539491 0.997797 -0.781894 -1.196578 -0.774981 -0.274177 -0.199161 -0.155879 
3.811580 3.217335 2.631590 2.583113 1.992217 0.753991 -0.778343 -1.054758 -0.656828 -0.282683 -0.186092 -0.120151 
3.508971 2.925610 2.492881 2.174402 1.486113 0.401572 -0.705553 -0.847941 -0.548434 -0.317317 -0.226310 -0.106446 
4.074820 3.377443 2.774120 2.828144 2.353147 0.808311 -1.409367 -1.582438 -0.634259 -0.139774 -0.326919 -0.166033 
4.106053 3.388371 2.855535 3.308641 2.511166 0.687838 -1.385265 -1.722640 -0.831788 -0.334435 -0.337024 -0.201176 
4.696657 3.632333 2.283700 3.012827 2.654978 0.674700 -1.388941 -1.794716 -1.070392 -0.385419 -0.308132 -0.183665 
3.895357 3.134332 2.276038 1.755515 1.536206 0.578548 -0.822098 -1.449247 -0.996585 -0.442599 -0.263501 -0.119839 
3.770200 3.086212 2.334845 1.904136 1.311341 0.310461 -0.806095 -1.130908 -0.970516 -0.593593 -0.258148 -0.121864 
5.077418 3.424974 2.081647 2.541606 2.213763 0.614796 -1.174336 -1.444642 -1.060049 -0.399006 -0.280809 -0.138440 
3.289359 2.695227 2.121841 1.477578 0.793037 0.079031 -0.561188 -0.835898 -0.819927 -0.528545 -0.329676 -0.111349 
3.807775 2.942950 2.199055 1.874756 1.444926 0.320001 -0.855916 -1.294154 -0.781847 -0.479742 -0.320362 -0.126006 
3.544323 2.738784 1.980092 1.614356 1.163307 0.259336 -0.828967 -1.166425 -0.902151 -0.511908 -0.327795 -0.120852 
4.970079 3.170320 1.743353 1.939213 1.670747 0.338470 -1.412429 -1.851647 -0.933557 -0.524399 -0.313505 -0.149049 
3.286821 2.398126 1.654263 1.249183 0.709985 -0.126711 -0.978468 -1.202688 -0.925881 -0.579503 -0.362790 -0.123256 
4.543408 2.912963 1.881024 1.847547 1.805773 -0.037943 -1.323228 -1.518630 -0.872552 -0.454759 -0.342221 -0.141955 
3.852154 2.784679 1.752823 1.401063 0.892159 0.106019 -0.836644 -1.227674 -1.080220 -0.638795 -0.316525 -0.110996 
3.873482 2.759040 1.901346 1.633144 1.310603 -0.025008 -1.255498 -1.531617 -0.976914 -0.490150 -0.334061 -0.129198 
4.442538 2.986181 1.673383 1.325976 1.587173 0.260794 -1.320639 -1.579823 -1.014271 -0.493772 -0.297265 -0.123817 
5.097149 2.933847 1.138207 1.414412 1.860188 0.321287 -1.628290 -1.567098 -1.021482 -0.516668 -0.288088 -0.136711 
4.035508 2.736448 1.446063 0.998488 1.197785 0.389476 -1.112414 -1.539872 -1.117919 -0.593499 -0.307263 -0.114131 
3.672233 2.455299 1.488008 1.110039 1.074541 0.109312 -1.127777 -1.426649 -1.077709 -0.563427 -0.340548 -0.121553 
4.958087 2.801982 1.014655 0.552665 1.848351 0.512497 -1.604666 -1.167225 -1.137123 -0.568054 -0.280230 -0.133098 
4.953685 2.907539 1.241177 0.255328 1.753705 0.904209 -1.684231 -1.212600 -1.176307 -0.501121 -0.223922 -0.126675 
4.042201 2.604524 1.457289 0.974906 1.439019 0.396211 -1.387096 -1.445085 -1.032979 -0.545352 -0.295349 -0.122242 
4.279060 2.816641 1.408783 0.763685 1.493675 0.374152 -1.344146 -1.349127 -1.119456 -0.584192 -0.286225 -0.117376 
5.147781 2.846347 1.277460 0.405485 2.486976 0.611087 -2.124332 -1.221177 -1.068628 -0.605789 -0.202511 -0.158938 
4.812404 2.894199 1.213644 0.503722 2.350174 0.359818 -1.629362 -1.232371 -1.241684 -0.452830 -0.242359 -0.135679 
3.953046 2.571023 1.214974 0.939932 1.529374 0.219912 -1.336888 -1.582152 -1.091522 -0.431313 -0.307220 -0.122605 
3.882169 2.586947 1.042044 0.640665 0.880483 0.179461 -0.965481 -1.345062 -0.862515 -0.554596 -0.386474 -0.119073 
4.211824 2.394468 1.018230 0.930132 1.512357 0.522564 -1.349342 -1.398801 -1.028389 -0.470066 -0.306902 -0.123318 
4.639561 2.685256 0.750851 0.747972 2.402967 0.299040 -1.760267 -1.192210 -1.101843 -0.465852 -0.274739 -0.147329 
3.627965 2.457002 1.154518 0.767632 1.127905 0.131112 -1.122927 -1.242240 -1.151018 -0.553388 -0.323529 -0.110156 
3.529812 2.252763 1.106171 0.720484 0.914008 0.053461 -1.468696 -1.490841 -0.851327 -0.392247 -0.353374 -0.123207 
3.652660 2.340367 1.305907 1.188476 0.954543 -0.154559 -1.135489 -1.276567 -0.859331 -0.476133 -0.355687 -0.114575 
4.321964 2.679418 1.250506 0.999029 1.774880 0.031062 -1.592971 -1.413395 -1.034999 -0.538186 -0.240763 -0.115526 
4.193776 2.807046 1.129510 0.855541 1.248013 0.290904 -1.451383 -1.693508 -1.015991 -0.363535 -0.242715 -0.101993 
3.916654 2.698126 1.430847 1.001876 1.027033 -0.084333 -1.592225 -1.643949 -0.992540 -0.448082 -0.252720 -0.104797 
3.681960 2.457157 1.630532 1.035236 1.219278 -0.001541 -1.899259 -1.769116 -1.156943 -0.464079 -0.173923 -0.110977 
3.830810 2.525049 1.379789 1.036344 1.464473 0.004062 -2.048275 -1.813295 -1.188615 -0.297239 -0.182697 -0.115110 
3.714476 2.347230 1.356430 1.151589 1.358944 -0.423182 -1.931432 -1.871854 -0.974580 -0.272371 -0.223908 -0.117773 
3.450155 2.154035 1.435594 1.280214 0.886392 -0.407950 -2.027990 -1.738206 -0.919158 -0.390409 -0.203899 -0.110197 
3.383691 2.193793 1.446060 0.660537 0.754740 -0.375453 -1.854203 -1.571314 -1.013636 -0.407920 -0.201322 -0.093491 
3.540635 2.373588 0.850253 0.491415 0.612873 -0.146949 -1.523845 -1.669252 -0.963052 -0.289058 -0.264282 -0.082110 
3.259818 2.036824 1.128315 0.545624 0.905730 -0.357514 -1.749822 -1.413055 -0.929618 -0.443153 -0.228358 -0.093708 
3.188636 1.848080 1.252562 0.930168 0.743694 -0.386596 -1.813582 -1.458261 -0.837164 -0.416693 -0.260006 -0.100373 
3.377509 1.993913 1.075146 1.005437 0.927675 -0.327448 -1.770633 -1.721269 -0.850535 -0.239281 -0.283588 -0.109947 
3.652165 2.291275 1.217381 0.410987 1.410862 0.154926 -2.293565 -1.659003 -0.960685 -0.284320 -0.176262 -0.113688 
3.654306 2.382260 1.487918 0.963409 1.395571 0.047245 -2.122975 -2.015251 -0.912496 -0.234673 -0.202445 -0.118377 
3.744584 2.433419 1.647638 1.116187 2.057636 -0.006911 -2.651059 -1.549871 -1.159836 -0.204200 -0.155249 -0.153028 
4.688600 2.320064 1.909157 0.773781 2.898492 0.587928 -3.434598 -1.465565 -1.044287 -0.342415 -0.009534 -0.201717 
4.782948 2.137947 2.250758 0.783642 3.273994 0.404392 -3.323567 -1.420486 -1.103574 -0.348817 0.003027 -0.211617 
4.199628 2.845367 1.342913 1.079592 3.147342 0.212756 -2.874174 -1.321571 -1.241404 -0.231643 -0.042610 -0.182371 
4.596489 2.920718 1.491356 0.215971 2.638221 1.113457 -2.815742 -1.190691 -1.085730 -0.325074 0.070726 -0.149668 
4.765678 3.200855 1.130764 0.321982 3.659989 0.436295 -2.562794 -0.830689 -1.337266 -0.449992 -0.001660 -0.188605 
4.738055 3.121559 1.551047 0.692246 3.862289 0.473575 -2.403710 -1.077822 -1.032391 -0.495076 -0.014023 -0.192260 
4.938463 3.337278 1.327642 0.863082 4.476195 0.807632 -2.344417 -0.706725 -1.299541 -0.406502 -0.022907 -0.215913 
4.786291 3.268884 1.728561 1.071156 4.676054 0.675988 -1.952049 -0.584575 -1.181370 -0.078353 -0.079077 -0.214633 
4.164719 3.159502 1.944881 2.253210 3.864868 0.665907 -1.362637 -0.703390 -0.991823 -0.058248 -0.139391 -0.155740 
4.495156 2.997313 2.394864 2.415646 4.417599 0.493549 -1.469602 -0.267221 -1.214916 -0.062699 -0.132019 -0.165030 
3.978674 3.042210 2.445146 2.318533 3.549416 0.427999 -0.980989 -0.469709 -0.854471 -0.070728 -0.141509 -0.129083 
4.168809 2.905587 2.529720 1.858392 2.811609 0.919849 -0.603412 -0.285311 -0.602249 -0.064623 -0.116987 -0.094626 
3.512079 2.932212 2.274806 1.766986 2.000087 1.239729 0.319105 0.108865 -0.371478 -0.203547 -0.136767 -0.059324 
3.992269 3.033089 2.813207 1.958715 2.464313 1.334063 0.044494 0.623377 -0.342710 -0.300900 -0.094657 -0.069376 
3.657496 3.013434 2.642329 1.954216 2.245395 1.197756 0.627855 0.335415 -0.253142 -0.125701 -0.079050 -0.038670 
3.907738 2.824540 2.232465 2.108883 2.578601 1.555278 0.375533 0.666608 -0.109025 -0.145173 0.076928 0.000790 
3.361469 2.563534 2.544819 2.317032 1.628439 0.900175 0.911873 0.258804 -0.160332 0.166325 0.039591 0.003712 
3.217305 2.477096 2.256289 2.228198 1.501350 0.894472 0.681597 0.350096 -0.064943 0.102966 0.015577 0.020461 
3.717406 2.712139 2.681397 2.810378 1.822276 1.045716 1.009171 0.234752 -0.268160 0.077802 0.154656 0.023949 
4.035805 2.441573 2.654383 3.390355 2.583606 0.604782 1.139408 -0.258198 -0.174182 0.510693 0.083441 -0.007898 
3.307941 2.522476 2.078394 2.313062 2.160577 1.137757 0.546980 -0.085731 0.336882 0.189817 0.104749 0.030827 
3.023964 2.300630 1.842428 1.868715 1.604894 1.140209 0.436814 0.381959 0.353310 0.199431 0.048836 0.043600 
3.619658 2.287265 2.233085 2.347660 2.401798 1.094509 -0.004313 0.161970 0.272285 0.394985 0.062276 0.013912 
3.859395 2.330907 2.258103 2.271559 2.075990 1.260013 -0.193270 0.197182 0.490404 -0.051165 0.009713 0.014968 
3.425664 2.196669 2.035670 2.414783 1.510528 1.183104 0.575673 0.274694 0.354367 -0.003131 -0.002242 0.027772 
3.422743 2.247934 2.661237 2.207006 0.902828 0.128434 0.563668 0.864782 -0.394767 -0.051114 0.017805 0.033578 
3.097404 2.007390 2.516287 1.642741 0.962693 0.580276 0.877516 0.268615 -0.189590 0.014092 0.142587 0.051424 
3.349450 1.921847 2.631869 2.118469 1.105820 -0.160068 0.803095 0.569123 -0.875585 0.321716 0.080702 0.028186 
3.491491 1.866358 2.989103 2.320553 1.762101 0.050755 0.737895 0.430598 -0.745290 0.347228 0.071209 0.006675 
2.966014 2.182831 2.353646 2.323788 1.443961 0.491112 1.025990 0.571780 0.179988 0.292165 0.042079 0.056203 
2.756523 2.030570 2.097369 1.759270 1.521172 1.163994 0.931092 0.290012 -0.035170 0.248763 0.171827 0.058741 
