2.938806 2.836927 1.829226 0.924461 1.597504 0.741952 0.465418 0.740900 -0.223647 0.220764 0.013464 0.052546 
2.794878 2.784614 2.307028 0.508047 2.316430 0.846540 0.440241 0.615334 -0.328571 -0.248827 0.013960 0.018269 
2.653769 2.419823 2.061107 1.333128 1.802279 0.718603 0.508028 0.639976 -0.003357 0.077673 0.240606 0.054752 
2.714634 2.947941 2.241653 1.135327 1.970297 1.575240 0.951864 1.088884 -0.015084 -0.072501 0.278279 0.033698 
2.705733 2.799843 2.356635 0.951143 2.131357 1.228454 0.712586 0.965948 0.065566 0.018644 0.267111 0.037018 
2.283876 3.389183 2.256922 1.362692 1.498565 1.241334 1.195138 0.665417 -0.089982 -0.097480 0.418714 0.006341 
2.094034 2.885979 1.743077 1.802732 1.439198 1.186793 0.628457 0.695882 -0.023036 0.059786 0.348354 0.037925 
1.768247 3.631028 1.083817 1.264031 1.656543 1.309621 0.771460 1.011328 -0.478797 -0.131103 0.349901 0.007678 
1.797080 3.555612 0.696494 1.336769 1.412852 0.814216 1.329706 1.063758 -0.292731 -0.329675 0.222851 0.021536 
1.560688 3.727238 0.388435 0.654993 1.246376 1.339903 1.220349 1.539364 -0.235279 0.065708 0.440866 -0.004011 
1.609248 3.498295 0.523007 0.971057 1.650899 1.517744 1.051110 1.119533 -0.428167 -0.161676 0.455966 0.009870 
1.899985 3.366659 0.484545 0.989128 2.048387 1.725054 0.762463 0.983037 -0.600173 -0.109614 0.548898 0.026589 
2.136420 3.309673 0.434584 1.132305 2.537131 2.006544 0.506804 1.267992 -0.435697 -0.142564 0.564860 0.016745 
2.679112 3.532997 0.590544 0.723372 2.746097 2.242608 0.767206 0.759306 -0.178165 -0.085980 0.479837 0.044757 
3.247730 2.221556 1.960553 1.456029 2.073487 1.197400 0.294888 -0.282119 -0.392318 -0.264420 0.018027 0.009010 
3.695506 2.664849 2.118023 1.388557 2.052146 1.573754 0.553828 -0.242141 -0.576144 -0.796544 -0.159077 -0.047700 
4.981042 3.331929 0.861016 1.008430 3.316525 0.729597 -0.697742 0.017420 -0.836356 -1.153586 -0.298912 -0.108001 
5.368508 3.203139 0.408620 0.482422 3.810394 -0.000638 -0.451452 -0.398137 -1.024425 -0.873192 -0.506599 -0.102366 
4.312122 2.623125 1.013159 0.945079 1.658827 0.505994 -0.225704 -0.927498 -0.835726 -0.763629 -0.290871 -0.088730 
4.297096 2.554387 0.903136 0.606445 1.596384 0.173052 -0.270998 -0.697713 -0.957000 -0.704341 -0.391918 -0.105511 
4.964478 2.808931 0.312222 -0.129216 2.226480 0.382156 -0.416397 -0.810266 -0.962225 -0.915569 -0.419105 -0.122723 
4.518096 2.768531 0.540412 0.146064 1.470795 0.384011 -0.226547 -0.919374 -1.254730 -0.981741 -0.384006 -0.092828 
5.089073 2.832025 0.217831 0.021846 1.725407 -0.109543 -0.506083 -1.061521 -1.183843 -1.060750 -0.401463 -0.088197 
3.880820 2.561086 0.885631 0.130540 0.120375 0.145242 -0.516901 -1.273333 -1.350381 -1.024186 -0.211460 -0.076453 
3.898829 2.519902 0.690413 0.114038 0.100397 -0.163651 -0.352243 -0.979018 -1.276276 -1.047893 -0.227371 -0.070763 
4.046429 2.603907 0.803130 -0.289992 -0.071986 -0.321159 -0.518620 -1.078296 -1.296251 -0.901682 -0.232815 -0.062346 
5.600447 2.523622 0.064673 -0.384542 1.741801 -0.690687 -1.296023 -1.126680 -1.390823 -1.192137 -0.389675 -0.034807 
4.368048 2.357489 0.258391 -0.012492 0.665292 -0.189753 -1.040490 -1.247999 -1.214452 -0.946987 -0.163140 -0.027935 
4.053969 2.380684 0.425834 -0.135772 0.152180 -0.153838 -0.993064 -1.494953 -1.365764 -0.832490 -0.097735 -0.015959 
4.422761 2.369751 0.216119 -0.350569 0.025511 -0.143602 -1.195035 -1.240063 -1.293421 -0.999478 -0.131700 -0.008410 
6.218419 2.195587 -0.439831 -0.436969 1.807225 -0.210512 -2.007087 -1.474497 -1.329061 -0.980602 -0.312902 -0.033726 
5.481566 2.548937 -0.389341 -0.496208 1.202856 -0.151406 -1.878275 -1.558415 -1.243495 -1.038860 -0.181053 -0.018428 
4.752841 2.356002 0.044263 -0.081542 0.435568 -0.281555 -1.662810 -1.689448 -1.292842 -1.011896 -0.056767 0.016181 
5.812873 2.625866 -0.747291 -0.531407 1.700921 -0.454107 -2.347146 -1.706394 -1.256959 -1.095872 -0.273380 -0.043557 
6.585387 2.558481 -0.870678 -1.163553 2.833356 -0.922704 -2.459996 -1.616057 -1.747797 -0.782427 -0.452824 -0.078645 
4.742425 2.295531 0.133980 -0.111467 0.622884 -0.683509 -1.914629 -1.498181 -1.271737 -0.955533 -0.050129 0.017502 
4.983724 2.485559 -0.078153 -0.202465 0.702846 -0.619532 -1.931400 -1.513020 -1.204787 -1.009583 -0.085145 0.012185 
4.944499 2.461874 0.035837 -0.299873 0.755573 -0.776375 -1.883202 -1.657469 -1.325287 -0.806374 -0.035960 0.020183 
3.969510 2.304142 0.445931 -0.242383 0.042455 -0.567268 -1.308143 -1.725662 -1.523242 -0.623223 0.058178 0.030608 
4.183519 2.385754 0.316268 -0.313553 -0.261969 -0.471470 -1.334491 -1.565302 -1.239137 -0.781658 -0.007357 0.019987 
5.670505 2.578904 -0.308679 -0.709973 1.640973 -0.636215 -2.466241 -1.527848 -1.312884 -1.104158 -0.214539 -0.030857 
4.925026 2.524167 0.193459 -0.057258 0.451758 -0.705799 -1.530674 -1.352810 -1.262271 -1.084685 -0.105735 0.019945 
3.757293 2.218924 0.813773 0.236103 0.026621 -0.854376 -1.381705 -1.566694 -1.344963 -0.801625 0.032593 -0.012968 
4.089246 2.529087 0.543519 -0.281770 0.008891 -0.811283 -1.434207 -1.396974 -1.166106 -0.744501 -0.077284 -0.024504 
5.835421 2.659982 -0.436958 -0.196872 1.921612 -0.453217 -2.476709 -1.246169 -1.426700 -1.048471 -0.337233 -0.055852 
5.732341 2.769366 -0.691918 0.028842 2.408210 -0.913445 -2.600490 -1.011851 -1.523429 -1.000826 -0.486294 -0.065833 
5.508467 2.677766 -0.256720 -0.007112 2.279097 -0.876902 -1.989391 -0.770113 -1.446641 -1.083388 -0.396481 -0.026951 
4.503932 2.566817 0.154953 0.287052 1.090600 -0.593861 -1.066099 -0.903117 -1.205394 -0.973633 -0.137487 0.007842 
5.057626 2.816645 -0.486708 0.426747 2.104375 -0.891651 -1.616010 -0.492170 -1.358186 -1.041914 -0.414828 -0.007121 
5.022231 2.939159 0.054882 0.405228 2.628203 -1.050059 -1.303343 -0.519907 -1.509340 -0.698012 -0.413130 -0.017730 
4.742874 2.835259 0.495757 0.692275 2.274390 -1.425836 -1.557015 -0.768706 -1.445995 -0.551180 -0.334811 -0.028207 
4.090353 2.744757 1.209290 0.548827 0.895842 -1.234050 -0.962413 -1.052237 -1.485703 -0.545465 -0.177920 -0.024313 
4.333830 3.504664 0.722963 0.415224 1.935213 -2.158829 -0.989901 -0.816753 -1.281178 -0.623238 -0.334621 -0.001605 
4.268977 3.378978 0.771111 0.185087 2.793620 -2.332929 -1.108691 -0.466687 -1.382589 -0.619067 -0.411265 -0.014832 
4.294008 4.166753 0.055535 0.300644 3.584319 -2.550424 -0.584741 -0.024198 -1.287499 -0.646229 -0.616234 0.017272 
4.309255 4.220903 0.030078 0.125323 3.705290 -2.494213 -0.418738 0.002250 -1.155112 -0.619041 -0.526682 0.031609 
4.260674 4.001780 0.199557 -0.176838 3.242060 -2.107324 -0.513112 0.063331 -1.473202 -0.256952 -0.391002 0.063404 
3.868517 3.374458 1.428137 -0.129894 1.795650 -1.516755 -0.467804 -0.450656 -1.856803 0.026176 -0.148738 0.055314 
3.647426 2.641919 1.535179 -0.282131 0.667193 -0.982352 -0.532134 -0.245959 -1.197645 -0.077667 -0.179771 -0.006430 
4.711564 3.780982 0.389241 -0.686014 3.672626 -2.102241 -0.833587 0.022951 -1.665623 -0.583510 -0.535078 -0.022767 
4.800756 3.183352 0.127537 -0.851289 3.200656 -1.437712 -1.231888 -0.060295 -1.326132 -0.775920 -0.393938 -0.066458 
4.537574 2.841476 0.687645 -0.593212 1.702380 -1.144574 -1.290225 -0.276776 -1.419120 -0.666548 -0.152678 -0.023900 
4.072986 2.663880 0.858511 -0.545728 0.431212 -0.736114 -1.064657 -0.500447 -1.075125 -0.490659 -0.067112 -0.014242 
5.445367 3.172464 0.015818 -1.394067 2.439919 -2.116156 -0.966268 -0.330415 -1.232432 -0.704563 -0.521536 -0.016690 
5.456337 3.574046 0.028537 -1.411827 2.192981 -1.934671 -0.717298 -0.293549 -1.497557 -0.762246 -0.541205 -0.018682 
4.917520 3.014907 0.735995 -1.073198 0.968907 -1.108786 -0.573474 -0.533502 -1.491234 -0.827626 -0.247215 -0.016459 
5.348474 3.558029 0.093781 -1.740027 2.051234 -1.683680 -0.958352 -0.531015 -1.452951 -0.728681 -0.445255 -0.067288 
4.649164 3.177702 0.545544 -0.809871 0.821470 -0.926322 -0.554142 -0.877867 -1.187278 -0.528233 -0.258914 -0.048594 
4.483527 2.726217 1.247984 -1.014436 0.339043 -0.960737 -0.648843 -0.336608 -1.279786 -0.642871 -0.275465 -0.094547 
3.953240 2.197946 1.021296 -0.161684 -0.000181 -0.503969 -0.710694 -0.672268 -0.956084 -0.784390 -0.267031 -0.096849 
5.006419 2.645991 0.651967 -1.454325 2.120343 -1.504453 -0.325882 -0.020235 -0.926454 -0.936377 -0.597461 -0.104886 
4.259164 2.703795 0.345062 -1.095069 0.835264 -0.864882 -0.025173 0.105396 -1.191342 -0.722549 -0.433667 -0.101583 
4.299553 2.234405 0.477509 -1.148061 0.570991 -0.751118 -0.037312 0.202646 -0.967677 -0.654521 -0.365914 -0.095651 
3.875426 2.141939 0.436635 -0.793155 0.624792 -0.581371 0.317897 0.019970 -0.725716 -0.562003 -0.266851 -0.051429 
5.339848 1.981187 0.377497 -2.147120 2.615858 -1.721801 -0.282307 0.500507 -0.380965 -0.257869 -0.418550 -0.003321 
5.239037 2.052638 -0.320969 -1.184718 2.567768 -1.894914 -0.314848 0.502687 -0.163498 -0.050300 -0.343914 0.017616 
5.560731 2.021175 -0.505679 -1.361406 3.077273 -2.017080 -0.466860 0.771372 -0.003515 0.109016 -0.363319 0.045791 
5.449280 1.934531 -0.672960 -0.569530 2.796901 -1.668960 -0.727908 0.637968 0.419289 0.134664 -0.108843 0.080196 
5.439132 1.829556 -0.707743 -0.510745 2.758010 -1.501619 -0.611695 0.824025 0.518111 0.061890 -0.081667 0.099636 
4.965786 1.797692 -0.419203 -0.300972 2.334373 -0.992543 -0.628111 1.075610 0.539879 -0.049843 0.117572 0.099578 
5.089276 2.042335 -0.249934 -0.108262 2.651067 -1.316966 -0.610334 1.141490 0.597244 0.109880 0.007982 0.095470 
4.937598 2.357998 -0.169657 0.109419 3.603744 -1.275278 -1.061021 1.190150 0.289116 0.357883 -0.040817 0.064745 
4.300507 2.650276 0.374390 0.490241 3.429529 -1.211579 -0.720942 1.212943 0.544053 0.483070 0.029390 0.033168 
3.429947 2.243507 1.445686 0.744247 1.595891 0.115031 0.186742 0.473329 0.344748 0.140517 -0.037999 0.008340 
3.558923 2.278042 1.564241 1.036521 1.839439 0.381551 -0.080944 0.209233 0.242966 0.150151 0.154105 0.031077 
