1.334943 0.893254 3.699592 2.178119 0.057416 1.017288 2.202377 0.093285 0.550070 0.498398 0.484006 0.004241 
1.035562 1.072061 3.645583 2.170808 0.010715 0.955117 2.155538 0.116555 0.612412 0.403824 0.526166 -0.005128 
0.778902 1.021603 3.692524 2.114390 -0.097695 1.127967 1.916140 0.265406 0.554773 0.505839 0.524072 -0.024378 
0.587979 0.843358 3.946170 2.155574 -0.261167 0.895163 2.314542 -0.159075 0.706850 0.626261 0.412463 -0.022090 
0.337518 0.905750 4.073634 1.998964 -0.192760 1.300372 2.406209 -0.436326 0.849734 0.692481 0.371611 -0.043331 
0.268427 1.003354 3.708518 2.167293 -0.277349 1.121584 2.054202 -0.249373 0.449628 0.853111 0.308361 -0.049061 
0.085979 0.985805 3.284484 2.939958 -0.253285 0.878853 2.617337 -0.521391 0.582657 0.769267 0.229839 -0.021609 
0.009113 0.528738 3.616696 2.878639 0.102276 0.573926 2.660225 -0.231443 0.527296 0.666837 0.248976 0.011864 
-0.192997 0.805889 3.850187 2.574209 0.135949 0.100533 2.498608 -0.225123 0.288171 0.516942 0.315086 0.028485 
-0.146424 0.624272 3.846346 2.318080 0.418531 0.305404 2.637947 -0.160289 0.777315 0.238355 0.381655 0.058431 
-0.059551 0.455652 4.151528 2.404145 0.184897 0.197720 2.485549 -0.045909 0.782532 0.178163 0.406948 0.068256 
-0.060555 0.520498 3.893355 2.229379 0.716901 0.346484 2.606102 -0.082922 1.003692 0.180277 0.381539 0.071051 
0.090258 0.203731 4.131623 2.255649 0.837054 0.460457 2.196076 -0.204425 1.080100 0.322850 0.336775 0.044921 
0.152172 0.012950 4.413350 2.313724 0.630851 0.349752 2.042013 -0.157604 1.289118 0.465330 0.174038 0.067741 
0.381292 -0.208551 4.039478 2.448005 1.240463 0.296007 1.481298 -0.255351 1.515335 0.586431 -0.002998 0.066188 
0.182219 -0.090379 4.066973 2.384604 1.024922 0.593766 0.740179 0.053990 1.696426 0.480964 -0.011850 0.061969 
0.087722 -0.034859 4.430145 2.410480 1.622954 0.327642 0.635367 0.059583 1.578665 0.268180 -0.025032 0.099225 
0.514800 -0.442197 4.018242 2.222385 1.642008 -0.154191 1.036981 0.405754 1.206500 0.322089 0.092230 0.105011 
0.490954 -0.282716 4.084293 2.244176 1.392970 -0.001877 1.187297 0.451696 0.913097 0.322588 0.173129 0.094549 
0.953539 0.021599 3.913192 2.445001 0.789129 -0.024643 1.367136 1.241161 0.233685 0.555110 0.149827 0.090858 
1.233407 -0.259335 3.936233 2.650062 0.666410 0.094110 1.242507 0.936172 0.505201 0.343569 0.226023 0.096995 
1.856432 0.439991 3.277457 1.716267 1.449059 0.085341 1.195078 1.144149 0.265889 0.054773 0.475623 0.095902 
1.843700 1.241217 3.000812 1.644093 0.794627 1.125026 1.128180 0.610002 0.631966 0.382819 0.136947 0.090003 
2.243634 1.421971 2.430878 1.931072 1.041946 0.941111 1.093859 0.676545 0.876329 0.288054 0.460254 0.076446 
2.878425 1.991930 2.141032 1.831628 1.456130 1.227680 0.819203 0.119248 0.272121 0.091587 0.206742 0.065023 
3.249454 2.074006 1.813635 1.562742 1.599909 1.305394 0.950723 0.190274 -0.001077 -0.244137 0.035908 0.049911 
3.647237 2.251038 1.627455 1.775853 1.716902 1.094339 0.569075 0.297001 0.051673 -0.312667 -0.061868 0.018455 
3.799913 2.329606 1.557428 1.714961 1.674200 0.802441 0.616744 0.209695 0.074148 -0.276302 -0.170814 -0.009588 
4.040822 2.428177 1.540666 1.585878 1.358536 0.595005 0.399724 0.269384 -0.011663 -0.458409 -0.133698 -0.004549 
4.122429 2.574563 1.257505 1.437583 1.647565 0.582045 -0.002835 -0.049123 -0.095536 -0.496413 -0.040329 0.007746 
4.169289 2.545461 1.360120 1.386057 1.206257 0.603024 0.177636 -0.425380 -0.524896 -0.285091 0.011854 0.026805 
4.217140 2.827352 1.388275 0.957757 0.928554 0.539061 0.092486 -0.286821 -0.519859 -0.464523 0.029732 0.035101 
4.523674 2.615992 1.102292 0.950899 0.855319 0.396602 0.155562 -0.481057 -0.266992 -0.454262 -0.076976 0.012880 
4.800404 2.633875 0.877052 0.985089 1.014012 0.347958 0.120265 -0.405865 -0.574509 -0.418256 -0.089863 0.019609 
4.909731 2.640815 0.743751 0.783989 1.134233 0.449360 -0.241966 -0.338982 -0.465892 -0.488545 -0.107462 0.014687 
4.807061 2.647932 0.650963 0.911924 0.857164 0.334109 -0.219562 -0.290161 -0.528930 -0.500118 -0.088324 0.027202 
4.610417 2.643603 0.973949 0.293646 0.937024 0.245949 -0.059306 -0.409270 -0.796927 -0.267851 -0.047709 0.037612 
4.457287 2.742084 0.807945 0.374331 0.733458 0.108987 -0.002101 -0.757328 -0.497117 -0.267596 -0.031452 0.036197 
4.613846 2.748081 0.694070 0.478658 0.431750 0.211415 -0.364672 -0.667699 -0.335789 -0.306749 -0.017090 0.030625 
4.455685 2.747313 0.830798 0.237081 0.527895 0.041970 -0.508810 -0.459467 -0.369176 -0.244328 -0.041749 0.025059 
4.466194 2.603375 0.911950 0.131958 0.525838 0.051992 -0.641213 -0.437048 -0.435619 -0.208608 -0.027794 0.027226 
4.365540 2.615437 0.896465 0.130054 0.320655 -0.009295 -0.497114 -0.422438 -0.443191 -0.213136 -0.045549 0.025269 
4.311072 2.709049 0.840784 -0.007561 0.341302 -0.175957 -0.288113 -0.376353 -0.426412 -0.279166 -0.072246 0.019338 
4.411492 2.777608 0.716136 -0.183362 0.319059 -0.007812 -0.300361 -0.332518 -0.406648 -0.323777 -0.091699 0.010822 
4.601358 2.731297 0.617488 -0.357652 0.453445 -0.194842 -0.064935 -0.372735 -0.377835 -0.287457 -0.129214 0.004837 
4.697807 2.737468 0.511659 -0.508236 0.503728 -0.318654 0.030423 -0.159367 -0.374068 -0.377963 -0.139864 0.006236 
4.670671 2.670343 0.386205 -0.503918 0.501584 -0.373241 0.190657 -0.117793 -0.286692 -0.421733 -0.144764 0.009670 
4.839161 2.767653 0.164505 -0.407320 0.254977 -0.326816 0.325991 -0.152934 -0.185746 -0.508367 -0.136884 0.006001 
5.245428 2.715408 0.171310 -0.855399 0.360499 -0.125868 0.247113 -0.002321 -0.254085 -0.453484 -0.143485 0.007312 
5.543134 2.692761 -0.028115 -0.935659 0.673767 -0.266098 0.199732 0.046119 -0.155677 -0.346449 -0.156061 -0.001752 
5.628770 2.594892 -0.169695 -0.754362 0.432765 -0.094048 -0.184364 0.181140 0.018947 -0.318140 -0.131592 -0.016136 
5.650290 2.644451 -0.539564 -0.502238 0.244505 -0.070046 -0.457786 0.143008 0.303644 -0.249421 -0.119616 -0.036756 
4.265291 2.188139 0.231949 -0.286482 -0.116629 -0.381679 -0.169759 0.045852 0.125110 -0.058417 -0.062144 -0.023797 
4.077261 2.143010 0.488771 -0.458738 -0.260715 -0.427216 -0.217440 -0.035222 0.117941 -0.004058 -0.066003 -0.032906 
5.238546 2.492705 -0.580607 -0.474404 0.263238 -0.366013 -0.459290 -0.151781 0.367586 -0.102655 -0.063335 -0.054064 
6.034469 2.366942 -1.243199 -0.469593 0.980051 -0.582983 -0.374950 -0.221101 0.510487 -0.090165 -0.146837 -0.061997 
3.946569 1.824125 0.075806 -0.309846 0.019604 -0.041920 -0.107387 0.136821 0.043365 -0.163502 -0.052035 -0.020345 
3.670559 1.391350 -0.057793 -0.099599 0.318321 0.103623 0.002156 0.208170 0.193376 -0.100992 -0.063426 -0.008064 
4.818928 1.948107 -1.198912 -0.439491 0.964397 0.344322 -0.122151 0.265916 0.657854 -0.111316 0.032382 -0.012299 
6.702305 1.793800 -2.725523 0.785708 1.189099 -0.277719 0.565195 0.154219 1.194770 0.009894 0.059533 -0.001850 
6.157457 1.666916 -1.996467 0.476018 1.303132 -0.016754 0.165321 0.553619 1.198063 0.259493 0.042226 0.020855 
6.398593 1.633567 -2.100919 0.677154 1.398893 -0.176873 0.416129 0.333697 1.407715 0.341556 0.127482 0.020261 
7.104807 1.453530 -2.364115 1.015679 1.814214 -0.822490 0.789529 0.059382 1.544618 0.322388 0.167392 0.029959 
6.448880 1.616590 -1.720977 0.669256 1.545890 0.060343 -0.050369 0.509503 1.209742 0.529313 0.126167 0.027747 
5.295278 1.815159 -0.811708 0.039986 1.289391 0.538534 -0.223317 0.477972 1.174174 0.516261 0.260768 0.036309 
5.751040 2.048536 -1.075812 0.344055 1.513686 0.211183 -0.156904 0.460284 1.247126 0.591696 0.271145 0.054879 
6.628063 2.164275 -1.446535 0.554592 1.870986 -0.145528 0.074833 0.397446 1.280330 0.713504 0.257000 0.067790 
5.569997 2.516334 -0.383315 0.050615 1.572725 0.135547 0.035675 0.464893 1.034273 0.717669 0.365659 0.083022 
4.166412 2.600195 0.890202 0.363445 0.648291 0.797126 0.541872 0.453368 0.704456 0.535868 0.356322 0.101168 
4.196469 2.860745 1.238707 0.699978 0.984705 0.816626 0.588882 0.604386 0.470730 0.390147 0.249959 0.085923 
3.892401 2.722687 1.501714 1.000209 0.652683 0.494007 0.652458 0.670363 0.725316 0.585390 0.345726 0.104225 
4.335961 2.846241 1.340232 1.192847 0.853548 0.246441 0.555960 0.747958 0.830903 0.414923 0.416747 0.128027 
3.756470 2.613634 1.419020 0.928190 1.133627 1.012851 0.690883 0.515317 0.551648 0.563834 0.409542 0.115910 
3.487233 2.431871 1.604096 1.319155 1.174211 0.830435 0.721928 0.821737 0.640055 0.485809 0.294770 0.087870 
3.462658 2.524251 1.667436 1.534964 1.303231 0.990939 0.648333 0.719161 0.663904 0.332515 0.304279 0.084939 
3.864459 2.882914 1.735307 1.652266 1.760801 0.960160 0.821045 0.598024 0.446902 0.164782 0.334025 0.094635 
3.607798 2.615875 1.773554 1.663303 1.470470 1.162627 0.794444 0.528763 0.506316 0.470288 0.225598 0.075741 
3.398554 2.455076 1.865474 1.560642 1.193267 1.071342 1.037034 0.703072 0.442612 0.430141 0.271743 0.079509 
3.354438 2.527669 1.756668 1.302708 1.181838 1.182896 0.958960 0.609352 0.516956 0.377923 0.317831 0.085215 
3.386224 2.542977 1.745519 1.298957 1.099264 1.301537 1.143952 0.560157 0.383473 0.237044 0.287273 0.081177 
3.153683 2.513357 1.732518 1.283757 1.191317 1.270040 1.166649 0.616258 0.168358 0.143975 0.262866 0.073361 
3.108748 2.304548 1.719678 1.350342 1.497447 1.321135 1.061935 0.580899 0.247008 0.170336 0.257839 0.076519 
3.014015 2.248298 1.601803 1.238419 1.237000 1.251100 1.063136 0.750607 0.452805 0.319596 0.237098 0.074557 
3.062291 2.392088 1.818243 1.261183 1.023951 0.929909 0.709182 0.647608 0.420154 0.210482 0.138639 0.068043 
3.133184 2.415524 1.803698 1.482743 1.100526 0.901558 0.577468 0.254431 0.202265 0.202841 0.172591 0.071220 
