2.501445 1.759664 1.676882 1.413734 1.151697 1.179063 1.173438 1.105811 0.458169 0.415017 0.231840 0.077884 
2.618455 1.692571 1.710516 1.932201 1.297838 0.658962 0.799486 1.208443 0.624569 0.093762 0.123858 0.091332 
2.685362 1.587253 1.716457 1.773992 1.359470 0.593309 0.849448 1.138247 0.686282 0.106462 0.204266 0.091579 
2.576987 1.545644 1.307282 2.048562 1.479832 0.636142 0.559317 1.553301 0.832742 0.130074 0.038094 0.094543 
2.357933 1.635098 1.487389 2.435369 1.009321 0.689836 0.329822 1.728917 0.466198 0.053478 0.012506 0.122328 
2.478423 1.758949 0.856918 2.801494 1.353941 0.613481 0.420006 1.729548 0.970928 0.192295 0.092373 0.103969 
2.174595 1.872884 1.154802 2.817304 0.536424 1.372392 -0.041327 1.354827 1.255891 0.079032 0.147851 0.100022 
2.102181 1.780353 0.696800 3.474085 -0.010415 2.104268 -0.199366 1.328629 1.319972 -0.084098 0.023174 0.114952 
1.913029 2.022669 0.912950 3.143022 0.133787 1.611994 -0.014451 1.449992 1.122102 -0.271637 0.340175 0.086716 
1.753688 2.083600 0.873497 3.238334 -0.017063 1.714626 0.107356 1.255229 1.560666 -0.247956 0.264368 0.069793 
1.528578 2.158981 0.643022 3.856256 -0.037147 1.745394 0.079677 1.560313 1.064654 -0.251194 0.440238 0.058468 
1.585303 2.261315 0.390989 4.120422 -0.151834 1.709019 0.090693 1.245012 1.189875 -0.157397 0.341450 0.039809 
1.542893 2.483782 0.384863 3.617396 -0.042132 2.027791 0.061627 0.868751 1.439034 0.018529 0.344389 0.010648 
1.021403 2.222890 0.687641 4.237351 -0.274537 1.732628 0.211432 1.102949 0.903683 -0.251924 0.335496 0.055290 
1.019394 1.871342 1.137129 4.242752 -1.094582 2.412875 0.178963 0.802702 1.402787 -0.218051 -0.028718 0.135084 
1.053605 1.652615 0.795330 4.697387 -1.071273 2.188935 0.026615 0.703388 1.608339 -0.142996 -0.123723 0.113831 
0.441878 2.108011 0.902896 4.616852 -0.846910 1.699749 0.028451 0.726722 1.944205 -0.229145 -0.094209 0.134199 
0.315630 1.903176 0.767877 4.360897 -0.576165 2.198008 -0.402616 0.584563 2.110019 -0.385129 -0.115455 0.145876 
0.331832 1.872235 0.898901 4.182329 -0.506216 2.189342 -0.525182 0.397684 2.273553 -0.413069 -0.115553 0.142532 
0.469440 1.792163 0.722515 4.399117 -0.419761 2.686567 -0.503686 0.358800 2.199985 -0.344716 -0.185154 0.139567 
0.269308 1.060095 1.412626 4.932955 -0.418823 2.426309 -0.453110 0.940896 2.153851 -0.484130 -0.123710 0.203689 
0.683215 0.927526 1.209120 4.784988 -0.688685 2.312621 -0.462319 0.839291 1.944088 -0.400589 -0.161207 0.194891 
0.644430 1.087935 1.018183 4.476562 -0.742600 1.816311 -0.307816 0.972659 1.773325 -0.524557 -0.098074 0.201804 
0.799725 0.878368 1.373467 4.926704 -0.520236 1.716645 -0.165313 1.232641 1.543496 -0.447867 -0.025417 0.198642 
1.170912 0.884821 1.257621 4.477948 -0.676453 1.440577 0.270749 1.272421 1.663357 -0.373692 0.124156 0.144781 
1.358992 0.799348 1.611663 3.780275 0.416407 0.667552 0.624277 1.159027 1.687863 -0.665694 0.281324 0.144087 
1.441394 0.274037 1.739188 3.945761 0.655974 0.408996 0.533658 1.235121 1.522320 -0.339716 0.257335 0.137532 
1.883712 0.455453 1.813895 3.998732 0.613341 0.876923 0.819486 0.942814 1.702249 -0.240939 0.237633 0.123066 
2.642189 0.686553 1.038277 3.340298 0.524139 0.634730 0.675298 1.039509 1.426520 -0.184515 0.143632 0.112806 
3.951879 1.486681 -0.018799 2.304731 1.145226 0.085390 -0.331154 0.773514 0.899889 0.124061 0.141766 0.085861 
4.492070 1.511101 -0.551180 1.995057 1.455628 0.065931 -0.316740 0.729661 0.384253 -0.257338 0.075343 0.123509 
4.616384 1.593653 -0.549501 1.465636 1.750772 -0.117814 -0.587339 0.618902 0.159472 -0.408099 0.040078 0.124318 
4.653448 1.696770 -0.624371 1.511684 1.607230 -0.147741 -0.813497 0.515223 0.003972 -0.406701 0.013195 0.114475 
4.678207 1.745681 -0.499444 1.202173 1.681901 -0.165520 -0.875257 0.182587 0.042911 -0.442022 0.023162 0.088930 
4.555865 1.816662 -0.217492 0.906575 1.482825 -0.154774 -0.980671 0.000709 0.076314 -0.416970 0.020169 0.056021 
4.183872 1.860080 0.087363 0.708534 1.055041 -0.211846 -0.834658 -0.265956 0.108844 -0.330786 -0.019176 0.013910 
4.132314 1.967355 0.181860 0.345966 0.812698 -0.057567 -0.948744 -0.237675 0.032917 -0.225825 -0.029749 0.006116 
4.152503 1.959837 0.089952 0.074804 0.675656 -0.136170 -0.830022 -0.314534 -0.113497 -0.256435 -0.021692 0.016277 
4.059703 2.003763 0.028269 -0.176581 0.502488 -0.157294 -0.750812 -0.401931 -0.134466 -0.208445 0.037562 0.038761 
3.900502 1.892398 0.018818 -0.229649 0.245832 -0.281124 -0.599992 -0.397375 -0.133132 -0.167937 0.077128 0.067281 
3.842124 1.841474 -0.083377 -0.324220 0.167325 -0.354213 -0.696699 -0.300423 -0.157580 -0.166228 0.097215 0.080442 
3.916196 1.845556 -0.062141 -0.489471 0.129230 -0.261888 -0.714016 -0.429634 -0.117324 -0.044511 0.131202 0.090028 
3.820098 1.821546 -0.083035 -0.566870 0.003090 -0.266328 -0.724651 -0.513171 -0.105371 -0.012067 0.137916 0.090451 
3.966121 1.956971 -0.056959 -0.700450 -0.095562 -0.081440 -0.537524 -0.604104 -0.328783 -0.030680 0.168153 0.101193 
4.214076 2.068759 -0.095148 -0.751237 -0.183500 -0.029878 -0.436233 -0.495581 -0.379028 -0.159956 0.159140 0.099345 
4.500017 2.092569 -0.242721 -0.795304 -0.009171 -0.033206 -0.410398 -0.414235 -0.386842 -0.279208 0.123601 0.090199 
4.481502 2.109691 -0.323436 -0.769442 0.068788 -0.009395 -0.324029 -0.402292 -0.374755 -0.343490 0.062145 0.067313 
4.611770 2.088421 -0.479202 -0.670813 0.107689 0.139934 -0.286709 -0.379196 -0.447377 -0.402520 0.000590 0.049864 
5.259485 2.105788 -0.923380 -0.686169 0.470015 0.251165 -0.418462 -0.408338 -0.362296 -0.545199 -0.097964 0.020734 
5.604939 2.166466 -1.121265 -0.743332 0.531665 0.287887 -0.338185 -0.458571 -0.237470 -0.579889 -0.151959 -0.005932 
5.459147 2.042335 -1.016746 -0.594758 0.279916 0.335442 -0.297341 -0.056028 -0.399903 -0.572990 -0.183472 -0.001802 
5.847313 2.047813 -1.439837 -0.506641 0.513233 0.134810 -0.088116 -0.147076 -0.171332 -0.516802 -0.189583 -0.008734 
6.433127 2.060414 -2.117095 -0.320061 0.852202 -0.160803 -0.057515 0.129231 -0.117896 -0.393522 -0.246899 -0.000281 
5.661340 1.941318 -1.595472 -0.778566 0.799954 0.158395 0.069805 0.129877 -0.012844 -0.510431 -0.174187 0.003174 
5.004045 1.756054 -1.292755 -0.937360 0.568131 0.525578 0.131618 0.295017 -0.112137 -0.573243 -0.094646 0.016003 
5.519694 1.859682 -1.819144 -0.891602 1.036047 0.413339 0.177171 0.076253 0.083402 -0.575778 -0.140113 0.010444 
5.739626 1.978609 -2.083120 -0.822137 1.495274 0.145250 0.469483 0.164496 -0.052486 -0.436632 -0.171017 0.037892 
5.532932 1.901812 -1.685493 -0.742427 1.288313 0.632992 0.512556 0.283954 -0.070349 -0.449806 -0.070421 0.059736 
5.239876 2.037230 -1.491108 -0.882360 1.458102 0.402061 0.983624 0.367650 -0.185163 -0.388955 -0.045569 0.084954 
5.803365 2.142597 -1.994518 -0.915740 2.130541 0.092846 0.959152 0.643914 -0.233144 -0.121694 -0.154391 0.103364 
5.894106 2.405937 -2.285468 -0.887624 2.170080 -0.102194 1.201124 0.715692 -0.203590 -0.005289 -0.186887 0.125335 
5.395944 2.249981 -1.809334 -0.966673 1.653036 0.420434 0.957245 0.720254 -0.114411 -0.040082 -0.025486 0.087986 
5.835288 2.508341 -2.025763 -0.850913 1.860012 0.054374 1.078352 0.676338 -0.049486 0.092109 -0.058081 0.112070 
5.705775 2.699583 -1.722358 -0.536437 1.523002 0.141674 0.966138 0.821278 -0.194212 0.107691 -0.032986 0.119425 
5.902955 2.764247 -1.530248 -0.108246 1.455003 0.102665 0.960858 0.425291 0.034589 0.048543 0.077647 0.123767 
5.584432 3.172304 -0.416328 -0.366319 1.646812 0.053526 0.855075 -0.058586 0.137977 0.054002 0.154095 0.113459 
4.818358 2.684055 0.948642 0.290485 1.492865 0.174706 0.331911 -0.018122 0.056149 0.013801 0.247964 0.119174 
4.478473 2.962147 1.005990 0.351299 1.536349 0.564354 0.379679 -0.064736 -0.009620 0.122124 0.300369 0.121325 
4.196356 2.685459 1.154591 0.892259 1.008473 0.526375 0.703637 0.377446 0.099650 0.323283 0.270154 0.102212 
4.109027 2.580131 1.188513 0.729008 0.955308 0.629836 1.045422 1.108748 0.231597 -0.104282 0.203916 0.080641 
4.427894 2.885005 1.271044 0.289861 0.748832 0.523476 1.237549 1.046872 0.149613 -0.123212 0.226398 0.094163 
4.020367 2.687061 1.405001 0.456767 0.618199 0.751194 1.242922 0.802835 0.065547 -0.235860 0.241365 0.086871 
3.828796 2.624254 1.304647 0.533670 1.070257 0.620925 1.120126 0.792485 0.053058 -0.146471 0.163402 0.071857 
3.814611 2.801396 1.437641 0.653147 0.863348 0.675866 0.920627 0.901403 0.201695 -0.047903 0.153711 0.055712 
4.281999 2.877041 1.194296 0.825817 1.073311 0.545693 1.177174 1.008888 0.100295 -0.220044 0.151398 0.074790 
4.300487 2.828737 1.313840 0.677068 1.048828 0.962473 0.897069 0.608811 0.183929 -0.327420 0.232961 0.091409 
4.095771 2.717266 1.229902 0.884354 1.027212 0.697075 0.898307 0.716760 0.142646 -0.218897 0.152025 0.067549 
3.665624 2.525859 1.362349 0.932665 0.966144 0.685492 0.826963 0.634126 0.178332 -0.101130 0.139654 0.058011 
3.652904 2.703597 1.531639 0.945943 0.833924 0.806773 0.824850 0.402225 0.220847 0.049201 0.114903 0.050576 
4.815289 3.132991 1.224909 0.960402 1.081560 0.446413 0.726671 0.841376 0.104790 -0.079584 0.116987 0.070656 
4.148997 3.044261 1.763945 0.848976 0.927302 0.672749 0.844002 0.341964 -0.108872 -0.051255 0.246568 0.088070 
3.743428 2.725377 1.669974 0.924224 0.550631 0.380772 0.523836 0.632565 0.320966 0.199789 0.229063 0.071373 
3.845896 2.783670 1.527884 0.820943 0.712625 0.431286 0.270156 0.228858 0.063740 0.034116 0.223146 0.080751 
5.341185 3.087036 1.139584 0.771102 1.035927 0.319899 0.072106 -0.029746 0.071461 -0.359720 0.096557 0.087612 
5.400473 2.867295 0.929981 0.578408 1.021401 0.053542 -0.215285 0.066387 -0.103842 -0.247048 0.050965 0.076637 
