1.849906 2.747033 0.045011 1.789174 0.956563 0.917095 0.760414 -0.010404 0.941913 0.425861 0.469960 0.045973 
1.781955 3.082025 0.033193 1.914565 1.319436 0.991480 1.140525 -0.798764 0.970749 0.237880 0.522506 0.036569 
1.788790 3.219788 -0.415267 2.129984 1.119120 0.766681 1.115438 -0.780372 0.953286 0.182248 0.448969 0.042221 
1.747230 3.417822 -0.844216 1.770515 1.256843 0.831715 1.162969 -0.722065 0.976781 0.369194 0.625873 0.048653 
1.601581 2.973822 -1.173664 1.598044 0.494447 0.722685 1.678800 -0.165125 1.042778 0.294874 0.555614 0.032467 
1.531362 2.973110 -1.351285 1.362319 1.215851 0.535135 2.041263 0.313072 1.021864 0.336629 0.488135 0.036415 
1.551426 3.083316 -1.648963 1.569379 1.080124 0.538194 2.142189 -0.137184 1.125332 0.335912 0.481583 0.046517 
1.294879 3.074288 -2.546339 1.567841 1.199115 0.287858 2.015757 0.069622 1.087603 0.084395 0.448823 0.058387 
1.315731 3.116130 -2.258209 1.543255 1.457333 0.303462 1.593759 -0.082514 1.095998 0.023753 0.391933 0.048291 
1.296283 3.032655 -2.651828 1.839566 1.355843 -0.064744 1.742589 0.025811 1.191041 0.156373 0.453755 0.063794 
1.402651 2.976423 -1.602977 1.974448 1.400607 0.144685 1.846335 0.166431 1.047408 0.253536 0.480724 0.026781 
1.425579 2.776895 -1.555983 1.744352 1.514963 0.318570 2.466497 0.060089 1.323091 0.336035 0.560937 0.010942 
1.589629 2.442480 -1.048140 1.260865 1.466176 0.594867 2.366005 -0.261670 1.416650 0.359922 0.585520 0.000860 
1.494796 2.455504 -1.547172 1.065315 0.914082 1.121754 2.152620 -0.615689 1.425879 0.405866 0.597535 -0.000316 
2.015568 2.661134 -0.933745 1.284016 1.520316 1.381406 1.672282 -0.488774 1.350272 0.017578 0.542224 0.003126 
2.011201 2.339841 -1.242824 1.014501 1.316944 1.039455 1.249829 -0.131269 1.317864 0.261902 0.531832 0.007908 
2.230190 2.475847 -0.938214 1.458883 1.873435 0.939663 0.628893 0.080122 1.128040 -0.114209 0.543681 0.000131 
2.591693 2.257395 0.313476 1.674652 1.845787 0.455596 0.510279 0.311646 0.858627 -0.388975 0.277867 0.047387 
3.214349 2.452629 0.163837 0.736739 0.788839 0.824781 0.942205 0.238248 0.624120 -0.213308 0.118482 0.035111 
4.062639 2.699260 0.741181 1.155333 0.936001 0.676226 1.054443 -0.202125 0.185058 -0.712057 0.002827 -0.001658 
4.360986 2.671485 0.642454 1.015668 0.634329 0.604919 0.269065 -0.429615 0.090996 -0.589750 -0.129313 -0.055590 
4.224415 2.736325 0.678946 0.616331 0.683664 0.450267 -0.331631 -0.622786 -0.259016 -0.298365 -0.122893 -0.062705 
4.317555 2.666059 0.906772 0.430050 0.863170 0.309992 -0.592206 -0.797285 -0.384550 -0.139075 -0.078655 -0.056559 
4.939968 2.924663 0.608056 0.426939 1.239604 0.061836 -1.266673 -1.220672 -0.142643 -0.176101 0.015238 -0.056544 
4.906617 2.901594 0.668493 0.390578 1.213031 -0.125818 -1.421551 -1.384725 -0.090110 -0.053423 0.032498 -0.052054 
4.966404 2.846099 0.448859 0.392833 1.158352 -0.351180 -1.679834 -1.187131 -0.047901 0.046936 -0.007714 -0.066758 
5.296710 2.921152 -0.016723 0.133309 1.312783 -0.309298 -1.863613 -1.415942 0.116509 -0.001668 0.050228 -0.079167 
5.506906 3.009698 -0.313845 0.029525 1.287240 -0.350844 -1.793536 -1.584880 0.325293 -0.073002 0.056558 -0.097745 
5.623900 2.880477 -0.360321 0.054509 0.964929 -0.157064 -1.826835 -1.410769 0.317792 -0.123409 0.004643 -0.097508 
5.821278 3.139905 -0.707660 -0.173662 1.143419 -0.285559 -1.588737 -1.501862 0.368723 -0.233256 -0.020868 -0.129152 
5.686833 2.956362 -0.559319 -0.239755 0.842027 -0.298491 -1.605247 -1.294038 0.261143 -0.272361 -0.085650 -0.125979 
5.500918 2.805255 -0.500055 -0.621721 0.711890 -0.259004 -1.363637 -1.147589 0.043065 -0.274133 -0.091403 -0.107523 
5.435427 2.560834 -0.569960 -0.617869 0.428331 -0.370845 -1.255283 -1.028334 -0.086952 -0.268532 -0.128724 -0.102913 
7.236050 3.221330 -2.570767 -0.931046 1.675465 -1.440616 -0.927185 -1.538296 0.129723 -0.054101 -0.326310 -0.152499 
5.180517 2.430690 -0.444503 -0.785161 0.081303 -0.410191 -1.041033 -0.876497 -0.090194 -0.234297 -0.112634 -0.088976 
5.052399 2.276627 -0.442011 -0.545735 0.147504 -0.333559 -1.282513 -0.807861 0.066194 -0.200828 -0.130926 -0.105724 
5.122527 2.260141 -0.493364 -0.589371 0.207014 -0.446554 -0.999385 -0.785589 0.078922 -0.206720 -0.150800 -0.107236 
5.380859 2.667262 -1.023365 -0.845580 0.551572 0.078079 -1.113711 -0.730207 0.092340 -0.165279 -0.145604 -0.145405 
4.550244 2.000965 -0.384639 -0.492839 0.089971 -0.105981 -0.689736 -0.450842 -0.114576 -0.278547 -0.280624 -0.119322 
5.195201 2.159168 -0.700263 -0.517008 0.635548 0.343853 -0.669448 -0.658048 0.248607 -0.219921 -0.204627 -0.128173 
5.485018 1.999751 -0.945998 -0.478617 1.030839 0.468279 -0.725833 -0.200874 0.117903 -0.160795 -0.267501 -0.138033 
5.299163 2.262541 -1.098553 -0.945370 1.384168 0.495775 -0.632368 -0.227317 0.279696 -0.098379 -0.198776 -0.149593 
4.787265 1.791725 -0.616881 -0.393767 0.942803 0.339711 -0.458193 0.025026 0.237490 -0.069410 -0.256758 -0.122570 
5.168446 1.674603 -0.901413 -0.763950 1.276089 0.288897 -0.330510 -0.214407 0.395929 -0.176556 -0.240184 -0.124701 
4.352906 1.563622 -0.498353 -0.151247 0.570253 0.411520 -0.180169 -0.031028 0.263879 0.018867 -0.236977 -0.110343 
4.619379 1.864610 -0.715642 -0.520171 1.116445 0.603152 -0.426634 -0.318835 0.429896 0.028816 -0.171662 -0.135923 
5.182161 1.785000 -1.079486 -0.441976 1.441431 0.636315 -0.870903 -0.086802 0.389204 0.118857 -0.145423 -0.147337 
4.930033 1.566519 -0.612708 -0.316149 1.258884 0.678797 -0.660814 -0.340048 0.548945 0.089000 -0.161921 -0.146268 
3.991650 1.493597 -0.400953 -0.085780 0.941758 0.477884 -0.532203 -0.144176 0.519077 0.235124 -0.212071 -0.148708 
4.728067 1.501435 -0.773279 -0.312181 1.128644 0.820595 -0.732695 -0.079881 0.691745 0.305818 -0.113423 -0.158145 
5.128850 1.925204 -1.573194 -0.413486 1.302868 1.140796 -0.978600 0.106656 0.798822 0.352694 -0.016765 -0.163384 
5.346841 1.926823 -1.796563 -0.791212 1.596123 1.264225 -0.913109 0.246195 1.120751 0.346880 0.052511 -0.175324 
5.156828 1.810732 -1.855826 -1.257978 2.058780 1.152525 -0.426609 0.273080 1.133406 0.253970 0.099077 -0.169737 
5.308433 1.617834 -1.950245 -1.529065 2.225722 1.294671 -0.253473 0.265626 1.259032 0.166140 0.066419 -0.176942 
5.482221 1.648816 -2.216129 -1.437916 2.073357 1.685452 -0.443042 0.265242 1.207316 0.110459 0.047766 -0.187331 
5.440806 1.551545 -2.103885 -1.547172 2.142136 1.696175 -0.274182 0.182614 1.158149 -0.009256 0.027021 -0.171698 
5.362410 1.613886 -2.098307 -1.364628 2.134528 1.762537 -0.244904 0.197951 1.053041 -0.027295 0.017143 -0.168032 
5.382126 1.757678 -2.454763 -1.115390 2.278132 1.541763 -0.045959 0.214736 1.163891 0.031492 -0.004874 -0.178766 
5.394374 1.903273 -2.597853 -1.136320 2.201311 1.592586 0.216248 0.245887 1.285324 -0.006289 0.042528 -0.170791 
5.171340 1.685748 -2.433142 -0.503897 1.788318 1.628847 0.100264 0.524124 1.163491 0.106704 -0.011823 -0.151832 
5.316455 1.868654 -2.791423 -0.469117 1.691842 1.889396 -0.006237 0.612539 1.220164 0.140691 -0.004066 -0.162760 
5.374136 1.929015 -2.711414 -0.581051 1.517214 2.124348 -0.046940 0.587682 1.404982 0.079540 0.042051 -0.166287 
5.518549 1.940092 -2.618917 -0.972226 1.790039 2.182421 -0.081661 0.483708 1.548293 0.077787 0.097668 -0.174544 
5.008233 1.694938 -2.169091 -0.423450 1.853544 1.888628 -0.050134 0.663367 1.203577 0.115318 0.014669 -0.147394 
5.086662 1.744961 -2.339489 -0.416319 2.081060 2.151292 -0.272663 0.721089 1.166742 0.232020 0.036249 -0.155297 
5.195459 1.553802 -2.114725 -0.626648 2.309559 2.085634 -0.042530 0.492667 1.255607 0.181755 0.050203 -0.150069 
5.348405 1.524412 -2.281176 -0.687155 2.553083 2.240765 -0.001748 0.361493 1.327173 0.200483 0.087071 -0.147623 
5.710791 1.467059 -2.534479 -0.482705 2.451569 2.322434 -0.206515 0.552653 1.217976 0.413332 0.037069 -0.144089 
5.475209 1.497633 -2.513688 -0.295020 2.575902 2.205310 -0.271611 0.648123 1.095488 0.433486 0.010295 -0.151987 
5.004242 1.285053 -2.003887 -0.136262 2.655905 1.982063 -0.003771 0.453831 1.279498 0.296193 -0.002569 -0.164841 
4.864309 1.094682 -1.820331 -0.176158 2.655031 2.124675 0.079743 0.433022 1.211547 0.262260 -0.023015 -0.163578 
5.217244 1.399340 -2.657511 -0.207349 2.615792 2.730188 -0.049286 0.527226 1.162279 0.255999 0.001877 -0.168239 
5.539325 1.291531 -2.799943 -0.783164 3.273865 2.289206 0.580427 0.484784 1.173642 0.267023 -0.025116 -0.155203 
5.222858 1.083913 -2.623775 -0.287041 2.633629 2.741809 0.385387 0.541818 1.269286 0.082621 -0.060566 -0.151489 
4.737961 0.959254 -2.254268 -0.305519 2.712776 2.475303 0.468653 0.557788 1.066561 -0.005669 -0.076338 -0.142396 
5.182402 1.119736 -2.779044 -0.392803 2.817316 2.522445 0.368448 0.741885 1.093257 0.095501 -0.101971 -0.152430 
5.017495 1.136919 -2.524643 -0.285522 2.768530 2.433798 0.257946 0.561261 1.207605 0.056569 -0.100542 -0.170998 
5.364432 1.244009 -2.758970 -0.488383 2.985301 2.282756 0.256619 0.581733 1.282781 0.231736 -0.050472 -0.164037 
5.101791 1.044887 -2.334776 -0.085678 2.920384 2.221966 0.228208 0.719385 1.244917 0.303263 -0.070645 -0.152005 
5.781446 1.023297 -2.586008 -0.522558 3.104142 2.157322 0.571692 0.626134 1.402420 0.404459 -0.052995 -0.136303 
5.160167 0.997365 -2.423434 -0.333936 2.914203 2.320547 0.464935 0.785532 1.259445 0.329522 -0.016339 -0.127594 
4.831487 0.702096 -2.184670 -0.188577 2.834476 2.115444 0.503475 0.835540 1.249658 0.327480 -0.042309 -0.119086 
5.327586 0.910358 -3.092460 -0.429494 3.232303 2.272101 0.816469 0.860359 1.570394 0.417112 0.007262 -0.127209 
6.316772 0.422416 -3.927569 0.883303 2.874326 1.701332 1.590222 0.320898 1.961649 0.391549 0.081599 -0.131955 
4.134957 0.362448 -1.667585 0.637975 2.241260 1.829806 0.546099 0.937988 1.537218 0.387228 -0.038470 -0.118282 
