2.710934 1.742559 1.539877 1.563684 1.592823 1.630145 1.476974 0.685975 0.600203 0.209778 0.120771 0.084838 
3.055343 1.732100 1.866872 1.729249 1.164069 1.572801 2.271778 0.948911 0.624247 0.266108 0.166844 0.074921 
2.725112 2.049787 1.936205 1.585812 1.470536 1.221393 1.201553 0.661193 0.802310 0.406505 0.172780 0.075475 
2.786045 2.198344 2.096884 1.603947 1.110041 1.375885 1.329765 0.689931 0.600248 0.290626 0.131618 0.065367 
3.083748 1.966036 2.265747 2.018757 2.016738 2.044387 2.060166 0.729334 0.468746 0.494098 0.225804 0.089544 
2.976207 2.051306 2.041281 1.573077 2.116288 2.164801 1.411918 0.753786 0.264627 0.422736 0.332021 0.092731 
2.712489 1.883657 1.636663 1.348171 1.531898 1.404450 1.223698 0.768299 0.389334 0.320322 0.306780 0.075770 
2.855275 1.911344 1.557931 1.558282 1.730464 1.572135 1.396522 0.820596 0.458617 0.274166 0.386511 0.090021 
3.151644 1.732768 1.437933 1.698300 2.237059 2.522347 2.317290 0.731856 0.153987 0.403659 0.485717 0.144522 
2.888064 1.772060 1.468808 1.607498 2.286936 2.158468 1.782270 0.929302 0.089100 0.206811 0.461296 0.123245 
2.703932 1.912232 1.612732 1.472694 1.569273 1.691827 1.144292 0.954303 0.413824 0.235203 0.259591 0.081479 
2.837211 1.887716 1.528656 1.430982 1.555135 1.593640 1.513196 0.929862 0.289454 0.202064 0.259900 0.083912 
2.938290 1.668415 1.297088 1.038617 2.268839 1.593031 1.642008 1.019892 -0.136735 -0.050419 0.055628 0.099641 
2.683377 1.776027 1.273037 0.904461 1.573173 1.510932 1.528204 0.578776 -0.061873 0.162803 -0.033758 0.089472 
3.002272 1.857222 1.414267 0.561894 0.708147 1.203822 1.348051 0.595851 -0.176618 0.375499 0.093071 0.077070 
3.342610 2.212571 1.900238 0.723543 1.550195 1.222520 1.447233 0.776792 0.240359 0.447645 -0.098635 0.039842 
3.946987 2.811514 2.263764 0.829643 1.970930 1.805078 1.747510 0.467970 -0.293372 0.515769 -0.168050 0.016828 
3.267355 2.625129 2.270456 1.975943 1.812004 1.290369 1.025685 0.370032 -0.101776 -0.167734 -0.165568 -0.018966 
3.139087 2.666975 2.602183 2.064997 1.874651 1.554362 0.897219 0.460094 -0.001964 -0.153275 -0.174101 -0.034144 
4.750887 3.716322 3.509023 2.041480 2.452817 1.837490 0.903787 0.243177 -0.919656 -0.022376 -0.116828 -0.072653 
4.074518 3.727884 3.237587 2.428892 1.951000 0.927797 0.399493 0.083024 -0.254022 -0.296772 -0.134928 -0.079208 
3.735798 3.265332 2.925195 2.278878 1.754757 1.063727 0.544511 -0.024593 -0.420316 -0.329813 -0.115934 -0.082700 
3.557237 3.095551 2.569798 2.012020 1.452834 0.927712 0.310276 -0.265458 -0.583874 -0.441655 -0.048496 -0.082803 
3.687511 3.240971 2.685306 1.809598 1.388491 0.987932 0.429773 -0.256715 -0.719676 -0.494842 -0.053016 -0.081750 
4.574128 3.679023 2.567167 1.469682 1.282106 1.290078 0.525770 -0.254527 -0.935068 -1.127263 -0.107786 -0.069654 
4.041032 3.328467 2.349693 1.536469 1.239277 1.074082 0.451480 -0.294673 -0.850878 -0.794362 -0.098328 -0.077419 
4.162694 3.262295 2.294376 1.341984 1.305492 0.996612 -0.021501 -0.401136 -1.082790 -0.864644 -0.090490 -0.073547 
3.545672 2.752813 2.001904 1.401013 1.099282 0.484689 -0.069813 -0.302187 -0.641053 -0.642975 -0.221035 -0.096443 
5.195943 3.383172 2.111804 1.038312 1.894692 1.018203 -0.465069 -0.199051 -1.050261 -1.327578 -0.271720 -0.086565 
4.207396 2.991886 2.124197 1.676750 1.599107 0.554951 -0.854920 -0.889556 -0.969582 -0.848253 -0.170781 -0.102719 
4.510778 3.042597 1.923898 1.978245 1.970746 0.196612 -0.761101 -0.735428 -0.873829 -0.963194 -0.207787 -0.093582 
3.857384 2.948628 2.256152 2.030383 1.271844 -0.282574 -1.081811 -1.021411 -0.728818 -0.593535 -0.270026 -0.114774 
3.995532 2.937252 2.160469 1.896569 1.327742 0.151299 -0.744503 -0.994726 -0.906135 -0.731707 -0.152266 -0.090953 
3.635318 2.976455 2.093585 1.587373 0.966554 0.268229 -0.270962 -0.710376 -0.674561 -0.624496 -0.211453 -0.087104 
4.636593 3.243191 2.050596 2.006449 1.863135 0.333172 -0.610806 -0.910249 -0.793342 -0.935397 -0.168645 -0.072905 
4.771801 3.277130 1.860564 1.887051 1.869662 0.496307 -0.652659 -0.752364 -0.654948 -0.820518 -0.189616 -0.071554 
3.935640 2.953055 2.162643 1.873792 1.516614 0.324553 -0.512562 -0.819848 -0.855432 -0.753624 -0.105961 -0.067612 
3.756068 2.819190 2.063477 1.775818 1.270937 -0.117915 -0.980137 -0.839547 -0.646824 -0.484680 -0.230580 -0.081493 
4.031411 2.993983 1.983250 1.912557 1.641286 0.082847 -1.135979 -1.118776 -0.441201 -0.431931 -0.231607 -0.097939 
4.229058 2.941145 2.322043 2.748601 1.883853 -0.282200 -1.643508 -1.041451 -0.456893 -0.802445 -0.276308 -0.118167 
4.286942 3.096968 2.609567 2.959264 2.245987 -0.576502 -1.669437 -0.892920 -0.462203 -0.755322 -0.349173 -0.127758 
4.415205 3.103440 2.405145 2.820392 1.993615 -0.659221 -1.570573 -0.518103 -0.327840 -0.626961 -0.393769 -0.114584 
3.701794 2.825178 2.203649 2.079762 1.461850 -0.213844 -1.014930 -0.599428 -0.290221 -0.422620 -0.365337 -0.104746 
4.468117 2.876904 2.457348 2.983851 2.335163 0.053985 -1.093169 -0.510634 -0.236410 -0.609172 -0.335236 -0.115066 
4.344465 2.725424 2.000695 2.847911 2.435601 0.051883 -1.047573 -0.352277 0.043626 -0.529999 -0.367243 -0.120332 
4.522738 2.760307 2.212692 3.428306 2.557517 -0.037725 -1.196178 -0.219550 -0.095656 -0.678685 -0.377826 -0.107707 
3.974324 2.681340 2.072168 2.616149 1.997019 0.031580 -0.817984 -0.191142 -0.211618 -0.732277 -0.316085 -0.095032 
5.328428 2.527657 1.826308 3.507051 2.584540 0.046945 -1.789392 -0.204317 -0.206655 -1.252522 -0.523683 -0.074064 
3.875606 2.620111 1.993808 2.454893 1.372886 -0.632887 -1.200301 -0.391522 -0.326112 -0.929413 -0.299974 -0.088298 
3.851222 2.578349 2.036964 2.606199 1.473308 -0.677854 -1.267566 -0.455253 -0.407459 -0.768149 -0.321813 -0.089401 
4.324180 2.558733 1.508365 2.432910 2.203749 -0.411466 -1.584136 -0.558232 -0.323777 -1.014353 -0.270466 -0.088183 
5.263836 2.810291 1.033579 3.078715 2.479285 -0.118226 -1.780474 -0.570760 -0.403807 -1.515416 -0.480204 -0.067763 
3.733407 2.595380 1.922556 1.948510 1.187385 -0.291579 -0.918380 -0.549102 -0.552329 -0.762576 -0.245538 -0.078503 
3.888598 2.675554 1.901560 1.937223 1.295353 -0.341168 -0.862849 -0.367093 -0.530522 -0.752820 -0.247044 -0.065483 
4.249008 2.934243 1.835508 1.906535 1.576113 -0.123032 -0.998393 -0.792506 -0.560927 -0.831979 -0.151065 -0.057154 
4.431619 2.908689 1.992091 2.551838 1.322968 -0.418041 -1.210084 -0.281842 -0.210021 -0.924519 -0.237278 -0.041251 
4.163494 2.943483 2.119688 2.380239 1.440665 -0.460676 -1.070395 -0.381716 -0.475748 -0.819612 -0.191320 -0.045330 
4.160635 2.936954 2.250232 2.597458 1.656881 -0.472794 -1.182885 -0.578277 -0.348246 -0.814142 -0.192181 -0.051988 
4.282603 2.927188 2.383605 2.793848 1.780396 -0.716333 -1.201032 -0.542623 -0.186710 -0.940315 -0.231729 -0.051738 
4.052407 3.031164 2.330378 2.619990 1.212865 -0.668066 -1.374712 -0.527710 -0.302094 -0.778176 -0.259341 -0.062018 
4.221041 2.866146 2.665359 3.044318 1.699972 -1.134382 -1.481250 -0.467499 -0.232914 -0.938157 -0.335058 -0.061533 
4.170718 2.864272 2.283545 2.845196 1.791602 -0.822159 -1.580163 -0.797543 -0.257095 -1.001318 -0.310663 -0.095655 
4.690037 2.929041 1.916295 2.752324 2.203252 -0.959446 -1.801794 -0.876215 -0.339815 -1.136069 -0.386795 -0.106447 
4.187295 2.848884 1.993907 2.573208 1.715476 -0.716192 -1.544828 -0.894046 -0.555285 -0.963512 -0.275255 -0.104001 
3.969931 2.609531 2.047382 2.424836 1.325865 -0.793468 -1.664774 -1.132126 -0.660760 -0.899813 -0.243196 -0.105128 
4.963829 2.693003 1.349663 2.849994 2.320755 -0.607390 -1.915067 -1.389884 -0.315486 -1.293685 -0.375176 -0.113528 
3.638735 2.489386 2.032920 2.226211 1.159225 -0.700783 -1.335147 -0.833465 -0.531097 -0.715834 -0.252799 -0.091139 
4.247583 2.700870 2.025809 2.606170 1.575668 -0.713283 -1.523239 -0.894857 -0.406963 -0.903516 -0.276187 -0.089364 
4.601174 3.046216 1.639814 2.649473 2.401815 -0.417533 -1.525892 -0.447863 -0.307992 -0.986485 -0.294462 -0.091752 
4.550930 2.964758 1.659854 2.559820 2.327886 -0.230415 -1.237443 -0.212383 -0.305049 -0.931597 -0.262255 -0.077886 
3.519964 2.665718 2.371431 2.301768 1.430040 0.166363 -0.442638 -0.164484 -0.518269 -0.597433 -0.168159 -0.069337 
3.420890 2.505573 2.184632 2.191606 1.460062 0.355236 -0.185509 0.052218 -0.159763 -0.440692 -0.273659 -0.063397 
4.886950 2.851036 1.805904 3.023316 2.769813 0.708353 -0.401088 0.110005 0.084694 -0.807282 -0.215159 -0.045363 
4.215233 2.813405 2.366347 3.066327 2.896678 0.904740 -0.229615 0.247060 -0.087883 -0.511895 -0.084981 -0.049301 
3.972827 3.078648 2.480813 2.812475 2.577902 0.834275 0.311493 0.285454 0.164981 -0.362047 -0.089852 -0.044156 
3.021468 2.584498 2.377590 1.831431 1.076738 0.814840 0.735503 0.631171 0.188109 -0.052464 -0.087719 -0.006380 
4.505881 3.391803 2.759576 2.634941 2.979458 1.056292 0.550913 1.005247 0.297051 -0.437647 -0.058397 -0.027502 
3.881066 2.882443 2.663786 2.478814 2.217032 1.426705 0.888198 0.446819 -0.047322 -0.261233 -0.009880 -0.005020 
3.220472 2.478804 2.138603 1.932732 1.862911 1.272125 0.763485 0.482026 0.239106 -0.199250 -0.208372 0.005479 
3.333262 2.333078 2.100227 1.881244 1.678752 1.092335 0.690410 0.493785 0.093185 -0.318041 -0.209261 0.001145 
3.689317 2.452469 2.087875 2.239316 2.147240 1.220952 0.695058 0.451611 0.354281 -0.482711 -0.291307 -0.029964 
3.648301 2.128179 1.872713 2.612318 2.439033 0.846524 0.921503 0.679751 0.363514 -0.290636 -0.265534 -0.001045 
3.429676 2.383768 2.085705 2.245386 2.028769 1.237862 0.691779 0.437105 0.450865 -0.252124 -0.086045 0.016977 
3.192981 2.385168 1.879284 2.028551 2.220809 1.316372 0.907717 0.528772 0.278519 -0.129204 -0.274918 0.011808 
3.484486 2.357957 1.752262 1.559453 2.129971 1.336983 0.943587 0.513671 -0.302424 -0.405572 -0.138159 0.022372 
