3.231289 1.795036 2.158403 2.275180 0.745356 0.813111 0.665484 -0.335001 1.059097 0.107987 0.092954 0.067209 
3.628370 1.752139 2.032777 2.447774 0.550873 0.377463 1.822363 -0.491392 1.342868 -0.054040 0.148173 0.051207 
3.483453 1.880112 1.561502 2.219993 1.383610 0.647835 1.347172 0.055291 1.121129 -0.070833 0.085073 0.049032 
3.280998 1.953669 1.602897 1.956991 1.446898 0.839780 1.036452 0.187040 1.039875 0.363624 -0.084385 0.024962 
3.685119 1.601532 1.028383 2.243056 1.682602 1.251841 1.280840 -0.279876 0.771362 0.497606 0.099753 0.008583 
3.092467 1.645077 1.216138 1.804043 1.620881 1.514800 0.715544 0.344977 0.242483 0.523895 0.187268 0.060621 
3.065528 1.261863 1.169414 1.872424 1.694894 1.505438 1.039947 0.303808 0.128233 0.454306 0.375852 0.087455 
3.475359 1.080417 1.505619 2.104837 1.910990 2.122848 1.288417 0.336229 -0.311483 0.315381 0.368816 0.101595 
3.428936 1.180387 1.657034 1.615778 1.556473 1.773607 1.565711 0.533280 0.146722 0.344448 0.289524 0.088248 
3.041490 2.106931 1.797333 1.093896 0.946496 1.354458 1.251936 0.507130 0.385463 0.359506 0.100765 0.062496 
3.201605 1.935912 1.515984 1.424648 1.090584 1.568443 0.774075 0.375782 0.716387 0.170007 0.019043 0.054940 
3.378449 2.410343 1.225517 2.053654 0.975426 1.048917 0.885984 0.901881 1.150680 0.254407 0.002441 0.033721 
3.256584 2.212555 1.586284 1.599526 1.178848 1.333372 0.944711 0.703984 0.896790 0.258635 -0.018953 0.046452 
3.288789 2.202321 1.385559 1.565961 0.996824 1.525059 1.085722 0.791755 0.918329 0.219382 0.053214 0.050456 
3.148324 2.122098 1.650937 1.228906 0.866799 1.497691 1.035224 0.414363 0.822733 0.373645 0.028127 0.058946 
3.022055 2.063556 1.832679 1.308525 0.503736 1.223918 0.696448 0.555357 0.694251 0.453731 -0.005886 0.063770 
2.921873 1.982358 1.696256 1.276043 0.185544 0.850794 0.454983 0.870984 0.364840 -0.132493 -0.039538 0.076350 
2.762839 1.953981 1.270235 1.660789 0.503279 1.016324 0.266474 0.562091 0.049243 0.193738 0.238997 0.098810 
2.832178 2.072023 1.172445 1.753966 0.576123 1.356382 0.029365 -0.040790 0.027860 -0.034267 0.193067 0.095068 
2.477741 2.041875 1.575805 1.764826 0.941623 0.556093 -0.040444 0.074897 0.083201 -0.431833 -0.033189 0.087019 
2.074465 1.732297 1.560462 1.561337 1.424309 1.109986 -0.301135 -0.090011 0.164022 -0.637117 0.053493 0.110115 
1.358150 2.275862 0.787757 2.204515 0.935434 0.498616 -0.015996 -0.287728 0.354570 -0.647940 0.126172 0.114673 
1.092966 2.239620 1.005981 2.630027 1.164949 0.616960 -0.191014 -0.620730 0.506703 -0.467662 0.232716 0.068048 
1.007583 2.445994 0.629586 2.427202 0.840443 0.629137 0.119348 -0.284781 0.420171 -0.441783 0.273764 0.084624 
1.292733 2.582715 0.349671 2.704575 0.937037 0.214194 -0.128130 0.113299 0.374784 -0.439313 0.295171 0.057183 
1.655331 2.401290 -0.272812 2.426017 0.765263 0.762250 -0.044455 0.260465 0.253675 -0.603435 0.201209 0.086562 
1.894960 2.311688 -0.588521 2.085424 0.498789 1.187961 0.557876 0.994060 0.251038 -0.804969 0.068915 0.084766 
1.870571 1.740395 -0.747925 1.300120 0.769129 1.022664 0.633505 1.337326 0.085107 -0.660180 0.179013 0.142410 
1.963772 1.737342 -0.989128 0.390052 0.448980 0.485428 1.057725 1.385820 0.001276 -0.289194 0.356166 0.137630 
2.057079 1.731771 -1.108282 0.323448 0.579976 0.046409 1.087534 1.444720 -0.076047 -0.366413 0.440532 0.168587 
2.205259 1.599662 -0.656524 0.170967 0.952484 -0.074784 0.753459 1.438469 -0.064648 -0.346487 0.504105 0.154807 
2.385546 1.964016 -0.571539 0.426955 1.169394 -0.343443 0.524060 1.208066 -0.125690 -0.490927 0.595337 0.150667 
2.732871 1.616625 0.198836 0.570010 1.835208 -0.289116 0.324027 1.044254 -0.272257 -0.584186 0.450403 0.161084 
3.645982 2.456306 0.699493 0.884867 1.409142 -0.243844 -0.904391 0.423859 -0.335833 -0.235381 0.309476 0.082991 
4.940068 2.926354 0.042115 0.858346 0.343661 -0.243748 -0.080213 -0.541260 0.247527 -1.002676 -0.088488 -0.040979 
5.769200 2.847962 -0.177263 -0.043222 0.761247 -0.182630 -0.287986 -0.322490 -0.088907 -1.049573 -0.361436 -0.062809 
3.328225 1.882006 0.576161 0.120085 0.127223 0.119166 -0.190070 -0.436882 -0.565804 -0.549382 -0.174691 -0.082414 
5.454702 2.806829 -0.064069 -0.193618 0.423581 -0.576696 -0.548271 -0.487842 -0.112739 -1.061225 -0.275301 -0.059520 
4.440018 2.695416 0.566028 -0.487691 -0.135663 -0.154388 -0.370165 -0.682266 -0.992155 -0.675616 -0.075109 -0.023845 
6.167133 2.657317 -0.843555 -0.385204 0.811828 -0.544366 -1.312212 -0.811518 -0.146419 -1.111723 -0.453674 -0.085581 
4.318419 2.364389 0.257474 -0.635576 -0.274181 -0.365268 -0.424445 -0.468099 -0.805026 -0.899419 -0.089314 -0.031570 
5.264203 2.558249 -0.548865 -1.039866 0.022099 -0.701458 -0.707172 -0.280139 -0.375863 -1.106311 -0.258226 -0.044386 
4.725775 2.242416 -0.249763 -1.016248 -0.254502 -0.462680 -0.399195 -0.246475 -0.721386 -1.039436 -0.160110 -0.014984 
6.273870 2.542013 -1.451130 -1.871594 1.670262 -1.404016 -1.209484 -0.421372 -0.724059 -0.688567 -0.527777 -0.061055 
5.731874 2.252660 -1.021673 -1.296683 0.364806 -0.812689 -1.045230 -0.349056 -0.601523 -1.025818 -0.317490 -0.009788 
5.415090 2.342948 -1.120331 -1.503131 0.299104 -1.029863 -1.219493 -0.147544 -0.627228 -0.942187 -0.279633 -0.023442 
5.323855 1.959385 -0.954629 -1.193416 -0.021474 -0.993166 -1.287391 -0.406659 -0.501578 -0.967601 -0.204764 0.004317 
6.087518 2.525695 -2.074494 -1.616116 1.411192 -1.577869 -2.188915 0.038021 -1.019399 -0.218759 -0.488252 -0.055230 
5.360214 2.043033 -1.272419 -1.351846 0.615253 -1.319384 -1.811203 -0.193772 -0.536169 -0.549545 -0.198609 -0.027755 
4.452142 1.739826 -0.772686 -0.959111 0.167018 -1.190570 -1.071596 -0.526776 -0.361936 -0.531741 -0.022027 -0.007343 
6.117526 2.279874 -2.452109 -1.206148 1.467768 -1.402522 -2.093198 0.098796 -0.825839 -0.044749 -0.461463 -0.032916 
5.425193 1.768430 -1.448084 -1.084257 0.539319 -0.980256 -1.351959 -0.421248 -0.177562 -0.631851 -0.197826 -0.032163 
5.418117 1.866357 -1.531400 -0.989287 0.486986 -0.914686 -1.331919 -0.001800 -0.156005 -0.657458 -0.262883 -0.045987 
4.386234 1.716713 -0.566032 -0.617882 -0.114420 -0.643969 -0.492926 -0.304627 -0.267778 -0.696276 -0.104076 -0.051396 
5.755358 1.975688 -1.679225 -0.732158 0.862544 -1.139861 -1.135391 0.134803 -0.140108 -0.637525 -0.444349 -0.074530 
5.138550 1.833352 -1.223961 -0.523416 0.731470 -0.747608 -0.882655 0.070247 -0.157986 -0.635872 -0.347981 -0.098622 
5.162206 1.792022 -1.497725 -0.542887 1.261572 -0.775155 -0.987827 -0.100105 -0.195166 -0.534023 -0.366066 -0.112562 
5.136995 1.587126 -1.291736 -0.846889 1.662669 -0.785410 -1.111670 0.137924 -0.154993 -0.438911 -0.397180 -0.145740 
4.733527 1.632277 -1.050429 -0.791369 1.469833 -0.332321 -1.226113 0.113253 0.025832 -0.484562 -0.301353 -0.171438 
5.029541 1.643084 -1.023384 -1.084194 2.015456 -0.952738 -1.083132 -0.242210 0.293358 -0.310255 -0.347587 -0.173220 
4.514450 1.849458 -0.938272 -0.892970 1.427119 -0.310952 -1.507021 0.178392 0.261879 -0.198999 -0.247668 -0.230377 
4.757542 1.583730 -0.709149 -1.358170 1.825158 -0.882292 -1.029208 0.019818 0.266082 -0.239369 -0.289033 -0.185617 
4.279063 1.762897 -0.941595 -1.310136 1.582422 -0.171053 -0.968408 0.236935 0.186407 -0.288119 -0.215074 -0.218823 
4.503926 1.635210 -1.046383 -1.545485 1.528277 -0.197471 -0.771697 0.158596 0.452439 -0.486784 -0.232060 -0.206567 
4.262401 1.466285 -0.996122 -1.313540 1.426785 -0.074746 -0.779031 0.432818 0.344775 -0.443874 -0.243401 -0.208832 
4.850877 1.505771 -1.299906 -1.774317 1.823356 -0.012255 -1.071991 0.331718 0.704529 -0.518784 -0.233386 -0.222997 
4.630321 1.328347 -1.082269 -1.256877 1.296574 0.202875 -1.016186 0.375098 0.559375 -0.434179 -0.232876 -0.201588 
4.273902 1.317615 -0.974816 -1.218032 1.311990 0.044058 -0.855752 0.108585 0.689700 -0.524812 -0.206936 -0.201572 
4.877570 1.319621 -1.212372 -1.467556 1.282630 0.888919 -1.282370 0.096001 1.080024 -0.683197 -0.198295 -0.207178 
5.046962 1.185210 -1.277525 -1.628810 1.069417 1.280643 -1.541115 0.023351 1.308036 -0.778644 -0.192693 -0.192372 
4.332490 1.210944 -0.901330 -0.955015 0.706994 1.075451 -1.264596 0.268108 0.978259 -0.637045 -0.179277 -0.185405 
4.263945 1.167759 -0.778560 -1.006143 0.776749 0.741189 -0.862989 0.147217 0.900049 -0.538889 -0.168226 -0.180534 
5.187588 1.017990 -1.066629 -1.705318 1.029676 1.391872 -1.354465 0.069262 1.509147 -0.605541 -0.195673 -0.174481 
5.287227 1.161903 -1.319391 -1.438159 0.753072 1.741111 -1.481964 0.095939 1.498782 -0.574246 -0.189470 -0.160266 
4.591509 1.216468 -1.093628 -0.892918 0.916072 1.278349 -0.977307 0.270797 1.067416 -0.507778 -0.132205 -0.158772 
4.567076 1.145782 -0.756768 -0.914277 1.126742 1.147126 -0.855355 0.318614 0.986476 -0.460042 -0.160796 -0.153934 
4.007992 1.245591 -0.809632 -0.522801 0.916884 0.768776 -0.481047 0.399920 0.493138 -0.472566 -0.155494 -0.141356 
4.524864 1.284883 -0.850921 -1.110675 1.497067 1.346487 -0.546633 0.114632 0.812247 -0.681473 -0.138917 -0.139207 
4.972666 1.182785 -0.711673 -1.413055 1.669753 1.334348 -0.811574 0.434381 0.795517 -0.701642 -0.188006 -0.136867 
4.761454 1.221762 -0.651955 -1.125010 1.406742 1.450976 -0.552663 0.555867 0.908176 -0.871137 -0.197123 -0.109119 
3.795561 1.232439 -0.198628 -0.288772 1.072627 1.020090 0.100309 0.464083 0.324417 -0.654161 -0.199308 -0.102208 
4.128592 1.348695 -0.617152 -0.782760 1.831668 1.003348 -0.043891 0.522671 0.348831 -0.507074 -0.170588 -0.132204 
4.813084 1.415754 -0.956108 -1.253203 2.499925 1.094906 -0.481446 0.535751 0.801223 -0.606705 -0.152218 -0.152411 
4.947228 0.877557 -0.477902 -1.297730 2.577098 1.063968 -0.265498 0.429009 0.939863 -0.628866 -0.262886 -0.106275 
4.924037 1.149602 -0.895322 -1.207666 2.798980 1.063301 -0.369056 0.545757 0.884638 -0.609098 -0.214967 -0.135248 
