3.863890 3.373931 2.759499 2.280797 1.495683 0.867325 -0.036785 -0.587942 -0.506729 -0.423647 -0.236822 -0.092931 
4.450139 4.247782 2.824886 2.840455 3.954673 1.895598 -1.358021 -0.737552 -0.547836 -0.586102 -0.059010 -0.193130 
3.367387 3.025507 2.663843 2.219473 1.755558 0.658127 -0.183904 -0.433826 -0.594169 -0.458611 -0.303482 -0.110431 
4.426837 3.816742 2.930811 2.312498 2.940673 1.013203 -0.973463 -0.322232 -0.790002 -0.554945 -0.225946 -0.146600 
3.844010 3.190401 2.692904 2.149860 1.896570 0.732363 -0.490807 -0.609122 -0.708655 -0.688341 -0.221316 -0.120971 
4.017396 3.190143 2.771279 2.312367 2.359454 0.710754 -0.908548 -0.833483 -0.595504 -0.399314 -0.298764 -0.140911 
3.302654 2.668742 2.439176 2.266342 1.547562 0.586790 -0.384008 -0.519483 -0.435559 -0.441329 -0.371563 -0.114003 
4.054832 3.104345 2.564186 2.579347 2.542787 1.038504 -0.501325 -0.868323 -0.798306 -0.618380 -0.174775 -0.125999 
4.041511 3.136083 2.234573 2.212650 2.083950 1.186160 -0.329424 -1.163486 -0.810554 -0.521697 -0.221482 -0.119595 
3.859372 2.987160 2.142843 2.031135 1.797631 0.714675 -0.292057 -0.696596 -0.747187 -0.524211 -0.308872 -0.120974 
3.410590 2.645130 2.161576 1.916301 1.407761 0.440498 -0.583491 -0.889681 -0.656610 -0.530157 -0.351258 -0.130857 
3.665809 2.818704 2.220892 2.063457 1.682928 0.352497 -0.667377 -0.608423 -0.774487 -0.574489 -0.332790 -0.133573 
3.460747 2.728897 2.333542 2.140239 1.293561 0.049288 -0.473084 -0.553378 -0.493610 -0.654028 -0.366701 -0.127146 
3.688156 2.983971 2.527400 2.383018 1.454721 0.114630 -0.759656 -0.745747 -0.769244 -0.694845 -0.328043 -0.140824 
3.605338 2.900070 2.396622 1.979079 1.201828 0.048132 -0.676233 -0.793808 -0.846240 -0.654591 -0.330909 -0.137904 
3.828555 3.027077 2.182850 1.897148 1.153114 0.081882 -0.652953 -0.752543 -0.723265 -0.597623 -0.353352 -0.132184 
3.599084 2.809667 2.273256 1.987991 1.260885 -0.108750 -1.024250 -1.112668 -0.794992 -0.635442 -0.335057 -0.145679 
3.416298 2.835546 2.178442 1.671732 0.911795 0.089606 -0.450295 -1.039262 -1.050676 -0.677338 -0.263423 -0.132512 
4.021034 3.086264 2.185655 1.910874 1.338609 0.178679 -0.799345 -1.158777 -0.979311 -0.611758 -0.303446 -0.134485 
4.243510 3.099930 2.379861 2.204788 1.480427 0.038657 -1.106539 -1.344940 -1.086609 -0.696558 -0.336426 -0.151979 
3.835151 3.104456 2.425456 1.960510 1.301281 0.155398 -0.950967 -1.336827 -1.066093 -0.651454 -0.307331 -0.145044 
3.464544 2.686764 2.091305 1.592166 0.974965 -0.050084 -0.823143 -1.031782 -0.883685 -0.544707 -0.326880 -0.133282 
5.622556 3.015404 1.801310 2.641841 2.129348 -0.117354 -1.391602 -1.731164 -1.164896 -0.575667 -0.362838 -0.166680 
4.678081 3.209655 2.182993 2.669766 2.147801 0.010027 -1.223084 -1.279996 -1.041171 -0.704117 -0.338140 -0.149899 
3.725894 2.851476 2.066678 1.937764 1.363120 0.270900 -0.850725 -1.189738 -0.952899 -0.467284 -0.280464 -0.125308 
3.368922 2.598136 1.985081 1.904214 1.209460 0.203905 -0.661857 -0.844543 -0.749243 -0.512372 -0.324471 -0.116989 
4.855422 3.347154 2.162457 2.939997 2.728607 0.395053 -0.992968 -1.724951 -0.914627 -0.375732 -0.267297 -0.156947 
4.999555 3.494926 1.747375 2.572731 2.500466 0.534777 -1.048155 -1.697876 -0.904184 -0.285243 -0.241287 -0.141998 
3.906919 3.087424 2.069868 1.726069 1.328243 0.496458 -0.718685 -1.172731 -0.867706 -0.381321 -0.295478 -0.109394 
3.492178 2.903250 2.259322 1.984076 1.192964 0.023205 -0.989402 -1.125546 -0.785339 -0.472395 -0.336284 -0.125911 
3.964376 3.054940 2.139538 2.097178 1.960321 0.345944 -1.414175 -1.729573 -0.964576 -0.407019 -0.299671 -0.159469 
3.618196 2.818355 2.026147 1.670898 0.917813 -0.254958 -1.238201 -1.349128 -0.863930 -0.488532 -0.334378 -0.135350 
3.678020 2.867268 2.068062 1.511285 1.217349 -0.090756 -1.317247 -1.654790 -1.175152 -0.521605 -0.282721 -0.142757 
4.535762 3.133953 2.099755 2.076688 2.012851 0.051345 -2.070705 -2.391436 -1.498703 -0.501726 -0.328021 -0.191654 
3.871374 2.909891 2.106516 2.051711 1.314029 -0.377281 -1.922182 -2.086568 -1.304546 -0.525647 -0.310379 -0.172154 
3.324153 2.412672 1.761777 1.396050 0.655975 -0.450495 -1.342981 -1.359701 -0.930614 -0.528807 -0.251764 -0.133327 
3.903170 2.809789 2.046933 2.160674 1.590588 -0.161503 -1.814332 -2.201783 -1.226383 -0.498100 -0.270673 -0.176103 
3.900617 2.886658 2.017749 1.872048 1.572922 -0.016748 -1.816927 -1.985439 -1.149992 -0.521156 -0.273992 -0.162730 
3.549110 2.736171 2.001001 1.610401 0.822376 -0.400039 -1.546845 -1.571695 -0.946731 -0.471987 -0.299392 -0.135103 
3.445441 2.676697 1.947225 1.306699 0.711022 -0.374449 -1.246965 -1.528277 -1.118587 -0.555756 -0.256739 -0.131073 
4.675350 3.253880 1.917373 2.187910 1.833393 0.023330 -2.079132 -2.342046 -1.199339 -0.575742 -0.335579 -0.184336 
3.900962 2.938295 2.158370 2.085208 1.322765 -0.353593 -1.803691 -2.074329 -1.159726 -0.614270 -0.302450 -0.167268 
3.298219 2.469083 1.722875 1.205291 0.401028 -0.515333 -1.113026 -1.146113 -0.904003 -0.554500 -0.261300 -0.123901 
3.875876 2.821194 2.230698 2.102110 1.456520 -0.452691 -1.746640 -2.037090 -1.065119 -0.524404 -0.321362 -0.167713 
4.119381 3.133755 2.064174 2.320794 1.601289 -0.537522 -2.019463 -2.035200 -1.121830 -0.665320 -0.350117 -0.177530 
4.011181 3.017026 2.132364 1.722688 0.890498 -0.463741 -1.687367 -1.642519 -1.005854 -0.497664 -0.326315 -0.130386 
3.418898 2.653899 1.855262 1.148544 0.441888 -0.530850 -1.234446 -1.440627 -1.072854 -0.564858 -0.217615 -0.114733 
4.553740 3.199759 2.067481 2.144311 1.795648 -0.474783 -2.161585 -2.172783 -1.166532 -0.765530 -0.328651 -0.167478 
3.889243 3.122286 2.271980 2.069331 1.224984 -0.518455 -1.729800 -1.752569 -1.114234 -0.616140 -0.275013 -0.133826 
3.529691 2.732001 1.925792 1.603877 0.730237 -0.477265 -1.341392 -1.194973 -0.848150 -0.561933 -0.152052 -0.086546 
3.971675 3.074279 2.527531 2.292103 1.481340 -0.427363 -1.461971 -1.625877 -0.580156 -0.453421 -0.215879 -0.097117 
4.472079 3.462865 2.054406 2.785235 2.404439 -0.127245 -1.516399 -1.600888 -0.296989 -0.687405 -0.124008 -0.113850 
4.851730 3.572986 1.482310 3.317058 2.876049 0.560649 -1.503783 -1.691034 -0.088494 -0.677703 -0.034925 -0.133297 
3.540403 3.052294 2.374650 2.251980 1.528226 0.438666 -0.380812 -0.655018 -0.468972 -0.136819 -0.032549 -0.046904 
4.545874 3.365593 2.646250 2.618493 2.931030 0.467460 -0.821120 -0.844691 -0.525211 -0.115682 -0.101899 -0.079912 
3.624782 2.875775 2.124812 1.958814 1.895554 0.483236 -0.198030 -0.565700 -0.407513 -0.120238 0.004576 -0.030733 
3.314458 2.700418 2.192314 1.855176 1.900673 0.512927 -0.296743 -0.567518 -0.336437 -0.010357 -0.047492 -0.017717 
4.075789 3.283912 1.481842 2.370141 3.095568 0.822167 -0.054888 -1.069606 -0.104723 -0.022424 -0.019351 -0.044451 
4.191573 3.248806 1.923804 2.720125 3.177577 1.412032 0.084311 -1.066541 0.031273 -0.159330 0.121741 -0.036067 
3.619927 2.946424 2.472872 2.194225 2.408671 1.431246 0.629839 -0.573537 -0.205026 -0.047375 0.117803 0.006168 
2.892509 2.460360 2.156214 1.863304 1.668810 1.160576 0.713753 0.328940 0.123795 0.081603 0.038365 0.020969 
4.183853 3.214555 2.161199 2.282815 2.212581 1.597023 0.444840 -0.062702 0.176842 0.567690 0.082540 0.025201 
3.854032 2.910682 2.419404 2.271904 2.301653 1.348127 0.443248 0.362418 0.293422 0.375297 0.125353 0.034867 
4.563415 3.327189 2.164769 2.159065 3.071211 1.072683 0.177102 -0.134405 0.420603 0.600791 0.163783 0.028365 
2.865856 2.249868 1.947028 1.878539 1.738313 1.385160 0.839972 0.386688 0.374656 0.241727 0.089778 0.035248 
3.486665 2.805163 2.451424 2.179869 2.037874 0.918715 0.096723 0.462178 0.759739 0.465798 0.230950 0.063142 
4.182651 2.939482 2.086824 2.159143 1.873783 1.442018 0.273029 0.083629 0.818600 0.579228 0.208599 0.060523 
3.579696 2.904667 2.453397 2.118910 1.839664 1.344963 0.547201 0.432633 0.530704 0.405556 0.191506 0.066700 
2.959159 2.468532 2.076259 1.664309 1.327991 1.054447 0.712964 0.595975 0.397938 0.155609 0.130596 0.057596 
3.244315 2.605970 2.441337 2.198667 1.696040 1.251314 0.989914 0.686288 0.421487 0.366721 0.046393 0.053134 
3.510214 2.802006 2.824870 2.519878 1.851045 1.291014 0.943566 0.455062 0.514285 0.492218 0.058759 0.051152 
3.013595 2.570992 2.396085 1.945478 1.882495 1.608637 1.130328 0.733098 0.600407 0.364401 0.141748 0.072704 
2.681066 2.102933 2.001087 1.723309 1.461721 1.352658 0.989188 0.715866 0.655771 0.488844 0.218566 0.077888 
2.855212 2.333534 2.172066 2.044595 1.701459 1.355336 1.052397 0.769225 0.662796 0.492923 0.221414 0.080270 
3.198625 2.715015 2.565591 2.226051 1.669150 1.136098 0.918096 0.690162 0.511005 0.327097 0.262852 0.077924 
2.853818 2.356664 2.062771 1.783979 1.586881 1.168912 0.815199 0.608573 0.423357 0.331043 0.222575 0.071799 
2.869927 2.337207 2.066562 1.794393 1.429407 0.945187 0.779642 0.807508 0.519008 0.208013 0.137362 0.067671 
2.836831 2.396489 2.017947 1.807802 1.466190 1.075024 0.702267 0.613909 0.592734 0.347265 0.212653 0.074887 
2.907051 2.429554 2.310207 1.825240 1.560083 1.105227 0.780405 0.612803 0.351199 0.165754 -0.006252 0.056466 
2.732258 2.167859 2.022323 1.873632 1.609316 1.266220 0.857961 0.556812 0.403723 0.200753 0.048106 0.066624 
2.746061 2.094766 1.919772 1.590514 1.383500 1.130266 0.802010 0.749205 0.630718 0.321323 0.125251 0.075262 
2.795466 2.308238 2.202804 2.039150 1.534313 0.880251 0.973534 0.669100 0.341176 0.173435 0.065972 0.066064 
2.555455 2.017920 1.666859 1.390048 1.353811 1.032593 0.680189 0.557188 0.407782 0.263231 0.139634 0.081274 
2.625151 2.124734 1.952999 1.822527 1.552998 1.186777 0.981298 0.587706 0.503533 0.254119 0.108100 0.075200 
2.677280 2.031288 1.785962 1.517177 1.352886 1.045569 0.788430 0.562147 0.504164 0.323694 0.110180 0.077710 
