0.874831 1.544137 0.787779 3.224220 2.335466 0.351895 -0.912262 -1.425398 0.695451 -0.179322 0.624757 -0.151022 
0.797379 1.655311 0.654779 3.313839 2.290697 0.449228 -0.530229 -1.120453 0.704577 -0.018746 0.658643 -0.139944 
0.634519 1.673224 0.053802 3.144973 2.434890 0.581326 -0.094314 -0.804676 0.905670 0.239525 0.655981 -0.134973 
0.373960 1.577509 -0.385380 2.782242 2.302550 1.167648 0.316518 -1.111724 1.168300 0.331190 0.614503 -0.116624 
0.489038 1.483364 -0.343360 2.701259 1.928864 1.217536 0.353526 -1.004499 1.112912 0.077768 0.672882 -0.104686 
0.468404 1.661028 -0.912572 2.801304 1.688297 0.942148 -0.310857 -1.664902 1.000170 0.192120 0.567987 -0.132793 
0.716722 1.693442 -1.204541 2.520411 1.456017 1.240963 -0.243708 -1.291380 1.051163 0.162605 0.507145 -0.137832 
1.011125 2.145867 -0.900166 2.317155 1.266911 1.251722 -0.857655 -1.073480 1.005538 0.250336 0.442726 -0.168984 
1.194219 2.286061 -0.908341 2.358923 1.289752 1.937900 -0.860214 -0.886585 1.235175 0.218767 0.320054 -0.173446 
1.374940 2.461668 -0.648684 2.126509 1.024779 1.918448 -0.950772 -0.518874 1.191771 0.095843 0.296580 -0.139278 
1.472411 2.389635 -0.649529 2.075662 1.137749 1.841079 -0.258905 -0.574515 1.116191 0.055397 0.274372 -0.129309 
1.581002 2.052560 -0.553187 2.269353 0.974539 1.758545 0.061885 -0.228119 0.853821 -0.018889 0.307569 -0.110087 
1.849143 1.975980 -0.490745 2.087821 0.633222 1.072973 0.270905 -0.408247 0.111938 -0.209899 0.309118 -0.051093 
2.306776 1.732760 -0.351622 2.123876 0.849232 0.449032 0.814976 -0.444581 0.262269 -0.514111 0.341729 -0.046665 
2.578395 1.723678 0.395991 1.872298 0.862225 -0.182003 0.870332 -0.722550 0.090342 -0.816505 0.350342 -0.015468 
3.121087 2.014052 0.449826 2.124610 0.462179 -0.123556 0.371746 -1.251566 0.204199 -0.732897 0.331933 -0.020326 
3.735178 2.653415 1.266570 1.929944 1.215899 -0.597065 -0.185815 -1.478849 -0.465203 -0.814849 0.288683 -0.016500 
4.771524 2.757519 1.080112 1.447577 1.064716 -0.044148 0.072880 -1.319671 -0.594149 -1.063088 0.041340 0.007505 
5.073504 2.718049 0.729304 1.220458 1.231235 0.275850 -0.578359 -1.206687 -0.506286 -0.557203 -0.078258 -0.049119 
5.686526 2.890917 0.281168 0.448822 1.292544 0.578165 -0.907751 -1.338863 -0.213895 -0.638351 -0.118283 -0.070119 
5.879442 3.148112 -0.431802 0.129812 1.931581 0.477995 -1.344684 -1.439676 -0.204431 -0.438972 -0.075693 -0.120459 
5.716279 2.851949 -0.161347 0.136912 1.688992 0.314516 -1.778075 -1.627705 -0.031446 -0.416336 -0.056652 -0.120072 
5.363836 2.686440 0.072375 0.458837 1.260670 -0.347505 -1.693986 -1.415193 -0.423740 -0.124895 -0.064945 -0.085597 
5.409293 2.613706 0.004710 0.451395 0.913674 -0.537535 -1.638718 -1.977189 -0.017856 -0.277704 -0.033984 -0.086858 
5.442280 2.775665 -0.170541 0.326532 0.604476 -0.293752 -2.195032 -1.805742 -0.093360 -0.250970 -0.021451 -0.088432 
5.206279 2.775125 -0.021784 0.197470 0.379445 -0.540012 -2.197906 -1.462568 -0.354169 -0.135875 -0.051770 -0.071998 
5.381471 3.053548 -0.526137 -0.086997 0.669616 -0.845684 -2.209271 -1.591430 -0.062483 -0.301465 -0.055709 -0.110020 
5.523899 2.888779 -0.502834 -0.163402 0.316854 -0.670195 -2.309555 -1.451094 0.112715 -0.386059 -0.108942 -0.120032 
5.399427 2.777072 -0.513468 -0.322312 0.270060 -0.664629 -2.373246 -1.239348 0.036542 -0.363911 -0.128760 -0.122524 
4.945067 2.522661 -0.131636 -0.435959 0.440794 -1.004672 -2.098120 -1.184978 -0.078321 -0.217960 -0.140465 -0.117221 
4.903433 2.566367 -0.364337 -0.502849 0.429661 -0.963148 -2.044142 -1.061283 -0.037322 -0.305963 -0.167710 -0.133199 
5.108295 2.664091 -0.763915 -0.555443 0.407026 -0.747934 -2.245388 -1.078719 0.089185 -0.386355 -0.180630 -0.163971 
4.751106 2.358672 -0.379951 -0.393324 -0.218127 -0.611820 -2.109386 -0.752101 -0.133903 -0.267473 -0.221403 -0.132208 
4.773029 2.318417 -0.650355 -0.319715 -0.397692 -0.499867 -1.992518 -0.726581 0.060342 -0.364677 -0.233570 -0.139932 
4.778628 2.196196 -0.525717 -0.891233 -0.033335 -0.639577 -2.032991 -0.640097 0.131922 -0.363931 -0.170254 -0.142262 
4.747883 2.244094 -0.831729 -0.977602 -0.122358 -0.482987 -2.075978 -0.533854 0.135955 -0.269610 -0.136112 -0.148330 
4.514939 2.046877 -0.743975 -0.923082 -0.335493 -0.520314 -1.831308 -0.379737 -0.013807 -0.188575 -0.121047 -0.122661 
4.492563 1.961989 -0.794248 -1.072945 -0.414559 -0.399120 -1.780093 -0.406198 0.110806 -0.206237 -0.064266 -0.117864 
4.419732 2.004540 -0.941951 -1.202600 -0.203731 -0.623161 -1.385997 -0.389912 0.031983 -0.175735 -0.043780 -0.111831 
4.607303 2.049807 -1.159011 -1.585482 0.120520 -0.339976 -1.555966 -0.320836 0.208634 -0.323384 0.011660 -0.124206 
4.469835 1.909114 -0.985337 -1.558231 0.185455 -0.339905 -1.160140 -0.336615 0.195164 -0.311652 0.006655 -0.107892 
4.462952 1.843223 -0.959347 -1.467916 0.119872 -0.134924 -1.004711 -0.202234 0.156447 -0.373218 -0.021220 -0.101121 
4.358311 1.851416 -0.909464 -1.541769 0.175487 0.110373 -0.811300 -0.031675 0.035008 -0.335376 -0.034249 -0.103129 
4.641156 2.033656 -1.175430 -1.640076 0.379167 0.401592 -0.705360 -0.025402 0.052480 -0.345733 -0.028772 -0.105731 
4.586270 1.967791 -1.353355 -1.446710 0.422159 0.535585 -0.523969 -0.102511 0.097866 -0.300099 -0.042482 -0.111437 
4.611355 1.845131 -1.444304 -1.371432 0.693730 0.373242 -0.296217 -0.091065 0.198375 -0.336345 -0.070763 -0.118129 
4.589913 1.829665 -1.586450 -1.255720 0.841695 0.687986 -0.495411 0.077906 0.151108 -0.254842 -0.083757 -0.135224 
4.731421 1.624822 -1.767834 -1.120890 0.844407 1.109913 -0.796340 0.012080 0.378473 -0.391097 -0.101848 -0.153245 
4.930492 1.533513 -1.841305 -1.258844 1.041130 1.235956 -0.763514 -0.144973 0.591870 -0.515367 -0.112701 -0.161820 
5.043801 1.447495 -2.001315 -1.320676 1.283016 1.094338 -0.628841 -0.254862 0.662682 -0.489133 -0.132867 -0.175296 
5.099922 1.628515 -2.476779 -1.213129 1.496467 1.062076 -0.641130 0.047510 0.386983 -0.375926 -0.189957 -0.189067 
5.372844 1.230556 -2.274511 -1.084209 1.231800 1.206520 -0.480390 -0.110846 0.582000 -0.384796 -0.232870 -0.175708 
5.348165 0.998258 -2.167053 -1.011080 1.055908 1.324039 -0.439858 -0.120218 0.703453 -0.445103 -0.264766 -0.170735 
5.610926 0.978597 -2.295383 -1.272781 1.101766 1.604031 -0.696264 -0.037617 0.789188 -0.414245 -0.278763 -0.175977 
5.819550 1.079210 -2.658532 -1.430675 1.164086 1.730767 -1.061694 0.247557 0.659314 -0.272584 -0.290131 -0.198293 
5.830260 1.073402 -2.783383 -1.299055 1.023937 1.931834 -1.183455 0.305194 0.621269 -0.219994 -0.299308 -0.192212 
5.675699 1.141848 -2.740064 -1.340139 1.085211 1.879043 -1.234926 0.399247 0.595932 -0.237068 -0.275625 -0.196560 
5.619360 1.169316 -2.735762 -1.412247 1.322095 1.520263 -0.993828 0.275161 0.685018 -0.247470 -0.248342 -0.209133 
6.006132 0.918746 -2.543597 -1.814901 1.327379 1.854137 -1.339263 0.454935 0.679912 -0.192922 -0.246264 -0.211907 
5.865892 1.088558 -2.517898 -1.814548 1.277481 1.834141 -1.388026 0.463297 0.727364 -0.185536 -0.203705 -0.212237 
5.792776 0.975439 -2.375659 -1.583954 1.189723 1.836056 -1.398814 0.377790 0.800491 -0.134164 -0.182597 -0.196607 
5.426542 0.958522 -2.030499 -1.584212 1.399190 1.470795 -1.082423 0.070921 1.086308 -0.207690 -0.101978 -0.188570 
5.607174 1.187509 -2.421186 -1.712878 1.575074 1.841483 -1.426112 0.496925 0.836187 -0.008430 -0.049470 -0.210585 
5.939731 1.275360 -2.674717 -2.075058 1.473672 2.515130 -1.546773 0.611381 0.876884 0.008567 -0.021370 -0.212568 
5.347012 1.095149 -2.494711 -1.116822 1.317417 1.832712 -0.860100 0.335541 1.056733 -0.128021 -0.104263 -0.180064 
5.607535 0.787616 -2.340779 -1.136701 1.325287 1.924668 -0.663752 0.322097 1.032642 -0.176335 -0.173553 -0.150629 
5.022209 0.980238 -2.321525 -0.933520 1.409353 1.799553 -0.507636 0.215027 0.982419 -0.392636 -0.150696 -0.165677 
5.013277 0.575213 -1.937961 -0.493998 1.099691 1.495677 -0.564727 0.282110 0.968209 -0.397594 -0.261150 -0.135157 
5.120323 0.567365 -1.842601 -0.953170 1.785464 1.118126 -0.600653 0.513553 0.985107 -0.376022 -0.280914 -0.158357 
5.663195 0.334756 -1.969511 -1.137094 1.616455 2.073332 -1.009584 0.553182 1.276241 -0.276136 -0.300473 -0.161242 
4.815008 0.675698 -1.955031 -0.572529 1.709285 1.537137 -0.615894 0.063084 1.217807 -0.338418 -0.186896 -0.184798 
4.597817 0.489853 -1.643203 -0.205481 1.513851 1.143021 -0.707688 0.136653 0.943516 -0.311639 -0.244736 -0.172278 
5.232325 0.458779 -1.894395 -0.528397 2.025652 1.145218 -1.028951 0.066989 0.986847 -0.215425 -0.291545 -0.191323 
5.316167 0.611793 -2.320786 -0.501176 1.859231 1.994755 -0.984077 0.328449 1.098142 -0.193970 -0.284997 -0.198481 
5.124837 0.715004 -2.242700 -0.909036 2.273548 1.842447 -0.961985 0.574495 1.071540 -0.223662 -0.228574 -0.219506 
4.842051 0.854086 -2.370201 -0.525157 2.347844 1.967896 -0.715138 0.462591 0.928820 -0.355200 -0.224685 -0.197260 
4.756949 0.853516 -2.564162 -0.520098 2.449482 1.861446 -0.385887 0.503831 1.125860 -0.307915 -0.176332 -0.193487 
5.138745 0.779384 -2.884310 -0.637498 2.345777 2.363861 -0.559757 0.607780 1.322396 -0.203259 -0.150237 -0.177568 
4.832180 0.538184 -2.592941 -0.496927 2.408341 2.116985 -0.521023 0.646599 1.379773 -0.270342 -0.156299 -0.175685 
4.650343 0.593712 -2.142663 -0.258598 2.369662 1.543824 -0.481919 0.824316 1.202737 -0.129973 -0.144829 -0.152227 
4.577952 0.838094 -1.970603 -0.560905 2.294915 1.752280 -0.422253 0.742546 1.574384 -0.355033 -0.030158 -0.159639 
4.778427 1.221464 -2.289355 -0.751245 2.412648 1.939286 -0.492503 1.041718 1.559985 -0.268364 0.031448 -0.170861 
4.762139 1.066700 -2.047370 -0.621904 2.567331 1.574039 -0.303654 1.307288 1.531965 -0.150010 0.015488 -0.135462 
4.546432 0.746366 -1.544112 0.139829 1.891666 1.475191 -0.396277 1.199968 1.552589 -0.080856 -0.001738 -0.093352 
4.673213 0.647197 -1.623923 -0.170218 2.445620 1.394465 -0.229557 0.955732 1.817790 -0.125736 0.028693 -0.091393 
