2.552469 2.049543 1.710178 1.445234 1.266133 1.144556 1.026384 0.774838 0.550175 0.387425 0.209513 0.080200 
2.559387 1.991794 1.755641 1.559228 1.280900 1.139402 0.810177 0.621745 0.601714 0.357755 0.241024 0.080404 
2.544217 2.033653 1.751132 1.569679 1.477431 1.327175 0.956232 0.784305 0.583587 0.357898 0.178196 0.080371 
2.570276 1.961334 1.780797 1.476254 1.355192 1.177332 1.001272 0.810389 0.606058 0.347405 0.207104 0.080091 
2.594882 1.986690 1.720141 1.565694 1.439504 1.201821 0.865212 0.682013 0.534835 0.391979 0.169255 0.079657 
2.577314 2.004346 1.697298 1.508333 1.424508 1.178285 1.018562 0.780166 0.551162 0.409040 0.281504 0.080292 
2.549391 1.990276 1.707456 1.623898 1.427173 1.021358 0.865395 0.643801 0.508200 0.397712 0.184871 0.080143 
2.572712 1.989994 1.797267 1.541972 1.389516 1.047207 0.834131 0.677140 0.571743 0.445505 0.208476 0.079855 
2.602555 2.040970 1.818668 1.637360 1.316700 1.067352 0.846156 0.645570 0.432764 0.350481 0.169381 0.079288 
2.611173 2.057427 1.713874 1.384014 1.351606 1.022050 0.779794 0.714262 0.586104 0.431829 0.293586 0.081221 
2.573216 2.048293 1.781050 1.612396 1.302349 1.034603 0.850717 0.676161 0.550396 0.258173 0.250667 0.079960 
2.612774 2.018619 1.773148 1.480203 1.177950 0.942389 0.712181 0.656754 0.444630 0.433731 0.212286 0.081541 
2.647064 2.132182 1.934518 1.584659 1.352984 0.930657 0.709913 0.665933 0.373723 0.372563 0.260227 0.080006 
2.610610 2.110736 1.737965 1.533583 1.108831 0.872822 0.898933 0.590639 0.644049 0.378273 0.334324 0.081586 
2.819731 2.178766 1.594243 1.001309 1.104623 1.464454 1.266194 1.023968 0.534396 0.187832 0.164760 0.071958 
2.846181 2.148234 1.390011 1.003071 1.203012 1.362707 1.192900 0.881027 0.319890 -0.052609 0.012069 0.067884 
3.117193 2.086484 1.131236 0.759969 1.099052 1.908202 1.976272 1.413885 0.361242 -0.217719 -0.094730 0.050388 
3.247269 2.198589 1.024450 0.259816 0.656486 1.298139 1.694311 1.127953 0.299010 -0.329111 -0.145580 0.034383 
3.680613 2.279743 1.043455 0.176156 0.696367 1.636284 1.945352 1.325535 0.329112 -0.108793 -0.111070 0.022768 
3.375361 2.339505 1.061287 0.309706 0.603303 1.425757 1.576896 1.084707 0.175116 -0.277004 -0.119036 0.032622 
3.857620 2.764476 1.139286 0.096894 0.445073 1.183156 1.493367 0.909495 0.169138 -0.173414 0.117237 0.059425 
3.661218 2.389264 0.943194 0.220445 0.498797 1.086961 1.158290 0.716092 0.305858 -0.046815 0.065471 0.052346 
5.215047 3.240895 0.721180 -0.811864 0.292858 1.121693 1.801056 0.978960 0.146507 -0.173217 -0.015931 0.058236 
4.319394 3.047028 1.132234 -0.452807 -0.060135 1.106312 1.616950 0.868943 0.051671 -0.350168 -0.016134 0.026851 
4.520449 3.145218 0.806854 -0.275308 0.154174 0.904915 1.344425 0.898640 0.106220 -0.436684 -0.011710 0.025335 
4.511948 2.971560 0.948530 -0.107502 0.161053 0.794106 1.328549 0.949213 0.097451 -0.372028 0.064677 0.041219 
5.488235 3.351367 0.879758 0.125928 0.214185 0.643819 1.273837 1.121347 -0.033127 -0.385408 -0.022875 0.050706 
4.410015 3.097614 1.341697 0.377080 0.365479 0.837796 1.128407 0.608749 -0.137314 -0.359188 0.002724 0.007401 
4.369096 3.229765 1.459790 0.409896 0.283838 0.667045 0.862675 0.505461 -0.070945 -0.276936 -0.057274 -0.024493 
5.367119 3.456136 1.383783 0.565164 0.680138 0.286682 0.863021 0.622745 -0.150114 -0.298564 -0.163268 -0.040173 
4.980012 3.307127 1.513552 0.839934 0.797924 0.259040 0.572659 0.451083 -0.218225 -0.271025 -0.138502 -0.037460 
4.835533 3.360076 1.720639 1.326318 0.838831 -0.427003 0.534196 0.391879 -0.088401 -0.455393 -0.162022 -0.040706 
4.476684 3.257003 1.936833 1.302721 0.868360 -0.572172 0.554225 0.225046 -0.163449 -0.226438 -0.191094 -0.046849 
4.869087 3.612872 1.508425 1.244739 1.260228 -1.282309 1.077943 -0.164170 -0.120117 -0.268526 -0.245852 -0.023730 
4.885862 3.527040 1.457017 1.023971 1.359770 -1.218834 1.092376 -0.096488 -0.192561 -0.285255 -0.315648 -0.036588 
5.750936 3.450307 0.991756 0.518625 2.459981 -1.955426 1.490796 -0.442205 -0.224627 -0.081572 -0.489520 0.033623 
5.121996 3.522847 1.235135 0.328613 1.851663 -1.355130 1.039825 -0.457427 -0.193737 -0.020833 -0.394363 -0.018597 
4.729564 3.625393 1.033074 0.508735 0.964980 -0.626063 0.496419 -0.326503 0.126014 -0.173422 -0.293286 -0.070965 
3.886298 2.833346 1.348844 0.721585 0.417772 0.149499 0.209991 -0.167994 -0.205813 -0.393807 -0.202327 -0.023016 
5.529092 3.783934 0.121171 -0.062803 1.862874 -1.514070 0.760607 -0.259956 0.118835 0.037588 -0.377081 -0.020350 
4.275970 2.658966 1.090776 0.567596 0.545955 -0.062689 0.258967 0.065822 -0.050681 -0.190995 -0.334871 -0.053418 
4.390716 3.073131 0.992651 0.200549 0.598708 -0.330667 0.575672 0.012116 -0.147104 -0.160966 -0.331045 -0.046298 
3.888947 2.731285 1.076485 0.259662 0.376852 -0.235537 0.215277 -0.079038 -0.087043 -0.175287 -0.299668 -0.024583 
4.980026 3.205375 0.700215 0.046649 0.699882 -0.784094 0.483252 0.071849 -0.269869 -0.308064 -0.207624 -0.002239 
4.384713 2.847503 0.892253 0.100760 0.705859 -0.469666 0.405773 -0.323165 -0.449733 -0.239511 -0.162719 0.015211 
4.543804 3.105684 0.969301 -0.204026 0.152753 -0.502501 0.486626 0.068388 -0.542344 -0.356973 -0.155267 0.010050 
5.207800 3.048511 0.635391 -0.163109 1.136342 -1.139717 0.601713 0.051253 -0.339294 -0.478320 -0.289055 0.014502 
4.904659 3.225433 0.930918 -0.073359 0.404404 -0.523292 0.592340 0.157586 -0.539651 -0.534104 -0.186196 0.005385 
6.897097 3.231244 -0.139847 0.047589 2.122968 -2.216787 1.445318 0.314744 -0.632552 -0.562382 -0.567352 0.131928 
4.739194 3.171592 0.997383 0.090763 0.363137 0.233517 0.464533 0.182890 -0.408508 -0.648163 -0.217419 -0.022231 
5.591388 3.005282 1.015378 -0.155835 0.950209 -0.023473 1.151714 0.367176 -0.667276 -0.587691 -0.304161 -0.005956 
4.457438 2.899847 0.969940 0.339344 0.921323 0.475563 1.137802 0.413254 -0.486225 -0.705215 -0.325691 -0.027600 
4.728292 2.959884 0.773699 0.223771 1.826987 -0.329179 2.036048 0.228103 -0.546000 -0.627155 -0.442231 0.016872 
4.123892 2.841174 0.986161 0.453995 1.573216 -0.100086 2.104684 0.394437 -0.543312 -0.646459 -0.440720 0.001065 
4.492939 3.164881 1.503119 -0.001515 1.709418 -0.652706 2.319989 0.316373 -0.568214 -0.607673 -0.360699 0.043526 
3.819265 3.039957 1.237162 0.795671 1.322421 0.361679 1.776971 0.060976 -0.741665 -0.623985 -0.238973 0.019205 
4.032045 3.010522 1.466761 0.573302 1.538523 0.099556 1.767497 0.145975 -0.404300 -0.500197 -0.191704 0.030423 
3.695491 2.898331 1.985196 1.160536 1.549352 0.226035 1.032111 0.205855 -0.266619 -0.204932 -0.119159 0.017590 
3.742444 3.183388 1.786531 1.719480 2.066183 -0.078575 1.390076 -0.113768 0.107400 -0.028756 -0.073696 0.038619 
3.756841 3.506417 1.785197 1.868153 2.197697 -0.098232 1.383961 -0.156966 0.106005 0.096487 -0.107346 0.039229 
3.425957 2.798641 2.398056 1.604376 2.259891 0.128101 1.272846 0.372673 -0.246639 0.148048 -0.243657 0.018152 
3.274310 2.951863 2.214837 2.034158 2.419502 0.112015 0.978462 0.115236 0.144544 0.087795 -0.158610 0.028193 
3.145240 2.902302 2.100965 1.757666 2.052051 0.311342 0.943747 -0.032997 0.017025 0.124226 -0.129995 0.037650 
3.304728 2.999936 2.236491 1.445226 2.221209 0.053405 1.334611 0.224028 -0.099221 0.260291 -0.090879 0.058061 
3.026925 2.610715 2.233082 1.373118 1.900232 0.347113 1.132662 0.428428 -0.128905 0.190854 -0.202354 0.041461 
3.159312 2.788306 1.989132 1.491711 1.878614 0.509726 0.895535 0.324199 0.055263 0.102832 -0.171255 0.032817 
3.569800 3.252152 1.964799 1.409682 2.464510 0.289534 1.292977 0.043397 -0.007895 0.007744 -0.226649 0.018814 
3.250323 2.864893 2.320084 1.735680 2.031219 0.520861 1.048406 0.310518 -0.085979 0.127450 -0.130579 0.023875 
3.227109 2.873650 2.386896 1.908099 1.920557 0.787917 0.993543 0.553750 0.079187 0.047152 -0.178473 0.009017 
3.274305 2.885225 2.442883 1.744106 1.629601 0.825484 0.943592 0.506108 0.171795 0.052618 -0.018627 0.022763 
3.836891 3.457546 2.843111 1.542632 2.799020 0.369471 1.142267 0.512838 -0.308448 0.221126 0.080902 0.049511 
3.758792 3.399968 2.528355 1.536602 2.355406 1.086823 1.228315 0.479678 -0.236676 0.182271 0.038060 0.031710 
3.455506 3.117720 2.453702 1.957332 2.148390 1.317432 0.863907 0.307029 -0.153476 0.038452 0.068804 0.018292 
3.619269 3.134109 2.513724 1.649555 2.115088 1.329958 1.207981 0.892022 -0.122275 -0.011649 0.028734 0.012416 
3.662306 2.977169 2.472892 1.918368 2.466941 1.382878 1.417967 0.699416 -0.120309 -0.040534 0.057215 0.023517 
4.141013 3.385176 2.343984 1.808637 2.263313 1.675656 1.907043 1.123194 -0.169427 -0.353798 0.077034 0.026795 
3.511338 2.851058 2.032874 2.036834 2.161780 1.697427 1.577088 0.989897 0.244606 -0.140673 -0.000259 0.025214 
3.286817 2.522676 1.997579 1.999709 2.175156 1.892180 1.481159 1.096001 0.315718 -0.137855 -0.023754 0.035162 
3.153916 2.245992 1.971726 2.003374 1.940101 1.824371 1.583030 0.907025 0.204940 -0.119891 0.043939 0.047221 
3.422561 2.481119 1.669028 1.641484 1.831458 1.897680 1.708819 1.113553 0.271205 -0.170741 0.027096 0.041426 
3.547643 2.541254 1.643912 1.495907 2.217931 2.125613 2.083822 1.483363 0.058745 -0.344323 -0.085698 0.038600 
3.364848 2.441932 1.536821 1.249377 1.657371 1.868081 1.721609 0.976832 0.141293 -0.114737 0.107856 0.054420 
3.096823 2.262245 1.586120 1.302473 1.490342 1.735382 1.415345 0.857732 0.274038 -0.030440 0.073011 0.050615 
3.298071 2.454854 1.696371 1.184681 1.546795 1.595758 1.644445 1.186079 0.470430 0.048331 0.158611 0.053968 
4.390838 3.214412 2.028059 0.864270 1.283580 2.002830 1.896068 1.685290 0.379680 -0.027398 0.170486 0.057638 
