2.631243 1.686485 1.899938 1.060722 1.767445 0.543763 0.307814 0.589331 0.822526 0.467606 0.191776 0.078676 
2.678515 1.858518 2.041613 0.812788 2.435785 0.497843 0.110863 0.032009 0.326983 0.590706 0.036905 0.072046 
2.734587 2.068540 2.051748 0.761126 2.163830 0.151422 0.051754 -0.364256 0.252554 0.741437 0.101722 0.092953 
2.918392 2.264444 1.764072 0.639443 1.928428 0.363955 0.328073 -0.083528 0.403081 0.610638 -0.006836 0.085501 
2.894494 1.763095 1.863459 0.959003 1.490360 0.753623 -0.032533 -0.082391 0.048864 0.325915 0.142051 0.079500 
3.576682 1.323466 1.686760 0.487602 2.138160 0.575912 -0.689649 -0.293400 0.232820 0.870498 0.109662 0.026566 
3.984069 2.048267 0.949133 0.811798 2.277457 -0.058282 -0.376765 -0.842303 1.321481 0.693202 0.313168 0.037900 
4.093597 2.561869 0.685659 1.380949 1.951652 0.152310 -0.706257 -0.698026 1.583653 0.516825 0.250527 -0.059657 
3.664482 2.279052 1.071290 1.112498 1.411828 0.249834 -0.217496 -0.329755 0.977629 0.404127 0.045065 -0.071815 
4.907946 3.241798 -0.582954 0.101329 2.557739 -0.042834 0.624533 -0.876134 1.395605 0.176189 0.204020 -0.105129 
5.415677 3.183211 -0.666631 -0.727749 2.134165 0.154533 0.983304 -0.808643 1.401161 -0.128606 0.224126 -0.051690 
4.090781 2.597482 0.415368 -0.131342 0.397626 0.699912 1.158446 0.341021 0.256938 -0.264193 0.253648 -0.008456 
4.406660 2.854598 0.382009 -0.589581 0.387501 0.415505 1.214679 0.479710 0.306212 -0.361162 0.229348 0.007782 
6.078754 3.313854 -0.917403 -1.083747 0.434121 0.372218 1.076746 -0.060838 1.294701 -0.548669 0.122149 -0.010600 
6.235822 3.218790 -0.308635 -1.812151 0.871529 0.133021 1.294144 0.195989 0.968779 -0.365364 0.015605 0.050974 
4.046655 2.495010 0.661620 -0.410110 0.051289 0.624508 1.088295 0.750721 0.076788 -0.150547 0.266809 0.024011 
3.932559 2.372271 0.494368 -0.832805 -0.243324 0.747984 1.211097 0.940773 0.324771 0.010041 0.345387 0.056021 
4.938303 2.721501 0.057942 -0.949276 0.053866 0.680861 1.432368 0.932227 0.755610 0.013738 0.275468 0.080989 
5.300188 2.947030 -0.221143 -0.846325 0.288648 0.760832 1.023279 0.642639 1.202307 0.108726 0.352181 0.067603 
5.157679 2.659061 -0.134527 -0.901086 0.512029 0.214531 1.184690 0.590232 1.144151 0.272724 0.388554 0.093939 
4.993156 2.754381 -0.133126 -0.795733 -0.083151 0.630196 0.946430 0.822763 0.774827 0.027811 0.382451 0.102120 
5.202570 3.007721 -0.258817 -1.027100 -0.083528 0.589246 1.175550 0.823794 0.653630 -0.081354 0.314192 0.099483 
5.372017 2.999230 -0.359272 -1.127650 0.225352 0.356164 1.234022 0.786991 0.625051 -0.016766 0.273921 0.096732 
5.894684 3.079102 -0.782010 -1.025565 0.663040 0.401699 1.214446 0.167392 0.678581 0.013247 0.257904 0.086373 
5.534528 3.238912 -1.001384 -0.856755 0.895061 0.005635 1.162355 -0.233971 0.841079 -0.015085 0.281049 0.049667 
5.747176 3.215497 -1.554182 -0.284568 1.216769 -0.261935 0.584699 -0.558479 0.891511 -0.054759 0.192278 -0.022123 
5.322059 2.937120 -0.819238 -0.339021 1.226048 -0.214518 0.245875 -0.595204 0.756641 -0.019795 0.123099 -0.046996 
6.529140 4.072220 -2.607450 -1.113934 3.267718 -1.278997 0.840123 -1.403520 0.902547 0.424064 -0.173104 -0.034831 
5.409170 3.111177 -0.978015 -0.310843 2.656139 -1.085600 0.261086 -1.092535 0.800796 0.235856 -0.101104 -0.084514 
5.991353 3.396828 -2.051883 0.400609 2.882554 -1.815373 0.318161 -1.403167 0.986911 0.082735 -0.236814 -0.070193 
5.239070 2.525830 -0.833102 0.251743 2.086115 -1.402563 -0.229920 -0.798912 0.847759 -0.311242 -0.300713 -0.105102 
4.733134 2.223411 -0.383283 0.355170 1.359465 -1.082118 -1.134767 -0.620905 0.735896 -0.374084 -0.241886 -0.114007 
5.571812 2.256005 -1.056932 0.192065 1.339840 -1.406787 -1.204422 -0.650102 0.797126 -0.592297 -0.421962 -0.123362 
6.424587 1.563209 -1.156135 0.273836 1.521062 -1.820701 -1.123272 -0.653088 0.370674 -0.570067 -0.576484 -0.072291 
6.028201 1.807210 -1.243280 -0.214645 2.094960 -2.324986 -1.167113 -0.872820 0.201940 -0.531223 -0.614735 -0.040940 
5.046510 1.959589 -1.031201 -0.585004 1.759142 -1.827759 -1.617991 -0.478028 0.141171 -0.656069 -0.458247 -0.075726 
5.501714 2.004972 -1.088368 -1.091899 2.468545 -2.549401 -1.319778 -0.680692 0.020820 -0.552730 -0.659810 -0.031908 
5.036211 1.432575 -0.543970 -1.060147 2.290903 -2.340911 -1.329101 -0.384747 0.069476 -0.493507 -0.570148 -0.024058 
3.999522 1.227015 -0.458063 -0.041284 0.701134 -1.365766 -1.365096 -0.189985 0.158297 -0.602624 -0.374947 -0.035929 
4.803007 2.068488 -1.494654 -1.243167 2.812387 -2.482185 -0.997566 -0.447093 0.077284 -0.379548 -0.625529 -0.034051 
5.480079 1.500039 -0.738932 -2.136786 3.357400 -2.767800 -0.766829 -0.312903 -0.168765 -0.255280 -0.886889 0.030013 
5.010426 1.333106 -0.887074 -1.535590 2.768213 -2.348359 -0.669253 -0.242174 0.028990 -0.462101 -0.714522 0.007660 
3.699957 1.078409 -0.621742 -0.692446 1.084703 -1.404789 -0.772401 0.105705 -0.116201 -0.515682 -0.496312 -0.025923 
3.855415 1.228398 -1.311229 -0.483833 1.058242 -1.049851 -0.974926 -0.294949 0.162181 -0.609814 -0.456499 -0.046892 
5.203773 1.353291 -0.854317 -1.816730 2.604549 -2.018907 -1.062419 -0.291903 0.112589 -0.573856 -0.660255 -0.017624 
5.257091 1.698158 -1.378353 -1.396264 2.772309 -2.502009 -0.881532 -0.466167 -0.078931 -0.435441 -0.732847 0.005615 
4.393079 1.400935 -0.757185 -0.641506 1.435779 -1.541252 -1.647103 -0.240904 0.185514 -0.531347 -0.400355 -0.050068 
3.584301 1.591972 -0.180055 -0.021334 0.365877 -1.281048 -1.325365 -0.716348 -0.157784 -0.518900 -0.197762 0.002250 
5.235326 2.288504 -0.863511 -0.737068 2.684537 -2.262824 -1.393698 -0.769130 -0.213343 -0.716473 -0.545477 -0.004592 
5.186789 2.069207 -0.371402 -0.608495 1.085520 -1.323280 -2.178667 -0.448861 0.173266 -1.026359 -0.349548 -0.052146 
5.767524 2.579340 -0.666641 -1.227595 2.467799 -2.206953 -1.582966 -0.681486 -0.322494 -0.931472 -0.687322 -0.064558 
5.863664 2.819830 0.050257 -1.653761 3.209859 -1.872901 -1.292072 -0.572387 -0.433792 -0.942305 -0.723140 -0.085769 
5.650622 3.073983 0.283149 -1.502895 3.342478 -1.874112 -1.132342 -0.369826 -0.476595 -0.788684 -0.577284 -0.061160 
4.348972 2.463158 0.839875 -0.218042 2.060617 -0.951916 -0.576332 -0.564068 -0.495422 -0.549599 -0.205484 -0.005130 
4.640261 2.706680 0.813778 -0.478944 4.011097 -1.723363 -0.795076 -0.492787 -0.260727 -0.344741 -0.375533 -0.005578 
4.577592 2.844330 0.890250 -0.456352 4.201710 -2.297761 -1.002335 -0.244059 -0.164894 -0.005297 -0.472851 -0.018066 
4.385507 2.876056 1.130336 -0.347767 5.193348 -2.896127 -0.887207 -0.456005 -0.517718 0.002385 -0.659037 0.032805 
3.313342 2.244478 1.782199 0.643899 1.957369 -1.757329 -0.642670 -0.274387 -0.451404 -0.054646 -0.423079 -0.005473 
3.915606 2.426421 1.603263 -0.100559 3.759494 -2.408524 -0.889613 -0.478363 -0.801612 0.120703 -0.489875 0.003390 
4.205470 2.527342 2.262193 -0.711045 4.508930 -2.751952 -1.085445 -0.512036 -0.802577 0.227760 -0.547116 0.038922 
3.068320 3.062585 1.867159 0.754585 2.406674 -1.774582 -0.744395 -0.575321 -0.786384 0.503537 -0.459126 0.030012 
3.739268 3.504497 2.338523 -0.372569 5.376591 -2.609305 -0.300587 -0.748537 -1.275115 0.441304 -0.420970 0.077707 
3.812558 3.274135 3.098509 -0.748090 5.418593 -2.621990 -0.290748 -0.104515 -1.177455 0.337664 -0.465728 0.066155 
3.704777 3.460884 2.834873 -0.790263 5.463647 -2.264465 0.171798 0.151042 -1.156395 0.399909 -0.419203 0.049463 
3.202276 3.765198 2.336510 0.503295 4.027107 -1.725872 0.356664 -0.071129 -1.019232 0.287873 -0.287705 0.031158 
4.374366 4.043580 2.388455 -0.449615 6.084175 -2.512381 0.265915 0.268726 -1.260661 0.188217 -0.566579 0.058275 
4.479958 3.869100 2.660369 -0.455055 5.822467 -2.276752 0.055276 0.414245 -1.378260 0.052834 -0.484936 0.032686 
4.075148 4.039263 2.074440 0.953245 4.293427 -1.240376 -0.588560 0.048280 -1.391574 0.269954 -0.229008 -0.018848 
3.946445 3.147818 2.280751 -0.036825 2.785682 0.156508 -0.406389 -0.062855 -1.129125 0.570233 -0.104844 -0.048585 
3.510768 2.976784 1.729468 0.759899 2.807639 0.306846 -0.906766 -0.159695 -1.192610 0.464769 -0.010239 -0.060752 
4.208580 3.540358 0.871249 -0.177905 4.101454 0.431858 -0.897273 0.321381 -0.807351 0.616010 -0.123272 -0.151992 
4.306463 2.807586 0.695681 -0.344610 4.442016 0.929441 -0.470587 0.728639 -0.445802 0.442992 -0.215667 -0.204726 
3.878491 2.255676 0.818004 0.232476 2.993712 1.552507 -0.411352 0.585383 -0.194303 0.453133 -0.245751 -0.161957 
3.671953 1.885005 0.719896 0.225906 2.873559 2.377191 -0.115526 0.514496 0.085345 0.157851 -0.305995 -0.152778 
4.075178 1.967206 0.341842 0.247101 3.194132 1.764303 -0.087358 0.465706 0.460627 0.250121 -0.239557 -0.186712 
4.921118 2.350122 -0.317684 -0.228559 4.184867 0.415707 -0.833762 0.411424 0.588147 0.386978 -0.093651 -0.195406 
4.492266 2.033160 -0.180010 0.164705 3.305243 0.771893 -0.165023 0.662456 0.769284 0.308012 -0.248271 -0.201755 
4.790032 2.188049 -0.303401 -0.183344 3.404109 0.868973 -0.550031 0.827964 0.745286 0.230453 -0.202138 -0.221082 
4.554471 1.590870 -0.058060 0.105234 2.904173 1.363153 0.063506 0.865864 0.723219 0.245394 -0.293636 -0.200441 
4.550853 1.707204 -0.009647 0.078293 2.852477 1.306184 0.412601 1.008955 0.756546 0.075830 -0.396201 -0.191435 
4.638558 1.863040 0.007360 0.458906 2.737197 1.086799 -0.141192 1.016584 1.157041 0.160642 -0.347767 -0.203279 
4.881076 1.754561 -0.068719 0.332764 3.299653 1.161835 -0.271201 0.968867 1.107421 0.118218 -0.302463 -0.195700 
5.221482 1.136935 0.267120 0.103156 3.959010 0.899090 -0.232349 1.088938 1.049508 0.164771 -0.358155 -0.175500 
4.162602 1.140210 0.085770 1.315685 3.134459 1.527594 0.360652 0.950123 1.030075 0.083983 -0.480911 -0.163858 
4.189808 1.283560 -0.037422 1.065245 3.089148 1.003908 -0.070127 1.064692 1.149638 0.193643 -0.413367 -0.172239 
