2.946961 2.505801 2.106276 1.568862 1.207723 0.825209 0.419680 0.237931 -0.187585 -0.216540 -0.122690 -0.076821 
3.336304 3.098775 2.947020 2.106411 1.831323 1.029478 0.583339 -0.075975 -0.180384 -0.339375 -0.148997 -0.089066 
3.313426 2.953909 2.505373 2.015284 1.345971 0.860538 0.164169 -0.178085 -0.330353 -0.326930 -0.112320 -0.089686 
3.342586 3.108843 2.644524 2.017030 1.486768 0.840314 0.312106 -0.156337 -0.378763 -0.359679 -0.140932 -0.097664 
3.321862 2.939951 2.592888 1.980244 1.264639 0.755837 0.045950 -0.286473 -0.453936 -0.416303 -0.143957 -0.100751 
3.663213 3.549256 3.467520 2.612696 1.678223 1.041053 -0.156643 -0.666391 -0.617409 -0.884916 -0.063667 -0.137433 
3.478975 3.076016 2.675441 2.058050 1.208374 0.788951 -0.166650 -0.394942 -0.560780 -0.592769 -0.156524 -0.106609 
3.635760 3.554586 3.283128 2.210659 1.522308 1.067063 -0.601285 -0.563942 -0.700922 -1.019612 -0.050292 -0.137770 
3.209222 3.028433 2.432499 1.752419 1.472144 0.386689 -0.196187 -0.187829 -0.746932 -0.571175 -0.196458 -0.116643 
3.450631 3.075672 2.966901 1.722842 1.372560 1.288964 -0.622017 -0.124396 -0.649702 -1.029289 -0.070714 -0.123275 
3.714125 3.436229 3.485294 1.387804 1.535843 1.346993 -0.685224 0.097480 -0.870459 -1.272946 0.017783 -0.151108 
4.126788 4.209405 3.518584 1.259809 1.477422 1.664799 -0.356681 0.220727 -0.924389 -1.996645 0.070117 -0.205605 
3.162440 2.903029 2.361802 1.316393 1.281287 0.434928 -0.401439 -0.210255 -0.801971 -0.747908 -0.157781 -0.128852 
3.541512 3.121192 2.684728 1.908593 1.098853 1.059026 -0.209910 -0.427939 -0.717213 -0.951253 -0.119047 -0.122762 
3.435694 3.049982 2.682064 1.749970 1.220663 0.500012 -0.152066 -0.498783 -0.610971 -0.741601 -0.188711 -0.121732 
3.738650 3.232706 2.570260 1.816151 1.412710 1.048500 0.035952 -0.528659 -0.757924 -0.982196 -0.131012 -0.113773 
3.978233 3.482681 2.474661 1.546590 1.079644 0.788582 0.307182 -0.316701 -0.729650 -1.165292 -0.165001 -0.122148 
3.895096 3.459423 2.672236 1.472449 1.045984 0.838825 0.118058 -0.569156 -0.785019 -1.025464 -0.174656 -0.118633 
3.903700 3.290250 2.160712 1.257301 0.941102 0.854389 0.431062 -0.389858 -0.847041 -1.215210 -0.167805 -0.109116 
3.814264 3.078752 2.005121 1.422716 1.132574 1.232579 0.269042 -0.597171 -0.947520 -1.190664 -0.156612 -0.099328 
3.826874 3.060867 1.937705 0.847154 0.794673 0.773819 0.486098 -0.209805 -0.718791 -1.096502 -0.289218 -0.121742 
3.946083 3.160360 1.734120 1.024800 0.997236 1.179032 0.704973 -0.376702 -1.137728 -1.346658 -0.228813 -0.100832 
3.955219 2.994752 1.734167 0.758929 0.800345 1.063654 0.232115 -0.417743 -1.093537 -1.280692 -0.257609 -0.108703 
4.561655 3.204473 1.744617 0.625525 1.505509 1.455981 -0.335155 -0.299576 -1.071450 -1.606473 -0.236961 -0.097054 
3.984304 2.939681 1.931699 0.442063 0.918842 0.919593 0.063738 -0.317322 -0.851556 -1.267556 -0.272430 -0.114438 
3.923917 2.886837 1.727562 0.629963 0.989456 1.528138 -0.444273 -0.531867 -0.911386 -1.356958 -0.199013 -0.097871 
4.037915 2.982845 1.627680 0.395065 0.956502 1.313359 -0.167468 -0.454962 -0.798934 -1.418574 -0.234647 -0.110019 
3.849001 2.461664 1.815780 0.707577 1.104384 1.125639 -0.278672 -0.530321 -0.738612 -1.272019 -0.230468 -0.099150 
4.178601 3.104035 1.659899 0.589602 1.065960 1.286275 -0.346113 -0.502087 -0.800577 -1.463839 -0.230755 -0.111295 
3.722854 2.624976 1.751626 0.892146 0.789271 0.678775 -0.543421 -0.684359 -0.863975 -0.960394 -0.233378 -0.113040 
5.189787 3.261337 1.358375 0.785558 2.292573 1.360714 -1.557961 -0.926974 -0.578072 -1.742916 -0.249084 -0.130455 
4.067907 2.864687 1.793724 1.193664 0.873533 0.625544 -0.317055 -1.166188 -0.950216 -1.026273 -0.174300 -0.090373 
4.377805 2.917516 1.898721 1.070050 1.655032 1.139019 -0.855977 -0.950738 -1.018329 -1.275117 -0.088585 -0.071139 
3.605992 2.871812 1.754987 0.877827 0.764474 0.377375 -0.256737 -0.679044 -0.926343 -0.835195 -0.156968 -0.093930 
4.155489 2.863678 2.024258 0.924315 1.315283 1.093660 -0.977633 -1.034220 -1.043325 -1.396215 0.000653 -0.056937 
5.600327 2.880564 1.388478 0.201784 2.719788 1.960422 -2.377944 -1.365108 -0.265707 -1.747133 -0.139607 -0.091217 
4.872153 2.911831 1.676375 0.493377 2.486619 1.219366 -2.304501 -1.403962 -0.640617 -1.423317 0.005217 -0.097313 
3.734324 2.672144 1.762848 0.664963 1.255463 0.319657 -1.514088 -1.052972 -0.967320 -0.761146 -0.079360 -0.093740 
3.561408 2.638661 1.708144 0.898191 1.287431 0.078715 -1.354428 -1.245334 -0.896085 -0.523666 -0.117176 -0.097601 
5.741037 3.005422 1.440980 -0.097793 3.137572 1.375645 -3.000745 -1.545966 -0.557761 -1.528853 -0.104095 -0.166101 
5.312508 2.838896 1.383593 0.016913 2.441544 1.002760 -2.695889 -1.536870 -0.590242 -1.515481 -0.094733 -0.113297 
4.999450 2.739429 1.113432 0.270834 1.861792 0.799287 -2.097501 -1.277246 -0.671596 -1.275849 -0.118851 -0.083786 
3.948920 2.565033 1.171762 0.404030 1.070511 0.136126 -1.026137 -0.940130 -0.992781 -1.002973 -0.130527 -0.067099 
5.501165 2.614279 0.512081 0.088105 2.591921 1.289416 -2.270462 -1.273263 -0.484260 -1.465722 -0.215518 -0.111400 
4.248704 2.353519 0.936225 0.441205 1.201529 0.651117 -0.828400 -1.033334 -0.740675 -0.920784 -0.179972 -0.055692 
4.996643 2.428936 0.726671 0.562811 1.776483 0.883634 -1.596373 -1.326470 -0.516546 -1.215901 -0.175734 -0.056043 
4.747722 2.482390 0.794837 0.805928 1.737994 0.778629 -1.438603 -1.169052 -0.704015 -1.057498 -0.139745 -0.055983 
5.157340 2.638594 0.667738 0.892758 2.274356 0.716214 -1.937450 -1.166827 -0.558512 -1.368433 -0.215961 -0.081081 
4.177248 2.732885 1.217077 0.936579 1.151829 0.484481 -0.718294 -1.518237 -0.827484 -0.643813 -0.147567 -0.066925 
3.948935 2.408198 1.246520 1.362673 1.430256 0.394420 -0.680506 -1.162081 -0.734425 -0.656982 -0.153784 -0.074451 
4.404155 2.809802 1.093540 0.952578 1.915862 0.660440 -1.053071 -0.879272 -0.726315 -0.909292 -0.115078 -0.075525 
5.595189 3.317948 0.639372 0.054302 3.862702 1.281403 -1.827588 -0.904925 -0.395982 -1.380248 -0.152649 -0.189894 
4.021209 2.712584 1.478559 1.325162 1.678187 0.891739 -0.362889 -0.690174 -0.703599 -0.645738 -0.071652 -0.056369 
3.333790 2.518138 1.830298 1.055588 1.279200 0.777530 0.225575 -0.433373 -0.465761 -0.445070 0.004892 -0.051345 
4.769028 3.399600 1.576205 0.720917 3.259087 1.010230 -0.265552 0.104319 -0.471270 -0.608638 -0.108148 -0.098822 
4.830358 3.495773 2.409334 0.133817 3.369981 0.999373 0.064818 0.213858 -0.588942 -1.113247 -0.019936 -0.063605 
3.143403 2.642905 2.068825 1.452481 1.133708 0.823040 0.090123 -0.078640 -0.477673 -0.383093 -0.027314 -0.067222 
3.900155 3.109506 3.006520 1.246142 1.875784 0.754606 0.087855 -0.105457 -0.387563 -0.743511 0.019432 -0.060049 
4.299627 2.843581 3.061985 0.865700 2.267165 0.458144 0.065489 0.109824 -0.360725 -0.663457 0.029299 -0.021690 
4.459195 2.619324 3.686373 0.502168 3.250309 0.493257 0.159723 0.591375 -0.330339 -0.586976 0.042964 -0.011162 
3.931551 2.346313 3.294568 0.622010 3.158982 1.207411 0.668041 0.643925 -0.094281 -0.156590 0.161811 0.010921 
2.962709 2.427466 2.391513 1.466384 1.832465 1.113698 0.749282 0.204555 -0.023678 -0.195536 -0.061099 -0.025221 
3.694310 2.522993 3.053593 1.483819 2.952064 1.412847 0.701591 0.019852 0.142958 -0.162570 0.014837 0.007555 
3.493432 2.664406 2.522496 2.155660 2.922416 1.179937 1.480711 0.489701 0.065716 0.078038 -0.030506 0.018926 
4.009837 2.911263 2.983109 1.462813 3.792429 1.474708 1.271009 0.688391 0.007274 0.064350 0.037654 0.019532 
2.989396 2.467127 2.261757 1.912967 1.930016 1.468037 0.988114 0.592291 0.367766 0.379544 0.051208 0.040361 
3.716389 3.166848 3.035257 1.748518 2.995546 1.661548 1.702038 1.415721 0.562040 0.048745 -0.022668 0.015919 
3.109111 2.958693 2.867203 1.904597 2.536359 1.380844 1.233589 0.883768 0.350940 0.061534 0.062434 0.030183 
3.674811 2.721809 3.069665 1.251243 2.167471 0.641456 0.899763 0.858321 0.031730 -0.480834 0.311535 0.054259 
3.232298 2.659470 2.537765 1.445280 1.288532 0.626508 0.597513 0.589964 0.150567 -0.221587 0.166981 0.026476 
3.935677 3.171178 3.473632 1.089540 1.600843 0.293918 0.915562 0.721650 -0.274193 -0.660270 0.294630 0.018257 
3.950302 2.985464 3.051751 1.055398 0.972596 -0.122353 0.882065 0.946148 -0.672397 -0.754778 0.281423 -0.005256 
3.678415 2.576577 2.100381 1.136452 0.911143 0.215716 1.070143 0.540100 -0.402501 -0.314923 -0.078612 -0.043678 
3.371803 2.310397 2.064677 1.084636 0.810887 0.874026 1.245697 0.849555 -0.086352 -0.372112 0.032072 -0.025759 
3.955591 2.445366 2.611652 0.483825 1.018953 0.790782 1.880977 1.104285 0.124507 -0.364472 -0.025106 -0.029517 
3.491032 2.872388 2.399954 0.784375 1.747105 0.919371 1.471410 1.078205 0.056951 -0.222600 -0.071230 -0.036725 
3.405328 2.741402 2.517422 1.218550 1.867551 0.879993 1.507164 0.712817 -0.117671 -0.108456 -0.004291 -0.015100 
3.422776 2.919599 2.198868 1.158486 1.989767 0.681546 1.284525 0.533472 -0.097713 0.070227 -0.093277 -0.013943 
3.665933 2.886207 2.353249 1.051493 2.748007 0.981507 1.690715 0.509862 -0.240295 -0.312782 -0.076468 -0.002622 
3.429024 2.738480 1.481427 0.876524 1.830249 0.239953 1.161455 0.186895 -0.071224 -0.074825 0.012004 0.009597 
3.401684 2.536372 1.693710 0.410320 0.694640 0.229166 0.999299 -0.253812 0.121745 -0.389548 0.221703 0.041705 
3.691212 2.861775 1.887138 0.217768 0.710127 -0.346497 1.022588 -0.368074 0.068058 -0.210402 0.197309 0.067345 
3.514615 2.979329 1.859246 0.607677 0.399567 -0.325090 0.974089 -0.454197 0.204636 0.093808 0.137458 0.059729 
3.541902 2.932651 2.432634 0.380860 0.492442 -0.323067 0.816502 0.102328 0.396966 0.361213 0.091280 0.071078 
3.800039 2.809468 1.994482 0.900418 0.809804 -0.665293 1.320171 0.749334 0.088042 0.552042 0.133758 0.077173 
