1.783842 2.359928 1.915599 0.882207 0.869626 0.181227 2.430024 -0.364910 0.351205 0.112820 -0.170129 0.127592 
1.873515 2.415797 2.322140 0.927139 1.662219 0.046068 2.287905 -0.179727 0.261903 0.021104 -0.319223 0.145710 
1.995650 2.804839 2.073152 0.403356 1.546422 -0.144599 2.069621 -0.129993 0.678259 0.595331 -0.284003 0.166747 
1.832819 2.586289 1.870287 0.167013 1.903729 -0.181302 2.428667 -0.042165 0.627926 0.816995 -0.195142 0.180364 
1.896323 2.408687 2.085159 0.163256 2.037984 -0.283249 2.097135 -0.659857 0.230098 0.576267 -0.242414 0.193373 
1.883107 2.368920 1.924280 -0.250176 2.283078 0.194386 1.518743 -0.451437 1.021260 0.724986 -0.300548 0.209270 
1.562268 2.326591 2.153055 0.056341 2.386511 0.175622 1.269915 -0.795741 0.547309 0.765411 -0.294153 0.220820 
1.659188 2.333842 2.238127 0.075785 2.656066 0.790432 1.650518 -0.355538 0.336261 0.639270 -0.352280 0.205970 
1.533837 2.332795 2.035896 0.163675 2.305439 0.578195 2.002363 -0.400004 0.756347 0.954926 -0.177561 0.193510 
1.232955 2.822789 1.715957 1.071903 2.077955 0.052132 2.028024 -0.417915 0.430132 0.714962 0.042525 0.147765 
1.429508 2.887350 1.721561 1.249049 1.920377 0.737921 2.075984 -0.274642 0.951017 0.431817 0.179486 0.110008 
1.586174 2.989046 1.882363 1.897318 1.299888 0.718551 2.345233 -0.163664 1.282380 0.267404 0.187653 0.085609 
1.944705 3.064244 1.622875 1.881727 1.013278 0.988346 1.789921 -0.453988 1.353894 0.353879 0.124584 0.078765 
2.496348 2.484296 2.070341 1.606740 1.780915 0.853948 1.541163 -0.058808 0.790808 0.765785 -0.063660 0.092536 
2.942530 2.835547 2.322497 1.916238 1.578481 0.810796 1.561326 -0.224930 0.064197 0.460816 -0.293192 0.029710 
3.346491 3.136751 2.371749 1.629556 1.401683 0.884074 1.569625 -0.169046 -0.154663 -0.107415 -0.335577 -0.035288 
3.710698 2.993553 2.026856 1.336344 1.375602 0.993975 1.169424 -0.446484 -0.488768 -0.236098 -0.322953 -0.056489 
4.082483 3.501982 2.224156 1.137818 1.104156 0.744876 0.862170 -0.622597 -0.630797 -0.563268 -0.251311 -0.070323 
4.745552 3.679895 1.681957 0.712861 1.357462 0.489129 0.826274 -1.185610 -0.786777 -0.562821 -0.269588 -0.043548 
4.894884 3.532027 1.768626 0.655554 1.026552 0.734313 0.181249 -1.190820 -1.099961 -0.556036 -0.253446 -0.042095 
4.477243 3.245164 2.036398 0.870221 0.657252 0.396110 -0.303909 -0.946726 -0.924460 -0.533869 -0.276991 -0.066403 
4.907406 3.445994 1.702290 0.516062 1.055389 0.399432 -0.301672 -1.452039 -1.099874 -0.526378 -0.265738 -0.052765 
6.120795 3.327850 1.873822 -0.638049 1.467897 0.401455 0.145948 -2.211690 -0.727530 -0.714341 -0.364512 -0.000031 
6.031016 3.331401 1.307831 -0.341455 1.363718 -0.127144 0.481053 -1.941267 -0.838430 -0.886163 -0.415062 -0.030883 
4.677196 3.168037 1.361002 0.411543 0.506002 -0.211693 -0.310271 -0.991834 -1.081630 -0.926358 -0.341012 -0.082905 
4.120619 2.993384 1.429905 0.252374 0.067740 -0.301929 -0.398612 -1.053478 -1.119647 -0.792591 -0.344657 -0.092959 
4.065375 2.931435 1.292885 0.381627 0.101584 -0.205672 -0.387306 -0.915439 -1.069355 -0.888135 -0.337842 -0.095067 
4.227095 3.072476 1.349827 0.258321 0.105917 -0.113978 -0.384126 -0.916595 -1.127377 -0.947015 -0.325580 -0.091746 
5.031899 3.192949 1.135137 0.369323 0.107802 -0.246396 -0.445071 -1.035205 -1.256738 -1.177208 -0.348438 -0.074270 
4.213703 2.872797 1.162180 0.302991 0.017320 -0.223131 -0.622493 -1.020509 -1.139001 -0.880790 -0.271823 -0.075331 
4.320547 2.932292 1.233582 0.516637 -0.003300 -0.497293 -0.999342 -1.246589 -1.080999 -0.949749 -0.200489 -0.060180 
4.610144 2.958467 0.966933 0.220969 0.268694 -0.461701 -1.100947 -1.349932 -0.950615 -0.937187 -0.213310 -0.059453 
6.584490 3.064644 -0.113883 0.055612 1.356034 -0.422720 -1.803803 -1.297561 -0.630887 -1.244835 -0.636653 -0.154910 
5.075632 2.951864 0.615521 0.200748 0.341117 -0.539069 -1.487228 -1.331029 -0.976064 -1.054474 -0.228094 -0.047936 
4.449114 2.927278 1.032004 0.044811 -0.267207 -0.760782 -1.183877 -1.162459 -1.152294 -0.981539 -0.163737 -0.042274 
6.906513 2.711124 -0.242375 0.008142 1.183875 -1.102465 -1.676224 -1.783558 -0.468470 -1.224947 -0.708132 -0.141710 
3.915467 2.619684 1.179741 0.366029 -0.156128 -0.915015 -1.626065 -1.628569 -1.207088 -0.705625 -0.035760 -0.029121 
5.430715 3.039247 0.686222 0.208290 0.412652 -0.865856 -1.970334 -1.455125 -0.929554 -1.003322 -0.208064 -0.033772 
3.481397 2.339542 1.189999 0.202883 -0.463774 -0.991143 -1.402106 -1.459553 -1.271900 -0.604699 0.038573 -0.023190 
5.029280 3.034638 0.784431 0.384507 -0.126446 -1.331393 -1.507249 -1.154657 -0.853875 -1.238441 -0.157252 -0.005481 
3.835168 2.551490 1.208134 0.281425 -0.239277 -0.927145 -1.381732 -1.366913 -1.137461 -0.662195 0.007460 -0.004088 
5.874707 2.846584 0.340659 -0.180213 1.683946 -2.035998 -1.434857 -1.020831 -1.078546 -1.067722 -0.467637 0.007108 
3.474742 2.216928 1.097732 0.344487 -0.165780 -0.967967 -1.246185 -1.227980 -1.032262 -0.635931 0.017822 0.001971 
4.784147 3.196585 0.963774 -0.166867 0.117168 -1.303926 -0.392963 -0.873111 -1.176681 -1.080243 -0.150766 0.015872 
5.114852 2.984343 0.839591 -0.233545 1.159399 -1.310251 -0.513219 -0.752617 -1.047004 -1.211671 -0.246313 0.031301 
5.353540 3.543776 0.162333 -0.323598 2.276293 -1.741251 0.055760 -0.709531 -0.915377 -0.924187 -0.455948 0.053902 
4.122054 2.929864 0.919667 0.499367 0.827958 -0.350858 -0.094542 -0.509814 -0.719247 -0.772291 -0.070012 0.028653 
4.597365 3.268615 0.651586 0.729536 1.561750 -0.724722 -0.085314 -0.515204 -0.542562 -0.537238 -0.145581 0.030895 
4.540479 2.934530 0.814835 0.784000 1.997873 -0.733253 -0.288003 -0.471356 -0.145837 -0.628227 -0.104417 0.039200 
4.686125 3.114019 0.832697 1.063340 1.821675 -0.261428 -0.389615 -0.245504 -0.216426 -0.789331 -0.050144 0.040459 
4.286747 3.122761 0.849357 1.099426 1.137164 -0.212415 -0.326257 -0.186408 -0.321155 -0.596548 -0.037781 0.037258 
4.259330 3.042544 1.091276 1.000520 0.966578 -0.310561 -0.597942 -0.225387 -0.112871 -0.548729 -0.013329 0.032375 
4.669920 3.525675 0.839779 0.782973 1.681227 -0.643913 -0.352602 -0.553465 -0.565645 -0.577166 -0.053122 0.039474 
3.694508 2.836137 1.405248 0.544263 0.770250 -0.654799 -0.221479 -0.620545 -0.703543 -0.232726 -0.142725 0.020077 
4.184666 3.581624 1.492257 0.752420 1.362196 -0.923129 0.268887 -0.802399 -1.013703 -0.438181 -0.113498 0.041460 
4.849539 3.870059 0.906636 0.199106 2.336028 -1.950206 0.268316 -0.440958 -0.854249 -0.495175 -0.371122 0.065193 
4.759998 3.714871 0.550110 0.120262 2.200515 -1.878301 0.070133 -0.530296 -0.621046 -0.642148 -0.337957 0.037729 
3.767077 2.708080 1.197937 0.473594 0.151235 -0.631477 -0.553892 -0.717213 -0.542854 -0.553847 -0.042559 0.004674 
4.730572 3.295773 0.151292 0.208005 1.144391 -1.506404 -0.541131 -0.209105 -0.806455 -0.901580 -0.233646 0.021437 
5.159647 3.879024 -0.686819 -0.058599 2.429338 -2.490163 -0.289492 0.138100 -0.645945 -0.809702 -0.713766 0.047498 
4.853093 3.634207 -0.620118 -0.107644 2.367291 -1.980290 -0.685777 0.230678 -0.203691 -1.004487 -0.423624 -0.016888 
4.300232 2.815878 0.074738 -0.078363 1.039942 -1.481331 -0.394421 0.558023 -0.093893 -0.859085 -0.158412 0.009520 
4.842311 3.821008 -0.650969 -0.023567 2.263275 -1.943540 -0.576367 0.855507 -0.017551 -0.961145 -0.433461 -0.024572 
4.716133 3.004748 -0.130781 0.351324 1.234190 -1.311279 -0.957097 0.692954 0.168320 -1.084274 -0.218673 -0.019216 
4.736917 3.319873 -0.519428 0.080526 2.092679 -1.938064 -0.791616 0.363627 0.179218 -0.901158 -0.357066 -0.049706 
4.287057 2.653480 0.092456 0.434626 1.382249 -1.720581 -0.781620 0.122552 0.332401 -0.643241 -0.182741 -0.037386 
4.793194 3.056604 -0.598719 -0.089694 2.672702 -2.341288 -0.732097 -0.095175 0.017717 -0.784109 -0.391473 0.006630 
4.479411 2.576190 -0.225215 -0.107565 2.630942 -2.156155 -0.468348 -0.056355 0.076654 -0.841588 -0.289634 0.018734 
4.869848 2.541763 -0.579199 0.022800 3.089978 -2.277105 -0.057458 0.068807 -0.070724 -0.590279 -0.349616 0.128704 
4.684751 2.467983 -0.726160 0.226605 2.809170 -1.839925 -0.099662 0.218844 0.161358 -0.583190 -0.135779 0.121451 
5.024155 2.157853 -0.649264 0.132075 3.367819 -2.008553 0.248971 0.335839 0.181058 -0.459907 -0.246461 0.196032 
5.119292 1.583887 -0.098882 0.332434 2.942054 -1.370548 0.336482 0.080475 0.636768 -0.675036 -0.028505 0.228682 
4.686444 1.486703 -0.056639 0.861273 2.275637 -0.619471 0.061949 0.529469 0.492125 -0.909324 0.117201 0.172181 
4.539137 1.618868 -0.226929 1.166553 2.508306 -0.338682 0.041412 0.775808 0.534775 -0.988263 -0.010334 0.126506 
4.760719 1.315859 0.139914 0.836363 2.726956 -0.400572 0.322965 0.579271 0.635409 -1.072775 -0.086603 0.178252 
4.047257 1.013508 0.399052 1.054087 2.102464 -0.474121 0.105875 0.428626 0.370367 -1.109121 -0.092137 0.138222 
3.479711 1.586103 1.264161 1.480326 1.669464 -0.687171 0.516801 0.681778 0.355312 -0.427462 0.097772 0.091065 
3.579288 2.222258 1.548245 1.090537 1.676061 0.314735 0.828374 0.157453 -0.078489 -0.317341 0.136680 0.068546 
3.602156 1.935568 1.652188 1.439902 1.654666 0.387501 0.791013 0.227664 0.131045 -0.135073 0.049391 0.058604 
3.623733 2.054490 1.542731 0.815269 1.375549 0.374344 0.652810 0.176780 0.638678 -0.275416 -0.110669 0.044044 
4.281912 1.437843 1.824334 0.672019 1.744931 0.533083 0.834754 -0.457390 0.956914 -0.852134 -0.120870 0.164671 
3.013017 1.712723 1.547852 0.942462 0.780095 0.658076 0.693116 0.114388 0.066752 -0.480871 0.077783 0.103377 
3.288741 1.850066 1.446481 0.886833 0.876805 0.775007 0.785955 0.000035 0.132006 0.130256 0.113934 0.083475 
3.675628 1.828724 1.622219 1.268792 0.992527 0.249217 1.427813 0.102672 -0.204119 0.111235 0.019522 0.054751 
3.806200 2.053744 1.353157 1.177976 1.224621 -0.359072 1.495260 0.102075 -0.427994 0.090875 0.080978 0.091186 
