2.520606 2.028884 1.878736 1.664016 1.365449 1.178518 0.890777 0.786703 0.553498 0.286914 0.282268 0.079827 
2.558294 1.972791 1.810768 1.618226 1.351638 1.250055 0.979904 0.819374 0.689504 0.379547 0.179444 0.080740 
2.588770 1.989089 1.674744 1.373528 1.446340 1.220092 0.957437 0.814115 0.672395 0.422320 0.214395 0.079416 
2.595742 1.900778 1.666541 1.452852 1.330266 1.086683 1.045353 0.820726 0.527908 0.351122 0.201461 0.080648 
2.606613 1.883940 1.675624 1.331922 1.220567 1.160522 1.084506 0.738844 0.564140 0.429256 0.273634 0.080785 
2.598613 2.003888 1.703458 1.418271 1.127383 1.098676 1.101148 0.777087 0.555549 0.317143 0.322209 0.079593 
2.603330 1.941251 1.655417 1.492630 1.214646 0.925668 0.885031 0.877355 0.651163 0.388297 0.251145 0.078573 
2.684280 1.979970 1.741529 1.377629 0.946568 1.187908 0.976454 0.898419 0.623611 0.538919 0.283031 0.079340 
2.658199 2.088227 1.524280 1.114854 1.158981 0.869347 1.101000 0.932496 0.597674 0.655117 0.110854 0.078507 
2.695073 2.155946 1.521734 0.970484 0.791117 0.991771 1.235039 0.746611 0.767590 0.572791 0.244459 0.078316 
2.613726 2.071793 1.719777 1.302850 1.089465 0.932984 0.976159 0.371098 0.358148 0.291782 0.121618 0.078790 
3.235411 2.755895 2.465177 1.676547 1.624651 1.253836 1.316180 0.702977 0.207089 0.162867 -0.135680 0.017345 
3.303903 2.721356 2.641929 2.213287 1.599934 0.980894 0.620447 0.286899 0.099058 -0.013701 -0.088765 -0.006356 
4.273605 3.806952 2.828324 1.980428 2.569846 0.840947 1.413213 -0.144486 -0.375911 -0.014473 -0.127359 -0.013921 
3.852478 3.498271 2.895481 2.405678 2.378922 1.280992 0.661987 -0.550651 -0.385049 -0.050738 -0.061004 -0.039624 
3.436062 3.047535 2.506302 1.930715 1.423100 0.808189 0.279697 -0.194484 -0.396441 -0.227195 -0.062294 -0.040377 
3.439845 2.736415 2.180874 1.699682 1.406867 0.767075 0.172808 -0.125501 -0.200821 -0.136857 -0.130110 -0.043580 
5.203067 3.951780 2.381438 2.473401 2.808736 0.763290 -0.559089 -1.494209 -0.685310 -0.085109 -0.145169 -0.093525 
4.338685 3.607498 2.626601 2.188465 1.885671 0.651516 -0.726442 -1.416071 -1.042091 -0.479012 -0.181099 -0.101690 
3.619827 2.926594 2.192439 1.584882 1.122713 0.280668 -0.548450 -0.908826 -0.758688 -0.377570 -0.201059 -0.085659 
3.553222 3.102979 2.523625 1.893523 1.198759 0.216652 -0.465716 -0.885166 -0.763398 -0.455627 -0.195548 -0.082320 
5.186866 3.903448 2.613806 2.496382 2.283891 0.811792 -1.169858 -1.666574 -0.750165 0.041460 -0.218551 -0.109812 
5.060257 3.706220 2.462881 2.223114 2.004289 0.591896 -0.783737 -1.430052 -0.547667 0.039312 -0.203602 -0.088701 
3.957054 3.303505 2.723483 2.152636 1.528283 0.620054 -0.365461 -0.699797 -0.550201 -0.269014 -0.242012 -0.072170 
4.307634 3.581708 2.866668 2.629053 2.226794 0.661614 -0.662342 -1.067099 -0.603152 -0.193084 -0.268637 -0.103391 
3.607955 3.146117 2.593749 1.940979 1.356789 0.498458 -0.222532 -0.676889 -0.693111 -0.426078 -0.253660 -0.086817 
4.388561 3.563206 2.824218 2.424674 1.639566 0.451671 -0.567160 -0.901162 -0.627679 -0.266590 -0.313284 -0.103787 
3.778146 3.184729 2.541374 2.068755 1.637258 0.805105 -0.431164 -0.945241 -0.731790 -0.364248 -0.286167 -0.101892 
4.126700 3.178830 2.567995 2.810418 2.245130 0.376467 -0.932322 -0.993151 -0.547732 -0.442433 -0.306598 -0.134798 
3.218658 2.558758 2.105593 1.654116 1.064192 0.290026 -0.291840 -0.626392 -0.683445 -0.508814 -0.336367 -0.096698 
3.606647 2.888452 2.342430 1.947292 1.249353 0.232494 -0.267644 -0.485236 -0.532250 -0.551593 -0.344763 -0.101298 
3.521213 2.607213 2.384248 2.581521 1.837485 0.111267 -0.750710 -0.498660 -0.386162 -0.496354 -0.388766 -0.111055 
4.207676 2.737342 2.216306 2.939948 2.371771 0.149015 -1.005855 -0.661739 -0.462918 -0.520735 -0.330852 -0.125810 
3.256708 2.507106 2.039684 1.658573 0.956442 0.136732 -0.297387 -0.457582 -0.604044 -0.605198 -0.368861 -0.095453 
3.824254 2.721602 2.068041 2.042636 1.681821 0.304421 -0.710950 -0.805924 -0.581500 -0.401798 -0.345038 -0.113290 
3.783727 2.889567 2.240306 1.962049 1.654724 0.393898 -0.571577 -0.623998 -0.477456 -0.442637 -0.379054 -0.109547 
4.753311 3.252403 1.867137 2.338032 2.290150 0.309944 -0.922854 -0.890792 -0.334923 -0.541447 -0.332265 -0.135801 
3.674446 2.885386 2.209127 1.893907 1.284756 0.375138 -0.375098 -0.632174 -0.552863 -0.556957 -0.362269 -0.106600 
3.330135 2.563225 2.074163 1.733869 1.125444 0.317261 -0.243080 -0.512740 -0.709078 -0.631515 -0.367122 -0.099195 
3.723977 2.629646 1.972233 2.040127 1.788252 0.487006 -0.586155 -0.664777 -0.554089 -0.522251 -0.365726 -0.111940 
4.760865 2.751911 1.772880 2.621863 2.306113 0.097744 -0.746423 -0.236896 -0.194613 -0.656553 -0.412401 -0.112359 
3.639241 2.558501 1.965774 2.066912 1.660323 0.268040 -0.431301 -0.443834 -0.469929 -0.538507 -0.419979 -0.106407 
3.403661 2.552958 1.977564 1.643635 1.218663 0.396175 -0.323409 -0.690790 -0.788167 -0.563673 -0.344748 -0.097449 
3.817296 2.718022 1.973366 2.121368 1.872466 0.423016 -0.771964 -0.853334 -0.626495 -0.459858 -0.301793 -0.106852 
4.109865 2.736024 1.957518 2.322769 2.135358 0.493231 -0.995794 -1.234490 -0.717299 -0.297715 -0.277999 -0.126175 
3.987114 2.568059 1.723820 1.973895 1.946183 0.488258 -0.979645 -0.951258 -0.507378 -0.354054 -0.358958 -0.124951 
5.872043 2.547523 0.435822 2.362590 4.100151 -0.036802 -0.946192 -1.200771 -0.611645 -0.265360 -0.369054 -0.121055 
4.617007 2.411811 1.101674 2.129214 2.836581 0.729515 -0.992501 -1.087094 -0.533866 -0.335963 -0.287015 -0.133447 
3.844136 2.298078 1.322619 1.863537 2.195765 0.709031 -0.718751 -1.008577 -0.566231 -0.355363 -0.365914 -0.112661 
5.483984 2.409975 0.523575 2.549504 3.358639 0.293698 -1.394094 -1.018784 -0.655331 -0.482199 -0.342593 -0.112705 
5.660320 2.489478 0.566342 2.444928 3.381481 -0.288447 -1.147250 -1.079009 -0.582517 -0.530697 -0.389690 -0.097639 
4.802918 2.556157 1.170589 2.244830 2.515792 0.069050 -1.217920 -0.984470 -0.555730 -0.666341 -0.275087 -0.088638 
3.914315 2.621783 1.696339 1.924025 1.510163 0.110699 -0.818127 -0.934510 -0.573105 -0.528495 -0.273916 -0.079060 
5.389047 2.915087 0.785483 1.805922 2.789694 0.040937 -0.619349 -0.962659 -0.623306 -0.794978 -0.302484 -0.056973 
4.822488 2.828793 1.088175 1.624946 2.039624 0.343267 -0.368378 -1.085841 -0.736126 -0.590319 -0.217749 -0.059790 
3.800485 2.657381 1.703420 1.584127 1.389964 0.413806 -0.467242 -0.986897 -0.742031 -0.606391 -0.207693 -0.062140 
3.660411 2.504015 1.572627 1.498880 1.195799 0.264189 -0.704863 -0.869647 -0.558430 -0.441551 -0.303255 -0.071213 
5.486401 3.047218 0.790055 1.044614 2.631554 0.154423 -0.338040 -1.499433 -0.714166 -0.515090 -0.202215 -0.054156 
4.358612 2.749396 1.360423 1.603876 1.801825 0.472185 -0.802677 -1.194102 -0.824008 -0.476038 -0.162840 -0.066516 
3.673830 2.568295 1.487298 1.153614 1.172754 0.312300 -0.453716 -1.022344 -0.681728 -0.393449 -0.265238 -0.066670 
3.993028 2.564321 1.461761 1.348783 1.339911 0.419294 -0.630660 -0.771036 -0.672543 -0.471088 -0.260533 -0.073157 
4.375375 2.556792 1.283087 1.442166 1.998787 0.697003 -0.684306 -1.050280 -0.775883 -0.482886 -0.166330 -0.064848 
4.458414 2.673755 1.058183 1.313240 2.060875 0.781011 -0.592863 -0.913123 -0.723321 -0.618362 -0.173652 -0.058922 
4.294552 2.427280 1.068790 1.380111 1.800501 0.577287 -0.615366 -0.822181 -0.564382 -0.481738 -0.260097 -0.077128 
4.871318 2.402292 0.830254 1.717826 2.481841 0.387954 -0.779843 -1.010740 -0.403077 -0.512221 -0.247252 -0.085961 
4.015840 2.349608 1.193364 1.355551 2.115785 0.602000 -0.865591 -1.142046 -0.487617 -0.214833 -0.244204 -0.090240 
4.820393 2.751731 0.797564 1.839689 2.408484 0.254714 -1.211458 -1.188818 -0.015961 -0.191046 -0.245312 -0.134866 
5.723798 2.670955 0.606173 2.239020 3.433205 0.243818 -0.940554 -1.554950 0.120360 -0.323363 -0.254685 -0.134335 
4.765454 2.871302 1.540561 2.441149 2.743096 0.645140 -1.067497 -1.058627 -0.048320 -0.102953 -0.183282 -0.119101 
3.972867 2.884944 2.005195 2.001884 2.132246 1.080495 -0.181730 -0.593666 -0.236001 -0.134986 -0.167835 -0.061833 
4.991983 3.372102 1.755150 1.965473 3.053433 1.787095 -0.060888 -0.469767 -0.059971 -0.315152 -0.060967 -0.063434 
4.432369 3.211770 2.238813 2.316009 2.604834 1.750011 0.570997 0.040185 -0.120976 -0.424839 -0.045626 -0.027056 
4.193055 3.077465 2.081146 1.997023 2.174355 1.574759 0.721036 0.154551 0.079941 -0.172696 -0.024056 -0.001938 
3.123738 2.345107 2.090543 2.445681 2.264144 1.369624 0.520221 0.183963 0.210036 -0.033818 -0.042511 0.021094 
3.666900 2.806363 1.984956 1.845212 2.001763 1.788287 1.150719 0.536848 0.065717 -0.127799 -0.108597 0.009917 
3.374360 2.610167 2.020201 1.954291 2.034348 2.066212 1.413198 0.482829 0.003317 -0.208288 -0.124081 0.023364 
3.189229 2.601230 2.214814 2.001443 1.758799 1.555884 1.213005 0.546127 0.142963 -0.007427 -0.023984 0.034658 
3.322533 2.582809 2.044900 1.979556 2.104299 2.039517 1.482317 0.572803 -0.027659 -0.200248 -0.068930 0.033239 
3.089696 2.517214 2.064138 1.791378 1.721016 1.374549 1.018586 0.643683 0.274480 -0.001845 -0.020378 0.043823 
3.148296 2.507213 2.204845 2.108648 2.095036 1.809555 1.334423 0.730021 0.074379 -0.111170 -0.101440 0.033487 
3.103881 2.443929 2.131923 2.053903 2.044623 1.786423 1.124805 0.439306 0.042928 -0.112555 -0.100249 0.031933 
3.074214 2.550728 2.192776 2.016187 1.905946 1.608435 1.108140 0.593847 0.151577 -0.075102 -0.129653 0.028794 
2.985472 2.472878 2.146652 1.922612 1.720322 1.498454 1.109570 0.660115 0.183018 -0.053707 -0.047834 0.040923 
3.057662 2.498756 2.316381 2.264809 2.138417 1.754668 1.107598 0.552926 0.287232 0.027481 -0.074724 0.036614 
2.903274 2.475892 2.280704 2.087594 1.864851 1.449878 1.109785 0.697791 0.412732 0.132972 -0.026881 0.053139 
