1.330800 2.622869 -0.552886 2.285871 3.273519 -1.196359 0.528786 -0.517921 1.762712 0.564104 0.087952 0.038072 
1.201169 2.432486 -0.164971 2.603148 2.244011 -0.637842 0.368343 -0.682645 2.169918 0.674459 0.085166 0.008708 
1.335082 2.176710 -0.309415 1.741943 1.620310 -0.577846 0.596896 -0.116044 2.410235 0.716236 -0.015652 0.021993 
1.230097 1.908599 -1.075215 1.176866 1.152914 -0.529473 0.834097 0.277674 2.686506 0.937397 -0.082418 -0.019421 
1.133300 1.832402 -0.780309 1.042068 1.045441 -0.480647 1.038801 0.573002 2.696220 0.696845 -0.106448 -0.020259 
1.116790 1.997497 -0.931794 0.623934 1.252535 -0.777082 0.687149 0.798939 2.707333 0.556878 0.006868 -0.030591 
1.315860 2.190006 -0.458608 0.449906 1.326601 -0.381822 0.311387 0.713867 2.640858 0.529744 -0.108261 -0.022031 
1.380253 2.346689 0.054198 0.875261 1.337179 -0.391247 0.023095 0.282741 2.534102 0.222768 -0.025950 -0.006996 
1.620910 2.555242 0.273818 0.800748 1.428852 -0.228245 -0.035851 -0.042128 2.501500 0.387761 -0.026340 0.028593 
1.946838 2.451301 0.878816 0.624897 1.654182 -0.273744 -0.185808 -0.150083 2.182564 0.491768 -0.207008 0.085906 
2.391709 2.994951 1.324734 1.335431 1.514925 0.221127 -0.398704 -0.356348 1.770669 0.428306 -0.221840 0.053219 
3.074110 3.414842 2.005367 1.651523 1.349715 -0.524868 -0.675875 -1.000890 1.311755 0.251885 -0.474888 0.002887 
3.915498 3.404756 1.606945 1.268020 1.240677 -0.870207 -0.964739 -1.321700 0.768879 0.054087 -0.272930 -0.081442 
4.660668 3.322634 1.223336 0.887088 2.132553 -1.298419 -1.417009 -1.133988 0.796860 0.006837 -0.255287 -0.141753 
5.476169 3.301884 0.261774 0.360192 2.582280 -1.584698 -1.223204 -1.251461 1.001961 -0.191852 -0.331002 -0.186361 
5.374127 2.998428 -0.366557 0.261825 1.739614 -0.850721 -1.023251 -0.784901 0.588746 -0.457735 -0.302321 -0.179295 
5.271056 2.656484 -0.143934 -0.302516 1.623944 -0.679556 -1.038195 -0.280226 0.501018 -0.654006 -0.391040 -0.180420 
5.634596 3.002902 -0.821631 -0.715371 1.642843 -0.875713 -1.145051 -0.472414 0.704354 -0.831628 -0.427927 -0.214750 
5.254346 2.368118 -0.258491 -0.400340 0.813207 -0.622964 -0.861333 -0.081003 0.447105 -0.927816 -0.391580 -0.125695 
5.544892 2.809962 -1.001055 -0.963499 1.829218 -1.331639 -0.891479 -0.355469 0.749464 -0.845480 -0.496749 -0.175898 
5.689878 2.706888 -1.180313 -1.252883 2.351741 -1.922232 -0.797273 -0.502980 0.735507 -0.461090 -0.601986 -0.156080 
5.531890 2.572681 -1.270211 -1.077566 2.040679 -1.865059 -1.071822 -0.594794 0.926727 -0.472737 -0.498740 -0.164746 
4.948611 2.095428 -0.994053 -0.567923 1.753057 -2.006069 -1.237164 -0.768458 0.933310 -0.222636 -0.380724 -0.139845 
4.903770 2.188141 -1.098174 -0.693742 1.983289 -2.436843 -1.586527 -0.871530 0.754336 0.016698 -0.368952 -0.135808 
5.172912 2.379683 -1.373880 -1.197649 2.441035 -2.845429 -1.478630 -0.921508 0.585231 0.078889 -0.501429 -0.124894 
5.399906 2.110131 -1.239217 -1.703867 2.652030 -3.026479 -1.222683 -0.908361 0.506441 0.100382 -0.628478 -0.099443 
5.100338 2.204429 -1.590440 -1.408929 2.336988 -2.777198 -1.154457 -0.721882 0.541970 -0.058922 -0.574095 -0.128250 
4.931564 2.038519 -1.512986 -1.409182 2.037737 -2.330939 -1.172756 -0.450455 0.585102 -0.228600 -0.513085 -0.155707 
5.052992 1.993460 -1.628388 -1.705884 2.129892 -2.465623 -1.004082 -0.302815 0.576761 -0.192504 -0.573152 -0.145852 
5.470539 1.934018 -1.660703 -2.281688 2.486765 -2.843390 -0.835614 -0.187898 0.444841 0.022972 -0.732858 -0.119030 
4.866951 1.874736 -1.676987 -1.359096 1.556332 -2.208508 -1.180715 0.060415 0.440332 -0.079774 -0.464676 -0.146562 
3.807675 1.310057 -0.499248 -0.812279 0.055170 -1.327680 -1.152170 -0.142848 0.547159 -0.151353 -0.199954 -0.131754 
3.931969 1.447639 -0.865778 -0.348904 -0.161973 -1.058679 -1.218796 -0.178606 0.608978 -0.039034 -0.124363 -0.124420 
5.331009 1.851551 -1.566303 -1.994843 1.946014 -2.221901 -0.708811 -0.356591 1.039957 -0.033302 -0.368947 -0.105528 
4.830073 1.964673 -1.562678 -1.450121 1.427248 -1.962223 -0.756155 -0.265620 1.027802 -0.033594 -0.184093 -0.114528 
4.102475 1.329676 -0.648836 -1.053759 0.324476 -1.515532 -0.703517 0.096063 0.593201 0.027264 -0.072366 -0.085307 
3.913929 1.596271 -0.959262 -0.862384 -0.152320 -1.173130 -0.457767 -0.006062 0.558480 -0.059262 0.012132 -0.084612 
4.956329 1.394188 -1.030103 -1.527104 0.788687 -1.609099 -0.359564 0.219664 0.900777 -0.123020 -0.175096 -0.071353 
4.371624 1.468812 -1.129959 -0.914168 0.013008 -1.234501 -0.329227 0.228977 0.890900 -0.313511 -0.081971 -0.097538 
5.304723 2.096851 -2.493403 -1.919797 1.447624 -1.544079 -0.417836 0.026064 1.209061 -0.202816 -0.343412 -0.196308 
5.230983 1.694491 -1.902332 -2.029542 1.487319 -1.530910 -0.492903 0.279320 1.014229 -0.179074 -0.367726 -0.169615 
4.941290 1.390405 -1.342367 -1.467185 1.038465 -1.467996 -0.313120 0.413081 0.957427 -0.220678 -0.316539 -0.139681 
4.274118 1.471765 -1.077068 -0.771318 0.154450 -1.023403 -0.262288 0.473249 0.842237 -0.279906 -0.190060 -0.151657 
4.982269 2.347385 -2.095141 -1.844516 1.528900 -1.402675 -0.329788 0.566726 1.065025 -0.124218 -0.351928 -0.223191 
5.158738 1.930771 -1.696315 -1.892880 1.668297 -1.671981 0.064213 0.324506 1.141702 -0.129113 -0.435403 -0.176783 
4.505239 1.495860 -1.068937 -1.154513 0.685880 -0.997298 -0.155869 0.602618 0.923865 -0.364776 -0.280518 -0.173084 
5.562587 2.298556 -2.486235 -2.357087 2.210832 -1.923207 0.216001 0.515911 1.251272 0.005837 -0.682864 -0.227100 
5.729922 2.066785 -2.480102 -2.574098 2.474895 -1.877273 0.310733 0.601053 1.175736 0.097386 -0.782848 -0.230236 
5.159560 1.517327 -1.892955 -1.852434 1.854259 -0.886183 -0.181526 0.596882 1.278618 -0.303983 -0.500902 -0.248530 
4.279186 1.177633 -1.181125 -0.943444 1.136949 -0.684899 -0.038061 0.775738 0.854896 -0.320735 -0.389273 -0.217567 
5.649497 1.433209 -2.015511 -2.926661 2.914143 -1.803438 0.473742 0.934605 1.054049 0.106380 -0.896248 -0.209604 
5.144511 1.509137 -2.043212 -2.182025 2.653932 -1.582561 0.275808 0.987542 0.903591 -0.051812 -0.723488 -0.212849 
5.173953 1.551639 -2.007363 -2.750964 2.935213 -1.559962 0.338636 0.930064 1.033950 -0.057943 -0.742117 -0.229958 
4.925033 1.301434 -1.817776 -2.087174 2.539053 -1.228346 0.181268 0.880885 1.049117 -0.209871 -0.603640 -0.220806 
5.419235 1.599885 -2.287805 -3.118802 3.398719 -1.707927 0.746797 0.889985 1.046259 0.189696 -0.885466 -0.203068 
4.942213 1.395027 -2.005866 -2.246329 2.936128 -1.259717 0.424422 0.772705 1.145269 -0.072370 -0.612787 -0.207637 
5.511434 1.378289 -2.282800 -2.989716 3.491553 -1.624384 0.839674 0.835694 1.124821 0.250183 -0.886841 -0.178035 
5.447244 1.070398 -1.944997 -3.057780 3.564974 -1.461728 0.715009 0.827182 1.172151 0.259660 -0.835330 -0.163203 
5.296056 0.898602 -1.863694 -2.707971 3.457928 -1.318792 0.452723 0.762449 1.247057 0.189182 -0.735940 -0.173587 
5.471334 0.423854 -1.350048 -2.814284 3.267751 -1.044160 0.424960 0.729500 1.453567 0.189405 -0.752953 -0.126567 
5.426797 0.500016 -1.343276 -2.812984 3.486351 -1.066358 0.461068 0.944637 1.430704 0.287731 -0.713205 -0.118445 
4.718405 0.810343 -1.635370 -1.305536 2.584891 -0.528136 -0.078095 0.940452 1.808327 -0.045369 -0.325571 -0.187101 
4.742896 1.092676 -2.009884 -1.415534 2.896132 -0.361075 -0.123469 1.261567 1.690075 0.034573 -0.299821 -0.209738 
4.872603 0.656712 -1.666937 -1.306051 2.927686 -0.396209 -0.118968 1.276891 1.642937 0.088170 -0.357590 -0.178100 
5.397859 0.501039 -1.601461 -2.134987 3.683295 -0.546432 0.265447 1.355132 1.413114 0.306682 -0.533609 -0.148408 
4.643867 0.692112 -1.865998 -0.883678 3.116272 -0.426069 -0.050445 1.103978 1.529282 0.061800 -0.388794 -0.178759 
4.587662 0.889334 -2.136112 -0.746413 3.116078 -0.508595 0.086044 1.188819 1.364712 0.030884 -0.419094 -0.158076 
4.614644 0.460540 -1.634056 -0.582455 3.010516 -0.499086 0.068964 1.210903 1.302927 0.034967 -0.452060 -0.141244 
5.561444 0.350456 -2.038433 -0.991936 3.739966 -1.350497 0.968247 1.056050 1.186059 0.344670 -0.675934 -0.032229 
5.239420 0.368031 -1.897286 -0.900742 3.405182 -0.787276 0.517497 1.300355 1.235379 0.245111 -0.522709 -0.081168 
4.730543 0.683942 -1.931249 -0.208443 2.920209 -0.269462 0.243768 1.359062 1.726369 0.090618 -0.363627 -0.130395 
4.996387 0.375407 -1.514055 -0.639987 3.279472 -0.269964 0.055893 1.490423 1.680356 0.199056 -0.324120 -0.106629 
5.505383 -0.058150 -1.444343 -0.518293 3.471468 -0.385409 0.594068 1.381809 1.673649 0.271668 -0.436282 -0.050141 
5.110300 0.025166 -1.338487 0.007429 3.183154 -0.175712 0.140600 1.457539 1.696856 0.157261 -0.300217 -0.061383 
4.556784 0.430576 -1.698955 0.479308 2.724049 0.052623 0.301763 1.382629 2.039967 -0.116260 -0.234659 -0.086430 
5.008077 0.255482 -1.861020 0.209659 3.067452 -0.343816 0.844735 1.087462 1.967131 -0.045154 -0.321318 -0.036840 
5.517573 0.080102 -2.035681 0.282645 3.507658 -1.468797 1.589931 0.825931 2.099119 0.230143 -0.433632 0.048334 
4.800793 0.370513 -1.733134 0.238223 3.326440 -1.510444 1.044618 1.045551 2.057379 0.169761 -0.366114 0.009247 
4.356897 0.343470 -1.462461 0.529918 3.014676 -1.817068 0.641767 1.068456 2.071177 0.190254 -0.293902 -0.008358 
4.686138 0.049565 -1.334766 0.880912 3.507665 -2.253959 0.741469 0.946887 1.947486 0.412878 -0.379061 0.019011 
5.881344 -0.244793 -1.616815 0.447878 3.884688 -2.441987 1.509287 0.798051 1.846850 0.529330 -0.558496 0.121445 
5.212943 0.008529 -1.476199 0.372474 3.915638 -2.071137 1.306978 0.957425 1.784330 0.374827 -0.537873 0.089476 
5.818672 -0.224207 -1.655453 0.951471 4.136727 -2.237285 1.626823 0.930933 1.754669 0.324061 -0.605240 0.115337 
3.783097 -0.137906 -0.799914 1.314459 2.861733 -0.624684 0.422451 1.630326 1.503124 -0.047983 -0.348485 -0.038317 
5.974324 -0.466873 -1.505411 0.834797 4.441140 -2.160698 1.523931 1.045698 1.693798 0.577525 -0.597583 0.126926 
