2.468452 0.782080 0.961493 2.840631 3.117732 0.458343 -0.580891 0.271536 1.198104 0.871719 0.147753 -0.021954 
2.631763 0.604479 0.924431 2.771606 2.999816 0.437190 -0.453519 0.322403 1.257689 0.851794 0.117918 -0.015126 
2.721547 0.567654 0.737363 2.788473 3.044876 0.587026 -0.535644 0.389319 1.251373 0.951795 0.110133 -0.026742 
2.934869 0.746541 0.120553 2.482193 3.584929 0.280213 -0.366139 0.602912 1.442139 0.974819 0.157653 -0.021974 
2.650421 0.763757 0.801611 2.758122 2.891306 0.605715 -0.576458 0.160991 1.266647 0.961227 0.161652 -0.027468 
2.686490 0.754112 0.870422 2.405441 2.666140 0.214376 -0.413035 0.263692 1.291592 1.014278 0.260513 -0.010637 
2.818416 0.703303 0.680799 2.683334 2.978966 0.070374 -0.566625 0.405408 1.380695 0.886217 0.354445 -0.004038 
2.924971 0.659867 0.269155 2.853861 2.920368 0.228204 -0.558850 0.358303 1.365420 0.841486 0.361287 -0.001559 
2.751411 0.814039 0.025698 2.913261 2.710187 0.248848 -0.254934 0.152628 1.270974 0.791095 0.275575 -0.003962 
2.570415 0.749999 0.633591 2.476501 3.356550 0.500595 -0.466926 -0.020790 1.635672 0.518236 0.393623 -0.012634 
2.592130 1.040270 0.446753 2.693898 3.311121 0.955768 -0.251297 -0.373221 1.458635 0.552001 0.294551 -0.022263 
2.578511 0.824694 0.395759 2.666660 3.176279 0.804926 -0.429410 -0.462158 1.285317 0.601035 0.298784 -0.018275 
2.665869 0.868429 0.286869 2.619000 3.549677 0.841737 -0.329277 -0.097592 1.035029 0.765843 0.196777 -0.011362 
2.615095 0.120224 0.538347 2.958752 3.330046 0.199123 0.158987 -0.129339 1.065843 0.787013 0.191213 -0.000277 
2.403260 0.264831 0.502743 2.581772 3.591165 0.257704 -0.218336 0.787157 0.963630 1.085110 0.200937 -0.024930 
2.333759 0.323718 0.464365 2.634170 3.582479 0.793073 -0.392444 0.568913 1.377429 0.672685 0.382481 -0.021812 
2.159917 0.280568 0.753418 2.789798 3.620669 0.430625 -0.838435 0.408391 1.197739 0.483771 0.506655 -0.025127 
2.257167 0.007885 0.653734 2.404836 3.117299 0.954031 -0.754605 0.735504 1.245364 0.470942 0.617173 -0.005052 
2.357737 0.096494 0.575328 2.613661 2.854691 0.941682 -0.737695 0.633504 1.373013 0.221336 0.664660 0.029331 
2.511527 -0.257338 0.763844 2.668547 2.963150 0.797653 -0.583943 0.881657 1.324084 0.323243 0.582715 0.042417 
2.383756 -0.284347 0.645955 2.904681 2.894376 0.871765 -0.344505 0.866289 1.302505 0.445901 0.445635 0.024311 
2.524748 0.120352 0.455285 3.095118 2.470389 0.767408 -0.314552 0.509910 1.196139 0.721926 0.377609 -0.001294 
2.883738 -0.151850 0.578673 2.856526 3.138467 0.977745 -0.342524 0.545030 1.225498 0.677337 0.262592 0.008878 
4.478765 1.026200 -0.174065 1.684124 2.082679 0.393736 0.221468 0.259788 1.176107 0.258580 0.013814 0.009882 
4.668824 1.438810 -0.036882 1.377014 1.596862 0.141852 0.017502 0.486481 0.549378 0.138311 -0.001391 0.011987 
5.320010 1.313112 -0.602919 1.035101 2.003125 0.632957 0.053136 0.564000 0.337374 -0.108136 -0.166305 -0.017810 
6.007513 1.286065 -0.902961 0.969740 1.833547 0.555263 0.058502 0.434617 0.469378 -0.233434 -0.223386 -0.009521 
5.967976 1.627792 -0.656833 -0.744070 3.703832 -0.721657 0.161401 0.519576 0.117364 0.162549 -0.408002 0.006597 
6.003055 2.054895 -0.905856 -0.945512 3.552548 -0.533000 -0.030795 0.453908 0.070973 0.086092 -0.381270 -0.010785 
6.103249 2.142241 -0.954894 -1.062980 3.271453 -0.526569 -0.152003 0.407261 -0.020566 0.019127 -0.370840 -0.017428 
6.188415 2.294817 -0.965632 -1.341172 3.157941 -0.440554 -0.286055 0.240778 -0.099227 -0.032619 -0.357719 -0.034650 
6.487426 2.311634 -1.152757 -0.500557 1.639548 0.407809 -0.322435 -0.103920 0.005485 -0.416488 -0.268168 -0.032275 
7.150977 2.363689 -1.594345 -0.252231 1.791543 -0.027282 -0.332143 -0.302225 -0.101195 -0.379051 -0.364853 -0.053721 
7.943217 2.317947 -1.793778 -0.302669 2.061158 -0.409923 -0.475673 -0.400778 -0.130510 -0.295646 -0.416700 -0.071691 
6.291868 2.651565 -0.741809 -0.367067 1.154671 0.112999 -0.856858 -0.555103 -0.023934 -0.390243 -0.281578 -0.103822 
5.521440 2.611505 -0.099912 -0.210363 0.807811 0.032087 -1.021893 -0.575917 0.055797 -0.265437 -0.225131 -0.110283 
5.332716 2.650980 0.068600 -0.058450 0.589705 -0.070300 -1.008713 -0.633121 0.029834 -0.203003 -0.219607 -0.108433 
5.181651 2.651172 0.223987 -0.067027 0.436057 -0.099993 -0.917447 -0.595061 -0.082856 -0.215428 -0.231007 -0.100456 
5.031501 2.711755 0.330836 -0.088407 0.310251 -0.178880 -0.844270 -0.631758 -0.135395 -0.191831 -0.233330 -0.096691 
5.136370 2.739383 0.247284 -0.201603 0.258191 -0.163821 -0.823565 -0.692527 -0.204797 -0.216783 -0.222151 -0.093649 
5.035542 2.738919 0.250584 -0.265252 0.180112 -0.123227 -0.880999 -0.722884 -0.226950 -0.219672 -0.212940 -0.090219 
4.883019 2.650749 0.333188 -0.230938 0.120583 -0.201950 -0.817872 -0.698982 -0.241472 -0.239080 -0.231934 -0.089636 
4.977888 2.596976 0.169834 -0.235110 0.262535 -0.166578 -0.911323 -0.708016 -0.163775 -0.221677 -0.224740 -0.097741 
5.324287 2.660871 -0.072548 -0.249718 0.420265 -0.116995 -1.102561 -0.740686 -0.009725 -0.181610 -0.207480 -0.116046 
5.448393 2.617264 -0.143866 -0.166252 0.594118 -0.248873 -1.248788 -0.713701 0.133196 -0.078474 -0.211195 -0.134701 
5.454452 2.570944 -0.095826 -0.090796 0.677816 -0.345910 -1.309138 -0.678565 0.245866 0.050541 -0.199210 -0.142596 
5.680938 2.588545 -0.111083 -0.046689 0.860548 -0.509246 -1.283229 -0.601029 0.291787 0.190241 -0.171186 -0.142008 
6.066308 2.585784 -0.354656 -0.132804 1.268901 -0.524068 -1.340351 -0.485761 0.326872 0.296970 -0.148107 -0.146397 
6.418494 2.707170 -0.765118 -0.072279 1.583059 -0.627073 -1.123199 -0.526512 0.438586 0.337946 -0.155400 -0.145891 
7.092355 2.689755 -1.312013 -0.098235 2.430188 -1.111115 -1.048335 -0.348108 0.343272 0.564178 -0.225619 -0.125033 
5.740032 2.540041 -0.329425 0.194848 1.131475 -0.208124 -1.109779 -0.448165 0.643783 0.367753 -0.078239 -0.131349 
5.220269 2.592706 0.132244 0.219186 0.966716 -0.072724 -1.077734 -0.377833 0.596877 0.447959 -0.074874 -0.120204 
5.097979 2.663810 0.210764 0.257091 0.956652 0.092263 -1.054825 -0.509257 0.699212 0.458702 -0.053683 -0.117564 
5.496087 2.882251 0.067484 0.210920 1.089624 0.264370 -0.988341 -0.512624 0.567417 0.430887 -0.017322 -0.116442 
5.123465 2.850755 0.443732 0.319864 1.020708 0.350109 -0.756907 -0.557295 0.437848 0.438622 -0.063024 -0.100584 
4.650192 2.741041 0.752406 0.482097 1.008911 0.420679 -0.629216 -0.469382 0.349244 0.397701 -0.141305 -0.082490 
4.337891 2.813323 1.236442 0.678919 0.718084 0.416283 -0.126328 -0.199337 0.231349 0.205888 -0.150428 -0.035026 
4.509631 3.094463 1.269287 0.634287 0.838977 0.756107 0.061383 -0.064263 0.204360 0.195757 -0.021905 0.003737 
4.238443 3.087669 1.656992 0.795439 0.737689 0.647379 0.621562 0.433569 0.219981 0.065695 0.076265 0.035408 
4.474025 3.340488 1.647659 0.687568 0.746022 0.971700 1.002203 0.870167 0.507537 0.020775 0.133658 0.036223 
5.028768 3.448390 1.228533 0.498891 0.921975 1.042691 1.198634 1.250910 0.743394 -0.060807 0.119829 0.033588 
6.186911 3.547672 0.659404 0.269376 1.117174 1.317512 0.714038 1.179065 1.267059 -0.160438 0.052562 0.029704 
6.048777 3.634021 0.880206 0.107043 0.822471 1.126865 1.114725 1.326726 1.080371 -0.133833 0.105499 0.060699 
5.729790 3.653561 1.191430 -0.153515 0.460486 1.455706 1.472098 1.426010 0.892071 -0.085884 0.143105 0.072147 
6.257312 3.664246 0.716593 -0.053832 0.892942 1.372502 1.051295 1.309184 1.073754 -0.114923 0.099810 0.062206 
5.972081 3.452071 0.834667 0.071328 0.785144 1.370837 1.188412 1.120717 1.057616 -0.221126 0.082312 0.059748 
6.091795 3.503055 0.725912 0.011805 0.751642 1.386352 0.980592 1.201045 0.927184 -0.273066 0.019620 0.044000 
5.230330 3.451857 1.047320 0.152518 0.533105 1.059086 1.373622 1.252464 0.532662 -0.294585 0.049623 0.039133 
5.440566 3.585764 1.090268 0.009585 0.461067 1.145504 1.223674 1.218105 0.478243 -0.302442 0.037878 0.044255 
5.919194 3.645549 0.796155 -0.114655 0.889544 1.166184 0.943440 1.002809 0.699483 -0.338849 0.030815 0.045548 
5.578089 3.506808 0.854730 0.017234 0.696124 1.202331 0.764729 0.663827 0.486534 -0.413411 0.035626 0.047311 
5.179691 3.502266 1.144978 0.282550 0.363461 0.924447 0.918155 0.439198 0.041907 -0.411110 -0.015948 0.033898 
4.928896 3.474951 1.385770 0.283848 0.479150 0.744057 0.650858 0.269615 -0.216018 -0.492052 -0.082960 0.004889 
5.510620 3.651894 1.112947 0.167964 0.712404 0.878318 0.379087 -0.110125 -0.388642 -0.559259 -0.162376 -0.014035 
6.290367 3.600397 0.430797 0.262198 1.478053 0.832410 -0.236541 -0.379394 -0.373424 -0.514979 -0.180172 -0.039742 
6.230288 3.281797 0.364889 0.511705 1.652939 0.683966 -0.720400 -0.719064 -0.174892 -0.512575 -0.168569 -0.052793 
5.795960 3.046741 0.271828 0.630070 1.740840 0.474896 -1.224571 -0.879621 -0.029984 -0.453648 -0.092753 -0.046856 
6.317657 2.947694 -0.316151 0.489749 2.101440 0.454881 -1.572333 -1.066561 0.086799 -0.338749 -0.109837 -0.059564 
7.491699 2.649638 -0.999300 0.399231 2.510015 0.355324 -1.707824 -0.940940 -0.107049 -0.023794 -0.195609 -0.063480 
7.167852 2.601503 -0.931514 0.226373 2.247806 0.526136 -1.728784 -1.005797 0.076790 -0.050242 -0.130571 -0.050183 
7.462188 2.539793 -1.196036 0.285045 2.091333 0.493772 -1.547091 -1.010806 0.179727 0.065199 -0.112945 -0.046786 
8.510442 2.609383 -1.736568 -0.209549 2.894090 0.028659 -1.502280 -0.793811 -0.050371 0.325329 -0.123250 -0.040109 
6.153617 2.481453 -0.727842 0.072950 1.729320 0.395264 -1.731034 -0.937682 0.627341 0.060889 0.066517 -0.035151 
6.765304 2.528771 -1.215431 -0.087853 2.037649 0.348861 -1.585293 -0.795039 0.593015 0.345082 0.047237 -0.062509 
5.794929 2.433987 -0.832982 0.041981 1.722548 0.286671 -1.701447 -0.689128 0.882530 0.360827 0.153173 -0.068409 
