2.569281 1.914264 1.722160 1.601487 1.221874 1.099946 1.094837 0.823412 0.612524 0.340862 0.225344 0.079942 
2.529449 1.935133 1.691317 1.556931 1.255554 1.123273 1.120353 0.829989 0.552822 0.359061 0.223245 0.079790 
2.570729 1.974390 1.793100 1.461250 1.255889 1.152513 1.012550 0.658621 0.589316 0.259354 0.265133 0.080817 
2.585196 1.988369 1.815756 1.602522 1.227773 0.973649 1.033294 0.657132 0.730278 0.252440 0.340695 0.081181 
2.539202 2.104488 1.676232 1.428732 1.275524 1.202581 1.203325 0.461665 0.843832 0.298527 0.297619 0.078848 
2.415563 2.244660 1.522083 1.778716 1.159265 1.255404 0.936340 0.605003 0.585168 0.307499 0.217884 0.077828 
2.461255 2.250936 1.447187 1.664253 0.981777 1.296787 0.865143 0.687887 0.706510 0.347020 0.252792 0.078084 
2.389816 2.180212 1.439615 1.596297 1.093468 1.251603 0.970611 0.695670 0.672703 0.311804 0.251087 0.077549 
2.269728 2.387752 1.357735 1.927793 0.961774 1.120477 1.038100 0.838232 0.828910 0.144802 0.285632 0.068360 
2.263008 2.292910 1.194276 1.922220 1.028552 1.240736 0.773773 0.802703 0.809335 0.274429 0.222823 0.074486 
2.304038 2.503455 1.265470 2.018183 1.031549 1.366480 0.684092 0.558650 0.847485 0.262512 0.292602 0.067706 
2.371493 2.385647 1.147189 1.859760 1.002141 1.141050 0.608396 0.844650 0.691818 0.402466 0.279973 0.078462 
2.500287 2.082007 1.593535 1.513761 1.385550 0.947347 1.007424 0.372028 0.762529 0.303937 0.304327 0.078952 
2.506325 1.923221 1.483106 2.057904 0.940223 1.105745 0.553921 0.696903 0.627974 0.408569 0.247234 0.081829 
2.550427 1.966467 1.916175 1.618590 1.125675 0.766822 0.878703 0.470481 0.544446 0.303208 0.174056 0.081412 
2.764031 2.260006 1.851181 2.078066 1.848312 1.119157 1.153429 0.870906 0.550452 0.108903 0.183499 0.076819 
3.010353 2.636769 2.226686 2.139785 1.403900 0.800830 0.630820 0.368914 0.068358 -0.396528 -0.253930 0.008678 
3.370344 2.544365 2.200275 2.344972 2.325574 1.360783 0.409952 -0.233764 -0.412903 -0.217014 0.000416 -0.003912 
4.180694 3.048202 1.843895 1.942590 1.851747 1.580023 0.921494 0.299122 -0.619203 -0.599238 -0.054958 0.002547 
4.041904 2.995047 1.828720 2.142442 2.025079 1.434309 0.718907 -0.110734 -0.793579 -0.536868 -0.001103 0.001395 
4.449807 3.053506 1.234569 1.887122 1.861896 1.289736 0.489168 0.056568 -0.628640 -0.584860 -0.149662 -0.013401 
3.588051 2.454463 1.630284 1.803865 1.779167 1.197507 -0.134455 -0.469120 -0.598349 -0.355498 -0.146242 -0.025923 
3.584079 2.297526 1.554052 1.385845 1.560445 1.036322 0.128902 -0.314236 -0.606433 -0.438649 -0.305507 -0.032031 
4.572984 2.734670 0.874885 1.943166 2.438935 1.302443 -0.246909 -0.757463 -0.587304 -0.636326 -0.165057 -0.043395 
4.852177 2.951634 0.890685 1.347414 2.486849 1.078968 -0.352940 -0.638257 -0.654289 -0.541394 -0.235062 -0.068104 
3.934801 2.699198 1.536889 1.503612 1.782609 0.970171 -0.155512 -0.896979 -0.918289 -0.485452 -0.218143 -0.050456 
3.832096 2.752336 1.625753 1.277641 1.374845 0.701949 -0.438065 -0.805552 -0.720035 -0.485065 -0.285992 -0.066367 
4.383594 2.777684 1.321958 1.251608 1.740633 0.620725 -0.776308 -1.003292 -0.767388 -0.545670 -0.198375 -0.065544 
5.500631 3.178644 0.405009 1.210659 2.872026 0.326599 -1.318531 -1.109372 -0.817841 -0.652651 -0.245812 -0.083933 
5.896927 3.139359 0.228761 1.108742 3.074653 0.035018 -1.513942 -0.954694 -0.897398 -0.582022 -0.330579 -0.080908 
4.856478 2.934514 0.931970 0.986703 1.790116 0.167582 -1.208514 -1.226361 -0.823931 -0.614909 -0.104907 -0.034702 
4.516989 2.891612 1.072924 0.993253 1.387470 0.081809 -1.103955 -1.347580 -0.880081 -0.545764 -0.056326 -0.015903 
5.257962 3.076957 0.537795 1.041028 2.062807 -0.134227 -1.597956 -1.158649 -0.843285 -0.599970 -0.101918 -0.018612 
6.097794 3.263846 -0.195156 0.640239 3.151728 -0.451868 -1.582401 -1.041610 -1.101424 -0.469479 -0.318934 -0.027609 
4.731337 2.757443 0.907392 0.928495 1.459579 -0.123218 -1.202453 -1.328400 -0.978961 -0.580961 0.008485 0.018927 
4.651206 2.832507 0.882043 0.750256 1.288581 -0.237146 -1.133073 -1.160872 -0.904648 -0.604739 -0.019123 0.016450 
3.755061 2.337952 1.155055 0.840604 0.792725 -0.204232 -0.962960 -1.181231 -1.043090 -0.434372 0.041874 0.017038 
6.348804 3.287528 -1.053763 0.864073 3.022052 -0.742935 -1.622295 -0.993958 -1.123132 -0.263903 -0.405024 0.010247 
4.136536 2.624482 0.925669 0.661321 0.897423 -0.086531 -0.959214 -1.252300 -1.170805 -0.340275 0.023088 0.023801 
4.187444 2.404430 1.067239 1.048257 0.736022 -0.276914 -1.223368 -1.158242 -0.622177 -0.453396 -0.024067 0.002420 
3.513681 2.219619 1.404421 0.949694 0.615096 -0.428110 -1.177955 -1.109529 -0.650255 -0.337687 -0.059175 -0.004834 
6.120066 3.102998 -0.614050 0.950910 2.805883 -0.149617 -1.849291 -1.102343 -0.698208 -0.450915 -0.282020 -0.045617 
4.191504 2.423334 0.953108 1.185372 1.237427 -0.120404 -1.586136 -1.272759 -0.622811 -0.274779 -0.004152 -0.009523 
4.388957 2.259848 0.817079 0.791911 1.512647 -0.004924 -0.972500 -1.110224 -0.701914 -0.472803 0.015291 0.025446 
4.047267 2.047616 0.960300 0.965118 1.599147 0.145269 -0.855525 -1.078550 -0.602535 -0.440090 0.049815 0.039598 
5.487548 2.731612 -0.215127 0.314989 4.015194 -0.125926 -1.029289 -0.816061 -0.713272 -0.304083 -0.159656 0.023834 
5.298807 2.692283 -0.100304 0.266972 4.244064 -0.032277 -0.896956 -0.950083 -0.436604 -0.371151 -0.107447 0.023456 
4.371592 2.486198 0.558899 0.653266 2.272143 0.392664 -0.867095 -0.979901 -0.112009 -0.243528 -0.027513 0.001778 
4.259017 2.632757 0.863540 0.968200 2.648009 0.301257 -1.088193 -1.097949 -0.125341 -0.141705 0.055960 -0.002896 
4.542200 2.731988 1.121621 0.105794 4.363432 -0.530569 -0.882725 -1.083313 -0.348199 0.020646 -0.085399 0.003333 
3.984193 2.849520 1.293445 0.755651 2.576441 -0.433583 -0.144463 -0.831820 -0.716083 -0.101733 -0.049642 0.062831 
3.811141 2.864666 1.500510 0.588013 1.993051 -0.240515 -0.262242 -1.055902 -0.313721 0.106471 -0.169398 0.035399 
4.434791 3.286511 1.231442 0.682676 2.693092 -0.940572 -0.272454 -1.030642 -0.461394 0.098308 -0.102971 0.058512 
4.610860 3.029579 1.210520 0.605308 2.391084 -0.389685 -0.649769 -0.766279 -0.590364 0.011187 -0.039023 0.032537 
4.313001 2.876561 1.314518 0.359492 2.401783 -0.106747 -0.969898 -0.634070 -0.480234 -0.099223 0.008827 0.012967 
4.966878 2.941244 0.964480 -0.383109 3.246737 0.146217 -1.218003 -0.497858 -0.434622 -0.424999 0.079235 -0.009388 
5.195358 3.107793 0.665081 -1.145785 4.055978 0.135313 -1.287757 -0.534938 -0.355151 -0.582069 0.075464 -0.060452 
4.748343 2.791994 0.695060 -0.868652 3.190868 0.417328 -1.197100 -0.619327 -0.589429 -0.616330 0.089205 -0.033151 
4.606225 2.710290 0.526132 -0.910252 3.504329 -0.161829 -1.027178 -0.689509 -0.697192 -0.449214 -0.076945 -0.054198 
4.397540 2.687736 0.408437 -0.572428 3.182916 -0.280999 -0.994106 -0.670653 -0.784742 -0.381920 -0.136898 -0.059541 
4.495755 2.625686 0.548022 -0.897957 3.122743 -0.078592 -0.997015 -0.682790 -0.712762 -0.429029 -0.121431 -0.068783 
4.550188 2.552723 0.676099 -1.017110 2.868516 -0.005666 -0.814790 -0.785929 -0.665167 -0.477424 -0.131238 -0.048343 
4.771243 2.461668 0.926664 -1.649656 3.581327 -0.284988 -0.880430 -0.429712 -0.672310 -0.519044 -0.195256 -0.059948 
4.669315 2.436573 0.679734 -1.412339 3.317925 -0.059268 -0.789570 -0.492760 -0.609170 -0.540870 -0.186152 -0.060916 
4.573270 2.279072 0.420888 -1.160974 3.125822 -0.068893 -0.856420 -0.512714 -0.620034 -0.393147 -0.196633 -0.067825 
4.559082 2.273325 0.387695 -1.038147 3.189302 -0.043014 -1.135808 -0.544927 -0.459362 -0.350807 -0.149768 -0.086185 
5.048874 2.285941 0.325241 -1.295222 3.897681 -0.242016 -1.537782 -0.753965 -0.160529 -0.492688 -0.155675 -0.103254 
5.232879 2.338757 0.309810 -1.533896 4.257380 -0.429460 -1.652376 -0.818007 -0.115732 -0.308289 -0.152849 -0.108500 
4.767409 2.213990 0.394578 -0.680531 3.121206 -0.270084 -1.861678 -0.554026 0.142791 -0.144510 -0.094239 -0.129530 
4.403881 1.994048 0.340502 0.002606 2.463890 -0.424540 -1.457068 -0.506003 0.171414 0.001416 -0.134082 -0.084018 
5.151478 2.322582 0.082560 -1.153468 4.071975 -0.889131 -1.451042 -0.411485 0.107966 0.058906 -0.153381 -0.086501 
5.154192 2.330512 0.176966 -1.121335 3.875391 -0.737841 -1.676809 -0.204926 0.182275 0.072298 -0.054783 -0.101252 
4.909535 2.288222 0.004671 -0.512646 3.088807 -0.631899 -1.604858 0.026303 0.384229 0.081197 -0.005316 -0.085143 
4.457239 1.992360 0.243777 0.345625 2.105999 -0.419911 -1.473667 0.111850 0.592442 0.085272 0.033883 -0.049028 
5.180813 2.264041 -0.255281 -0.249004 3.261753 -0.501745 -1.556589 0.343260 0.741350 0.062926 0.029485 -0.044124 
5.263530 1.978883 -0.441703 0.143648 3.118836 -0.120276 -1.341561 0.515812 1.057706 0.042842 0.080275 0.012845 
4.969686 1.735264 -0.602714 1.028898 2.691753 0.285059 -0.987189 0.694741 1.315630 -0.035443 0.092500 0.049580 
5.117100 1.383436 -0.270033 1.013357 3.342029 0.486654 -1.123569 1.265335 1.049726 0.102513 0.048545 0.061441 
4.543804 1.240428 -0.007702 1.623111 2.898155 0.284026 -0.721721 1.097507 1.465459 0.068958 0.032323 0.060977 
3.813265 1.350117 0.214463 1.918967 2.599557 0.050330 -0.311612 1.047627 1.340075 0.115092 -0.055101 0.037265 
3.118310 1.548619 0.934991 1.744882 1.936222 0.075032 -0.198973 1.111893 1.199809 0.178481 -0.133690 0.046806 
3.034758 1.989370 1.634670 1.687025 1.422500 0.490572 0.284196 0.868625 0.822886 0.382741 0.014166 0.063766 
3.057403 2.130718 1.821910 1.812227 1.324489 0.905090 0.835293 0.812751 0.544716 0.199086 0.211610 0.076119 
2.877293 2.073890 1.590652 1.365660 1.425978 1.044937 0.716799 0.678265 0.644146 0.287451 0.111201 0.069873 
2.785492 2.044963 1.658231 1.593083 1.410545 0.835830 0.661397 0.771640 0.578158 0.237203 0.142765 0.073242 
