2.546480 2.000189 1.730568 1.549600 1.342608 1.155474 0.960187 0.769906 0.574129 0.393719 0.225937 0.080169 
2.546464 1.996870 1.739354 1.544404 1.336894 1.161356 0.971487 0.759586 0.565415 0.397020 0.228096 0.080164 
2.548655 1.983368 1.721893 1.544531 1.365148 1.155352 0.948854 0.759613 0.569954 0.403613 0.223911 0.080158 
2.562003 1.986001 1.708729 1.501354 1.433508 1.163478 0.899659 0.754234 0.553685 0.378251 0.219548 0.079993 
2.561567 1.937781 1.725162 1.477652 1.397066 1.108602 1.022110 0.784745 0.562190 0.440382 0.243771 0.080013 
2.477378 2.000475 1.831991 1.395624 1.591992 1.251119 0.966411 0.654820 0.655287 0.436086 0.203201 0.081257 
2.473111 1.966508 1.939360 1.370945 1.314355 1.212922 0.891387 0.703811 0.677276 0.430898 0.136228 0.082121 
2.452649 1.949680 1.835781 1.384679 1.343495 1.516354 0.750207 0.844225 0.465064 0.552995 0.151654 0.080821 
2.397415 1.847128 1.682147 1.545729 1.743323 0.812273 0.873790 0.676774 0.727327 0.693982 0.142531 0.078735 
2.385813 1.790868 1.936797 1.282389 1.861502 1.038399 0.891291 0.482009 0.690119 0.892723 0.141100 0.077831 
1.972326 2.012038 2.038382 1.112114 2.332150 0.514663 1.342639 0.264324 0.529712 1.127494 -0.076233 0.116459 
1.934314 1.966950 1.866396 0.832670 2.298470 0.741792 1.306675 0.397969 0.375220 1.084167 -0.016120 0.108293 
1.967216 1.826059 2.166071 0.915416 2.082039 0.641496 1.380693 0.607075 0.247447 1.128320 -0.013258 0.093806 
1.894854 1.832701 2.190131 0.609172 2.414881 0.545421 1.121368 0.450524 0.316537 1.163689 0.098963 0.088427 
1.975540 1.852035 2.038911 1.051777 2.110623 1.013068 0.760319 0.657293 0.402556 0.949383 0.161712 0.074042 
2.187723 1.713792 1.766106 0.746060 1.662859 1.065274 1.031702 0.568918 0.662527 0.867712 0.226470 0.073951 
2.532350 1.770228 1.632963 1.215222 1.010431 0.619894 0.660601 0.750191 0.424063 0.838495 0.241170 0.078452 
3.230487 1.950601 1.485457 1.276089 1.200322 0.042277 -0.252338 -0.235832 0.944302 1.104192 0.334954 0.096168 
3.547757 2.167520 1.114113 1.069425 1.349537 0.051117 -0.995608 -0.278263 1.022060 1.316884 0.405273 0.093763 
3.765593 1.857083 0.483643 1.326398 1.536937 -0.214812 -1.339872 -0.254139 1.257496 1.062770 0.326959 0.043465 
4.498792 1.819932 -0.009486 1.173641 1.950117 -0.151517 -1.856706 -0.166596 1.311426 0.880820 0.271274 0.002025 
5.038497 1.807389 -0.303379 1.267291 2.570215 -0.298629 -2.016286 -0.341103 1.204551 0.741721 0.225270 -0.005626 
5.363318 1.761992 -0.513627 0.907464 3.220580 -0.967999 -1.752975 -0.331998 1.016073 0.752018 0.077889 -0.005705 
4.960726 1.709919 -0.299517 1.236984 2.755135 -1.068794 -1.883512 -0.375973 1.053740 0.627594 0.059345 -0.020222 
5.546530 1.973054 -0.769565 0.907159 3.907938 -2.192319 -1.429081 -0.672282 0.798038 0.896851 -0.159486 0.034089 
5.589977 1.938819 -0.672531 1.012482 3.975388 -2.608537 -1.395781 -0.817170 0.758642 0.913701 -0.239975 0.040999 
5.002572 2.345901 -0.671728 1.192965 3.303071 -2.288497 -1.538483 -0.980102 0.844710 0.709422 -0.142470 -0.010856 
4.398588 2.069429 0.345531 1.229688 2.302286 -1.857669 -1.643201 -0.881404 0.712566 0.668121 -0.105301 -0.052724 
5.518241 2.160409 -0.495123 1.272388 3.704180 -2.796013 -1.195685 -1.195144 0.655651 0.728025 -0.292901 0.016231 
5.000544 2.438105 -0.388400 1.464100 3.164882 -2.557782 -1.204850 -1.110452 0.666920 0.620411 -0.293699 -0.030134 
4.831294 2.580507 -0.211373 1.364290 3.068005 -2.341251 -1.111346 -0.891032 0.588254 0.592860 -0.401115 -0.065441 
4.420185 2.304392 0.506920 1.230893 2.625668 -2.012773 -1.102034 -0.692862 0.561324 0.521066 -0.441652 -0.092616 
5.188497 2.406125 0.309434 0.506245 3.804591 -2.550564 -0.807645 -0.710393 0.539144 0.519935 -0.641377 -0.062814 
5.056174 2.852643 -0.006355 0.783610 3.504245 -2.376584 -0.736218 -0.579106 0.584082 0.423202 -0.630212 -0.084539 
5.118329 2.715334 0.317334 0.768790 3.299006 -2.357061 -0.842024 -0.562030 0.577744 0.439638 -0.591855 -0.091438 
6.237315 2.707163 0.230345 -0.051850 4.341706 -2.472916 -0.599807 -0.784562 0.283570 0.557977 -0.782533 -0.060111 
5.619847 2.563106 0.766910 0.355736 3.547147 -2.178447 -0.811966 -0.675118 0.259060 0.626721 -0.544478 -0.092903 
5.056715 3.153609 0.296673 0.414939 3.072121 -1.325144 -1.108491 -0.713314 0.232427 0.506591 -0.387619 -0.139202 
3.561289 2.163301 1.269370 1.306627 1.079796 -0.459692 -0.967175 -0.629672 0.076865 0.031406 -0.381971 -0.071120 
4.663205 2.356773 0.910592 0.972165 2.181921 -1.067503 -1.205617 -0.726460 0.241065 0.414381 -0.399968 -0.143872 
4.693198 2.795605 0.067572 0.951368 2.217722 -0.555234 -1.220975 -0.788807 0.503264 0.071257 -0.360949 -0.175890 
4.955360 2.720283 0.328383 0.885146 2.891099 -1.090711 -1.373860 -0.787414 0.315951 0.211178 -0.409781 -0.157372 
3.422797 2.043210 1.244329 1.535405 1.459456 -0.553239 -1.296336 -0.824813 0.065606 0.027254 -0.431614 -0.086885 
4.162238 2.369110 0.847781 1.282327 1.762116 -0.460055 -1.258643 -0.797630 0.222718 0.086969 -0.389099 -0.120485 
4.463923 2.972360 0.379838 0.685658 2.703165 -0.936106 -1.295152 -1.130469 0.299364 0.246327 -0.305425 -0.131246 
4.757226 2.979647 0.345198 0.412791 3.550487 -1.173126 -1.503075 -1.002591 0.096161 0.111431 -0.320094 -0.131398 
4.673014 3.192398 0.548552 0.576932 3.251477 -1.396762 -1.690736 -1.267536 0.103086 0.219708 -0.231178 -0.103093 
4.354368 2.873658 0.903642 0.760998 2.516954 -0.984581 -1.592186 -1.143455 0.128624 0.197246 -0.169544 -0.077058 
4.860449 3.577559 0.228178 0.550126 3.728156 -1.204234 -1.948673 -0.943716 0.003832 0.207776 -0.153931 -0.115072 
4.349672 2.906804 1.099216 1.351951 2.540633 -0.909672 -1.857644 -1.142575 0.200386 0.254413 -0.112765 -0.057507 
4.281495 2.955348 0.330327 0.859766 2.502641 -0.231632 -1.547524 -0.834244 0.247546 0.156352 -0.086322 -0.069978 
4.546456 3.570011 0.227095 0.587169 3.811911 -0.841999 -1.679263 -0.980676 0.176197 0.275091 -0.033034 -0.088349 
4.591940 3.116202 0.404933 1.152997 2.601347 0.370788 -1.575051 -0.913013 0.042743 0.141373 0.023330 -0.055556 
4.066684 2.470524 1.348771 1.803608 1.633102 0.275647 -0.886154 -0.809695 -0.000064 -0.201300 -0.008855 0.014747 
3.831542 2.981586 1.396280 1.121512 1.449727 0.474560 -0.611850 -0.977114 -0.179142 0.246212 -0.060640 0.025458 
4.429020 3.382940 1.213437 1.115666 2.612995 0.362027 -0.660384 -1.098597 -0.178286 -0.101186 0.023242 -0.009076 
4.491218 3.864960 1.101715 1.112851 2.626906 -0.093040 -0.771161 -0.865711 -0.277396 -0.042116 0.046266 0.014884 
3.850102 3.203656 2.195948 1.676693 1.870120 -0.117104 -0.472553 -0.722087 -0.453555 0.026184 -0.019705 0.032091 
3.927985 3.335509 2.153059 1.889805 1.942884 -0.211551 -0.778034 -0.758089 -0.219492 -0.050983 -0.006618 0.026409 
4.083088 3.332562 2.282617 1.730973 2.488969 0.030776 -0.795389 -1.160880 -0.228259 0.259538 -0.051078 0.009997 
4.522803 3.560750 2.167306 1.733094 3.070225 0.069184 -1.114566 -1.011656 -0.120287 0.348914 -0.027339 -0.019665 
3.446118 2.916739 2.355394 2.122935 1.875603 0.336411 -0.328364 -0.486887 -0.277652 0.000797 -0.089775 0.000160 
3.435805 2.843441 2.518651 1.798245 1.889904 0.436556 -0.197894 -0.407987 -0.512840 0.193438 -0.165792 -0.001824 
3.519263 3.333225 2.549468 1.923868 2.612769 0.082349 -0.543054 -0.404199 -0.397392 0.210843 -0.103366 0.000144 
3.889765 4.141371 2.843368 2.191332 3.791860 -0.447248 -0.767272 -0.566039 -0.437949 0.389642 -0.211493 -0.008503 
3.502690 3.264915 2.687992 1.724629 2.016408 0.217455 -0.204484 -0.257961 -0.375609 0.153453 -0.094297 0.013549 
3.307356 3.021469 2.645422 1.878133 1.932089 0.646042 -0.123296 -0.302082 -0.313541 0.011875 -0.002384 0.007961 
3.585911 3.455720 3.075012 2.315757 2.062836 0.388993 -0.270894 -0.444512 -0.427944 -0.078423 0.061327 0.005012 
3.682538 3.742891 3.302185 2.191967 2.191703 0.451701 0.087111 -0.636299 -0.668686 -0.033002 0.098480 0.013577 
3.767355 3.430941 2.865801 2.318683 1.806176 0.490107 -0.236910 -0.831903 -0.472553 -0.043575 0.112722 0.023013 
3.420793 2.908970 2.543412 2.103475 1.473060 0.429239 -0.453546 -0.714035 -0.225573 -0.059582 0.085385 0.022936 
3.535027 3.082714 2.601543 2.359073 1.877702 0.879041 -0.437400 -0.842578 -0.507937 0.056366 0.174676 0.015870 
3.492582 2.966037 2.581146 2.371127 2.048318 0.685925 -0.376738 -0.795416 -0.110397 0.103958 0.092280 0.007468 
3.473231 2.898065 2.451113 2.390521 2.176130 1.032624 -0.086936 -0.627100 -0.077936 0.214539 0.164015 0.014935 
3.438758 2.750947 2.473962 2.504223 2.249703 1.356484 0.210138 -0.156319 0.170529 0.367177 0.108463 0.015382 
3.538160 2.846807 2.241865 2.404838 2.329118 1.760607 0.536125 0.030296 0.311990 0.284427 0.135637 0.025663 
3.664303 2.750624 2.220722 2.306225 2.354665 1.452013 0.410239 0.033583 0.543283 0.504487 0.136454 0.031770 
3.442542 2.755895 2.128704 1.911656 1.786705 1.047104 0.398568 0.103373 0.343341 0.514561 0.275710 0.067947 
3.552854 2.732482 1.907807 1.514422 1.361554 1.133434 0.469288 0.250592 0.457381 0.552035 0.357254 0.093972 
4.706769 3.197384 1.833410 1.556284 2.222019 1.031520 -0.085471 -0.097412 0.672232 1.054646 0.396956 0.094861 
4.544195 3.448141 2.399504 1.995398 1.800210 0.721497 -0.522475 0.140889 1.146314 0.995715 0.275722 0.086130 
3.829584 3.048315 2.488605 2.189744 1.689740 0.605219 -0.075295 0.321324 0.845262 0.721531 0.246619 0.086516 
3.763742 2.913473 2.118119 1.901805 1.671196 0.738894 -0.051842 0.283124 0.972655 0.807630 0.298460 0.083768 
4.703575 3.272189 1.780968 1.584238 2.036493 1.022480 -0.229743 0.215596 1.007352 0.933465 0.304818 0.055828 
3.638581 2.707823 1.941095 1.819983 1.484947 0.862603 0.400120 0.508487 0.873738 0.682705 0.226816 0.066967 
