2.616131 1.796630 1.535775 1.736121 1.315626 0.719268 0.650853 0.717276 0.850048 0.386746 0.311353 0.078131 
2.720389 1.821859 1.686337 1.836764 1.866951 0.705801 0.765391 0.637778 1.176572 0.473456 0.160264 0.069889 
3.039721 1.464581 1.026072 1.640948 1.972631 0.461101 0.709181 0.517147 1.268543 0.155655 0.148098 0.065043 
3.441075 0.876179 0.894197 1.005368 2.251305 0.060167 0.642916 0.801105 1.634243 0.079300 0.373803 0.131785 
3.096809 1.082447 0.792882 1.610917 1.314871 0.368003 0.892527 1.208077 1.241244 0.123728 0.242829 0.082248 
3.082263 1.097072 0.735435 1.441059 1.739438 0.487441 0.729307 0.729538 0.682778 0.194024 0.495837 0.112397 
3.133796 1.080299 0.539840 1.132796 1.614791 0.424358 0.546259 0.893048 0.731837 0.176911 0.544971 0.122932 
2.944684 0.872500 0.229592 1.485494 1.963736 0.600051 0.549822 0.637574 0.406598 0.264483 0.545356 0.124251 
2.906085 1.333732 0.791284 1.341851 2.048498 0.962132 0.448461 0.426259 0.455496 0.244059 0.533805 0.101412 
2.864982 1.099033 0.429061 1.608662 2.166301 1.194302 0.715592 0.457751 0.315230 -0.052430 0.345527 0.121100 
3.165190 1.519515 0.581450 1.463236 2.259864 1.335095 1.273234 1.031596 0.392525 -0.224422 0.390849 0.128712 
2.876978 1.415213 0.881854 1.512355 1.621156 1.899139 1.570194 1.145973 0.461005 -0.131196 0.301140 0.110014 
2.781862 1.685140 1.197871 1.089100 1.546181 1.261969 1.402278 0.796515 0.362547 0.133772 0.161751 0.081005 
3.658596 1.825114 0.109529 -0.228868 0.290902 1.424431 1.564510 0.789825 0.517558 0.376891 0.404452 0.116799 
4.075920 2.143440 0.179684 -0.296786 0.454887 1.414490 1.622085 0.655967 0.044461 -0.326792 0.157771 0.126615 
4.055765 1.928246 0.092669 -0.453705 0.569563 1.120149 1.184914 0.808757 0.044582 -0.120159 0.302680 0.153756 
3.407071 2.153194 0.491669 -0.032338 0.556787 1.329261 1.337759 0.638518 -0.025620 -0.127827 0.293213 0.120229 
3.917088 2.298067 0.516939 -0.029499 0.713833 1.542646 1.546365 0.645160 0.004694 -0.146881 0.182876 0.110939 
4.323910 2.777417 0.464531 0.210167 0.810938 1.144409 1.544932 0.472728 0.064001 -0.482135 0.211016 0.118354 
4.394346 2.884238 0.528377 0.108394 0.751048 1.251707 1.401792 0.389594 0.081276 -0.370562 0.147137 0.096522 
4.362569 2.848767 0.700567 0.046702 0.548181 1.296009 1.452830 0.487476 0.193309 -0.266309 0.147566 0.082283 
4.741560 3.189413 0.669337 -0.074759 0.705204 1.087328 1.528815 0.267029 0.347141 -0.406422 0.026351 0.033821 
4.912377 3.366366 0.723177 0.068839 0.688205 0.578426 1.365567 0.351159 0.243450 -0.512345 -0.018754 0.011123 
4.323997 3.314596 1.197528 0.241257 0.032304 0.668464 1.154190 0.418985 -0.048369 -0.571670 -0.076177 -0.032310 
6.227534 3.528392 -0.230046 0.470530 1.177536 -0.456127 1.738951 -0.386996 0.520347 -0.767330 -0.172855 -0.016691 
3.658507 2.388042 1.111521 0.553606 0.496595 0.581418 0.794800 0.310259 -0.182449 -0.334796 -0.138482 -0.031747 
4.673594 3.037003 1.049660 0.055710 0.213337 0.684688 1.004297 0.504868 -0.317287 -0.794622 -0.223376 -0.047264 
4.392158 2.761061 0.891401 0.064955 0.167095 0.456757 0.768496 0.494933 -0.390915 -0.879896 -0.301090 -0.072571 
5.485473 3.044147 0.359718 -0.104177 0.455860 0.139680 0.627795 0.321153 -0.112627 -1.134491 -0.432106 -0.084664 
4.121024 2.657064 0.902786 -0.240164 -0.138133 0.330394 0.673754 0.258895 -0.600647 -0.936443 -0.319734 -0.084719 
5.294972 3.266414 0.597453 -0.459749 -0.175148 -0.317862 0.583243 0.340347 -0.503167 -1.225809 -0.423852 -0.087603 
4.812725 3.076643 0.414300 -0.520495 -0.386891 -0.218191 0.392636 0.155899 -0.306344 -1.315530 -0.368746 -0.103141 
5.535843 3.193883 -0.099543 -0.914364 0.328450 -1.177726 0.597057 -0.357925 -0.142640 -1.346753 -0.500582 -0.082564 
5.861187 3.161395 -0.567937 -1.071895 0.863188 -1.767979 0.506761 -0.828004 0.130594 -1.405448 -0.622674 -0.080853 
5.773622 2.883679 -0.323155 -1.318401 0.619699 -2.090904 0.452502 -0.731284 0.115232 -1.425654 -0.661215 -0.056696 
5.377753 2.978865 -0.528437 -0.973274 0.102351 -1.602553 0.484469 -0.520942 -0.072352 -1.407351 -0.479604 -0.070979 
5.829541 2.879614 -0.423287 -0.979846 0.708387 -2.119810 0.784606 -0.664486 -0.033611 -1.254617 -0.604384 -0.017979 
6.001848 3.154576 -1.037273 -0.351944 0.586631 -2.087298 0.750089 -0.557924 0.146100 -1.244027 -0.514760 -0.028725 
4.305807 2.653151 0.467456 -0.870459 -0.840508 -0.695335 0.426479 -0.084039 -0.651943 -0.800221 -0.172057 -0.018736 
4.297788 2.670877 -0.006751 -1.006509 -0.581637 -0.307106 0.191011 -0.400357 -0.426420 -0.723505 -0.176006 -0.012699 
5.194519 2.699713 -0.503422 -0.849836 0.583371 -1.212947 -0.091355 -0.254795 -0.129508 -1.073941 -0.333304 -0.012302 
6.184626 2.861605 -1.303867 -0.946873 1.888082 -2.233664 -0.188890 -0.946758 -0.119014 -0.897159 -0.669062 -0.001453 
4.195941 2.085565 -0.070366 -0.685079 -0.037228 -0.482717 -0.116125 -0.436940 -0.708243 -0.925796 -0.197515 0.003741 
4.220531 2.110245 -0.112506 -0.482542 -0.036512 -0.182076 -0.394034 -0.274224 -0.587945 -0.943634 -0.225481 -0.019631 
5.355159 2.548635 -0.462408 -0.560457 0.377526 -0.280687 -0.483324 -0.199282 -0.269805 -1.319379 -0.392232 -0.042999 
6.242952 2.198065 -0.610025 -0.634080 1.449591 -1.276665 0.108346 -0.518414 -0.227561 -1.193266 -0.697088 -0.032756 
5.436804 2.259302 -0.457022 -0.160141 0.910141 -0.299540 -0.024546 -0.117397 -0.204379 -1.314022 -0.514502 -0.053719 
5.346934 2.306652 -0.600466 -0.227519 1.007868 0.025707 -0.104930 -0.200317 -0.057580 -1.208558 -0.474950 -0.075062 
5.898597 2.120686 -1.074354 0.096754 1.622036 -0.832282 0.584411 -0.721909 0.132215 -1.127831 -0.584916 -0.068610 
5.840047 2.201605 -1.216666 0.463648 1.674233 -0.821059 0.790765 -1.385397 0.221703 -1.228988 -0.465425 -0.082598 
4.802782 2.303913 -0.287713 0.082927 1.869271 -0.058204 0.329239 -0.905952 -0.144117 -0.994557 -0.360817 -0.061749 
4.374521 2.910245 0.250279 0.268623 1.842114 -0.031105 0.785641 -0.848714 -0.334286 -0.833867 -0.131077 0.004658 
4.835809 3.402918 1.071470 -0.140719 2.973713 -0.846969 0.761234 -0.775727 0.081864 -1.123295 -0.206103 0.041414 
4.177049 3.309702 1.631164 0.467344 2.187795 -0.533879 1.054704 -0.501307 -0.120990 -0.648830 -0.052132 0.037952 
4.397196 3.560022 1.247893 0.788628 2.397887 -0.796727 1.048101 -0.625414 0.190929 -0.499343 -0.055708 0.039410 
4.951845 3.822694 1.082212 0.121244 3.679989 -0.497223 1.070542 -0.744710 0.273471 -0.560995 -0.156939 0.042786 
4.503440 3.320894 1.733765 0.801399 3.693253 -0.608836 1.278724 -0.773945 0.245237 -0.460794 -0.207362 0.069119 
3.559731 3.177746 2.079843 1.395400 2.874666 -0.351589 0.907474 -0.785403 0.124127 -0.391097 -0.170687 0.011519 
3.951339 3.624161 1.788239 1.080768 2.787666 -0.578656 1.530415 -0.929069 0.128135 -0.409127 -0.122129 0.048855 
4.008127 4.286067 1.508757 0.711635 4.017875 -1.158387 0.997280 -0.895450 0.203975 -0.352215 -0.165482 0.033265 
3.566010 3.398626 1.996853 1.600456 3.300583 -0.624438 0.795622 -1.122193 0.265645 -0.236968 -0.175321 0.006812 
3.708682 3.250643 2.178514 1.101698 3.753249 -0.442249 0.463002 -0.968062 0.399796 -0.302133 -0.179694 -0.007265 
3.489141 3.184083 2.145920 1.366974 3.043303 -0.398998 0.230811 -0.728182 0.356241 -0.281841 -0.144604 -0.023571 
3.876078 3.332422 2.179193 1.065770 3.823614 -0.200018 -0.097570 -0.652384 0.480520 -0.454780 -0.063452 -0.052148 
3.645435 3.418965 2.425098 0.773982 3.410028 -0.103231 -0.283567 -0.084648 0.175129 -0.632230 0.022631 -0.073261 
3.805492 3.227103 2.399313 0.358057 3.989314 -0.252316 -0.487324 0.047903 -0.123455 -0.558379 0.030607 -0.078880 
3.698368 3.113936 2.096059 0.417384 3.144288 0.001287 -0.268784 0.246589 -0.120878 -0.645209 0.006172 -0.075326 
4.022204 3.096074 1.850252 -0.039918 4.163586 -0.094223 -0.473651 0.407852 -0.331476 -0.799066 0.034032 -0.090742 
4.020061 2.965089 1.551220 0.198319 3.973701 0.417359 -0.738520 0.366256 -0.289446 -0.674885 0.088859 -0.100390 
4.304129 2.957215 1.204229 -0.044190 4.185717 1.011574 -0.608893 0.787325 -0.111009 -0.752818 0.095118 -0.121640 
4.141535 2.495550 1.590861 0.291224 3.870184 1.573095 -0.401804 1.139094 -0.135384 -0.636675 0.117404 -0.081202 
4.274427 2.429115 1.280580 0.278037 4.035174 2.195157 -0.378620 1.358423 0.366023 -0.775447 0.121841 -0.098745 
3.765330 1.971576 1.347882 0.591610 3.303877 2.171952 -0.007138 1.444039 0.557831 -0.633017 0.013403 -0.067633 
3.985956 1.976994 1.054621 0.656939 3.237027 1.578912 -0.087131 1.292438 0.912805 -0.921277 0.019959 -0.055386 
3.922525 1.843534 0.979887 0.657279 2.993040 1.587154 -0.147647 1.142157 0.849904 -0.498048 0.009445 -0.064365 
4.554754 1.974203 0.344787 0.236992 3.162907 1.905397 -0.025679 1.165956 0.923408 -0.595492 -0.090405 -0.086884 
4.634228 1.787055 0.430385 0.422076 2.488189 1.896855 0.059226 1.205547 1.036538 -0.691356 -0.108432 -0.039944 
4.513829 1.971245 0.273640 0.307159 1.921516 2.099043 0.449237 0.956528 1.037349 -0.507017 -0.057390 -0.042522 
4.508448 2.087163 0.423665 0.122573 1.591471 1.972498 0.744760 0.809466 1.003272 -0.414785 -0.027788 -0.032671 
4.471967 2.278557 0.646608 0.088843 1.419902 1.729245 0.230850 0.812696 1.118785 0.015247 0.119694 -0.028023 
4.184969 1.887482 1.093898 0.477112 1.415791 1.774344 0.522897 0.919279 1.057956 0.146094 0.032723 -0.028763 
3.700196 2.054880 1.055046 0.520472 1.561607 1.770437 0.537441 0.830143 1.004675 0.139750 -0.004084 -0.044884 
4.144856 2.092972 0.884983 0.193766 1.915494 2.428753 0.424861 1.125930 1.154749 -0.046245 -0.116747 -0.079644 
4.457861 1.903376 0.540771 0.041121 2.432632 2.800912 0.349145 1.089588 1.337231 0.044005 -0.104798 -0.108564 
4.614004 1.718773 0.497592 0.308236 2.302276 2.784797 0.514840 0.714126 1.323159 0.115223 -0.010191 -0.056429 
