2.371810 2.521283 0.666541 0.512696 1.398134 1.127365 1.945297 0.749239 0.974234 -0.061016 0.401593 0.043687 
2.033462 2.272846 0.422101 0.976377 1.463912 1.962300 1.697122 -0.104148 0.692950 -0.094748 0.437680 0.071383 
2.183238 2.281542 0.114198 0.899326 1.565719 1.912983 1.710870 -0.512021 0.806534 -0.128668 0.394492 0.081264 
2.380695 2.211229 -0.611538 0.656976 1.055824 2.028213 1.916778 -0.125467 0.911181 -0.099872 0.258085 0.061270 
2.515317 2.166091 -0.525179 1.344610 0.903763 2.151885 1.818587 0.090879 0.928717 -0.575953 0.199092 0.032477 
2.220158 1.887929 -0.148952 1.138376 0.025326 2.555028 1.687632 0.165794 0.942341 -0.592079 0.074722 0.062303 
2.295191 2.067980 0.232425 0.769115 -0.570025 2.406014 2.245381 -0.050237 1.390824 -0.886757 0.283396 0.000587 
2.429126 2.140854 0.594334 0.922608 -0.497733 2.587422 2.155560 -0.408468 1.403672 -1.042655 0.227458 0.016272 
2.245034 2.357601 0.860709 0.863142 -0.094981 2.698525 2.252661 -0.202485 1.373088 -0.875293 0.278888 0.004720 
2.392961 2.540710 0.766476 1.167677 0.324069 2.047525 1.878154 0.182103 1.419507 -0.892512 0.367489 -0.015956 
2.705100 2.122228 1.443510 0.935697 1.267998 0.752766 1.092670 -0.257274 0.152729 -0.412026 0.221724 0.085534 
4.011857 2.926061 2.124996 1.136461 0.780420 0.613128 2.106645 -0.962401 -0.209871 -0.936850 -0.107430 -0.001925 
4.353708 2.862203 1.677242 1.302462 0.774030 0.654331 1.278916 -0.572140 -0.233820 -0.800617 -0.126612 -0.010937 
3.599372 2.752009 2.020944 0.969891 1.026180 0.876220 0.953558 0.177388 -0.658501 -0.788234 -0.309082 -0.056490 
4.551774 3.711298 1.779178 0.887780 1.019744 0.678744 1.217384 -0.146263 -0.430615 -1.470357 -0.307329 -0.113565 
3.548350 2.650634 1.644970 0.865672 0.958107 0.529083 0.273935 -0.610537 -0.808195 -0.856171 -0.344411 -0.097067 
4.878445 3.831099 1.000113 0.457064 1.478022 0.334461 0.650163 -0.845380 -0.687467 -1.255995 -0.378456 -0.110246 
3.908798 2.979595 1.456715 0.836728 0.367953 0.271153 -0.057059 -1.153425 -1.140175 -1.070851 -0.223171 -0.097330 
4.613278 3.494219 1.310120 0.181198 0.416889 0.084202 -0.025239 -1.197580 -1.170641 -1.048314 -0.319974 -0.085283 
3.903837 2.577217 1.056607 0.314989 0.723441 0.056721 -0.222306 -0.768184 -1.126982 -0.827163 -0.308171 -0.082305 
5.633060 3.238977 0.521082 -0.492328 2.138877 -0.865208 0.339061 -0.931668 -1.334878 -1.140306 -0.566181 -0.019661 
4.388086 2.744075 0.761979 0.064643 0.738488 0.174765 0.104166 -0.825178 -1.276244 -1.055826 -0.277954 -0.028161 
4.861784 3.054626 0.293308 -0.422679 0.951533 -0.156754 0.246669 -0.747953 -1.157698 -1.167454 -0.364075 -0.022048 
4.755084 2.797685 0.860659 -0.326246 0.359965 0.035291 -0.077271 -0.623822 -1.416507 -1.288643 -0.303182 -0.016950 
5.947166 2.795544 0.422994 -1.215319 2.218850 -1.036444 -0.151641 -0.943689 -1.429766 -1.158767 -0.611092 -0.002028 
3.627165 2.283543 0.881241 -0.152163 0.055760 0.167294 -0.232499 -0.847648 -1.385835 -0.885398 -0.201505 -0.011764 
5.137509 3.208469 0.752425 -0.361263 1.021370 -0.089133 0.060139 -0.691076 -1.358872 -1.290234 -0.323644 -0.000637 
5.857195 3.264056 0.661944 -0.734898 2.067115 -0.683137 -0.078653 -0.684624 -1.491430 -1.289322 -0.533960 -0.005741 
6.163514 3.395212 0.133331 -0.683529 2.322735 -1.078648 0.214933 -0.887795 -1.435033 -1.084267 -0.616147 0.020176 
3.708754 2.492847 1.015314 0.004614 -0.069154 0.107279 -0.151393 -0.837466 -1.363127 -0.969330 -0.147057 -0.013601 
5.511920 3.176749 -0.067596 -0.225174 1.284453 -0.615911 -0.207604 -0.920115 -1.347491 -1.229719 -0.409616 0.000059 
4.200889 2.628136 0.608372 -0.035158 0.064251 -0.072776 -0.147004 -1.003347 -1.361905 -1.129276 -0.184745 -0.005393 
5.604706 3.122314 -0.312598 -0.463323 1.784920 -1.171201 -0.012812 -1.050820 -1.152233 -1.135906 -0.480694 0.015948 
4.740956 2.839215 0.362778 -0.381784 0.797432 -0.373697 -0.131631 -0.838364 -1.266330 -1.211225 -0.266239 0.002719 
5.459957 3.033764 -0.095227 -0.848677 1.733965 -1.003015 -0.255400 -0.864681 -1.313281 -1.230778 -0.484958 -0.003421 
3.980567 2.532524 0.676329 -0.226834 0.068109 -0.142208 -0.075457 -0.925567 -1.324427 -1.016847 -0.174209 -0.008902 
5.703171 3.326938 0.020832 -0.877775 1.591062 -1.215550 0.061025 -1.075728 -1.149874 -1.203306 -0.505864 0.003509 
4.860234 3.190020 0.382186 -0.689637 0.373463 -0.921606 -0.131384 -1.004716 -1.325564 -1.161029 -0.307303 -0.008610 
3.520095 2.333865 0.946630 -0.133532 -0.128383 -0.418662 -0.489198 -1.281544 -1.299466 -0.716978 -0.102663 -0.015060 
4.405312 2.803258 0.638544 -0.127154 0.283662 -0.556118 -0.484506 -1.133841 -1.326552 -0.963026 -0.186131 -0.009409 
5.466486 3.230999 -0.348256 -0.462508 2.038202 -1.306821 -0.925197 -1.371330 -1.266467 -0.860098 -0.389974 -0.013784 
4.586740 2.829395 0.320014 -0.236107 0.624950 -0.533689 -0.670455 -1.293662 -1.069479 -0.818504 -0.184729 -0.019385 
3.593482 2.156220 0.654444 -0.052067 -0.040396 -0.246449 -0.580604 -1.283060 -1.115029 -0.740309 -0.102287 -0.012704 
4.115076 2.363793 0.382327 -0.252511 0.364570 -0.487992 -0.653326 -0.955538 -1.032669 -0.884154 -0.186055 -0.018708 
4.810263 2.570368 -0.397901 -0.348649 1.344230 -0.580710 -0.365715 -1.017279 -0.986952 -1.015344 -0.312382 -0.015186 
4.543909 2.429241 -0.086351 -0.507965 1.172349 -0.510576 -0.205357 -0.939527 -0.978954 -0.887779 -0.331355 -0.030042 
4.820568 2.659452 -0.440383 -0.629795 2.152681 -1.011728 -0.306959 -1.109008 -0.872879 -0.722115 -0.417649 -0.039326 
3.948951 2.122249 0.506822 -0.161376 0.794032 -0.625349 -0.724944 -0.960967 -0.899677 -0.567688 -0.284315 -0.055821 
4.523103 2.534575 0.400050 -0.672600 1.581994 -0.776705 -0.413488 -1.312932 -1.266979 -0.481624 -0.284009 -0.022307 
4.748256 2.514152 0.048308 -0.003933 1.453357 -1.866820 -0.528106 -1.693598 -1.113716 -0.707915 -0.286077 -0.000511 
4.030195 2.591266 0.505965 -0.079885 0.329877 -1.127638 -0.774614 -1.691451 -1.216930 -0.690774 -0.112238 -0.028793 
4.672429 2.336278 0.463281 -0.072711 1.604215 -2.095568 -0.463629 -1.665950 -1.478704 -0.563520 -0.298971 0.018001 
4.854898 2.123153 0.864161 -0.082073 1.921657 -2.343182 -0.749587 -1.676689 -1.342850 -0.437542 -0.315892 0.020106 
5.222834 2.528028 -0.033028 -0.234590 2.525080 -2.820640 -0.660850 -1.988223 -1.355943 -0.485877 -0.467197 0.068511 
4.213672 2.493538 0.170278 -0.252891 0.708984 -1.191194 -0.591326 -1.434816 -1.264563 -0.649376 -0.219326 -0.033250 
4.470618 2.304787 0.256998 -0.546349 0.765693 -1.159718 -0.566973 -1.159975 -0.963287 -0.990060 -0.249918 -0.029727 
5.562488 2.859472 -0.944544 -0.916889 2.032286 -1.925093 -0.308367 -1.562831 -0.742120 -1.092267 -0.542749 -0.005023 
4.449794 2.389969 -0.294076 -0.671142 0.185257 -0.176134 -0.416154 -1.075358 -0.971011 -1.103437 -0.235651 -0.043205 
5.314725 2.977090 -0.628866 -1.072014 1.223943 -1.447118 -0.238919 -0.784610 -1.087498 -1.273192 -0.480179 -0.010304 
4.701188 2.480013 -0.065622 -0.761020 0.442123 -0.763516 -0.445531 -0.640604 -0.776705 -1.234673 -0.222193 -0.021917 
5.461132 2.700409 -0.510220 -0.670258 1.152134 -1.469860 -0.270785 -0.901087 -0.696451 -1.139811 -0.372158 0.010495 
4.676712 2.585081 -0.005230 -0.598690 0.513495 -0.918979 -0.722849 -0.799436 -0.628868 -0.871445 -0.101607 -0.015457 
4.584579 2.810214 -0.154511 -0.504857 0.097675 -0.639849 -0.537847 -0.849366 -0.505940 -0.632775 -0.090593 -0.039872 
5.150893 2.478813 -0.218802 -0.281600 0.653372 -1.424188 -0.573837 -0.898479 -0.384731 -0.876704 -0.191879 -0.012175 
5.142805 2.402811 -0.202116 -0.192043 0.878778 -1.646983 -0.368035 -0.580080 -0.592113 -0.801011 -0.267979 -0.009326 
5.577670 2.421824 -0.642834 -0.415336 1.896853 -2.451602 0.101639 -0.557233 -0.608907 -0.704785 -0.510831 0.052062 
4.543504 2.330317 -0.217072 0.116961 0.576975 -0.974576 -0.406246 -0.235880 -0.468874 -0.706872 -0.179918 -0.050736 
4.679630 2.448337 -0.390149 -0.175014 1.293846 -1.083140 -0.356436 -0.332498 -0.427912 -0.829134 -0.258579 -0.050722 
5.118724 2.144534 -0.546916 -0.089942 2.132118 -1.531181 -0.470054 -0.169377 -0.251114 -0.762157 -0.429307 -0.026567 
5.406816 1.726780 -0.355021 0.023656 2.331429 -1.376594 -0.532304 0.000443 0.047412 -0.750708 -0.489691 -0.024632 
6.094340 1.322877 -0.846764 0.149502 3.377180 -2.368309 0.186515 0.044100 -0.040775 -0.424337 -0.744818 0.075785 
4.274715 1.572902 -0.746493 0.830738 2.111659 -0.864198 -0.447055 0.375964 0.352949 -0.488295 -0.293060 -0.019525 
5.556562 1.254546 -0.697007 0.351497 3.191973 -1.652841 0.069023 0.244582 0.287968 -0.422653 -0.394589 0.148552 
5.256601 1.117272 -1.112773 0.856003 2.914871 -1.406441 0.200658 0.248739 0.552631 -0.397026 -0.240384 0.172766 
5.051682 1.006161 -0.333384 0.399776 3.049425 -1.355689 0.373405 0.465416 0.672795 -0.130195 -0.077086 0.225794 
3.987878 1.385407 0.565198 1.772468 1.487377 -1.360854 -0.117586 0.698776 1.058159 0.186593 0.112884 0.108104 
3.943962 1.759914 1.006679 1.527784 1.404353 -1.214267 0.625487 0.298014 0.707922 0.330187 0.190865 0.104429 
3.858242 1.906291 1.059118 1.636988 1.306383 -1.036736 0.313199 0.254649 0.585345 0.430445 0.270544 0.111116 
4.536821 1.433728 1.603858 1.266027 2.164569 -1.624894 1.028024 0.057643 -0.076472 0.630085 0.205661 0.152478 
3.664232 1.826013 1.673082 1.224955 1.298450 -0.633940 0.405611 0.256771 0.220715 0.333412 0.144780 0.088481 
3.619516 2.194304 1.312261 1.084025 1.219144 0.198677 1.030144 -0.258466 -0.006266 0.331784 0.188211 0.089427 
3.219501 1.710704 0.951260 1.049735 1.381492 0.522855 0.846279 -0.009757 0.196671 0.101234 0.131827 0.089696 
4.032862 1.888542 1.207694 0.364240 2.175405 -0.020407 0.991296 -0.375781 0.467537 -0.080917 0.119275 0.135591 
3.339576 1.813716 1.278932 0.724988 1.291151 0.880150 1.035630 0.329154 0.204386 0.320569 0.212312 0.083390 
3.505647 1.905203 1.873665 0.644992 0.821764 0.859452 1.431776 0.486401 -0.366859 -0.042752 0.098258 0.062072 
