2.208269 2.555491 0.485377 1.151263 3.169641 0.153950 -0.787006 0.074706 0.897404 0.230698 0.485760 -0.026677 
2.193007 2.399397 0.712077 1.270906 2.698757 -0.193443 -0.539176 0.244420 0.719092 0.501997 0.427516 0.003551 
2.131073 2.806219 1.184729 1.324383 3.029882 0.073807 -1.052459 0.487465 1.177731 0.776010 0.560154 -0.025774 
2.151592 2.893671 0.936139 1.196286 3.067458 0.557798 -0.265394 0.618068 1.264877 0.480609 0.485192 -0.021960 
2.057311 2.912421 1.030617 1.295329 3.243343 -0.138985 0.158009 0.129340 1.728529 0.653067 0.526772 0.002160 
2.243514 2.431097 1.059145 1.278808 2.141784 0.620894 0.590894 -0.026552 1.853511 -0.010187 0.482718 0.010345 
2.163084 2.794736 0.770938 0.638870 2.985129 0.236331 0.443216 0.459431 1.657743 0.342979 0.605286 -0.018813 
2.070305 3.133044 0.567077 0.264841 3.666573 0.223075 0.243647 0.799563 1.402748 0.480557 0.649237 -0.056920 
1.870690 3.264557 0.899140 0.410328 3.290071 -0.233349 0.348635 0.300939 1.497192 0.008893 0.707186 -0.044713 
1.718930 3.001142 1.202658 0.534260 2.893572 0.036407 0.727189 -0.000371 1.115278 -0.061390 0.700721 -0.003974 
1.241289 3.443636 1.347822 0.423329 2.940018 -0.169278 0.193589 -0.073131 1.127995 0.232183 0.769406 -0.030779 
1.052868 3.747095 0.810010 0.661200 2.178725 -0.397934 0.062823 0.512826 1.178711 0.195735 0.604546 -0.019293 
1.169237 3.684379 0.774832 0.739975 2.742918 -0.029242 -0.387521 0.422014 1.115407 0.223920 0.571561 -0.043777 
1.151355 3.376616 0.722152 0.457502 2.402496 0.019717 0.050342 0.542889 0.825469 0.020924 0.770526 -0.072596 
1.068524 3.544700 0.137271 0.651555 2.021460 0.647988 0.316061 0.728493 0.504112 -0.018434 0.715782 -0.069376 
1.278572 3.779321 -0.046259 0.352193 1.818936 0.601380 -0.198961 0.512130 0.709765 0.376200 0.864834 -0.051786 
1.294529 3.546395 -0.274342 0.747951 1.845471 0.362818 0.025666 0.653692 0.708398 0.506516 0.734463 -0.031055 
1.594620 3.447835 -0.162969 1.483524 1.055441 0.570054 0.184141 0.456215 0.903862 0.511322 0.656022 0.018679 
2.202925 2.801053 0.191473 1.230946 1.138681 0.552584 0.077672 0.617390 0.543844 0.754106 0.390905 0.094109 
2.109819 2.865113 0.370493 1.611246 1.362136 0.556034 0.409651 0.245333 0.796355 0.700674 0.342375 0.081730 
2.216285 2.449822 1.233092 1.248885 1.337019 1.032163 0.691225 0.878008 0.899382 0.402074 0.420811 0.059592 
2.714175 2.881158 1.800214 1.938336 1.215547 0.748009 0.339346 0.222335 0.354461 -0.006166 0.232621 0.054097 
3.190153 2.960319 1.905987 1.906025 1.590969 0.362141 0.161788 -0.156793 0.042591 -0.183510 0.171843 0.041599 
3.774904 2.964912 1.479258 1.441319 1.481958 0.401511 -0.412871 -0.392539 0.408287 0.008521 -0.032977 0.013682 
4.276230 2.751112 0.838637 0.907599 1.525987 0.940583 -0.261110 -0.684331 0.182610 0.098478 0.036683 0.017450 
4.736500 2.999653 0.511325 0.606367 1.603977 0.508955 -0.404506 -0.561212 0.439999 -0.005268 0.076948 -0.001519 
4.942175 2.812101 0.455744 0.359953 1.203431 0.615575 -0.679971 -0.315859 0.283831 0.050118 0.078526 0.009440 
4.864370 2.653757 0.238126 0.218230 1.366250 0.103773 -0.778190 -0.435264 0.307381 0.200952 0.069876 -0.000249 
4.940358 2.426338 0.283180 0.354665 1.174291 0.078040 -1.188001 -0.408891 0.449559 0.166948 0.090696 0.005307 
6.049748 2.711458 -0.453414 -0.130482 1.639622 0.226364 -1.480026 -0.604772 0.784654 0.134547 0.082978 -0.037747 
5.794212 2.838626 -0.561401 -0.355766 1.604884 0.144076 -1.726945 -0.557551 0.701248 0.163784 0.139741 -0.048044 
5.576299 2.788771 -0.608789 -0.344588 1.246511 -0.049477 -1.809499 -0.601285 0.516980 0.215610 0.143963 -0.041763 
5.342279 2.312236 -0.415554 -0.228314 0.717314 -0.413112 -1.549045 -0.751228 0.521563 0.081899 0.047898 -0.033656 
5.421746 2.319689 -0.594695 -0.528086 0.680611 -0.472055 -1.607716 -0.642605 0.393491 -0.014321 0.010042 -0.045470 
5.524084 2.474596 -0.869891 -0.784948 0.674460 -0.093602 -1.580250 -0.844908 0.380273 -0.077193 0.031004 -0.068885 
5.782523 2.557409 -1.076280 -0.794178 0.862880 -0.116051 -1.610352 -0.599114 0.333759 0.015354 -0.023963 -0.092368 
6.062018 2.368955 -0.905081 -0.579853 0.701563 -0.216719 -1.298515 -0.643545 0.569816 0.010151 -0.063762 -0.084958 
4.894374 2.187371 -0.136112 -0.423778 0.239180 -0.296292 -0.997068 -0.258005 0.257045 0.204140 -0.006749 -0.044840 
4.317015 2.248633 0.070998 -0.384324 -0.223962 -0.207399 -0.632408 -0.282085 0.301344 0.219054 0.019852 -0.019615 
4.592911 2.325870 -0.039340 -0.557389 -0.020953 -0.158493 -0.627655 -0.216034 0.339315 0.398758 0.088811 -0.006738 
5.122091 2.469379 -0.427915 -0.904628 0.339138 -0.132354 -0.751377 -0.287133 0.391007 0.491158 0.159395 -0.013834 
4.870947 2.313692 -0.454897 -0.735178 0.009292 -0.133568 -0.711879 -0.393976 0.453363 0.419654 0.130608 -0.020834 
4.312880 1.934335 -0.252827 -0.695252 -0.069521 -0.280161 -0.852476 -0.204552 0.413081 0.394068 0.068295 -0.031857 
4.428127 2.018141 -0.551752 -0.906535 -0.024629 -0.192101 -0.892834 -0.409103 0.386842 0.314597 0.069303 -0.050739 
4.684516 2.205010 -0.849521 -1.112304 0.143653 0.075145 -0.985766 -0.350850 0.318485 0.251201 0.082463 -0.064050 
4.818059 2.334085 -1.001932 -1.234782 0.296359 0.253123 -0.806000 -0.295292 0.387455 0.188106 0.105937 -0.064147 
4.873507 2.321532 -0.999263 -1.216645 0.271475 0.408179 -0.530860 -0.294439 0.358604 0.095649 0.095955 -0.055949 
4.742724 2.210945 -0.907008 -1.180638 0.372618 0.200070 -0.314071 -0.231879 0.278197 0.066449 0.061363 -0.051181 
4.669748 2.155485 -0.907808 -1.334250 0.420159 0.277452 -0.215489 -0.165094 0.142007 0.000210 0.057457 -0.043873 
4.616369 1.946548 -0.895000 -1.319979 0.521635 0.294251 -0.380545 0.020742 0.066121 -0.123943 0.029547 -0.051063 
4.544317 1.920646 -0.958690 -1.234702 0.423679 0.417134 -0.416083 0.165134 0.000009 -0.199944 0.021737 -0.047585 
4.601683 1.778538 -1.021048 -0.973499 0.505957 0.438726 -0.419475 0.154894 0.176279 -0.303919 -0.002160 -0.050674 
4.638865 1.799670 -1.093068 -0.859335 0.679055 0.628420 -0.388419 0.178967 0.255666 -0.248334 -0.011260 -0.058758 
4.770128 1.701813 -1.167170 -0.748435 0.844969 0.504724 -0.320712 0.136057 0.383081 -0.246002 -0.043260 -0.066507 
4.820017 1.712192 -1.343389 -0.759903 0.966243 0.441599 -0.439631 0.098766 0.443935 -0.166484 -0.057126 -0.086892 
4.874052 1.534760 -1.407709 -0.586009 0.708435 0.544440 -0.426339 -0.005705 0.611833 -0.236192 -0.078156 -0.094843 
4.796088 1.498075 -1.440660 -0.738229 0.701831 0.689587 -0.702491 0.077711 0.553496 -0.209327 -0.064975 -0.105220 
4.930849 1.628349 -1.553432 -1.050535 1.041569 0.518816 -0.635158 0.082881 0.540490 -0.072021 -0.044671 -0.125719 
4.828431 1.652875 -1.499339 -0.826273 0.691925 0.964817 -0.633452 -0.004199 0.679150 0.046732 -0.011731 -0.132252 
4.694911 1.553349 -1.416179 -0.887892 1.032145 0.436689 -0.395294 0.151048 0.735202 0.084627 -0.041218 -0.135941 
4.910516 1.342843 -1.443284 -0.864779 0.873561 0.673883 -0.300008 0.255875 0.756663 0.082946 -0.018090 -0.109183 
5.184018 1.835008 -2.179087 -1.261275 1.396711 0.852074 -0.451585 0.291166 0.723610 0.146411 0.027169 -0.131836 
4.961468 1.730691 -1.855517 -1.338467 1.075755 1.014418 -0.160397 0.120981 0.597624 0.053868 0.049582 -0.109011 
4.804850 1.569351 -1.600807 -1.170761 1.157729 0.870830 -0.142329 0.361060 0.530009 0.101872 0.044585 -0.090540 
5.184418 1.506268 -1.854606 -0.768015 1.101565 0.947357 -0.326553 0.222697 0.802776 0.139835 0.031498 -0.094074 
5.589511 1.317991 -1.789439 -0.905909 1.427428 0.971423 -0.446643 0.592408 0.660974 0.269412 0.000146 -0.088746 
5.155710 1.441053 -1.759720 -0.624292 1.303422 0.875663 -0.181825 0.377152 0.903803 0.220326 0.022767 -0.091599 
4.315719 1.389788 -1.166821 -0.607803 0.964348 0.983276 0.079691 0.488054 0.777864 0.222109 0.049000 -0.082676 
5.687817 1.412302 -1.937647 -1.039950 1.653417 1.114101 -0.446668 0.802491 1.028017 0.284938 -0.022825 -0.111786 
5.023895 1.444259 -1.761126 -0.628822 1.277849 0.909895 -0.310113 0.850764 1.075241 0.172958 -0.027552 -0.107464 
4.968940 1.176799 -1.561787 -0.785596 1.494172 0.679675 -0.164236 0.695390 1.083912 0.129929 -0.063474 -0.115094 
4.466350 1.002995 -1.365427 -0.539710 1.192899 0.940014 0.154949 0.490151 0.932659 0.066147 -0.022260 -0.105661 
5.881845 1.448071 -2.656034 -1.251006 2.153923 1.358903 -0.527693 0.858684 0.854007 0.322587 -0.113025 -0.162477 
5.409411 1.648168 -2.696770 -1.122637 2.106321 1.305494 -0.315703 0.489554 0.966344 0.083827 -0.081127 -0.174670 
5.386587 1.438451 -2.277857 -0.841410 1.878875 1.362224 -0.516751 0.254212 0.943367 0.061346 -0.077519 -0.164380 
5.812957 1.527167 -2.659160 -0.849251 2.219162 1.339154 -0.707165 0.356420 0.676641 0.209334 -0.134122 -0.160569 
6.351705 1.606299 -3.097173 -0.661913 2.335149 1.580363 -1.013352 0.689417 0.415372 0.480640 -0.222874 -0.159270 
5.980433 1.298102 -2.558186 -0.724135 2.486869 1.443611 -0.787048 0.361459 0.859819 0.312862 -0.125180 -0.168403 
5.421891 1.209558 -2.301729 -0.461058 2.589616 1.385220 -0.706942 0.337518 0.977231 0.182996 -0.112784 -0.167113 
6.037230 1.402595 -2.862212 -0.480131 2.756465 1.423784 -0.777288 0.659024 0.775346 0.450742 -0.177898 -0.156102 
6.128101 1.377671 -2.896770 -0.491500 2.877289 1.679288 -0.921958 1.119271 0.608598 0.569983 -0.217500 -0.153453 
5.900995 1.091074 -2.682103 -0.335590 2.796723 2.048218 -0.699588 1.188523 0.812646 0.419132 -0.184863 -0.133325 
5.112023 0.968193 -2.301881 -0.137757 2.745941 1.930554 -0.222028 0.819567 1.214171 0.202272 -0.087777 -0.124946 
5.721814 0.574586 -2.430278 0.028996 2.590479 2.065314 -0.387080 1.147952 0.993706 0.416504 -0.119553 -0.086528 
5.131599 0.759428 -2.546189 -0.387042 3.111472 1.743114 0.159487 0.961508 1.384862 0.351970 -0.021068 -0.094356 
