2.544652 2.004152 1.777430 1.597819 1.426317 1.126779 0.873912 0.811966 0.653322 0.429934 0.255764 0.080504 
2.553567 1.946066 1.736950 1.599776 1.413693 1.137109 0.949011 0.761828 0.551229 0.406950 0.247881 0.079697 
2.585445 1.983221 1.736434 1.518879 1.346589 1.157202 1.037037 0.775469 0.608340 0.398065 0.217065 0.079388 
2.564648 1.971298 1.740413 1.482849 1.393025 1.214973 0.996580 0.853123 0.552988 0.355582 0.271498 0.080306 
2.602608 2.010024 1.870461 1.543133 1.432466 1.435415 1.085435 0.856495 0.648621 0.336969 0.248813 0.081548 
2.558693 1.995517 1.771685 1.562269 1.380907 1.118732 0.955607 0.770208 0.536488 0.368309 0.264577 0.080000 
2.554778 1.996381 1.778866 1.527054 1.400837 1.198347 0.943986 0.787941 0.582407 0.324416 0.207288 0.078998 
2.595498 1.979142 1.755186 1.641173 1.423491 1.235813 0.994997 0.847569 0.644995 0.410563 0.253413 0.080837 
2.611451 1.989439 1.771413 1.638731 1.336689 1.127409 0.963376 0.916526 0.745137 0.416435 0.236497 0.080913 
2.570745 2.007884 1.752568 1.537655 1.386302 1.132376 0.914806 0.819609 0.634835 0.410865 0.259462 0.079834 
2.543154 1.963491 1.786327 1.561709 1.304218 1.089834 1.008780 0.873970 0.600353 0.387591 0.230659 0.079806 
2.591054 2.035107 1.807670 1.603013 1.374051 1.051438 0.941243 0.800356 0.581359 0.444301 0.268863 0.080711 
2.537736 1.996865 1.746843 1.522267 1.378446 1.210910 1.004189 0.697252 0.492149 0.347179 0.214631 0.080432 
2.575197 1.989295 1.779217 1.543781 1.427875 1.272655 1.134053 0.854046 0.583080 0.397530 0.267594 0.080652 
2.606231 2.033740 1.862768 1.552189 1.344663 1.257786 1.083992 0.857425 0.609166 0.392839 0.232319 0.080172 
2.550061 1.988179 1.778579 1.598158 1.429666 1.215793 1.013941 0.879363 0.604898 0.331900 0.204169 0.080104 
2.569583 1.952205 1.780781 1.507027 1.312534 1.121951 0.936105 0.766022 0.573759 0.326564 0.218599 0.079698 
2.587947 1.976776 1.759344 1.596710 1.400560 1.185246 0.966447 0.815114 0.638474 0.342706 0.232274 0.080786 
2.573651 1.974599 1.701854 1.589331 1.473920 1.092195 0.884380 0.808066 0.645676 0.427703 0.226405 0.079738 
2.568849 1.922032 1.685625 1.579193 1.375949 1.177836 1.056289 0.784395 0.600784 0.373025 0.194787 0.079781 
2.543760 1.947358 1.746459 1.558135 1.357526 1.115879 1.064018 0.829121 0.551570 0.358002 0.210764 0.079933 
2.618804 2.012227 1.744832 1.657614 1.450049 1.140873 0.946634 0.778332 0.612800 0.368233 0.161842 0.080212 
2.765881 2.300603 1.934651 1.858916 1.646006 1.432510 1.098681 0.725342 0.537237 0.328397 0.169310 0.077252 
2.812006 2.357068 2.211201 1.991755 1.783426 1.601473 1.399357 0.829826 0.529375 0.268239 0.122648 0.073132 
2.886208 2.430006 2.278670 1.981738 1.675053 1.443615 0.974215 0.657008 0.233970 0.056947 -0.031870 0.044036 
3.328945 3.244452 3.081215 2.700564 2.741241 1.804870 1.347471 0.875550 0.170785 0.050361 -0.051767 0.003137 
3.764906 3.594306 3.263853 2.506086 2.599980 1.586036 1.137099 0.693097 -0.145404 -0.020257 -0.049827 -0.025089 
3.325305 2.899331 2.623692 2.139487 1.700615 1.356425 0.774370 0.278298 0.133987 -0.094230 0.001528 0.009035 
3.122259 2.641286 2.340484 1.882141 1.656010 1.149914 0.585051 0.301433 -0.035119 -0.034084 -0.086524 0.012497 
3.589483 3.249941 2.842417 2.341419 2.786255 1.286258 0.547171 -0.309087 -0.608575 0.063928 -0.057052 -0.028102 
4.062943 3.656722 2.702784 1.751645 2.898270 1.108304 0.405020 -0.107789 -1.049780 0.171956 -0.157291 -0.023924 
3.359615 3.027374 2.505707 1.830364 2.004956 1.145023 0.604070 -0.043131 -0.602566 -0.177862 -0.177790 -0.026615 
3.467342 2.980746 2.716794 1.884322 1.660122 0.943052 0.285003 0.172355 -0.392589 -0.257339 -0.229306 -0.042121 
3.473193 3.124890 2.643600 2.022592 2.309582 0.962026 0.515501 -0.064743 -0.527265 -0.156939 -0.221953 -0.045309 
3.521721 3.174811 2.768474 2.036789 2.218213 1.024250 0.385065 -0.053645 -0.561117 -0.156601 -0.256515 -0.056439 
3.421864 3.182125 2.628711 1.959142 2.104921 0.949522 0.341120 -0.098175 -0.650675 -0.177343 -0.256352 -0.053303 
3.850802 3.439379 3.133210 1.856816 2.944029 1.082646 -0.118303 0.030849 -0.958259 0.062283 -0.218919 -0.083802 
3.816774 3.463176 2.984927 2.098394 2.179340 0.635650 -0.033991 -0.206835 -0.608722 -0.124563 -0.234408 -0.063814 
3.236742 2.899666 2.405893 1.789324 1.461193 0.618066 0.282498 -0.032760 -0.331896 -0.284538 -0.305763 -0.042566 
3.711597 3.426948 2.847942 2.042794 2.003873 0.737212 0.126599 -0.136997 -0.563236 -0.187072 -0.237043 -0.059755 
4.111227 3.828643 3.427399 2.098446 2.273451 0.618601 -0.429580 -0.328607 -0.773172 -0.004171 -0.257884 -0.071075 
3.512299 3.024068 2.639114 1.928900 1.458541 0.629007 0.001340 -0.150310 -0.439124 -0.257818 -0.275217 -0.055038 
3.417071 3.017296 2.390432 2.041825 1.560605 0.506360 0.056235 -0.444484 -0.410237 -0.182787 -0.296833 -0.051961 
4.661161 3.781699 2.835660 1.973271 2.569732 0.866359 -0.538589 -0.975032 -0.722126 0.085772 -0.217162 -0.074909 
3.667396 3.119193 2.475493 1.900415 1.602623 0.804468 0.079284 -0.415501 -0.586792 -0.200732 -0.236927 -0.055261 
3.493900 2.958999 2.524101 2.017520 1.491405 0.809721 -0.031491 -0.358285 -0.369811 -0.298724 -0.255667 -0.055160 
4.209471 3.650523 3.095115 2.050391 2.347410 0.938548 -0.667011 -0.609879 -0.559385 -0.091292 -0.226906 -0.078030 
3.446626 2.957151 2.633091 2.024822 1.589247 0.604113 -0.068060 -0.223347 -0.414560 -0.252794 -0.283341 -0.057133 
3.670980 3.226612 2.617636 2.107879 1.734046 0.929514 0.007899 -0.536884 -0.455621 -0.267989 -0.226215 -0.060589 
4.447307 3.918557 2.607735 2.019524 2.430913 1.163483 -0.156685 -0.996990 -0.658066 -0.044184 -0.196149 -0.057739 
3.445417 2.918908 2.456143 2.035790 1.490143 0.593723 -0.077881 -0.254207 -0.235407 -0.243855 -0.306125 -0.053411 
3.512200 2.932332 2.528324 2.135999 1.553365 0.853681 -0.007411 -0.367504 -0.312197 -0.281818 -0.269386 -0.056807 
4.013839 3.379901 2.776229 2.347428 2.092844 0.860200 -0.262796 -0.696348 -0.542400 -0.135157 -0.225943 -0.071759 
3.729962 3.174490 2.669075 2.100773 1.573729 0.766508 -0.043628 -0.426708 -0.370221 -0.246363 -0.266718 -0.063120 
3.396410 2.922752 2.542578 2.114754 1.456572 0.649870 -0.045610 -0.247714 -0.243246 -0.278323 -0.329037 -0.056719 
4.296161 3.461508 3.010483 2.673271 2.109088 0.871579 -0.536856 -0.623564 -0.350484 -0.158997 -0.254010 -0.085217 
3.489323 2.960872 2.561846 2.086127 1.588346 0.897883 0.101351 -0.299170 -0.336332 -0.288248 -0.290794 -0.061127 
3.619209 3.042271 2.569545 2.225208 1.855712 0.977581 0.020432 -0.411516 -0.220958 -0.199031 -0.309402 -0.068133 
4.018674 3.404612 2.763105 2.425213 2.548256 1.121478 -0.431908 -0.852856 -0.374903 0.061480 -0.270066 -0.088723 
3.509356 2.884205 2.483927 2.219865 1.847788 1.048472 -0.056069 -0.458795 -0.236791 -0.179688 -0.317403 -0.066591 
3.602321 2.832530 2.382277 2.139842 2.059271 1.420173 0.020004 -0.595642 -0.366249 -0.146826 -0.274262 -0.065196 
4.804492 3.480105 2.992025 2.003128 3.287124 1.607327 -1.121668 -1.181042 -0.388984 0.345692 -0.164146 -0.126237 
3.400660 2.702552 2.309489 2.201034 1.942788 1.118865 -0.025058 -0.515308 -0.221760 -0.170218 -0.318517 -0.064267 
3.447756 2.873950 2.395040 2.155411 2.021334 1.101740 0.071458 -0.266058 -0.320602 -0.172009 -0.310218 -0.061803 
5.698188 3.634228 3.530554 1.353026 3.892874 1.879359 -1.645424 -0.986516 -0.663502 0.355668 0.061587 -0.154281 
4.158489 3.142195 2.668151 2.314825 2.725420 1.789186 -0.338984 -0.751003 -0.277316 0.064847 -0.227330 -0.091566 
3.246734 2.648918 2.459568 2.152797 1.858354 1.121346 0.087723 -0.264719 -0.263486 -0.239009 -0.327015 -0.054087 
4.111643 3.301826 2.614486 2.165700 2.602918 1.775372 -0.393061 -0.939574 -0.396982 0.085277 -0.207969 -0.080484 
4.214184 3.317672 2.598760 2.221831 3.208662 1.598232 -0.472972 -0.789446 -0.399800 0.147907 -0.180111 -0.097980 
3.950684 3.188114 2.687126 2.665877 2.648317 1.362644 -0.313293 -0.873410 -0.327814 0.191885 -0.265297 -0.095232 
3.351326 2.778939 2.435638 2.096178 1.961867 1.179586 0.203181 -0.174336 -0.307288 -0.238559 -0.315191 -0.058051 
3.865044 3.104139 2.670801 2.752592 2.980681 1.459693 -0.422512 -0.758622 -0.165313 0.164198 -0.262058 -0.106014 
4.210731 3.318816 2.733245 2.437985 3.085657 1.550360 -0.775432 -0.790389 -0.163688 0.187249 -0.222884 -0.112511 
3.784829 3.111181 2.555813 2.311113 2.591260 1.448945 -0.200116 -0.600239 -0.051581 0.143701 -0.332889 -0.087453 
3.482883 2.748529 2.353237 2.308522 2.363767 1.481995 -0.051659 -0.383296 -0.099633 -0.120054 -0.299938 -0.068880 
3.363576 2.673225 2.302855 2.422248 2.302213 1.305555 0.117237 -0.308386 -0.154908 -0.087400 -0.348150 -0.065084 
3.724021 2.884286 2.548192 2.838897 2.907518 1.730475 -0.170522 -0.568100 -0.092688 0.002227 -0.235724 -0.094182 
3.975590 3.081404 2.326034 2.225759 2.759061 1.693610 -0.092047 -0.691587 -0.161348 0.106760 -0.250832 -0.085820 
3.837352 2.871316 2.647487 2.714421 2.909429 1.600616 -0.014233 -0.648673 -0.110532 0.207403 -0.301207 -0.100247 
3.455388 2.873599 2.444229 2.446120 2.313355 1.413679 0.146747 -0.362566 -0.077373 -0.082983 -0.309628 -0.067034 
3.692390 2.860090 2.600366 2.754151 2.929493 1.633338 -0.180337 -0.599454 -0.080275 0.100480 -0.263937 -0.094087 
3.777650 2.999964 2.471624 2.425027 2.646132 1.755012 -0.008685 -0.681020 0.014601 0.042634 -0.255941 -0.077074 
3.555773 2.876000 2.530214 2.239950 2.137034 1.399992 0.268570 -0.189252 -0.225680 -0.086124 -0.262351 -0.052980 
3.408849 2.806252 2.543019 2.420892 2.339852 1.456667 0.366119 -0.093329 -0.086007 -0.127999 -0.313472 -0.054647 
3.591751 2.913370 2.572924 2.579453 2.346317 1.389282 0.167613 -0.240436 0.029909 -0.031757 -0.302354 -0.063593 
