2.447881 1.764404 1.428743 1.874129 2.069076 0.732549 0.989958 0.253097 1.062767 0.522426 0.119238 0.072338 
2.409149 1.760695 1.465122 2.150466 1.565102 0.580510 1.248884 0.392435 0.815489 0.567798 0.163968 0.074940 
2.297741 1.794026 1.090214 2.393913 1.688097 0.581734 1.151803 0.123151 1.487902 0.268900 0.190178 0.052905 
2.343733 1.839471 1.214244 2.036596 1.950686 0.549109 1.129962 0.079035 1.362255 0.189415 0.256616 0.064026 
2.075692 2.015404 1.021339 2.249864 1.605725 0.622806 1.225556 0.070744 1.444538 0.416644 0.210056 0.053921 
2.008900 2.089424 0.870950 2.136668 2.018359 0.549247 0.927955 0.101494 1.591801 0.189765 0.250809 0.043486 
1.934379 2.209654 0.761279 2.142833 2.297158 0.646427 0.641324 0.151822 1.534826 0.076444 0.339048 0.025030 
1.892147 2.132083 0.983544 2.111271 2.362986 0.402900 0.915230 -0.285697 1.788849 0.305155 0.186318 0.045077 
1.736334 2.072174 0.890141 2.201489 2.231036 0.613337 0.939029 -0.122210 1.588931 0.420312 0.225127 0.042214 
1.849728 1.971471 0.966545 2.306045 2.069796 0.483100 1.364527 -0.343441 1.371254 0.421344 0.252953 0.050081 
1.746974 1.885324 1.002665 2.286124 1.820950 0.244724 1.440845 -0.105464 1.452253 0.222397 0.187879 0.065381 
1.779547 1.511427 1.256699 2.352705 2.033237 0.324108 1.181133 -0.515881 1.896846 0.175463 0.158524 0.052676 
1.879195 1.713784 1.080898 1.944101 2.553050 0.288471 1.001576 -0.169997 1.885742 0.081212 0.213488 0.054424 
1.874015 1.610100 0.863099 2.186681 2.992947 0.080045 0.932486 -0.123186 1.937810 0.096633 0.117284 0.051251 
1.806616 1.722418 0.682532 2.866324 2.366855 -0.091661 1.109302 -0.130482 1.939384 0.205642 0.254759 0.019689 
1.912026 1.741874 0.479065 2.840272 2.358266 0.032402 1.434312 -0.583871 1.917417 0.127573 0.201667 0.018248 
1.989345 1.868683 0.480366 2.135592 2.675218 0.519658 0.843580 -0.276159 2.188681 -0.126673 0.230033 0.005822 
1.971360 1.388660 1.025344 2.432736 2.648814 0.053197 0.844328 -0.466454 2.331451 0.012916 0.341968 0.017138 
1.835907 1.580584 0.877310 2.727173 2.259606 0.214520 0.605025 -0.046450 2.238044 -0.106412 0.256538 0.014092 
2.164678 1.456752 1.107540 2.594994 2.071013 0.722418 0.079701 0.350647 1.969848 0.001847 0.121300 0.041068 
2.301284 1.409984 0.812784 2.388949 2.066705 0.897016 0.280731 0.347868 1.669701 0.344835 0.070083 0.033341 
2.275034 1.233558 0.854903 2.795304 2.298732 0.445737 0.196437 0.183759 1.865247 0.369390 0.149063 0.014155 
2.393198 1.093750 0.817335 2.833601 2.790089 0.040036 0.074950 0.251360 1.858399 0.418000 0.215988 0.011540 
2.307481 1.242040 0.935266 2.842335 2.551841 0.440940 0.073952 0.206321 1.775746 0.426215 0.126647 0.013420 
2.441167 1.383307 0.768386 2.556304 2.553929 0.712194 -0.052955 0.499966 1.632056 0.427106 0.107158 0.019984 
2.543222 1.647002 1.281217 1.969563 1.495871 1.120256 0.463927 0.738407 1.157987 0.357472 0.082588 0.069493 
2.598712 1.872525 1.403236 1.752686 1.741357 0.805363 0.944305 0.532791 0.946562 0.355114 0.130212 0.074394 
3.290887 2.242422 1.690968 2.121748 1.274553 0.469094 0.144490 0.643462 0.883681 0.329083 0.155836 0.074252 
3.645633 2.409738 1.649794 2.002771 1.186853 -0.294363 0.020449 0.811819 1.142378 0.125189 0.256415 0.100048 
4.007670 2.427042 1.089300 1.853304 1.479808 -0.153676 0.004157 0.644003 1.168554 0.082618 0.181351 0.067384 
4.302952 2.408324 0.809352 1.957562 1.479999 -0.071890 -0.196309 0.724624 1.028705 -0.195458 0.126137 0.067243 
5.144951 2.842442 -0.153984 1.862901 1.994281 -0.013389 -0.394239 0.500881 0.985056 -0.330565 0.038399 0.058490 
5.077981 2.562597 0.110070 1.704614 1.962345 0.030879 -0.265566 0.183802 0.843884 -0.442044 -0.001694 0.043532 
4.875658 2.695181 0.098499 1.270477 2.162296 0.082622 -0.289297 -0.103280 0.671262 -0.396155 -0.024082 0.001065 
4.027000 2.436803 1.030289 1.108137 1.229072 0.291003 -0.056710 -0.092750 0.115396 -0.176426 -0.066471 0.009599 
4.295746 2.592963 0.833525 1.010760 1.348594 0.476732 0.222401 -0.335584 0.073188 -0.504208 -0.138591 -0.006845 
5.237477 3.070665 0.337606 0.980298 1.768802 -0.193223 0.434384 -0.606718 0.232549 -0.633206 -0.134006 -0.003812 
5.218189 3.087149 0.559078 0.717731 1.423090 0.176490 0.140992 -0.443842 -0.187579 -0.378485 -0.118704 -0.004929 
4.271268 2.747069 1.122157 0.926571 0.766754 0.133415 -0.416950 -0.293189 0.012404 -0.185285 -0.156624 -0.022502 
4.499268 3.078552 0.946583 0.517241 0.696881 -0.005716 -0.253185 -0.470869 0.082105 -0.254215 -0.130705 -0.029621 
4.070980 2.931232 1.404603 0.916150 0.623883 -0.086479 -0.424976 -0.446685 -0.126016 -0.232655 -0.150040 -0.016163 
5.546104 3.081171 0.656452 0.877399 1.153614 -0.501963 -0.407118 -0.684605 0.242434 -0.407906 -0.143432 -0.031749 
4.964992 3.246631 0.857979 0.653899 0.408013 -0.038167 -0.314104 -0.485579 -0.070607 -0.317680 -0.087516 -0.017360 
5.390176 3.120801 0.791516 0.452590 0.721874 -0.056344 -0.813440 -0.208453 -0.033845 -0.115835 -0.111140 -0.036273 
4.391836 2.807479 1.113830 0.495385 0.476042 -0.032320 -0.608613 -0.475696 -0.230517 -0.050818 -0.095455 -0.007785 
5.358193 3.356373 0.731885 0.350995 0.493567 -0.072790 -0.568853 -0.563060 -0.146443 -0.073804 -0.045238 -0.013623 
7.883470 3.829350 -1.949281 1.217262 1.845228 -1.574745 -0.569220 -0.441640 0.299592 -0.140472 -0.234908 0.035738 
6.251449 3.276844 0.317833 0.374794 0.619595 -0.417421 -0.809375 -0.323795 -0.032690 0.059562 -0.067176 -0.040472 
4.556849 3.084605 1.224613 0.332053 0.022859 -0.418576 -0.544655 -0.338837 -0.023625 0.038703 -0.119229 -0.030570 
4.893914 3.253815 1.185780 0.284895 -0.000133 -0.492947 -0.743644 -0.478742 0.029831 0.140911 -0.088849 -0.035582 
7.684710 3.814318 -1.528908 1.191577 1.206120 -1.805396 -0.235193 -0.777309 0.459184 -0.120793 0.009617 0.001203 
5.825868 3.473425 0.514648 0.300723 0.224890 -0.728690 -0.913598 -0.531652 0.187060 0.195857 -0.031040 -0.058484 
4.538707 3.060709 1.188625 0.207233 -0.213243 -0.671941 -0.840726 -0.410297 0.144484 0.188163 -0.109052 -0.043810 
4.212832 2.910475 1.115751 0.067194 -0.323664 -0.606162 -0.604422 -0.398479 0.030088 0.094444 -0.097256 -0.033482 
7.082488 3.628491 -1.666723 1.484027 0.828983 -2.038229 -0.380881 -0.807514 0.726904 -0.148731 0.044425 -0.039044 
6.199567 3.685222 -0.616794 0.391002 0.400097 -1.018738 -0.890045 -0.680821 0.540455 0.065977 -0.025008 -0.090402 
5.826825 3.263913 0.042192 0.023613 0.404281 -1.050030 -0.493672 -0.670287 0.272556 0.018046 -0.057055 -0.060321 
4.107031 2.705434 1.174017 0.261460 -0.210452 -0.724848 -0.731778 -0.209865 0.150045 0.069586 -0.177671 -0.056456 
4.202581 2.643603 0.968436 0.581581 -0.038457 -0.316407 -0.438718 -0.209729 0.123163 0.024722 -0.172720 -0.052338 
5.941008 3.699486 -0.728158 0.657676 1.564462 -1.112212 -0.220704 -0.363683 0.785865 0.000910 -0.211193 -0.107980 
5.941467 3.362311 -0.497016 0.723216 1.927419 -1.277201 0.192055 -0.350444 0.980281 -0.044357 -0.241909 -0.081337 
5.057301 3.030982 0.126340 0.556010 1.407591 -0.426807 0.098074 -0.113389 0.766350 -0.092944 -0.134963 -0.059160 
3.651785 2.406471 0.960631 0.891466 0.544737 0.246116 0.307574 0.203738 0.380809 -0.044121 -0.107209 0.003966 
5.468489 3.132130 -0.703083 0.578899 1.411647 0.062983 0.462448 0.086694 0.743585 0.032623 -0.006648 -0.026470 
6.148832 3.410073 -1.871897 0.752957 2.565826 -0.831486 1.002332 -0.133655 0.961138 0.074633 -0.127850 0.033996 
5.556528 2.845313 -0.760150 0.423034 2.071943 0.059651 0.844698 -0.023368 0.825823 -0.008869 0.017774 0.015667 
5.503135 2.822109 -0.666239 0.407242 1.810054 0.498517 0.520816 0.106576 0.944679 -0.139812 0.058323 0.012220 
4.827780 2.574967 0.034398 0.404350 1.251486 0.702499 0.452680 0.404305 0.457939 0.034557 0.035145 0.023887 
4.843582 2.690514 0.123083 0.339152 1.205376 0.669697 0.443507 0.266762 0.494711 0.043278 0.086197 0.035203 
4.606571 2.685227 0.535101 0.241011 1.027684 0.644314 0.423083 0.235272 0.512185 0.193358 0.125804 0.044900 
5.114492 2.962545 0.469709 0.314387 1.029234 0.754440 0.308987 0.173989 0.426425 0.236483 0.146004 0.046572 
3.922907 2.737776 1.246358 0.685689 0.749365 0.542111 0.421816 0.393076 0.367824 0.297151 0.161246 0.069475 
3.427114 2.608682 1.695469 1.175487 0.824907 0.437322 0.216255 0.136124 0.374730 0.319719 0.122014 0.074144 
3.007593 2.303324 1.793623 1.335982 0.983867 0.686478 0.569501 0.536869 0.467850 0.184478 0.052547 0.065178 
2.941673 2.404282 2.192208 1.776477 1.143482 0.648496 0.624813 0.620528 0.641437 0.385159 0.135496 0.076820 
2.858871 2.268338 1.944421 1.578286 1.279374 1.078754 0.944411 0.787017 0.654824 0.417639 0.255914 0.078784 
2.935130 2.240902 1.790948 1.495675 1.456004 1.022112 0.802901 0.666117 0.664408 0.507894 0.292008 0.081600 
2.808319 2.249298 1.956994 1.649180 1.446828 1.089752 1.141992 0.837302 0.687403 0.384168 0.182426 0.075172 
3.006759 2.353549 1.908119 1.634865 1.307839 1.086477 0.927904 0.812103 0.717357 0.453186 0.221160 0.077781 
3.119944 2.493822 2.018840 1.665254 1.570888 1.407410 0.941817 0.838052 0.622511 0.439798 0.262193 0.082622 
3.083448 2.603956 2.156511 1.786208 1.454313 1.068407 0.841471 0.584694 0.534603 0.599665 0.435461 0.101077 
3.343109 2.821377 2.195053 1.802503 1.405652 0.919312 0.811779 0.448041 0.446434 0.447419 0.563076 0.121713 
3.233514 2.515202 1.878827 1.686697 1.427700 1.132488 0.924072 0.810687 0.669900 0.455759 0.388609 0.096119 
3.353398 2.517708 1.881615 1.702973 1.520360 1.009227 0.696988 0.658332 0.610114 0.329753 0.369924 0.093759 
3.239356 2.512602 1.869088 1.810534 1.498529 1.189566 1.161944 1.065096 0.671330 0.269653 0.272460 0.080546 
