2.650657 1.830512 2.146642 1.741485 1.585323 0.783266 0.596672 0.664741 0.179757 0.758101 0.133675 0.067239 
2.656591 1.887522 1.871370 1.517128 1.433020 0.911818 0.646888 0.513140 0.202348 0.575867 0.077798 0.070871 
3.197580 2.688991 3.007876 2.273172 2.303551 1.457477 1.020125 0.611611 0.162863 0.490535 -0.153156 0.012879 
3.596023 2.920247 3.227851 2.605622 2.641958 1.404457 0.262615 0.501005 -0.037422 0.450966 -0.147414 -0.039648 
4.105606 3.019219 2.958366 1.827123 3.062899 1.298699 0.092955 0.318750 -0.723126 0.517430 -0.156687 -0.090223 
3.375740 2.698596 2.385335 1.293751 1.625753 0.908367 0.093905 -0.006970 -0.694169 -0.025387 -0.087558 -0.062515 
4.616127 2.957413 2.400628 1.308637 3.539028 1.031624 -0.348913 0.313020 -1.207634 0.597004 -0.135019 -0.127713 
4.822032 3.096599 1.634132 1.496546 3.993213 0.733756 -0.741921 0.240547 -1.424572 0.459800 -0.223422 -0.124861 
3.848626 2.596328 2.071776 1.311256 2.450079 0.925959 -0.484165 -0.390571 -0.925437 0.035198 -0.296758 -0.113380 
3.911832 2.786421 1.922200 1.386438 2.216654 1.331558 -0.151795 -0.404012 -0.660606 -0.114569 -0.317042 -0.091686 
5.627846 3.343229 1.019533 1.046003 4.588854 0.558548 -0.808659 0.252407 -1.586525 0.309170 -0.308590 -0.122757 
3.574725 2.762074 2.065172 1.493278 1.800055 1.163071 0.375549 -0.246258 -0.857236 -0.447201 -0.275516 -0.072322 
4.273278 2.962407 1.908182 1.419203 2.571228 1.498418 -0.046281 -0.206278 -0.683236 -0.140513 -0.291366 -0.094374 
5.794428 3.021560 1.718098 0.675950 4.107314 1.141838 -0.887023 -0.034806 -1.301859 0.161903 -0.083927 -0.158405 
3.586068 2.735201 2.073622 1.778343 1.928195 0.960852 -0.217683 -0.574075 -0.586680 -0.267050 -0.356672 -0.100116 
3.810999 2.839446 2.166157 1.928713 2.368273 1.267446 -0.406213 -0.970120 -0.868096 -0.155599 -0.243802 -0.103187 
5.489318 3.368421 1.815722 0.942438 3.687776 0.874578 -1.255497 -0.672366 -1.530745 0.292358 -0.113415 -0.152933 
3.646163 2.564162 1.828170 1.576369 1.833606 0.767433 -0.611307 -0.868444 -0.555047 -0.231308 -0.381726 -0.120954 
3.502240 2.593855 2.046493 1.880795 1.836752 0.838161 -0.390373 -0.971158 -0.696023 -0.323324 -0.325214 -0.112047 
4.021331 2.653284 1.925734 1.788015 2.210136 0.997736 -0.815932 -1.208955 -0.884880 -0.223249 -0.270673 -0.128197 
5.278623 2.986692 1.335034 1.403957 3.689262 0.916710 -1.545054 -0.803177 -1.098503 0.062773 -0.189675 -0.179173 
3.508412 2.482679 1.839472 1.630161 1.592589 0.535052 -0.766867 -0.961778 -0.663049 -0.352845 -0.394951 -0.132505 
3.691769 2.376136 1.821070 2.058349 2.162658 0.756600 -1.060173 -1.259281 -0.696853 -0.304876 -0.316248 -0.151483 
3.664885 2.438753 1.722662 2.050447 2.102595 0.770770 -0.968240 -1.231602 -0.691080 -0.329005 -0.315697 -0.148608 
3.930672 2.755375 1.555488 1.555148 2.273160 0.996786 -0.904091 -1.465439 -0.855269 -0.061442 -0.326592 -0.145264 
4.291136 2.693905 1.833173 2.375581 2.902208 0.971478 -1.305101 -1.362235 -0.561274 0.012244 -0.309946 -0.186499 
3.835289 2.486469 1.806369 2.149267 2.591398 1.025753 -1.166267 -1.303314 -0.587042 -0.141550 -0.339688 -0.170727 
3.579064 2.511339 1.760147 1.778032 2.079816 0.619739 -0.950857 -1.162363 -0.570251 -0.179946 -0.438003 -0.156347 
3.685057 2.519005 1.637100 1.778174 2.235228 0.972641 -0.931873 -1.273357 -0.592766 -0.213413 -0.365020 -0.150692 
3.815513 2.553385 1.875259 2.141591 2.460588 0.699342 -1.166657 -1.399645 -0.674127 -0.122219 -0.353039 -0.172015 
4.180784 2.473322 2.023708 2.399895 2.844470 0.761955 -1.485094 -1.098788 -0.704948 -0.158457 -0.315904 -0.186583 
3.637054 2.557221 1.626282 1.586658 1.902255 0.660852 -0.858788 -1.171277 -0.694461 -0.197015 -0.414352 -0.147050 
3.941042 2.681788 2.049629 2.274439 2.661720 0.872571 -1.388038 -1.244357 -0.516956 -0.134702 -0.352239 -0.179368 
3.562496 2.467095 1.908548 2.104576 2.397462 0.735052 -1.128612 -1.207341 -0.652463 -0.214596 -0.388987 -0.167658 
3.923234 2.514136 1.930989 2.081365 2.354576 0.706624 -1.330789 -1.297478 -0.590450 -0.139068 -0.400741 -0.183340 
3.702641 2.524747 1.604623 1.785955 2.088982 0.668584 -0.978022 -1.143937 -0.493326 -0.202174 -0.450149 -0.162781 
3.841482 2.539503 1.780133 2.186177 2.454868 0.608806 -1.313576 -1.232725 -0.430919 -0.179422 -0.419862 -0.184530 
3.747673 2.561869 2.031654 2.493033 2.636652 0.480140 -1.256725 -1.220426 -0.491302 -0.083996 -0.433826 -0.188227 
3.255636 2.251513 1.952839 2.062152 1.497251 0.172515 -0.856292 -0.828717 -0.394823 -0.415313 -0.508279 -0.143543 
3.486051 2.442749 2.093639 2.279831 2.002849 0.568406 -0.925675 -0.989215 -0.498088 -0.235730 -0.446846 -0.151136 
3.392975 2.470558 1.968242 2.130004 2.049752 0.692187 -0.757430 -1.013112 -0.510379 -0.301602 -0.443462 -0.143556 
3.812595 2.696192 2.150167 2.567545 2.365088 0.547401 -1.213969 -1.220946 -0.382580 -0.065322 -0.465738 -0.179920 
3.248095 2.382936 2.073279 1.985350 1.493622 0.092789 -0.957139 -0.850997 -0.467618 -0.371701 -0.496664 -0.138000 
3.588304 2.535305 2.313839 2.461602 2.094156 0.186768 -1.371364 -1.029256 -0.339879 -0.205052 -0.501669 -0.165637 
3.657109 2.542169 2.108159 2.504873 2.367680 0.368695 -1.356777 -1.277213 -0.488766 -0.132879 -0.420854 -0.172637 
5.110769 2.895939 2.094750 2.650735 3.922520 0.316675 -2.473624 -1.043165 -0.507943 -0.065229 -0.387058 -0.257030 
3.896152 2.603726 2.073241 2.482379 2.382594 0.310282 -1.447683 -1.354827 -0.236317 0.043022 -0.444145 -0.171931 
5.004932 2.926253 1.605793 2.226234 2.645212 0.545109 -1.870735 -1.484408 -0.149465 -0.004431 -0.287921 -0.189297 
3.573016 2.393244 2.042215 2.530033 2.123986 0.449604 -1.158292 -1.194767 -0.347231 -0.132494 -0.393498 -0.143097 
3.681348 2.550197 1.990361 2.484761 2.519964 0.567919 -1.315675 -1.202637 -0.343596 -0.074662 -0.394148 -0.162748 
4.180730 2.732744 2.189602 2.887322 2.871871 0.190956 -1.599324 -1.324984 -0.379318 -0.007563 -0.424040 -0.200015 
3.911603 2.613537 1.898741 2.124754 2.254974 0.499785 -1.431501 -1.223723 -0.339092 -0.087080 -0.394072 -0.161386 
3.561010 2.462118 2.387980 2.578637 2.093897 -0.015245 -1.509725 -1.024881 -0.385145 -0.176218 -0.453111 -0.156597 
3.675902 2.643924 2.117968 2.474264 2.450082 0.307809 -1.565542 -1.414317 -0.379136 0.105368 -0.435803 -0.174137 
5.313262 2.966705 2.296374 2.742873 5.224734 -0.046667 -2.671327 -0.710134 -0.770983 0.157442 -0.424543 -0.300985 
3.708644 2.645110 2.245783 2.588483 2.624244 0.395299 -1.490272 -1.125061 -0.323943 0.061242 -0.390215 -0.157712 
3.925952 2.649985 2.427850 2.534377 2.460447 0.192885 -1.501887 -0.943728 -0.333937 -0.023217 -0.353017 -0.139148 
3.937663 2.796005 2.341098 2.666885 2.392905 0.177326 -1.285314 -0.981266 -0.308459 0.006866 -0.339138 -0.126521 
4.528464 3.211121 3.092102 2.966548 4.141533 -0.209770 -2.028788 -0.662561 -0.734182 0.418085 -0.446440 -0.218319 
4.123915 3.130570 2.930854 2.964919 3.566480 0.015605 -1.739962 -0.918582 -0.479974 0.335995 -0.389409 -0.174100 
3.836220 2.696451 2.666861 2.651618 2.607193 0.298630 -1.384326 -0.696817 -0.260118 0.197275 -0.250035 -0.106051 
3.733520 2.897829 3.044664 2.780098 2.507655 -0.195434 -1.112403 -0.329223 -0.419281 0.405578 -0.355192 -0.082232 
4.248693 3.308359 2.920507 3.507645 3.955604 -0.052094 -0.962971 -0.541647 -0.443882 0.434343 -0.300954 -0.116019 
3.548908 3.030959 2.502449 2.183994 2.847040 0.988534 -0.100024 -0.128213 -0.152379 0.438040 -0.138312 -0.033977 
3.142863 2.571015 2.453212 2.045366 1.948635 0.996909 0.311595 0.218639 0.163410 0.207485 -0.090721 0.008869 
3.764526 3.251198 3.027485 2.371804 2.954023 1.186114 0.073541 0.553754 -0.011434 0.169639 -0.087783 -0.031594 
3.777986 2.952452 2.511848 2.515663 3.101063 1.160815 -0.328325 0.256134 0.108922 -0.097119 -0.058408 -0.040647 
3.413457 2.833070 2.543890 2.672401 2.640809 1.204642 0.094842 0.039159 -0.062930 0.300519 -0.178837 -0.025532 
2.915216 2.231407 2.098350 1.864383 1.465246 0.937302 0.442770 0.311931 0.237080 0.057236 -0.002128 0.046648 
3.145004 2.346916 2.221795 2.233998 2.247114 1.220924 0.376107 0.216345 0.116277 0.358828 -0.105819 0.019017 
3.421213 2.673071 2.424850 2.268112 2.219928 1.058106 0.585746 -0.122147 -0.281692 0.361529 0.063032 0.027044 
3.987448 2.254654 2.602598 3.083100 2.668499 0.837772 -0.086506 0.275846 -0.442844 0.332491 0.126092 0.005317 
3.003728 2.137415 2.107931 2.028156 1.772103 0.980796 0.688042 0.491005 0.107153 0.139880 0.073672 0.052729 
2.951203 2.246436 2.377409 2.351898 1.809924 1.239370 0.702094 0.557006 0.135780 0.029512 0.061890 0.043521 
3.130864 2.350569 2.391318 2.413205 1.933670 0.934268 0.637428 0.554077 0.197692 0.245540 -0.016307 0.039182 
3.131398 2.283783 2.811311 2.518229 2.322186 1.117802 0.233162 0.527769 0.090272 0.259051 0.147421 0.034219 
2.835044 2.087735 2.269157 1.931757 1.619517 0.970956 0.461305 0.369375 0.108331 0.343246 0.192212 0.062973 
2.779654 1.980506 2.302154 2.082484 1.565276 1.060673 0.631225 0.600872 0.197127 0.131612 0.159407 0.064268 
2.784632 2.121185 1.705859 1.448758 1.447536 1.266566 0.565684 0.454990 0.196669 0.263359 0.230150 0.078265 
2.773016 1.911307 1.806037 2.032003 1.740361 1.096729 0.608378 0.343415 0.231907 0.117660 0.124907 0.069212 
2.892673 2.025500 2.045344 2.189330 1.930234 1.347069 0.909376 0.305711 0.107963 0.138252 0.145109 0.061887 
2.754003 2.101328 2.107447 1.886497 1.666277 0.994827 0.673685 0.247511 -0.049971 0.132290 0.124960 0.060240 
2.828138 2.116694 2.001607 1.631967 1.261333 0.965680 0.913473 0.838328 0.179833 0.188361 0.159598 0.071418 
2.879539 2.139135 1.910245 1.629044 1.438172 0.886442 0.635603 0.626606 0.235275 0.273840 0.106560 0.069736 
2.961149 2.308284 2.215429 1.521376 1.277848 1.040949 0.697651 0.827158 0.340164 0.164510 0.152230 0.067217 
