2.989628 2.588636 2.251162 2.079125 1.720113 1.167044 0.908322 0.631549 0.444548 0.160055 0.112935 0.057494 
3.018305 2.587041 2.393067 2.353424 1.975567 1.543008 1.138409 0.651117 0.440051 0.014309 -0.047199 0.037444 
3.254159 3.087272 2.835606 2.602416 2.178633 1.735407 0.711835 0.427503 -0.006657 -0.324571 0.002732 -0.017182 
3.446530 3.149551 2.813588 2.405224 2.123622 1.783283 0.559445 0.035184 -0.226194 -0.476494 -0.006317 -0.035020 
3.296564 2.862433 2.426851 1.761414 1.878108 1.478048 0.569437 -0.073503 -0.510015 -0.443656 -0.062764 -0.023672 
3.838653 3.308891 2.854678 2.103819 2.409851 2.104117 0.452885 -0.058920 -0.541474 -0.775021 0.055241 -0.043117 
4.318547 3.625928 2.448865 1.947537 2.583612 2.452210 0.171678 -0.444873 -0.688337 -0.905671 0.055471 -0.032698 
3.537794 2.908862 2.311587 1.901963 1.685189 1.233167 0.299608 -0.255638 -0.559339 -0.486871 -0.194090 -0.062437 
3.645785 3.013386 2.150728 2.036022 1.832993 1.317691 0.340838 -0.502088 -0.811238 -0.490822 -0.129943 -0.056094 
5.574981 4.446666 0.882781 1.365734 3.186435 3.039986 -0.478206 -1.674853 -0.154636 -1.410546 0.203234 -0.107967 
4.260792 3.224972 2.151177 1.543873 2.066058 1.921081 -0.101093 -0.845091 -0.927360 -0.712033 -0.040288 -0.031687 
3.666325 2.937675 2.085964 1.661940 1.773884 1.248744 0.097267 -0.816529 -0.986377 -0.612293 -0.063376 -0.044691 
4.306263 3.581269 2.067169 1.620345 2.200164 1.827188 -0.296831 -1.134208 -0.942001 -0.874004 0.023906 -0.035273 
4.729062 3.842319 2.100332 1.120077 2.786570 2.275312 -0.773275 -0.878943 -1.094023 -0.943064 0.081426 -0.031990 
4.003349 3.168926 2.202165 1.794968 1.561745 0.930056 -0.057570 -0.828529 -0.861383 -0.589289 -0.088839 -0.043306 
3.513775 3.050026 2.306472 1.665927 1.253374 0.601154 -0.025052 -0.619392 -0.690950 -0.500085 -0.122412 -0.045006 
4.476071 3.368082 2.441018 1.919672 2.267240 1.739128 -0.727493 -0.954541 -0.956277 -0.544534 0.014462 -0.030020 
4.131415 3.295317 2.193956 1.966245 2.083461 1.127144 -0.271592 -1.037888 -0.992456 -0.451923 -0.017589 -0.031628 
3.651470 2.936498 2.331677 2.111713 1.959451 0.888680 -0.367705 -0.982596 -0.908280 -0.317058 -0.045845 -0.051489 
3.719615 2.893949 2.145582 1.766540 1.651682 0.894617 -0.112199 -0.885937 -0.922993 -0.402105 -0.071475 -0.034618 
4.463126 3.281450 2.192835 2.307076 2.256560 1.344646 -0.384628 -1.109184 -1.217876 -0.411453 0.008364 -0.028125 
3.984028 3.182462 2.461187 1.985966 1.748482 0.852854 -0.246970 -0.980165 -0.742848 -0.349692 -0.093628 -0.045121 
3.617883 3.082338 2.513091 2.092374 1.672288 0.886185 -0.213305 -0.857626 -0.864288 -0.321600 -0.091644 -0.049956 
5.023771 3.736655 2.542949 2.158806 2.546223 1.762878 -0.399750 -1.274261 -1.050135 -0.397502 -0.037824 -0.034291 
4.522738 3.678840 2.547613 2.204226 2.239938 1.295798 -0.194059 -1.137417 -1.015401 -0.329369 -0.084367 -0.045372 
3.822474 3.206198 2.475867 1.979994 1.611142 0.823074 -0.195251 -0.843380 -0.813180 -0.363113 -0.110964 -0.051429 
3.524573 2.918778 2.276534 1.882086 1.474636 0.812785 -0.118067 -0.707509 -0.624725 -0.400528 -0.166310 -0.056993 
6.386869 3.897308 2.486205 1.900859 2.578100 1.940826 -0.813078 -1.236101 -0.988356 -0.247342 -0.045502 -0.052683 
4.134386 3.425028 2.801817 2.440519 1.991881 1.050655 -0.137361 -0.962482 -0.837066 -0.425173 -0.109640 -0.072062 
3.511862 2.898303 2.289702 1.912851 1.466551 0.804830 0.088563 -0.387909 -0.592028 -0.383421 -0.230296 -0.065125 
3.555020 3.014893 2.561954 1.935805 1.422105 0.785357 0.123604 -0.292796 -0.506835 -0.437062 -0.232180 -0.068303 
5.596287 3.821434 2.573089 1.403523 2.816485 2.007001 -0.339277 -0.803739 -0.858904 -0.522259 -0.102620 -0.057359 
3.386420 2.800674 2.439818 1.927637 1.815035 0.982763 -0.042050 -0.410238 -0.497747 -0.399828 -0.224442 -0.069266 
3.612191 3.041321 2.603087 1.921500 1.664960 1.112510 -0.002760 -0.293936 -0.430578 -0.413148 -0.237904 -0.069793 
5.006105 3.482683 3.021580 1.337749 2.806740 2.917750 -0.778878 -1.112205 -0.406882 -0.672844 -0.005876 -0.028191 
3.631912 2.953045 2.383581 2.030196 1.862907 1.208416 0.139123 -0.542615 -0.525791 -0.350652 -0.231753 -0.068831 
3.382598 2.819335 2.421379 2.010693 1.717376 1.080499 0.023678 -0.524059 -0.449980 -0.427227 -0.238325 -0.067046 
5.022430 3.577089 3.273197 1.118099 2.905526 2.646676 -1.599300 -1.307247 -0.204635 -0.542274 0.007142 -0.059472 
3.373920 2.845097 2.468455 2.053780 1.711287 0.633543 -0.225489 -0.482780 -0.445245 -0.341377 -0.253217 -0.071126 
3.528210 2.938894 2.559896 1.811561 1.738052 1.253033 -0.152044 -0.501100 -0.494195 -0.466921 -0.186268 -0.064560 
4.761291 3.635207 2.943985 1.430602 3.356955 2.197094 -1.106938 -1.006963 -0.500313 -0.563421 0.034138 -0.082238 
4.240963 3.267739 2.670048 1.759691 2.725231 2.032073 -0.729271 -0.770288 -0.483521 -0.507213 -0.041275 -0.069879 
3.281090 2.704159 2.312202 1.862022 1.767337 0.981178 -0.048869 -0.372853 -0.502331 -0.416782 -0.216719 -0.057601 
4.078364 3.506417 2.509387 1.940118 3.038565 1.603518 -0.721834 -0.939811 -0.652231 -0.389578 -0.005045 -0.080594 
4.253372 3.125278 2.977569 1.820964 2.585861 1.937031 -0.801847 -0.695390 -0.406207 -0.375762 -0.077883 -0.069649 
3.697217 3.023117 2.385117 1.982394 2.044966 1.444658 -0.003895 -0.537944 -0.543224 -0.396803 -0.145562 -0.055798 
3.563431 2.872086 2.443327 2.026000 1.877305 1.415920 0.050552 -0.496832 -0.378451 -0.398410 -0.191861 -0.056032 
4.647026 3.670912 2.676799 1.439111 3.258519 2.394632 -0.543577 -0.856112 -0.519798 -0.577477 0.071636 -0.045417 
4.314859 3.268280 2.571757 2.144028 2.554328 1.766148 -0.187345 -0.986779 -0.566691 -0.260134 -0.048138 -0.047867 
3.684537 3.031028 2.507626 1.937767 1.999538 1.593111 0.093175 -0.262826 -0.475536 -0.423958 -0.130531 -0.046784 
3.602906 2.866679 2.303082 2.105503 1.829271 1.333178 0.264811 -0.531491 -0.466150 -0.259147 -0.160786 -0.041771 
4.000340 2.991394 2.182484 1.880560 2.459430 1.964557 0.172134 -0.464469 -0.583393 -0.491867 -0.081700 -0.036921 
3.988322 2.983610 2.305410 2.272617 2.445113 1.630114 0.121227 -0.696020 -0.678620 -0.327038 -0.058919 -0.045352 
3.760782 3.094714 2.152943 1.576449 1.690421 1.400872 0.425711 -0.349820 -0.720714 -0.438302 -0.138329 -0.033493 
4.053846 3.166136 2.153177 1.946971 2.354699 1.775850 0.126259 -0.913108 -0.522579 -0.197766 -0.088483 -0.036779 
4.107915 3.161538 2.386156 2.232776 2.426667 1.560126 -0.163547 -0.900730 -0.410984 -0.133495 -0.090525 -0.048746 
3.766950 2.971049 2.392360 2.475558 2.780848 1.549293 -0.213960 -0.817717 -0.504325 -0.067890 -0.048614 -0.055442 
3.569351 2.850816 2.159105 2.026800 2.123263 1.427476 0.006722 -0.602449 -0.337345 -0.087858 -0.135827 -0.032491 
4.116250 3.125713 2.297384 2.154908 2.622141 1.939969 -0.150119 -1.112684 -0.386941 -0.028508 -0.050748 -0.042825 
3.644566 2.879942 2.411689 2.628105 2.554624 1.548606 -0.078434 -0.722815 -0.306999 -0.053578 -0.120488 -0.059819 
3.701412 2.935664 2.409204 2.417606 2.542001 1.729840 -0.014185 -0.632655 -0.290998 -0.053999 -0.122967 -0.051754 
3.945080 3.208246 2.527895 2.364753 2.731560 1.903217 0.133804 -0.759137 -0.291935 0.038484 -0.128004 -0.053587 
3.596069 3.026335 2.758834 2.563277 2.227905 1.330996 0.200018 -0.297054 -0.142703 -0.071504 -0.201117 -0.049743 
3.217876 2.774233 2.495299 2.388352 2.131219 1.315299 0.504883 -0.006421 -0.060332 -0.246264 -0.255915 -0.030738 
3.217895 2.765258 2.467252 2.079334 1.817256 1.330157 0.561056 0.073523 -0.077063 -0.089204 -0.114221 -0.000567 
3.256402 2.835546 2.686212 2.567464 2.260550 1.593296 0.630097 0.066173 -0.013603 -0.024549 -0.018988 -0.001192 
2.974762 2.495223 2.335643 2.404307 2.026434 1.519107 1.103830 0.545058 0.420427 0.159745 -0.053190 0.043717 
3.152702 2.725808 2.428844 2.411721 2.154051 1.611082 1.034321 0.653192 0.419675 0.175092 -0.020566 0.038511 
2.957312 2.522492 2.235634 2.051257 1.776515 1.489402 1.087078 0.559017 0.365373 0.193546 0.063245 0.056093 
2.904170 2.481103 2.295742 2.003264 1.681833 1.183258 0.805735 0.734542 0.625890 0.199455 0.076702 0.064091 
2.856595 2.374442 2.106625 1.919969 1.784753 1.293584 0.958873 0.638562 0.473819 0.205500 0.080608 0.065970 
2.591297 2.070223 1.952843 1.753519 1.492743 1.203944 0.859752 0.504078 0.505413 0.314790 0.145922 0.075314 
2.691920 2.159930 1.925722 1.664342 1.389419 1.186743 0.959289 0.655648 0.491980 0.313524 0.169754 0.075225 
2.733265 2.104777 1.784943 1.603311 1.378592 1.206649 0.946015 0.620015 0.493779 0.292566 0.167990 0.076569 
2.821292 2.293504 2.062140 1.859305 1.616984 1.187762 0.780362 0.658156 0.432611 0.223893 0.128779 0.070157 
2.727446 2.127055 1.926607 1.725157 1.424453 1.219801 0.887688 0.646100 0.434977 0.222401 0.079420 0.072776 
2.615298 2.017715 1.662224 1.368862 1.088546 0.929610 0.855311 0.672544 0.494958 0.313319 0.182736 0.080236 
2.684753 2.118144 1.718443 1.436005 1.184439 1.172906 0.988109 0.666867 0.457766 0.326269 0.208266 0.079282 
2.717151 2.149794 1.805412 1.531413 1.233479 1.130807 0.958720 0.860687 0.666721 0.428710 0.234930 0.080897 
2.710376 2.173791 1.821338 1.616743 1.446161 1.266880 1.022351 0.854885 0.530195 0.390642 0.159826 0.078059 
2.631094 2.113983 1.816796 1.542605 1.396642 1.191976 0.974821 0.706576 0.541031 0.336288 0.204733 0.078036 
2.637153 2.114930 1.794803 1.552558 1.304522 1.072700 0.892822 0.602024 0.490044 0.319271 0.194179 0.078710 
2.583530 2.149304 1.814774 1.714917 1.349717 1.152939 0.909892 0.695453 0.481614 0.283096 0.234058 0.079231 
2.623425 2.156293 1.756983 1.533750 1.343785 1.086987 0.943791 0.787426 0.650018 0.409136 0.210176 0.080094 
2.606670 2.038329 1.748547 1.478874 1.219537 1.025411 0.970830 0.702790 0.564006 0.426839 0.234074 0.080075 
