2.607349 1.954470 1.658452 1.389252 1.234649 1.004966 0.908003 0.820116 0.641063 0.434994 0.234679 0.079945 
2.601573 2.057946 1.846268 1.496727 1.207807 0.893645 0.876552 0.871942 0.487171 0.426479 0.260677 0.080947 
2.593863 1.986889 1.790306 1.510437 1.263032 1.041884 0.823493 0.631540 0.477863 0.419161 0.273234 0.080715 
2.602688 2.037939 1.743706 1.440293 1.223912 1.108864 0.950616 0.734202 0.534449 0.400725 0.260568 0.080717 
2.613210 2.020044 1.672181 1.523735 1.197113 0.930903 0.792401 0.725843 0.666120 0.433643 0.316473 0.081713 
2.620814 1.993149 1.647915 1.518938 1.175843 1.099000 1.028198 0.716275 0.548767 0.402186 0.275238 0.080432 
2.546564 1.966014 1.727626 1.587128 1.409182 1.175744 1.057391 0.593847 0.546856 0.425613 0.234424 0.079548 
2.646931 1.991085 1.543813 1.265203 1.473654 1.206270 1.185328 0.698692 0.562307 0.384207 0.237118 0.081702 
2.560019 1.920725 1.266871 1.581229 1.507526 1.498124 0.946222 0.501522 0.425045 0.465676 0.307623 0.083066 
2.642360 2.362659 0.828770 1.082565 1.513444 1.905115 1.253581 0.573679 0.227693 0.201909 0.420811 0.098515 
2.375864 1.750953 0.449398 1.460137 1.889953 2.359102 1.049844 0.461660 -0.198773 0.137428 0.423710 0.128328 
1.893445 2.596020 -0.392679 -0.003514 3.787373 2.008776 1.517909 0.148189 -0.645918 0.656223 0.156200 0.213949 
1.645380 1.811838 0.182254 0.164971 3.845547 1.763054 1.546963 -0.005229 -0.482119 0.776033 0.190199 0.190935 
1.755873 2.072776 -0.337642 -0.611738 4.180544 1.774332 1.831619 0.027167 -0.207329 0.837729 0.230987 0.187064 
1.770683 1.482277 -0.262675 -0.084099 4.071197 1.321216 1.624756 0.203329 -0.072875 0.827350 0.176446 0.149071 
2.005553 1.785052 -0.449220 -0.306142 3.589053 1.703137 1.600799 0.520821 0.382375 0.465992 0.223822 0.096675 
2.642257 0.858765 -0.347827 -0.574164 3.253350 1.807178 1.783666 0.757468 1.080224 0.423322 0.304515 0.036367 
2.938723 1.047016 -0.245247 -0.200687 2.559776 1.967302 1.407729 1.442103 1.030208 0.596571 0.281207 -0.000843 
3.383338 1.691271 -0.333130 -0.126562 2.109562 1.399951 0.448273 1.051533 0.946587 0.787186 0.324207 0.019506 
3.796474 1.951575 -0.980016 0.482967 2.838625 0.380778 0.906902 1.394962 0.950342 1.169745 0.333061 0.071156 
3.736862 2.095331 0.115129 0.207747 1.901371 0.076693 0.967865 0.711344 0.936490 1.276905 0.480540 0.099363 
3.719436 2.248008 0.298908 0.133913 1.298352 -0.500666 0.396283 0.141257 0.843358 1.123328 0.629051 0.158872 
4.429561 2.549524 -0.009083 -0.076536 1.946074 -1.264471 0.362199 0.169368 0.621142 1.147181 0.451759 0.194468 
5.055942 2.796614 -0.557009 -0.127370 2.080365 -1.423902 -0.142047 -0.088356 0.831066 0.877168 0.384135 0.177256 
4.378342 2.393348 0.119927 0.078048 0.649780 -0.516423 -0.506630 0.079458 0.820767 0.451130 0.434662 0.128631 
4.464528 2.266629 0.238384 0.610750 0.779400 -0.425382 -0.937063 -0.055697 0.770183 0.441303 0.297739 0.090030 
4.592978 2.394915 0.735639 0.577602 1.039595 -0.535484 -0.949317 0.018086 0.328089 0.318204 0.223003 0.086032 
5.840956 2.659060 -0.408875 0.323795 2.621119 -1.005722 -0.642773 0.050156 0.043505 0.313122 -0.108599 0.048984 
4.016119 2.431098 0.781931 0.599975 1.261808 0.353700 -0.425521 -0.463363 -0.107268 0.069365 -0.099637 0.005625 
4.799273 2.757915 0.135025 0.308167 1.970521 0.196494 -0.088641 -0.512706 -0.304493 0.010918 -0.183886 -0.030441 
4.696163 2.315514 0.299022 0.157630 1.919498 0.863211 -0.269292 -0.423419 -0.523558 -0.136851 -0.222876 -0.044803 
5.068432 2.441605 0.009802 0.229134 2.540059 0.681389 -0.111457 -0.593005 -0.708144 -0.248599 -0.247157 -0.042928 
4.409902 2.303856 0.471689 0.602628 1.742063 0.810764 -0.215008 -0.787959 -0.608109 -0.321842 -0.222513 -0.025059 
5.988313 2.784159 -0.465540 -0.017534 3.925133 -0.211425 -0.159079 -0.985108 -0.723044 -0.088051 -0.345987 -0.019144 
5.214528 2.517153 0.222362 0.857181 2.999180 -0.009680 -0.694505 -1.097738 -0.765487 -0.002503 -0.128406 -0.028135 
4.768379 2.329819 0.580761 1.023643 2.736126 0.509024 -0.979682 -1.175093 -0.668996 -0.100192 -0.082040 -0.043737 
4.366290 2.218455 0.604668 0.861379 2.460607 1.059226 -0.925247 -1.364976 -0.717787 -0.016763 -0.057591 -0.036206 
3.951021 2.007425 0.630751 1.237785 2.186072 0.892737 -1.135627 -1.433783 -0.447891 0.069522 -0.128019 -0.048938 
3.708872 1.774881 0.748492 1.257348 1.903289 0.632196 -0.968864 -1.115161 -0.451529 -0.046910 -0.228066 -0.034657 
3.858526 1.840252 0.651688 1.278123 2.037224 0.617744 -1.081908 -1.280532 -0.438312 -0.026074 -0.174447 -0.040028 
3.903422 1.878284 0.607090 1.087791 1.838828 0.778331 -1.010063 -1.402508 -0.540567 -0.093102 -0.132965 -0.024691 
3.504563 1.834552 0.812089 1.121628 1.602393 0.576169 -0.964283 -1.218473 -0.611415 -0.170204 -0.151888 -0.003460 
3.400716 1.791851 0.848252 1.294349 1.470138 0.446660 -0.943652 -1.300401 -0.537955 -0.110634 -0.158398 -0.003389 
3.506573 1.962562 0.749841 0.932553 1.658831 0.738359 -0.853624 -1.273591 -0.711170 -0.160000 -0.074553 0.018064 
3.662104 1.926603 0.874701 1.075303 1.501722 0.875462 -0.698106 -1.257888 -0.735920 -0.193771 -0.060233 0.023937 
3.661473 1.857831 0.898331 1.264715 1.801404 0.677318 -0.921969 -1.088061 -0.556581 -0.237140 -0.109635 0.003453 
3.807070 2.068723 0.971050 1.157403 1.987017 0.764446 -1.208274 -1.221600 -0.432745 -0.178621 -0.095917 -0.021289 
3.922916 2.295178 0.962923 1.295543 2.080269 0.635218 -1.301235 -1.340981 -0.517493 -0.097910 -0.048001 -0.027164 
3.969991 2.208022 1.321754 1.571451 2.043851 0.580879 -1.349497 -1.370678 -0.544869 -0.095932 -0.034926 -0.032720 
4.172563 2.315292 1.363137 1.873087 2.327970 0.529482 -1.467497 -1.239472 -0.450011 -0.238610 -0.022080 -0.039567 
5.403833 2.394937 0.882171 1.431598 3.231864 0.813242 -1.781609 -1.144053 -0.361202 -0.288115 -0.043967 -0.054941 
5.233328 2.454604 0.721749 1.410241 3.137156 0.797525 -1.500217 -1.137661 -0.426721 -0.252473 -0.031552 -0.045277 
4.425671 2.304454 1.020499 1.657018 2.638326 0.529844 -1.177837 -1.091561 -0.462705 -0.176276 -0.045022 -0.029789 
4.213797 2.236593 1.124693 1.693029 2.477620 0.722217 -1.066273 -1.098741 -0.518900 -0.232761 0.014742 -0.006964 
4.987748 2.331008 0.701075 1.436548 3.514629 0.497081 -1.333398 -0.717016 -0.570434 -0.269663 -0.006643 -0.001450 
4.446758 2.246989 1.140088 1.279847 2.686079 0.794655 -1.138330 -0.618772 -0.558500 -0.251669 0.044367 0.007761 
4.104593 2.329263 1.185025 1.515974 2.329886 0.635533 -0.790322 -0.604630 -0.484069 -0.209019 0.036442 0.021035 
4.019569 2.338721 1.268417 1.535196 2.269051 0.672489 -0.699151 -0.715391 -0.407878 -0.085226 0.042505 0.019029 
4.207594 2.420667 1.213452 1.297606 2.370480 0.688349 -0.697568 -0.433289 -0.298714 -0.122050 -0.012356 0.005467 
4.181702 2.481623 1.323755 1.300710 2.054848 0.804443 -0.677451 -0.334527 -0.183648 -0.196728 0.012834 0.015650 
4.101292 2.622318 1.347546 1.306490 2.110025 0.658215 -0.659058 -0.519003 -0.226285 0.062327 0.014258 0.013074 
4.132226 2.676980 1.465231 1.220096 1.879695 0.692775 -0.673687 -0.757568 -0.090780 0.086099 0.090007 0.033545 
4.019370 2.698857 1.425358 1.212948 1.780549 0.440882 -0.675835 -0.778550 -0.199708 0.219721 0.117126 0.052256 
4.083478 2.675565 1.333480 1.238520 1.609462 0.411113 -0.938907 -1.013240 -0.051139 0.297788 0.152780 0.059044 
3.974814 2.591884 1.191793 1.067538 1.334855 0.167926 -0.910015 -0.963449 -0.158716 0.354685 0.152294 0.082037 
3.902569 2.450517 1.187301 1.045114 1.225611 0.184127 -1.057930 -1.067524 -0.153475 0.380763 0.184167 0.094341 
3.935910 2.380296 1.135170 1.064808 1.326216 0.326726 -1.089234 -1.149500 -0.285739 0.388648 0.277509 0.110419 
4.130282 2.574838 1.021497 0.899429 1.496677 0.652270 -1.050272 -1.442963 -0.389563 0.524527 0.378088 0.128852 
4.080023 2.415130 0.768300 0.722221 1.510721 0.860281 -0.555285 -1.247376 -0.671145 0.315282 0.496929 0.177476 
3.850986 2.197175 0.593091 0.436474 1.231039 1.060007 -0.160175 -0.939279 -0.634488 0.225607 0.541400 0.201956 
3.949802 2.245441 0.593669 0.417778 1.247091 1.256323 0.061630 -0.780826 -0.641858 0.175847 0.606806 0.220790 
3.723999 2.284586 0.659877 0.415146 1.167286 1.378582 0.400115 -0.646975 -0.670737 0.105283 0.634046 0.221732 
3.661431 2.516309 1.064839 0.538035 1.109697 1.608318 0.905761 -0.295300 -0.721487 -0.098404 0.640739 0.207492 
2.979858 1.992961 1.199601 0.950395 1.053179 0.966667 0.479716 0.066838 0.036346 0.265168 0.453923 0.116663 
3.351533 2.393110 1.432363 0.965599 1.075636 1.177083 0.732209 0.175992 -0.044258 0.186474 0.461012 0.123254 
3.053869 2.162661 1.631580 1.623784 1.609587 1.258247 0.540256 0.163423 0.229867 0.444649 0.491759 0.096385 
3.201377 2.374501 1.672223 1.453881 1.368552 1.125178 0.702218 0.239612 0.045806 0.211281 0.308268 0.087429 
3.054629 2.281505 1.702601 1.492174 1.472775 1.212480 0.655492 0.106770 -0.005223 0.230608 0.463006 0.095739 
3.021199 2.106137 1.494862 1.502904 1.642727 1.485518 0.922324 0.393499 0.176317 0.279546 0.450087 0.097842 
2.986648 2.102509 1.485937 1.425276 1.489597 1.400032 0.727842 0.153135 0.161420 0.368512 0.476790 0.101180 
2.833847 2.156468 1.689618 1.564403 1.648416 1.387605 0.912732 0.364541 0.227401 0.321993 0.287384 0.081641 
2.807207 2.126877 1.700218 1.526572 1.517391 1.360156 0.919223 0.564314 0.323990 0.342765 0.314864 0.083092 
2.697599 2.105056 1.802849 1.580427 1.333302 0.993714 0.717211 0.635540 0.539308 0.452511 0.262327 0.080610 
2.712817 2.109155 1.800008 1.554042 1.471853 1.240904 1.001721 0.617884 0.389154 0.359158 0.259507 0.079724 
2.731453 2.074355 1.593660 1.454236 1.398228 1.201564 0.900943 0.555998 0.359494 0.299749 0.272531 0.082641 
