2.610224 1.968520 1.707559 1.567389 1.222280 0.975780 1.113675 0.777208 0.529218 0.396957 0.200040 0.078997 
2.627501 1.966218 1.674838 1.433344 1.174716 0.931125 0.944345 0.769251 0.491417 0.447057 0.196342 0.080702 
2.595869 1.981176 1.689077 1.525930 1.257415 0.842017 0.882030 0.681557 0.460014 0.421050 0.214201 0.081505 
2.593771 1.971830 1.691923 1.500740 1.307149 0.948445 0.986365 0.772890 0.511680 0.388721 0.236316 0.080100 
2.595417 2.023451 1.762553 1.483181 1.169630 0.943035 0.821985 0.737993 0.575280 0.432997 0.267146 0.081114 
2.606243 2.019581 1.872285 1.477775 1.280652 1.177897 0.980293 0.835496 0.600297 0.442340 0.297563 0.080579 
2.578128 2.010704 1.703206 1.301977 1.255922 1.202288 0.917347 0.847089 0.721212 0.375458 0.204917 0.079134 
2.555700 2.041930 1.744387 1.382665 1.371176 0.965635 0.899193 0.816372 0.490490 0.414471 0.230092 0.079949 
2.571361 2.047440 1.749776 1.468833 1.469434 1.140014 0.969542 0.775249 0.540149 0.386171 0.148263 0.079592 
2.580326 1.964523 1.674546 1.508883 1.251381 1.128518 1.088548 0.746006 0.656698 0.386224 0.203564 0.079890 
2.603119 1.940516 1.637945 1.505912 1.364068 1.169447 1.002688 0.821200 0.630955 0.403315 0.226706 0.079508 
2.643733 1.849128 1.657603 1.442536 1.506059 1.145124 0.728128 0.676430 0.470409 0.472501 0.223939 0.079050 
2.702966 1.823857 1.644213 1.420102 1.502781 1.162807 0.930657 0.851372 0.581530 0.445680 0.164294 0.076914 
2.760416 1.845305 1.605176 1.210686 1.460266 1.178063 0.897541 1.066294 0.735523 0.457219 0.225812 0.075150 
2.584384 1.848401 1.439452 0.985118 1.325114 1.312251 1.088013 0.995301 0.651064 0.382457 0.224959 0.075559 
2.649280 1.953899 1.548851 1.174957 1.246845 1.327591 1.388340 1.056392 0.726593 0.223300 0.184814 0.075370 
2.649399 1.852373 1.884426 1.404049 1.158863 0.961264 1.134651 0.943648 0.422936 0.218536 0.273705 0.079332 
2.584346 1.893230 1.678107 1.422118 1.061294 1.276217 1.190892 0.884626 0.504825 0.355445 0.260927 0.077240 
2.676795 1.998578 1.745447 1.236877 1.376691 1.087080 0.819424 0.773387 0.508494 0.364732 0.300250 0.079209 
2.582203 1.915625 1.705781 1.112611 1.032494 1.282012 0.680301 0.911866 0.755433 0.283728 0.429236 0.082357 
2.571872 1.954801 1.630124 1.301014 1.269199 1.389265 0.501249 0.833675 0.730107 0.131581 0.438263 0.082354 
2.759588 2.120987 1.733638 1.163092 1.081303 0.814624 0.542978 0.498146 0.874038 0.436542 0.418338 0.092019 
2.888238 2.216618 1.564307 0.944915 0.958917 0.964962 0.535698 0.433588 0.529824 0.454671 0.478683 0.101790 
2.872611 2.041127 1.356148 0.685859 0.903069 0.797745 1.009086 0.774559 0.726539 0.524790 0.355794 0.084624 
3.178333 2.196919 1.300909 0.748504 0.995930 0.183858 0.509237 0.388676 0.463817 0.619253 0.614347 0.136435 
3.331849 2.322232 1.153648 0.632736 0.867005 0.178262 0.120505 0.051135 0.356469 0.625532 0.719253 0.169800 
4.064446 2.837501 0.695628 0.331558 0.920402 0.525294 0.090979 -0.525726 0.644333 0.737197 0.644237 0.182632 
4.536518 2.991022 0.766809 0.213674 1.354086 0.192500 0.034597 -0.478614 0.362967 1.146339 0.553484 0.173221 
5.170635 3.528745 -0.130492 0.728704 2.014415 -0.532577 -0.407534 -0.673701 0.976212 0.751998 0.473005 0.092505 
3.724480 2.568236 1.197964 0.996033 0.636978 0.000042 -0.476523 -0.220706 0.432486 0.652858 0.433022 0.106473 
5.357174 3.629657 -0.106979 0.354273 2.064790 -0.502412 -1.001300 -1.210927 1.266000 0.426408 0.467824 0.002532 
4.428060 2.795967 0.750759 0.709554 0.967460 -0.278662 -1.040136 -1.017381 0.813117 0.620547 0.313080 0.040440 
4.566488 2.712789 0.438729 0.526383 0.983558 -0.123195 -0.843332 -0.657372 0.586829 0.422940 0.253420 0.036800 
4.183343 2.518623 0.799076 0.672554 0.764538 -0.022727 -1.079042 -0.667910 0.513078 0.544480 0.060380 0.007074 
6.172545 3.549237 -0.555650 0.105782 1.724184 0.311191 -1.080816 -1.363171 0.883911 0.055228 0.171520 -0.104644 
4.551342 2.684742 0.924043 0.550986 0.800509 0.149364 -0.794973 -0.918618 0.174909 0.126549 -0.121872 -0.045751 
4.817140 3.014225 0.990725 0.146923 0.959841 0.044698 -1.048760 -0.924557 -0.519334 0.031603 -0.074703 -0.028915 
4.404663 2.849660 1.418266 0.232122 0.166702 0.043639 -0.994324 -0.934139 -0.520971 -0.449451 -0.063038 -0.006814 
4.416807 3.135907 1.212409 0.147016 0.225640 -0.221986 -0.900951 -1.403112 -0.517754 0.047990 -0.080125 0.003306 
4.612401 3.150804 1.506098 -0.039307 0.797567 -0.820964 -1.510225 -0.431932 -0.801799 0.144323 -0.062837 -0.008626 
5.919682 3.193082 1.285234 -1.243147 2.568045 -1.372243 -1.673864 -0.099786 -0.800326 0.072306 -0.099509 -0.051278 
4.519204 2.895457 1.443379 -0.003075 0.858644 -0.783410 -1.251730 -0.595311 -0.660646 -0.010289 -0.007897 0.018771 
4.200119 2.954149 1.421709 -0.016003 0.714962 -0.856413 -1.141669 -0.527783 -0.576277 -0.044065 -0.037342 0.019209 
4.431848 2.923446 1.411785 0.399833 0.748913 -1.289407 -1.388617 -0.599497 -0.472094 0.083757 -0.090891 0.009760 
5.220209 2.855896 1.144130 -0.269485 2.360642 -1.807583 -1.948095 -0.279220 -0.889231 0.285898 -0.132183 -0.031090 
4.926054 2.801201 1.068085 -0.007647 1.972844 -1.618880 -1.844659 -0.426370 -0.876907 0.211726 -0.126740 -0.021527 
4.262981 2.472636 1.468749 -0.124509 1.247410 -0.660692 -1.925772 -0.953936 -0.805215 0.074492 -0.010096 -0.022782 
4.112590 2.707184 1.349013 -0.130058 1.164574 -0.825465 -1.379754 -0.601070 -1.101074 -0.206399 -0.045574 -0.012208 
5.128776 3.100148 0.845422 -0.514970 2.652994 -1.231920 -2.131185 -0.235613 -1.112136 0.019497 -0.165828 -0.094026 
4.707934 2.909621 1.216077 -0.274502 1.791476 -0.767151 -2.299170 -0.254127 -1.046158 0.073963 -0.071085 -0.084152 
3.988579 2.673534 1.209646 0.227468 0.862630 -0.467862 -1.483715 -0.952504 -1.081729 -0.078543 -0.063780 -0.014340 
4.024845 2.631685 1.123795 0.339994 0.778778 -0.573793 -1.422300 -1.254742 -0.749729 -0.353476 -0.016734 -0.010077 
4.474328 2.854053 1.022830 -0.025336 1.446359 -0.643122 -1.992264 -0.859889 -1.123843 -0.243967 -0.042308 -0.039362 
4.418373 2.651459 1.002786 0.272142 1.091358 -0.413513 -1.997314 -1.319190 -0.928301 -0.375148 -0.011266 -0.029984 
4.088987 2.691916 0.742452 0.657165 0.841460 -0.564900 -1.589074 -1.619166 -0.781502 -0.225582 -0.023176 -0.022563 
3.937064 2.466547 0.776584 0.498668 1.012877 -0.404686 -1.525635 -1.656103 -0.670958 -0.280310 0.027328 -0.016882 
3.887810 2.394528 0.763287 0.621023 0.938961 -0.297112 -1.336296 -1.524165 -0.828957 -0.206544 0.058578 0.003578 
4.094477 2.679367 0.492088 0.334870 1.312786 -0.038569 -1.332204 -1.634910 -0.672487 -0.058355 0.107449 0.017553 
4.327135 2.869430 0.374797 0.426105 1.616432 0.006857 -1.162318 -1.596538 -0.547652 -0.148519 0.139956 0.026547 
4.125760 2.565741 0.759894 0.464329 1.501401 0.097495 -1.081200 -1.258237 -0.690416 0.005719 0.140633 0.052652 
3.763640 2.411692 0.870096 0.731958 0.981494 0.250424 -0.958964 -1.129168 -0.695835 -0.029942 0.153286 0.071878 
4.053326 2.778991 0.861557 0.560406 1.112697 0.416557 -0.957738 -1.146421 -0.518828 -0.089752 0.138755 0.060833 
4.435317 2.775800 0.971736 0.854779 1.667615 0.205803 -0.982362 -1.099309 -0.472076 -0.404043 0.252633 0.088187 
4.322928 3.117888 1.102904 0.977251 1.286131 -0.031613 -0.710890 -0.864997 -0.771055 -0.215350 0.156568 0.084467 
4.365941 3.030507 1.402575 0.841214 1.685404 0.343179 -0.992802 -1.009959 -1.003487 -0.035967 0.159650 0.071275 
4.458243 3.538789 1.729028 0.168690 2.463366 0.180006 -1.179802 -1.260654 -0.694860 -0.039183 0.211102 0.060532 
3.987388 3.236690 2.406969 0.712503 2.523949 0.440821 -1.207390 -0.605150 -1.097953 -0.254735 0.268921 0.022305 
4.610480 3.935638 2.345722 -0.159203 4.041260 -0.327678 -1.195638 -0.147847 -0.963854 -0.203612 0.151651 -0.035193 
3.464042 2.889436 2.196298 0.560183 1.624853 0.160953 -0.333511 -0.218659 -0.823012 -0.139463 0.025937 0.029223 
4.125340 3.458848 2.514634 0.289922 3.000669 0.298858 -0.593869 -0.130619 -0.964963 -0.200824 0.077301 -0.008586 
3.717467 3.170430 2.178671 1.248682 1.923150 0.595755 0.413808 -0.501957 -0.754452 0.057733 -0.115197 0.013692 
4.266879 4.079743 1.957697 0.583986 3.861567 0.361875 0.839388 -0.363773 -1.162691 -0.147841 -0.156434 0.035565 
3.447856 3.220142 2.217315 1.783673 2.139007 0.203905 0.457377 -0.600423 -0.490791 0.035880 -0.240324 -0.012953 
3.779135 3.731521 2.424822 1.453076 3.298613 0.605545 0.778388 -0.788022 -0.991243 0.034984 -0.128982 0.009677 
3.762276 3.947772 2.689527 1.050056 4.500771 0.398533 0.029926 -1.285039 -0.542584 0.279299 -0.135352 -0.007341 
3.856054 3.850823 3.030194 0.330683 4.948868 0.728915 -0.737090 -1.135189 -0.215754 0.156739 0.071890 -0.041493 
3.757978 3.831453 2.993800 0.241812 4.647900 1.026020 -0.823413 -0.841545 0.019174 0.162638 0.144905 -0.043306 
3.676025 3.658089 2.659736 0.475327 4.752117 1.355609 -0.650265 -0.678460 0.050259 0.121991 0.221887 -0.065317 
3.694294 3.515432 2.629703 0.953944 4.365784 1.500907 -0.919228 -0.402090 -0.124107 0.029779 0.246933 -0.093058 
3.818123 4.154910 2.349915 0.728665 4.984026 1.635102 -0.815842 -0.647811 -0.001262 -0.136518 0.360410 -0.134727 
3.565605 3.049512 2.385137 1.009564 2.631314 1.549598 0.296179 -0.223789 -0.185557 -0.222618 0.088180 -0.021650 
3.289985 2.821168 2.570288 2.105337 3.161114 1.256500 0.030705 -0.618979 -0.045913 -0.268720 0.147746 -0.063237 
3.950327 3.615347 1.773763 1.576157 3.424618 2.100830 -0.031152 -0.720188 0.208778 -0.760231 0.349130 -0.061114 
4.193921 4.142769 1.323836 1.348299 3.440712 2.040523 -0.563670 -0.867487 -0.092880 -0.524989 0.396580 -0.075516 
3.875734 3.200865 1.623408 1.558744 1.817800 1.509541 0.344811 -1.041833 -0.185244 -0.153410 0.200363 0.001433 
