2.444043 0.832297 2.326520 2.480965 0.468975 0.576885 1.297796 1.256931 0.281823 -0.020890 0.368994 0.110919 
2.355545 0.995538 2.777900 2.453571 0.322904 0.938877 1.910782 1.036491 0.504490 0.063443 0.342069 0.092947 
2.451105 1.107371 2.310201 2.371348 0.620515 0.818699 1.448616 0.864545 0.374310 0.007588 0.325366 0.093516 
2.543349 0.919634 2.419057 2.268287 0.439840 0.607648 1.711185 0.952187 0.377852 0.162495 0.390412 0.086992 
2.389790 1.392021 2.224683 1.826864 1.067351 1.111393 1.145724 0.784740 0.813502 0.257081 0.150387 0.089149 
2.355583 1.235389 2.456125 1.980061 0.539098 0.926545 1.382392 0.621896 0.895540 0.417433 0.163638 0.084097 
2.370531 1.194197 2.336623 1.657624 0.676634 1.505745 1.225847 0.101288 0.983619 0.504099 -0.021224 0.087323 
2.114158 0.914071 3.348698 1.720646 0.011108 1.388695 1.867785 0.426140 0.898583 0.271358 0.150349 0.097569 
1.906691 1.049384 3.340818 1.511559 0.134454 1.786896 1.631378 0.326138 0.873073 0.214064 0.068474 0.109546 
1.829775 0.485992 3.844401 1.212587 -0.058143 1.958509 1.508248 -0.012085 0.961282 0.257279 -0.033292 0.139148 
1.649498 0.672790 3.945562 1.363584 -0.286498 1.871294 1.743152 -0.395201 1.240773 0.242160 -0.059592 0.152656 
1.749869 0.745109 4.135506 0.463383 -0.025334 2.094960 1.417657 -0.508540 1.366960 0.657790 -0.079095 0.142932 
1.822464 0.881261 3.562390 0.837823 -0.342361 2.234911 1.235076 -0.439426 1.057482 0.482718 -0.151327 0.135537 
1.778248 0.534182 4.090285 0.838545 -0.057685 2.178312 1.376902 -0.272807 1.129404 0.669682 -0.064645 0.116202 
1.249014 1.074785 4.413592 1.119856 -0.628758 2.347956 1.391381 0.408361 0.972042 0.554673 -0.093181 0.134896 
1.215743 0.502751 4.321489 1.421310 -0.372979 2.454082 0.581016 0.439110 0.591436 0.469466 -0.114059 0.142047 
1.209704 0.488206 4.237001 1.704541 -0.635018 2.816851 0.872426 0.208803 0.860311 0.475025 -0.150386 0.160121 
0.776120 0.369165 4.338513 1.918670 -1.260601 2.576015 1.145386 0.016113 0.917357 0.546586 -0.066975 0.141086 
0.464773 0.270744 4.382546 1.677104 -0.380490 1.431982 1.432681 0.596982 0.366921 0.643505 -0.189442 0.173904 
0.170562 0.245294 4.643791 2.032429 -0.396092 1.255868 1.682157 0.719032 0.021647 0.667779 -0.137120 0.181782 
0.040028 -0.017334 4.378002 2.256523 -0.133026 0.837684 1.774442 0.700283 -0.255140 0.776086 -0.056256 0.144113 
0.019831 -0.156911 4.307704 2.277051 0.280699 0.804465 1.295995 0.908627 -0.149832 0.589928 -0.009800 0.159439 
0.442595 -0.308475 3.968330 2.213531 0.217506 1.079262 1.452061 0.839881 0.015193 0.393370 0.145578 0.130329 
0.701076 -0.159490 4.022898 2.064745 -0.075919 0.738746 1.561812 1.084158 0.423976 0.495897 0.113257 0.111784 
0.707305 -0.568490 4.050982 1.913362 0.211865 1.142354 1.369482 1.083604 0.205720 0.233880 0.136815 0.154239 
1.026365 -0.696410 3.846670 2.047473 0.190997 0.970999 1.868620 0.797269 -0.005623 0.194925 0.188892 0.146849 
1.320600 -0.306056 3.736151 2.134788 0.542637 0.895767 1.504293 0.889276 -0.002444 0.145110 0.073919 0.151899 
2.301203 0.162171 3.418663 1.812624 0.628806 1.672503 1.620574 0.284484 -0.515706 -0.718058 0.177066 0.156377 
3.203212 0.889423 2.037685 1.830128 0.855757 1.684930 1.871112 0.495992 0.015038 -0.646739 -0.119995 0.098841 
3.935780 1.407525 1.421059 1.283551 1.516431 1.790534 1.264221 0.463483 -0.466573 -0.510453 0.039558 0.086390 
4.366836 1.680992 0.860847 1.295838 1.530024 1.302197 1.071455 0.243998 -0.241258 -0.707608 0.105619 0.114228 
4.828644 1.765577 0.465989 1.156208 1.612346 0.465279 1.294572 0.118135 -0.257512 -0.629608 0.065345 0.122729 
4.977089 2.021483 0.103983 0.812340 1.860683 0.188144 0.687339 0.283849 -0.262044 -0.525393 0.022018 0.118619 
5.058355 1.867513 0.108240 0.824489 1.771017 0.175813 0.472073 0.184640 -0.425960 -0.507611 0.017215 0.119821 
5.262914 1.986252 0.083423 0.597157 2.161998 0.021915 0.494618 -0.030085 -0.683470 -0.552315 -0.040728 0.125432 
5.501441 1.974231 0.144777 0.440066 2.253776 0.014833 0.594291 -0.324476 -0.856975 -0.538126 -0.083728 0.111899 
5.390988 2.259797 0.314050 0.259500 1.898170 0.207365 0.901279 -0.651063 -1.053062 -0.508512 -0.058797 0.102538 
4.909824 2.678993 0.179295 0.378530 1.299006 0.674309 0.593327 -0.896225 -0.910506 -0.520352 -0.014857 0.069574 
4.993343 2.526021 0.525766 0.169222 1.043086 0.268928 0.425995 -0.494511 -0.927817 -0.389271 -0.060222 0.051865 
5.332703 2.698573 0.445024 -0.040872 0.820511 0.116012 0.544259 -0.497649 -1.020738 -0.303598 -0.082499 0.045174 
5.811398 2.796241 0.326540 -0.444262 0.373940 0.196605 0.635471 -0.526326 -1.083595 -0.169816 -0.060160 0.033274 
5.520757 2.897389 -0.013219 -0.583371 0.213586 0.194860 0.296849 -0.553718 -0.822782 -0.143301 -0.052502 0.027224 
5.218891 2.878627 0.240000 -1.072976 -0.128369 0.338371 0.036448 -0.547631 -0.630581 -0.059508 -0.044117 0.017050 
4.764602 2.484140 0.144625 -0.641032 -0.518186 -0.022917 -0.182253 -0.426021 -0.424188 -0.180134 -0.017697 0.004395 
5.273111 2.534637 -0.026495 -0.890626 -0.542456 -0.260889 -0.152435 -0.234979 -0.584515 -0.112330 -0.028950 0.001036 
7.130336 2.032572 -0.680938 -0.426604 -0.239131 -1.032761 0.636312 -0.282157 -0.670420 -0.203385 0.075698 0.034065 
6.222579 2.234267 -0.588476 -0.737490 -0.380349 -0.190537 0.218336 -0.108375 -0.688279 -0.114959 0.012968 0.013909 
4.628311 2.518909 -0.189638 -0.743357 -0.390543 0.041066 0.397749 -0.187574 -0.386010 -0.059768 -0.002351 0.008716 
4.824283 2.238188 -0.335435 -0.689241 0.141505 0.488868 0.238793 -0.038195 -0.278847 -0.011905 0.042475 0.020178 
6.634037 1.706850 -0.890790 -0.241940 0.924974 -0.911334 1.740202 -0.056536 -0.321413 -0.089015 0.084293 0.087253 
6.424578 1.850881 -1.083728 -0.007571 1.584210 -1.201370 1.881650 0.013051 -0.176330 -0.084621 0.044146 0.133925 
5.631326 2.080003 -1.021927 0.063576 1.408757 -0.255621 1.360881 0.403018 -0.091566 -0.047905 0.058317 0.107601 
4.823506 1.901270 -0.512871 -0.022230 1.334242 0.440434 0.928070 0.682195 0.005363 -0.010123 0.090587 0.071267 
6.316382 1.513922 -1.300542 0.072579 3.059530 -0.594135 1.311842 0.866702 -0.095719 -0.045114 -0.216130 0.132202 
6.484050 1.695178 -1.879490 0.176629 3.749309 -0.555385 1.219537 0.961637 -0.153587 -0.015942 -0.419519 0.125218 
5.416635 1.527637 -1.050070 0.053556 3.007736 0.608107 0.830606 0.946867 -0.220717 -0.099165 -0.211890 0.040064 
5.533942 1.444203 -1.117326 -0.138709 3.102258 0.364312 1.313566 1.055267 -0.188189 -0.048742 -0.197795 0.075602 
6.283490 1.386313 -1.592504 -0.368592 3.994475 -0.295646 1.693727 1.222113 -0.021626 0.175365 -0.393232 0.110729 
5.198382 1.524374 -1.202026 0.006857 2.691156 0.908759 1.547584 1.183308 0.330605 -0.172587 -0.107845 0.063812 
4.754688 1.420390 -0.935744 0.224813 2.308477 1.433401 1.471313 1.019813 0.603947 -0.209935 -0.011424 0.034341 
4.718296 1.674148 -0.802667 0.352656 2.179289 1.329940 1.258302 0.816545 0.659084 -0.072427 0.000408 0.002861 
5.049704 1.963499 -0.904896 0.246494 2.114994 1.028922 0.808439 0.788133 0.882356 -0.017389 0.077298 0.018283 
4.858755 2.010901 -0.267043 0.706101 2.026026 0.386403 0.763475 0.594542 0.954974 0.313625 0.151695 0.024106 
4.790944 2.352693 0.147248 0.622448 1.554359 0.747007 0.517999 0.691077 0.755187 0.328147 0.235290 0.040090 
4.564838 2.406550 0.511619 0.486029 0.974697 1.168451 0.693679 0.760740 0.562156 0.259169 0.280893 0.064488 
4.356719 2.712968 1.051628 0.906371 1.264910 0.952863 0.426144 -0.037340 0.123661 0.185499 0.268793 0.068347 
4.847142 2.905521 1.087614 1.003453 1.484791 0.725404 0.197342 -0.611517 0.092625 0.100270 0.315258 0.089165 
4.929855 3.056369 1.511381 1.305443 1.288398 0.351951 -0.260492 -0.913255 0.193364 0.477325 0.279066 0.063375 
5.180928 2.914582 1.893432 1.122698 1.240678 0.264170 0.296078 -1.074672 0.121929 0.470470 0.297830 0.097641 
4.675985 2.915741 1.872140 1.391614 1.039835 0.409584 0.035702 -0.315032 0.229482 0.301870 0.286293 0.089421 
4.564533 3.130800 1.765694 0.991942 0.911423 0.936735 0.501588 -0.174965 0.127825 0.293999 0.233037 0.079405 
5.859700 2.853549 1.586298 0.649672 1.959869 0.907605 0.477806 -0.349609 0.327827 0.164277 0.201830 0.091849 
4.314075 2.817296 1.718479 1.147696 1.119449 1.100329 0.406984 0.092360 0.217717 0.158547 0.217283 0.062664 
4.493792 3.093980 1.860850 0.938115 0.859234 1.143960 0.505939 0.045070 0.104283 0.066283 0.178296 0.065138 
4.336578 3.114652 1.680910 0.836978 1.081257 1.228983 0.720391 0.077651 -0.050621 0.008858 0.061882 0.039758 
4.747377 3.205318 1.434581 0.710515 1.114668 0.978652 0.550037 0.170470 0.377490 -0.027534 0.025780 0.013624 
3.716479 2.668749 1.644146 1.230615 0.868582 0.696705 0.405694 0.148333 0.115357 -0.100697 0.151303 0.049273 
4.552724 3.350155 1.617477 0.585543 0.991462 0.428570 0.412514 0.124259 -0.157266 -0.035683 0.127814 0.065828 
5.005056 3.202816 1.063964 0.695408 1.617465 0.774162 -0.041977 -0.461719 -0.159481 -0.028956 0.185411 0.073749 
4.965303 2.990193 1.179230 0.813780 1.383504 0.722666 -0.381457 -0.852739 -0.010980 0.154970 0.162518 0.045372 
3.942402 2.535895 1.419296 1.068855 1.220055 0.412700 -0.688169 -0.708245 -0.206369 0.230105 0.150891 0.041121 
4.982402 2.809249 0.798161 0.548179 1.402147 0.533290 -1.024036 -1.096449 -0.013548 0.339828 0.192644 0.023957 
5.050643 2.778511 0.655007 0.471507 1.490980 0.135489 -1.135368 -1.289981 0.082003 0.412706 0.239352 0.031747 
6.023819 2.719863 0.177496 -0.125377 2.069725 0.049644 -1.403949 -1.327379 0.264428 0.334591 0.267995 0.028505 
5.944909 2.993483 -0.353058 -0.284962 2.372957 -0.011195 -1.479598 -1.061344 0.192607 0.377938 0.305692 0.030851 
