2.751179 2.002276 -0.128405 1.804600 0.221779 1.415954 0.534497 0.228732 0.293163 0.124570 0.359700 0.101456 
2.631127 2.139908 -0.071765 1.598228 1.007792 1.120531 1.197710 0.125780 0.441100 0.443114 0.503240 0.083433 
2.620001 1.931120 -0.174708 1.494580 0.974754 0.929874 1.568131 0.049366 0.512747 0.211890 0.801525 0.085074 
2.551200 2.248054 -0.550278 2.220497 0.678096 1.118346 1.125114 0.211051 -0.065578 0.343894 0.707995 0.114310 
2.384356 2.360436 -0.131200 2.348395 0.905647 1.390061 0.573688 0.246661 -0.095602 0.315573 0.504645 0.097560 
2.013196 2.317366 -0.338824 2.294222 1.212998 1.213663 0.599427 -0.258185 -0.237560 0.290542 0.502536 0.104526 
2.005422 2.521077 -0.197782 2.276064 1.305932 1.717904 0.414407 -0.586573 -0.457530 -0.020654 0.453940 0.100956 
2.018127 2.313091 0.089847 2.366000 1.579780 1.173237 0.630234 0.012298 -0.440235 -0.235358 0.525657 0.086964 
1.837139 2.334531 0.541168 2.097130 1.615260 0.788090 0.717722 0.173793 -0.543072 -0.011384 0.302089 0.094783 
1.869255 2.443503 -0.367248 2.232173 2.462716 0.342964 1.236812 -0.104242 -0.729350 0.131293 0.223145 0.176926 
1.868160 2.310512 -1.125889 2.079445 2.698546 0.589080 0.859241 -0.147999 -0.408393 0.226646 0.223084 0.182325 
1.751847 2.125799 -1.188215 2.012106 2.275673 0.407215 1.015609 -0.426562 -0.564037 0.233203 0.453158 0.201921 
1.827329 2.088686 -1.623900 2.191211 2.038795 0.454905 1.103380 -0.322236 -0.416279 0.172114 0.554457 0.198510 
1.875585 1.731893 -1.696895 2.058845 1.605986 0.639398 0.998474 0.178615 -0.155236 0.116082 0.606911 0.163214 
2.061913 1.748941 -1.441080 1.812526 1.596495 0.394614 1.571619 0.716853 0.067707 -0.040904 0.525580 0.139526 
2.155410 1.953475 -1.443381 1.619307 1.627465 0.087102 1.959918 1.202131 0.087595 -0.131374 0.245719 0.160382 
2.352201 1.805451 -0.748843 1.878042 1.621218 0.232835 2.091883 1.291587 0.268412 -0.149450 0.096254 0.129192 
2.674876 1.682387 -0.250430 1.774755 1.976163 0.229067 2.087031 0.834665 0.176807 -0.078760 0.080831 0.126131 
3.066345 2.119230 0.212590 2.634711 2.159590 0.360761 2.181218 0.155219 -0.529345 -0.131476 -0.001395 0.118994 
3.625082 2.424959 1.240580 1.779451 1.202396 0.704433 0.774006 -0.243247 -0.370648 -0.433552 0.004286 0.019625 
3.981556 2.906338 1.770227 1.828107 1.292318 0.745857 1.020882 -0.556252 -1.312038 -0.642741 0.039960 0.002141 
3.156094 2.342704 1.741719 1.303099 0.543943 0.050609 -0.172581 -0.198097 -0.445922 -0.425589 -0.228113 -0.055420 
3.371304 2.351283 1.738037 1.598829 1.141162 0.219501 -0.280642 -0.614500 -0.880862 -0.644667 -0.159820 -0.080094 
4.314353 2.871047 1.886437 1.677169 1.348598 -0.442497 -0.442907 -0.638568 -0.949911 -1.024932 -0.195774 -0.072647 
4.673998 3.114666 1.472718 1.571326 1.096903 -0.380417 -0.791059 -0.509292 -0.767276 -1.404258 -0.280988 -0.084273 
3.789408 2.719148 1.750729 1.030255 0.415759 -0.289603 -0.578223 -0.695768 -0.960210 -0.833397 -0.268598 -0.099395 
3.836887 2.826687 1.742637 1.173272 0.323924 -0.418678 -0.562539 -0.705602 -0.916598 -0.988566 -0.270023 -0.104449 
4.665312 3.064415 1.541435 0.926807 0.557896 -0.861890 -0.560635 -0.257322 -0.987914 -1.290920 -0.363949 -0.099110 
4.703557 3.117184 1.219599 0.978508 0.403963 -0.928577 -0.920484 -0.397507 -0.725813 -1.390441 -0.389863 -0.113733 
4.339592 2.736468 1.233344 0.825425 0.301043 -0.776130 -0.739888 -0.547178 -1.037661 -1.312849 -0.324372 -0.099399 
4.902048 2.891336 0.796846 0.841622 0.601974 -1.109695 -1.093138 -0.523699 -0.985875 -1.415838 -0.432383 -0.092256 
4.329511 2.682444 0.857839 0.518416 0.280232 -0.823109 -1.199097 -0.941738 -1.170507 -1.099988 -0.286985 -0.092589 
4.916492 2.667960 0.539863 0.475417 0.721482 -1.206026 -1.568237 -0.896112 -1.196597 -1.294656 -0.358294 -0.067784 
4.729589 2.614974 0.678336 0.377384 0.591212 -1.397973 -1.876554 -1.002353 -0.993253 -1.168486 -0.288886 -0.069890 
5.713043 2.641764 0.068330 0.136734 1.529946 -2.127524 -2.049336 -1.073719 -0.967272 -1.336929 -0.607048 -0.059841 
4.394692 2.501999 0.722588 0.458243 0.188333 -1.576189 -1.952362 -1.058292 -0.810696 -1.093591 -0.189289 -0.048342 
4.519096 2.317590 0.680797 0.581706 0.337104 -1.511676 -2.151189 -1.237914 -0.879575 -1.140513 -0.167754 -0.028398 
4.502602 2.415333 0.679863 0.361082 -0.127218 -1.615650 -2.064550 -1.162929 -0.864565 -1.144234 -0.126751 -0.015169 
3.573434 2.161303 0.831139 0.060151 -0.465455 -1.189367 -1.548996 -1.485107 -1.429169 -0.771175 0.070407 -0.014283 
4.026685 2.431775 0.777947 -0.155911 -0.579591 -1.766052 -1.529038 -1.038547 -0.990812 -0.972620 -0.039307 -0.007770 
4.389669 2.317533 0.511821 0.259407 -0.208267 -1.718813 -1.965767 -1.238825 -1.049855 -1.215214 -0.049666 0.020369 
4.436329 2.282500 0.548837 0.266306 -0.217619 -1.924268 -1.845080 -1.083742 -0.981611 -1.274571 -0.071569 0.028345 
3.545124 1.919779 0.654330 0.229157 -0.509841 -1.608449 -1.759584 -1.142702 -1.018081 -0.901600 0.022545 0.002509 
4.151894 2.162338 0.384389 0.121529 -0.667873 -1.655814 -1.781823 -0.860990 -0.865457 -1.226927 -0.076591 0.006912 
5.064072 2.095177 0.003097 -0.011148 0.723506 -1.791212 -2.022306 -0.806091 -0.909926 -1.541360 -0.347242 0.021255 
5.268841 2.240971 -0.321680 0.001390 0.833833 -1.992146 -2.131582 -0.478248 -1.211744 -1.696591 -0.510279 0.023014 
4.185394 1.942335 0.362199 0.381691 0.058388 -1.422526 -1.392022 -0.644007 -0.946501 -1.383728 -0.195234 0.000197 
5.601115 2.419837 -0.505997 0.390095 1.390372 -2.003087 -1.769806 -0.031935 -0.858008 -1.240588 -0.685169 -0.016300 
5.141590 2.140189 -0.167805 0.342675 0.679022 -1.816158 -1.957076 -0.276911 -0.926815 -1.643292 -0.515483 0.003599 
4.914520 2.175575 -0.025822 0.565210 0.868878 -2.113392 -1.948327 -0.358758 -0.867436 -1.479373 -0.450884 0.004516 
3.943592 1.893029 0.373244 0.283590 -0.024832 -2.056430 -1.658201 -0.447678 -0.651654 -1.193607 -0.213574 -0.018074 
5.273598 2.743770 -0.797719 0.011013 1.284473 -3.004339 -1.168507 -0.191708 -1.006118 -1.240116 -0.694677 0.047454 
4.947864 3.013824 -1.207071 -0.184554 1.441482 -3.499430 -1.155737 -0.371357 -1.141219 -1.180134 -0.775873 0.078193 
4.848270 2.929015 -0.923043 -0.537998 1.328092 -3.632882 -0.685012 -0.378480 -1.317704 -1.196195 -0.689381 0.108346 
3.836182 1.551953 0.056232 -0.739026 0.339939 -1.530549 -1.150469 -0.512175 -0.951873 -0.831644 -0.232064 -0.036417 
4.584173 2.874506 -0.908777 -0.683580 1.785954 -3.822500 -0.754323 -0.299836 -1.178985 -1.218387 -0.724551 0.099881 
4.749625 2.596066 -0.645358 -0.889166 1.908604 -3.777230 -0.985017 -0.081171 -1.192203 -1.216187 -0.720350 0.091208 
5.069365 2.893563 -1.073896 -0.658393 1.647787 -3.822600 -0.970811 0.085226 -1.211070 -1.121895 -0.862612 0.110829 
3.815195 1.893692 0.128969 -0.319576 0.099604 -2.126358 -1.688814 -0.100714 -0.596174 -0.869471 -0.166657 -0.022927 
4.657437 2.452342 -0.642346 -0.474483 0.466119 -2.816692 -1.403124 -0.053306 -0.855490 -1.396365 -0.368491 0.033277 
5.018003 2.850360 -0.763151 -0.455290 0.740270 -3.175288 -1.174057 -0.218053 -0.939355 -1.380887 -0.540821 0.044725 
5.598616 3.344698 -1.436360 -0.086350 1.368176 -3.621212 -1.011093 -0.387849 -1.080967 -1.134539 -0.904252 0.105749 
4.820698 2.524111 -0.133480 0.057991 0.489534 -2.379487 -1.297739 -0.143028 -0.484773 -1.233471 -0.350788 -0.014308 
4.828398 2.653878 -0.459056 0.072814 0.923724 -2.732811 -1.605825 -0.223665 -0.618061 -1.260509 -0.432461 -0.008614 
4.953901 2.910497 -0.791349 -0.057100 0.943724 -2.915977 -1.534133 0.051238 -0.587456 -1.364930 -0.548437 -0.009427 
5.214946 2.994124 -0.887190 -0.062345 1.634299 -3.545520 -0.859647 0.036325 -0.625995 -1.120357 -0.774010 0.058922 
5.139914 2.959589 -0.914411 0.079372 1.534182 -3.353933 -0.648083 0.196825 -0.334366 -1.003398 -0.670740 0.056356 
4.935008 2.592264 -0.607365 0.222521 1.565862 -2.831316 -0.726973 0.130416 -0.260533 -0.987672 -0.427748 0.061887 
5.224617 2.667686 -1.033493 0.202904 2.259644 -3.006659 -0.305158 -0.109641 -0.242720 -0.885334 -0.514863 0.144623 
5.251051 2.324464 -1.089723 0.522173 2.335729 -2.477044 -0.192732 0.258408 -0.143725 -0.571450 -0.303610 0.190124 
5.573890 1.861269 -0.751894 0.354287 2.649458 -2.223355 -0.134078 0.406530 0.112641 -0.357700 -0.205911 0.214494 
4.651413 1.664478 -0.317636 0.766207 1.756993 -1.114105 -0.735193 0.565489 0.572530 -0.457088 0.130447 0.127019 
5.436892 1.837420 -1.036987 0.793864 2.635030 -0.903248 -0.916185 0.788148 0.457745 -0.107572 -0.035536 0.149470 
4.924580 1.668911 -0.458902 0.410713 2.424656 -0.636824 -0.858875 0.518293 0.919950 -0.215138 0.037880 0.082127 
4.362415 1.244636 0.432840 0.896781 2.406031 -0.331811 -0.784172 0.543915 0.856129 -0.093497 -0.116364 0.015386 
3.740139 1.616703 0.373889 0.935100 2.160487 0.189341 -0.270114 0.501345 0.515942 -0.245976 -0.161551 -0.002404 
4.601884 1.836739 0.528242 0.302837 3.049070 -0.239727 0.276885 0.803089 0.548796 -0.333336 -0.138966 0.044738 
4.446191 1.914911 0.755843 0.561990 2.687475 -0.548544 0.450194 0.606578 0.170808 -0.076992 -0.087046 0.065073 
4.486553 2.044441 0.470024 0.712240 2.799373 -1.060567 0.475280 0.800227 0.399014 -0.177792 -0.302784 0.055953 
3.728324 1.674159 0.579824 1.265200 1.857748 -0.370479 0.567482 0.771672 0.391052 -0.147815 -0.180117 0.053607 
4.082638 1.534456 0.996060 1.485688 2.675203 -1.018131 0.644941 0.562700 0.129719 -0.030969 -0.290312 0.061517 
3.768687 1.472598 0.981081 1.355859 2.577501 -0.215753 0.701231 0.463011 -0.102796 -0.031413 -0.204938 0.051005 
4.002792 1.666189 0.851064 1.290174 2.652855 -0.287298 0.638202 0.425380 -0.337436 -0.183846 -0.054826 0.083650 
3.722169 1.522146 0.969516 1.148715 2.522405 -0.578055 0.621034 -0.251730 -0.242993 -0.139957 0.053435 0.108046 
3.767274 1.175737 0.841910 1.435829 2.348948 0.184313 0.912711 -0.617316 0.107515 -0.517591 0.104165 0.127771 
