2.966237 1.555922 1.153332 1.245684 1.890465 1.117279 1.426742 1.373033 0.365177 0.254377 0.183672 0.083130 
3.172974 1.443889 1.191798 0.917173 1.438214 1.149332 1.324190 1.681201 0.142762 0.227748 0.409137 0.095633 
2.971828 1.569074 1.286546 1.059745 1.126600 1.130518 1.476387 1.249649 0.036304 0.207532 0.268525 0.084559 
3.012112 1.407303 1.403053 0.827725 0.841636 0.544483 1.328461 1.185563 0.469302 0.393530 0.325757 0.080244 
3.032526 1.600737 1.166961 0.762761 1.020307 0.963854 1.099365 0.867080 0.138886 0.118006 0.232817 0.093781 
3.142317 1.599694 0.846129 0.695576 0.853411 1.020736 1.378241 1.119371 0.158740 -0.188206 0.293348 0.107809 
3.287691 1.859544 0.734625 0.561186 0.904669 0.799891 1.369493 0.867827 0.042556 -0.231650 0.101476 0.096002 
3.109129 1.556053 0.765029 0.660477 0.849822 1.226008 1.653557 1.113481 0.265163 -0.211777 0.089527 0.086981 
2.910476 1.651661 0.765468 0.947880 1.068712 1.598526 1.725328 1.043616 0.014776 -0.336883 0.147915 0.103931 
2.802882 1.431451 -0.046572 1.576507 1.145815 1.952696 1.573652 1.228983 -0.064659 0.026350 0.197774 0.128253 
2.450559 1.803251 0.292911 1.483661 2.155962 1.534935 1.897449 0.618105 -0.069065 -0.032173 0.074610 0.134900 
2.128431 2.765201 -1.700873 2.053134 1.761246 2.166309 2.199373 -0.465867 0.539506 0.075926 0.471560 0.083745 
2.025088 2.635887 -2.001494 1.082651 2.211069 1.986818 2.302563 -0.148612 0.515937 -0.174420 0.348284 0.102031 
1.845378 2.835655 -2.834477 0.706074 3.040964 2.394954 2.830278 0.216518 0.585887 -0.371937 0.202533 0.096934 
1.599757 2.358173 -3.154951 1.391911 3.375251 2.887094 2.899055 0.271126 0.630750 -0.171475 0.197284 0.104688 
1.742394 2.522065 -3.204969 1.116185 3.355422 2.785317 2.943142 0.376284 0.532070 -0.119203 0.158107 0.115301 
2.002686 2.600914 -3.568547 1.377188 3.361432 2.924216 2.972121 0.369976 0.535170 -0.062419 0.166661 0.118046 
2.361605 2.644557 -3.973258 0.791977 2.821150 2.601859 3.036952 0.552225 0.551802 0.112649 0.137267 0.098074 
2.813950 2.054506 -2.756924 0.478656 2.531247 2.835438 2.776337 0.886271 0.458875 0.616487 0.141500 0.066794 
3.088670 1.498408 -2.266474 -0.374050 2.308372 1.965564 2.587132 0.569231 0.788216 0.668038 0.197858 0.003448 
3.784686 2.652428 -3.149937 -1.590001 3.699774 0.362696 2.471742 0.446396 0.997434 0.944397 0.065852 0.058408 
3.692636 2.805632 -2.795143 -1.908005 3.975871 0.312748 2.253162 0.576329 0.821944 1.134478 0.099179 0.039409 
3.920114 2.898950 -2.635716 -1.585603 3.925484 0.131037 2.254832 0.413548 0.762557 1.244034 -0.020457 0.060338 
3.628569 2.299709 -1.358052 -1.011110 2.623468 0.207145 1.909049 0.249682 0.508261 1.185053 0.014754 0.056816 
4.068261 2.519057 -1.556161 -0.770802 3.317011 -0.022771 1.369805 0.061202 0.389309 1.149535 0.006764 0.051253 
3.907458 2.570919 -1.234917 -0.468164 2.748220 0.654552 1.051607 -0.084588 0.255939 0.957639 0.160439 0.055892 
4.772461 3.148338 -2.369393 -0.243330 3.056560 0.054613 0.402409 -0.699545 0.649766 0.729082 0.290607 0.029781 
4.157352 2.342932 -0.547416 0.208177 1.761754 0.294212 -0.333601 -0.710895 0.403124 0.769928 0.318106 0.034549 
4.295071 2.556894 -0.144569 0.160086 1.819581 -0.358130 -0.440569 -0.975532 0.163433 0.670025 0.230183 0.049006 
4.793645 2.405483 0.043118 0.153550 2.105567 -0.726691 -0.473221 -1.278412 0.064099 0.558279 0.165255 0.036119 
5.292875 3.408332 -0.783558 -0.846700 3.252304 -0.780542 -0.281445 -1.311029 -0.087207 0.213246 0.051624 0.033899 
4.831405 2.895755 0.128175 -0.398176 2.398985 -0.840006 -0.013120 -1.153315 -0.393647 0.165887 -0.053338 0.049711 
4.681999 2.729765 0.234480 -0.248241 2.383765 -0.457257 0.168432 -1.162660 -0.649202 0.233626 -0.072147 0.047678 
4.846934 2.709559 -0.114704 -0.327423 2.787421 -0.455853 0.129958 -1.118000 -0.742499 0.101092 -0.161392 0.031449 
4.703282 2.403729 0.011078 0.208412 2.622666 -0.299665 0.200742 -1.275428 -0.846342 0.067121 -0.212517 0.006207 
4.677942 2.104210 0.291895 0.257204 2.345098 0.371516 0.019830 -1.153081 -0.776897 0.011129 -0.162868 -0.020363 
5.165304 2.269114 -0.309374 0.137322 3.392593 -0.587846 0.018618 -1.129988 -1.017262 0.062256 -0.288592 0.012692 
5.350810 2.542649 -0.491807 0.522802 3.530887 -0.629742 0.128428 -1.176145 -1.034732 0.036408 -0.295140 0.028714 
3.773965 2.154935 0.846029 0.819698 1.482572 0.425985 -0.340793 -0.731758 -0.828090 -0.344906 -0.165077 -0.014348 
4.451772 2.177743 0.790248 1.073349 2.764553 -0.123136 -0.220514 -1.175477 -1.045923 -0.097208 -0.150602 -0.011127 
5.412659 2.398434 0.294802 0.853815 3.568436 -0.028762 -0.306572 -1.647306 -0.648001 -0.255752 -0.182791 -0.022468 
5.059442 2.287836 0.825450 1.150276 2.924293 -0.017154 -0.767759 -1.386815 -0.753279 -0.133655 -0.141024 -0.050876 
3.651551 2.344107 1.176476 1.359340 1.831614 0.379602 -1.039488 -1.361447 -0.477788 0.136475 -0.205530 -0.058232 
5.345414 2.292671 0.327600 1.527218 3.747015 -0.426953 -1.067475 -1.643561 -0.602371 0.161464 -0.172982 -0.081353 
4.811835 2.210343 0.479921 1.662560 3.086068 0.223445 -1.248547 -1.600393 -0.472044 0.144934 -0.125484 -0.106718 
4.252832 2.093137 0.701761 1.106954 2.358210 0.443437 -0.979721 -1.465408 -0.280889 0.367425 -0.201482 -0.099867 
4.749867 2.203433 0.489472 1.819762 3.437186 0.295920 -1.466568 -1.936849 -0.292368 0.030467 -0.078510 -0.118216 
5.895751 2.246144 0.297213 1.502801 4.573168 -0.589226 -0.833834 -2.455994 -0.089733 0.059013 -0.263311 -0.078159 
3.811480 2.253794 1.146611 1.650469 1.999087 0.320863 -1.412986 -1.541817 -0.286565 0.061603 -0.193413 -0.090348 
4.236268 2.619018 0.907855 0.778046 2.127755 0.338691 -1.144656 -1.445940 -0.480057 0.195323 -0.172938 -0.071767 
5.620123 2.571418 0.707899 1.279424 4.078478 -0.451905 -0.965393 -1.962736 -0.340260 -0.055804 -0.198382 -0.057140 
5.638704 2.616466 0.111868 1.554781 4.076444 -0.730785 -0.964549 -1.842285 -0.369065 -0.002100 -0.197652 -0.042881 
3.776458 2.157080 1.019889 1.421552 1.891162 0.285645 -1.194958 -1.173946 -0.254950 0.037299 -0.138702 -0.045573 
5.211244 2.193791 0.428334 1.570151 3.459084 -0.118919 -1.694940 -1.335800 -0.411705 0.062230 -0.108415 -0.080503 
5.031736 2.085195 0.545778 2.059984 3.016783 -0.078695 -1.738292 -1.509806 -0.180305 0.044789 -0.048994 -0.072868 
5.247132 2.193101 0.251458 1.902314 2.958730 0.037808 -1.772624 -1.369203 -0.022769 0.072700 -0.006132 -0.054844 
4.943113 2.235800 0.631498 2.011327 2.706939 -0.370413 -1.706537 -1.836791 0.074980 -0.013834 -0.002069 -0.068579 
5.270329 2.414061 0.426635 2.572487 2.865712 -0.834869 -1.557942 -1.961293 0.208784 0.139392 0.007295 -0.073270 
4.279188 2.202967 1.358607 2.231479 2.292044 -0.341495 -1.659355 -1.394338 0.096289 0.282555 0.099723 -0.029113 
4.992057 2.155359 0.671603 2.396000 3.119234 -0.654512 -1.424865 -1.859873 0.311642 0.061097 0.130578 -0.005898 
4.569611 1.924530 0.539440 1.622168 2.561160 -0.609755 -1.300574 -1.035009 -0.149253 0.319829 0.165906 0.037540 
4.938545 1.871347 0.306645 1.648037 3.323470 -1.202964 -1.193914 -0.895717 -0.238544 0.456397 0.061426 0.059343 
4.803436 1.580493 0.088202 1.645820 2.653961 -0.972428 -1.221864 -0.949724 -0.214299 0.463970 0.112958 0.043067 
4.695656 1.557556 -0.211982 0.965611 2.463072 -0.284496 -1.074303 -1.042641 -0.174833 0.482313 0.197678 0.051696 
4.602351 1.608680 0.118585 1.411081 2.378655 0.121767 -1.014062 -0.943366 -0.232370 0.489942 0.295475 0.061479 
5.781356 1.050116 -0.392330 1.210167 2.823359 -0.446513 -0.584838 -0.873526 -0.093469 0.348125 0.303834 0.140209 
4.630705 1.658282 0.053570 1.093222 1.851970 0.440256 -0.351289 -0.455702 -0.246564 0.080416 0.457048 0.172484 
4.233444 1.987675 0.537090 0.851552 1.467577 0.347635 0.542078 0.085929 -0.414954 -0.020726 0.567497 0.207938 
5.184629 1.597437 0.126917 0.376612 2.344709 0.097237 0.159053 0.071962 -0.110012 0.081339 0.497850 0.261216 
4.748856 2.063741 0.907332 0.482247 1.552346 0.579762 0.493142 0.468228 -0.162185 -0.156204 0.572047 0.246875 
3.397985 2.200636 1.551837 1.292438 1.425806 0.842170 0.404519 0.577807 0.467209 0.369862 0.359360 0.078448 
4.393843 2.029133 1.139454 1.097693 1.762722 0.827924 0.630635 1.027176 0.440792 0.431793 0.535322 0.147822 
4.231650 2.079881 1.172376 1.549218 1.618316 0.969994 1.050642 1.068346 0.387902 0.301909 0.429050 0.124220 
3.770173 2.201166 1.475235 1.807323 1.497513 0.572601 0.731195 0.771476 0.584709 0.423376 0.424620 0.096997 
4.040493 2.120451 1.543513 1.658794 1.439554 0.750577 1.046738 0.512542 -0.001702 0.014984 0.462192 0.131807 
4.432879 1.950198 1.205704 1.710213 2.019747 0.714523 1.110288 0.633013 -0.057701 0.053917 0.360318 0.139878 
3.470866 2.209220 1.439191 1.568796 1.512468 1.008007 0.611487 0.472917 0.160992 0.245257 0.362933 0.084929 
3.425264 1.810351 1.126683 1.582504 1.955851 1.624871 1.267472 0.768912 0.287563 0.154277 0.235782 0.084625 
4.241586 1.755841 1.586166 2.068149 2.727701 1.076473 1.046837 0.505787 0.064101 0.279498 0.329249 0.107471 
3.400823 2.123313 1.510120 1.893138 2.222342 0.836928 0.831977 0.387429 0.207838 0.174617 0.342733 0.089957 
2.832227 1.886825 1.330653 1.398552 1.525025 1.022138 0.481350 0.086511 0.174795 0.262556 0.276221 0.082456 
3.561081 1.832653 1.224039 1.622193 1.880347 0.141108 1.154366 0.360762 0.234560 0.467659 0.522974 0.140809 
3.400844 1.422803 1.448881 1.679402 1.769875 0.667098 1.243564 0.518909 0.593849 0.366730 0.400065 0.106335 
2.882506 1.645769 1.729168 1.351805 1.186421 0.760345 0.812640 0.928470 0.231945 0.636483 0.318145 0.073608 
3.101330 2.092789 1.536670 1.572023 1.607538 0.915763 1.152915 0.784025 0.204637 0.383313 0.280509 0.084819 
