2.803349 1.704463 1.813251 1.614903 1.253505 0.393017 0.257386 0.604072 0.415002 -0.063174 -0.187867 0.058080 
2.927576 1.455135 1.757168 1.868153 0.970276 0.584626 0.435768 0.676472 0.560683 0.111870 -0.195846 0.068042 
3.119010 1.447817 1.233364 1.665641 1.682340 -0.086041 0.973368 1.053456 0.530221 0.067023 -0.093696 0.082510 
2.953074 1.738178 1.490056 1.472059 2.115231 -0.402237 0.968458 0.893319 0.706565 0.131706 -0.083150 0.090538 
2.781025 1.942490 1.566188 1.324866 1.884025 0.413299 0.915674 0.540094 0.646482 0.276342 0.060614 0.073242 
2.763822 1.953019 1.853597 1.053258 2.530164 -0.471767 0.702641 0.349775 0.631154 -0.016898 -0.044397 0.101949 
2.797770 1.819997 2.149669 0.925277 2.475597 0.264672 0.655365 0.192511 0.859509 -0.429632 -0.159323 0.094661 
2.687851 1.916318 1.764223 1.377069 1.397001 0.975214 0.669812 0.725718 0.935091 -0.394993 -0.173543 0.074362 
2.591399 1.942073 1.438596 1.353946 1.752188 1.343122 0.388810 0.607492 0.651735 -0.000031 0.008351 0.069640 
2.580839 1.629593 1.534306 0.912371 1.423105 1.342113 0.821743 0.436456 0.430340 -0.288529 0.184781 0.101058 
2.684831 1.946855 1.382062 1.182494 1.274053 1.488324 0.618110 0.898839 0.646131 0.160551 0.273423 0.078840 
2.718538 1.659234 1.271650 0.933347 1.553568 0.946655 0.758622 0.446014 0.240867 0.333761 0.259458 0.092078 
2.621691 1.956336 1.282755 1.310296 1.653912 1.277962 0.941433 0.239193 0.258242 0.433958 0.204715 0.086324 
2.643323 1.874857 1.463107 1.338570 1.828100 1.076517 0.983596 1.011053 0.570551 0.355115 0.254317 0.077694 
2.586597 1.853228 1.358857 1.203866 1.872677 0.888750 1.158023 0.797265 0.403484 0.610512 0.152746 0.083522 
2.519341 1.803578 1.559960 1.289103 1.931080 0.689628 1.027161 0.879236 0.594037 0.427514 0.101461 0.083456 
2.564773 1.941981 1.448820 1.283050 1.562878 0.842437 1.185959 1.007856 0.720721 0.484559 0.214722 0.078013 
2.561254 2.151024 1.728005 1.459125 1.462118 1.215915 0.841837 0.761603 0.417966 0.552556 0.172379 0.079020 
2.562962 1.990509 1.650952 1.393091 1.650583 0.777366 0.857722 1.033506 0.415176 0.400059 0.052018 0.079706 
2.554713 1.885294 1.267337 1.325519 1.775502 0.998943 1.087718 0.851499 0.382245 0.445596 0.131525 0.084229 
2.507613 1.659590 1.608247 1.403021 1.484746 0.646217 0.959489 1.055456 0.573672 0.466391 0.194091 0.080667 
3.008827 2.300264 1.762647 1.645027 1.618896 0.344198 -0.025339 -0.179455 -0.098163 -0.026784 -0.055753 0.054696 
3.436045 2.689144 2.056087 1.949688 1.660843 -0.100340 -0.190604 -0.135802 -0.157186 -0.168592 0.001623 0.040442 
4.158239 3.143380 2.246314 1.831390 2.042276 -0.010011 -0.721413 -0.316962 -0.076547 -0.135360 -0.115120 -0.010220 
3.572493 2.874359 2.314999 1.820584 1.332698 0.436544 -0.173951 -0.441194 -0.397300 -0.202158 -0.125087 -0.001375 
3.619430 2.876685 2.213323 1.736441 1.378440 0.364083 -0.214981 -0.360626 -0.467277 -0.271149 -0.178523 -0.011390 
4.905965 3.324017 1.841277 0.995515 1.516128 0.291604 -0.044661 -0.047471 -0.174967 -0.584328 -0.220364 -0.045503 
5.005310 3.621201 1.714299 0.914442 1.120879 0.027757 -0.519374 0.312966 -0.114152 -0.391658 -0.229752 -0.066765 
4.426230 3.091609 1.789036 0.926021 1.001903 0.067098 -0.273428 -0.098045 -0.050129 -0.349290 -0.285511 -0.063150 
4.354202 3.112227 1.720912 1.067858 0.776421 0.146959 -0.199385 -0.011340 -0.319628 -0.650154 -0.247607 -0.051735 
5.230007 3.580903 1.443654 0.748461 1.135713 0.025269 -0.583690 -0.312376 -0.230607 -0.661747 -0.218495 -0.058138 
4.290914 3.261737 1.801901 0.757657 0.377526 -0.118840 -0.465402 -0.312781 -0.496340 -0.522249 -0.176596 -0.031389 
5.561293 3.547130 1.452115 0.521793 0.721980 -0.368595 -0.603026 -0.149814 -0.422949 -0.743468 -0.227317 -0.031930 
4.363384 2.992666 1.535185 0.862406 0.402946 -0.059186 -0.734930 -0.691600 -0.477242 -0.527153 -0.110238 -0.002611 
5.454508 3.203672 1.058306 0.786138 0.858100 -0.173738 -0.939110 -0.109427 -0.220648 -0.961952 -0.205008 0.004165 
4.762733 3.151075 1.157222 0.688549 0.541392 -0.512490 -0.918057 -0.178632 -0.363337 -0.712149 -0.094822 0.016365 
4.215326 2.881062 1.185177 0.431034 0.278517 -0.431870 -0.698544 -0.435348 -0.459011 -0.424538 -0.066166 0.033487 
4.247272 2.876178 1.363116 0.649263 0.303412 -0.751022 -0.824044 -0.477999 -0.241388 -0.336230 -0.039696 0.041685 
3.638167 2.646489 1.530918 0.706801 0.204377 -0.353818 -0.565767 -0.691583 -0.599976 -0.282892 0.047178 0.065197 
4.396664 2.829513 0.961009 0.623075 0.401481 -0.115328 -0.866721 -0.570320 -0.381258 -0.353133 -0.001841 0.054111 
4.109718 2.808397 1.330974 0.821020 0.479669 -0.551290 -0.952955 -0.642236 -0.273755 -0.383822 -0.016585 0.042485 
4.870679 3.049080 0.883507 0.442007 0.698038 -0.907257 -0.813468 -0.544234 -0.327386 -0.719352 -0.090998 0.024770 
3.587569 2.211273 0.974794 0.397758 0.027895 -0.880842 -1.033690 -0.797471 -0.625078 -0.529573 -0.106113 0.012528 
4.148456 2.547559 0.558357 0.112577 0.126016 -1.189218 -1.440661 -1.008178 -0.679461 -0.729538 -0.110044 -0.006904 
4.897148 2.721757 0.099183 -0.267438 0.877013 -2.275611 -1.367163 -0.606973 -0.538242 -1.256688 -0.346078 -0.004748 
5.375766 2.980780 -0.686036 0.119316 1.312776 -2.380953 -1.732265 -0.610649 -0.852707 -1.423998 -0.614600 -0.006480 
4.693522 2.613158 -0.060193 -0.114886 0.651473 -1.944731 -1.785840 -0.560371 -0.920042 -1.217514 -0.270239 0.001586 
5.256158 2.848961 -0.335393 -0.333814 1.346268 -2.686269 -1.646033 -0.734198 -0.787370 -1.252935 -0.540327 -0.008698 
4.963218 2.834298 -0.061380 -0.371087 0.972439 -2.642095 -1.223713 -0.583977 -0.434308 -1.139219 -0.445208 -0.023096 
4.863422 2.575655 -0.023774 -0.271482 0.911597 -2.147768 -1.208283 -0.441526 -0.712343 -1.347188 -0.429683 -0.018490 
4.816315 2.787036 -0.220584 -0.424290 2.100181 -2.397272 -0.797942 -0.595579 -0.492082 -1.209772 -0.591224 -0.029824 
4.986380 3.038451 -0.064975 -0.128432 2.459518 -2.433496 -0.335044 -0.425318 -0.475604 -1.074511 -0.644898 0.007640 
4.444378 2.900291 0.808154 0.312344 1.154401 -1.420781 -0.498853 -0.224081 -0.284112 -0.586529 -0.256186 -0.006976 
4.611245 3.291783 0.710544 0.520269 1.399513 -1.635024 0.163026 -0.160569 -0.442410 -0.401976 -0.274348 0.041922 
4.935925 3.382637 0.381596 0.365136 2.444173 -1.634764 0.202786 -0.302976 -0.416663 -0.265804 -0.331374 0.073326 
3.471777 2.499366 1.430671 0.349408 0.838384 -0.204637 0.005169 -0.314764 -0.701440 0.060079 -0.126661 0.061264 
4.088417 2.584214 0.975566 0.269146 1.621013 -0.911732 0.016675 -0.038094 -0.263724 -0.151254 -0.266226 0.031563 
4.675670 2.893042 0.409775 0.024785 2.427730 -1.781275 -0.024991 0.485078 -0.338924 -0.202007 -0.383335 0.064345 
4.788525 3.100881 0.308080 -0.134324 2.581607 -1.898447 -0.060364 0.508964 -0.354497 -0.334325 -0.406479 0.062201 
3.438955 2.214000 0.934889 0.237378 0.256682 -0.406545 -0.204312 -0.155447 -0.488288 -0.217059 -0.128185 0.047592 
4.595530 3.011445 0.263676 -0.463650 1.986346 -1.647124 -0.213801 0.035225 -0.775876 -0.182678 -0.296257 0.052986 
5.330507 3.760108 -0.104482 -0.938023 2.838310 -2.279217 -0.257822 0.065651 -0.861035 -0.297588 -0.611038 0.035813 
5.452188 3.667251 0.009823 -0.765715 2.599109 -2.492695 -0.510630 0.077607 -0.741098 -0.552958 -0.644124 0.012747 
3.923717 2.511177 0.900671 0.129337 0.086200 -0.967731 -1.308919 -0.481680 -0.168708 -0.362067 -0.129896 -0.017746 
4.730080 2.665970 0.864645 0.563079 0.591554 -1.174585 -0.890773 -0.139480 -0.313444 -0.741298 -0.149419 0.008128 
4.956202 2.896020 0.960812 0.450838 1.074443 -1.327131 -0.953971 0.168090 -0.086847 -0.839746 -0.225237 -0.012213 
5.705749 3.459094 0.317097 0.127465 2.315009 -2.046394 -0.747298 0.580197 -0.204972 -0.705218 -0.644825 -0.047894 
4.264385 2.627713 1.065312 0.277517 0.757308 -0.760055 -0.584075 0.174144 0.006018 -0.517795 -0.297132 -0.075682 
4.419755 2.537859 0.852444 0.442664 1.072376 -1.293264 -0.678546 0.377508 -0.164561 -0.866052 -0.325048 -0.060856 
4.586043 2.346106 0.226634 0.027220 1.544986 -1.777812 -0.891216 -0.094891 -0.116092 -0.866092 -0.383293 -0.064393 
4.977963 2.403120 -0.319016 -0.370393 1.998480 -2.177927 -0.930936 0.111870 -0.090476 -0.941692 -0.484921 -0.036711 
5.225284 2.063145 -0.228904 -0.321937 2.067283 -2.416872 -0.863571 0.235335 0.056584 -0.749385 -0.478988 0.012966 
5.288372 1.823794 -0.217399 -0.197718 2.342421 -2.504739 -0.977901 0.301574 0.031839 -0.487398 -0.368920 0.069304 
5.164587 1.206071 0.117959 0.241031 1.940951 -2.547422 -1.312225 0.404250 0.105004 -0.419878 -0.196785 0.088390 
4.652428 1.385507 -0.311719 0.956653 1.612101 -2.422393 -1.550814 0.394415 0.304261 -0.407614 -0.071462 0.085488 
4.877108 1.114378 -0.094362 0.629236 2.456663 -2.772670 -1.085366 0.665001 0.182058 -0.048236 -0.096160 0.140923 
5.134720 1.113561 0.036215 0.445089 3.309908 -2.821487 -0.591501 0.868612 -0.001409 0.112569 -0.190540 0.201876 
3.811140 1.144661 0.720165 1.239000 2.250638 -0.966515 -0.046701 0.997220 0.061934 -0.245435 -0.143942 0.065379 
3.460594 1.666637 0.756212 1.133327 2.497472 -0.205153 0.450642 0.291751 -0.169741 -0.054553 0.070967 0.068996 
4.232102 1.942709 0.384508 0.624517 3.209203 -0.977616 0.421991 1.196686 0.014107 -0.317623 -0.162186 0.113252 
4.060945 1.816697 0.715023 1.090837 2.587922 -0.443297 0.295544 0.910460 0.317490 -0.543101 -0.101436 0.086957 
3.851625 1.820789 0.656539 1.305054 2.649852 0.167908 0.551330 0.658724 0.550767 -0.535844 -0.266084 0.026698 
3.729671 1.720336 0.866540 1.128917 2.636790 0.064069 0.080110 0.907435 0.314487 -0.422015 -0.004994 0.062876 
4.236142 1.882013 0.880718 0.683781 2.989270 -0.059697 -0.344773 1.197696 0.347606 -0.465145 0.204553 0.106750 
3.284524 1.976729 1.249331 0.902124 1.510039 0.080179 0.490190 0.982969 0.193962 -0.094181 0.068733 0.064908 
