2.550666 1.994750 1.786046 1.592467 1.391107 1.161065 0.913683 0.725357 0.581963 0.405038 0.199141 0.079741 
2.557161 1.982869 1.749231 1.607671 1.380748 1.183279 0.957546 0.714285 0.571950 0.383840 0.189407 0.079889 
2.553999 2.006403 1.717921 1.594525 1.383110 1.072605 0.897976 0.797197 0.601015 0.397305 0.198007 0.079931 
2.600397 2.040465 1.706316 1.569762 1.418225 1.136770 0.929971 0.743355 0.602055 0.442877 0.218045 0.079836 
2.576391 2.017512 1.746729 1.589609 1.391291 1.160441 0.960086 0.745827 0.587400 0.383771 0.233131 0.079018 
2.559579 1.994244 1.737509 1.582171 1.385647 1.116220 0.983395 0.761952 0.606539 0.404965 0.204428 0.079394 
2.581921 2.023271 1.798111 1.650344 1.429751 1.279052 1.071618 0.855082 0.567291 0.407157 0.233715 0.080490 
2.568817 1.923306 1.644802 1.513414 1.309652 1.142592 0.863486 0.704468 0.558475 0.380608 0.200201 0.080811 
2.578354 2.026367 1.807124 1.595560 1.347202 1.171455 0.965699 0.793452 0.615305 0.457008 0.262600 0.080596 
2.696521 2.221441 1.945867 1.726822 1.462572 1.236350 0.895751 0.754565 0.526137 0.357169 0.184937 0.077059 
2.958990 2.518345 2.253653 1.944449 1.681089 1.282351 1.037178 0.502067 0.290369 -0.004920 0.043150 0.048383 
3.134466 2.878396 2.416829 2.086697 1.636041 1.353672 0.819559 0.541425 0.013200 -0.095242 -0.061505 0.017924 
3.686828 3.513926 2.223157 2.342436 2.075301 1.508433 0.957992 0.169128 -0.314115 -0.214827 0.083106 0.011789 
2.994173 2.497783 2.084817 1.968668 1.615780 1.450863 1.069480 0.325289 -0.197104 -0.293579 -0.058166 0.023853 
3.533179 3.027602 2.128377 2.014394 1.937388 1.242702 1.054277 0.278083 -0.398544 -0.514905 -0.081731 -0.013259 
3.876093 3.525920 1.725174 2.546660 2.562280 0.994540 1.055038 0.716136 -0.819315 -0.795253 -0.033390 0.001233 
3.423582 2.924771 1.931411 2.307619 2.149800 0.977831 0.879826 0.082430 -0.514513 -0.570276 -0.151659 -0.020267 
3.033800 2.754732 2.297663 1.934626 1.714910 0.789774 0.641107 0.019092 -0.498842 -0.299444 -0.239361 -0.013239 
3.312722 3.116963 2.151565 2.003470 1.899900 0.875653 0.554869 0.257318 -0.348448 -0.258592 -0.287479 -0.030561 
3.770310 4.324132 2.004004 2.716517 3.715530 -0.686898 1.729448 0.475197 -1.004965 -0.649771 -0.219759 0.044608 
3.240970 3.372080 2.850275 2.260024 2.039451 0.568564 0.838126 0.035545 -0.467287 -0.379575 -0.159957 -0.046355 
3.085954 2.842999 2.454887 2.003100 1.635947 0.674762 0.507314 0.115988 -0.336557 -0.363382 -0.272980 -0.026928 
3.230320 2.850607 2.521680 1.983730 1.510031 0.596012 0.201419 0.122663 -0.367691 -0.356261 -0.210663 -0.028752 
3.317825 3.073598 2.920930 2.094218 1.824685 0.676142 0.219199 0.279997 -0.586639 -0.184840 -0.266776 -0.049973 
3.658143 4.025330 3.281182 2.461228 2.350200 0.265181 0.615766 -0.034548 -0.681007 -0.442745 -0.112852 -0.064250 
3.424568 3.242297 2.623778 2.276606 1.657598 0.676396 0.366609 -0.028659 -0.363337 -0.442744 -0.206437 -0.052827 
3.243671 2.872165 2.508401 1.806640 1.620306 0.817747 0.397557 -0.148638 -0.436396 -0.313218 -0.280182 -0.039681 
3.246889 2.819610 2.516504 1.847257 1.470259 0.842963 0.227820 -0.038239 -0.530886 -0.371268 -0.224071 -0.040115 
3.593278 3.227644 2.810991 2.135225 1.640935 1.132758 0.166502 0.070064 -0.596813 -0.309770 -0.211348 -0.058408 
4.299011 5.452657 3.032430 1.405831 3.717664 0.308368 1.130755 0.321431 -1.235645 -0.270518 -0.321892 -0.056783 
3.380095 3.282115 2.860455 2.038806 1.982762 0.807980 0.567348 -0.063297 -0.519331 -0.358606 -0.220072 -0.060581 
3.139193 2.795251 2.485626 2.017527 1.650977 0.852813 0.430070 -0.052879 -0.301366 -0.349192 -0.319912 -0.044297 
3.332317 3.110070 2.696349 2.087751 1.694815 0.867959 0.335285 -0.093517 -0.339900 -0.348639 -0.263209 -0.056237 
4.847105 6.826956 1.436036 0.152038 3.901410 1.418147 1.354850 -0.317715 -0.916205 -0.703966 -0.123664 -0.064050 
4.237074 4.135259 2.671303 1.962628 2.443933 1.617041 0.971745 -0.169723 -1.067439 -0.549032 -0.115078 -0.044645 
3.326982 2.928355 2.425545 1.942336 1.630713 0.988776 0.440153 -0.091989 -0.451830 -0.409461 -0.264832 -0.054582 
3.375548 2.935329 2.410581 1.779538 1.618839 1.185026 0.665161 0.039101 -0.566535 -0.473107 -0.272269 -0.056827 
5.603337 5.498531 2.301461 -0.225370 4.045593 1.634027 0.760591 0.222049 -2.003083 -0.263582 -0.312222 -0.022146 
4.158081 3.606897 2.771049 1.904053 2.477716 1.380856 0.610723 -0.332874 -1.105548 -0.398752 -0.106061 -0.049407 
3.750726 3.221480 2.508355 1.784906 1.932538 1.423719 0.751703 -0.201724 -0.841832 -0.551407 -0.136663 -0.052285 
3.390527 2.877183 2.396555 1.718065 1.515567 0.989241 0.402944 -0.123051 -0.574511 -0.417411 -0.233031 -0.052094 
3.639417 3.126584 2.528727 1.971639 1.791995 1.358110 0.663753 -0.134323 -0.707534 -0.496479 -0.166999 -0.056505 
3.990182 3.400958 2.747551 2.076771 1.992730 1.291907 0.439107 -0.359903 -0.749009 -0.493634 -0.101258 -0.055149 
4.247087 4.056152 2.940170 1.991026 1.782206 1.056168 0.666756 -0.180229 -0.749342 -0.349896 -0.191333 -0.061730 
3.555801 3.176742 2.658817 2.180923 1.656360 0.989235 0.360109 -0.234082 -0.476611 -0.355272 -0.195632 -0.057413 
3.615781 3.295462 2.810676 1.955198 1.724117 0.834274 0.278508 -0.142498 -0.627744 -0.303784 -0.183633 -0.056373 
3.942980 3.531415 2.870548 2.023440 2.331990 1.312962 0.419402 -0.383087 -1.036511 -0.329059 -0.073816 -0.048477 
3.895252 3.497287 2.623092 1.816249 1.612332 0.887453 0.450915 -0.233279 -0.644988 -0.322929 -0.163927 -0.047692 
4.133112 3.697488 3.151093 1.856100 2.526652 1.526263 0.593874 -0.294488 -1.175215 -0.395372 -0.055440 -0.048023 
3.821575 3.350068 2.781677 2.063680 1.934553 1.241904 0.338357 -0.357184 -0.738094 -0.351272 -0.101569 -0.048269 
3.568386 3.247614 2.807174 2.177575 1.921699 1.097482 0.340754 -0.189096 -0.614497 -0.305085 -0.159990 -0.054549 
3.581876 3.151383 2.577221 1.836769 1.530687 0.838222 0.281406 -0.165736 -0.476872 -0.337310 -0.169134 -0.039864 
3.329030 2.990794 2.340102 1.778767 1.408978 0.919617 0.471329 -0.158912 -0.482603 -0.386467 -0.189998 -0.030978 
3.618733 3.168089 2.583909 1.716111 1.898385 1.109958 0.457588 -0.271896 -0.946594 -0.354315 -0.070384 -0.027284 
3.484763 3.059730 2.325857 1.711333 1.715709 1.097843 0.545849 -0.295571 -0.780382 -0.441207 -0.085451 -0.023296 
3.673891 3.268352 2.471258 1.611488 2.030961 1.168759 0.800319 -0.286730 -0.964413 -0.376723 -0.096330 -0.025951 
3.298315 2.791767 2.161641 1.806658 1.463724 1.058040 0.471193 -0.142694 -0.489135 -0.363577 -0.175099 -0.026476 
4.240063 4.252026 2.745871 1.272852 3.607216 1.461210 1.544314 -0.304974 -1.524458 -0.433384 -0.110063 0.012521 
3.562305 3.173743 2.498288 1.682375 1.987853 1.298450 0.804409 0.051160 -0.616567 -0.355524 -0.179027 -0.042080 
3.684482 3.381614 2.402113 1.921492 2.935952 1.559647 1.151749 -0.263470 -0.849033 -0.317354 -0.084711 -0.022938 
3.110534 2.679472 2.295694 1.899111 2.144681 1.051656 0.511825 -0.090004 -0.460515 -0.153431 -0.178560 -0.018642 
3.619226 3.376707 2.449159 1.742668 2.966175 1.643326 1.241496 -0.143873 -1.060861 -0.208557 -0.098841 -0.011046 
3.520965 3.066484 2.343186 1.503652 2.232685 1.530686 1.102636 0.161303 -0.681934 -0.202950 -0.181944 -0.014082 
3.284545 2.957548 2.362784 2.020946 2.429672 1.490914 1.002071 0.050329 -0.560325 -0.183823 -0.168779 -0.013298 
2.892894 2.221806 1.918004 1.665941 1.292970 0.864699 0.305023 -0.015222 -0.056116 -0.091021 -0.068679 0.049404 
3.202397 2.662052 2.108855 1.861480 1.797895 1.529161 0.846487 -0.010068 -0.417851 -0.337765 -0.094293 0.012698 
3.139201 2.759726 2.299127 1.915379 1.564117 1.325425 0.843892 0.257978 -0.127315 -0.229823 -0.045847 0.017709 
2.948662 2.530511 2.417248 2.198053 2.033024 1.604391 0.957143 0.576693 0.164514 0.106347 0.019929 0.043952 
2.776544 2.248844 1.873921 1.573803 1.374859 1.066541 0.825460 0.485754 0.303158 0.166812 0.107972 0.068148 
2.777028 2.344131 2.100826 1.900505 1.567883 1.251254 0.923394 0.644745 0.401109 0.202321 0.056202 0.065615 
2.703590 2.197903 1.941759 1.676407 1.478987 1.206171 0.919141 0.594205 0.354802 0.225255 0.096657 0.071692 
2.664376 2.121443 1.881268 1.646800 1.372847 1.172087 0.874222 0.585601 0.366621 0.201355 0.105833 0.074416 
2.638075 2.080755 1.785434 1.600549 1.360360 1.101043 0.846386 0.570526 0.404433 0.249368 0.145875 0.077464 
2.637946 2.089669 1.829072 1.589181 1.378406 1.196912 0.891353 0.664214 0.402073 0.246585 0.146565 0.077190 
2.554168 1.970640 1.683823 1.434877 1.243138 1.051676 0.844143 0.687340 0.508608 0.328763 0.198260 0.080886 
2.591746 2.034390 1.791540 1.582722 1.348400 1.083446 0.854422 0.658161 0.485831 0.326076 0.173940 0.079246 
2.628887 2.070350 1.813059 1.614681 1.438650 1.208842 0.913471 0.658393 0.466989 0.318133 0.167444 0.078304 
2.599013 2.042335 1.795555 1.603713 1.412010 1.215236 0.940140 0.736843 0.534113 0.378755 0.209894 0.079797 
2.617984 2.106404 1.860802 1.677505 1.467117 1.188590 0.986856 0.719154 0.515853 0.307796 0.167602 0.078571 
2.587285 2.031831 1.797836 1.612001 1.340466 1.086391 0.861012 0.661787 0.485910 0.334882 0.191689 0.079394 
2.586467 2.030799 1.753909 1.541027 1.359948 1.125360 0.922607 0.737681 0.535880 0.369160 0.211537 0.079878 
2.606284 2.056798 1.782665 1.567212 1.341735 1.080931 0.872975 0.663571 0.490550 0.361746 0.214681 0.079790 
2.578139 2.036317 1.796608 1.618113 1.367745 1.195338 0.986439 0.753229 0.555263 0.378179 0.208797 0.079941 
2.569722 1.996645 1.750372 1.554245 1.375290 1.131466 0.906792 0.727573 0.514603 0.335891 0.198544 0.080041 
2.558090 1.972762 1.684524 1.533721 1.326171 1.122588 0.916743 0.717173 0.566823 0.398572 0.231192 0.080251 
