2.605737 1.953002 1.800449 1.446740 1.214489 0.976902 0.980299 0.776153 0.624665 0.398535 0.217480 0.079859 
2.597766 1.940041 1.676689 1.509534 1.343027 1.170436 1.169816 0.747764 0.534136 0.354943 0.218884 0.079950 
2.615304 2.008043 1.855162 1.557765 1.326671 0.953504 1.037546 0.904588 0.627224 0.350702 0.177048 0.080183 
2.571837 2.038755 1.763112 1.434242 1.269085 1.167738 1.047489 0.734127 0.471624 0.347331 0.188729 0.079889 
2.607230 2.008679 1.783223 1.478056 1.372556 1.165147 1.114561 0.806576 0.572023 0.403879 0.184702 0.079178 
2.562500 1.925114 1.706382 1.527382 1.258471 1.001417 0.903512 0.779101 0.497463 0.335739 0.268680 0.081072 
2.547011 1.980592 1.788600 1.473126 1.386691 1.176673 1.037930 0.836360 0.531193 0.458730 0.226202 0.080081 
2.548708 1.957866 1.697909 1.381732 1.282467 1.171670 0.994914 0.793682 0.586132 0.464674 0.197248 0.079924 
2.543154 1.978002 1.736583 1.515605 1.387952 1.073387 0.882167 0.793265 0.589460 0.382447 0.210982 0.079684 
2.556279 2.090948 1.720864 1.496929 1.421132 1.064310 0.970149 0.858578 0.625082 0.355961 0.217987 0.079929 
2.615307 2.053412 1.776057 1.398748 1.383837 1.106670 1.132414 0.654595 0.423329 0.436350 0.190740 0.080469 
2.578896 1.930180 1.722590 1.454833 1.283111 1.362406 1.052116 0.684238 0.577405 0.420752 0.255564 0.080494 
2.549176 1.886293 1.656087 1.555024 1.358792 1.230452 0.935531 0.690220 0.495030 0.329324 0.253999 0.080534 
2.619910 2.021658 1.641198 1.511485 1.258043 1.043487 1.017699 0.824217 0.483452 0.364566 0.270244 0.080934 
2.566393 1.895588 1.618807 1.574559 1.461360 1.207370 1.088939 0.582090 0.428030 0.365793 0.258145 0.081411 
2.584540 1.873543 1.659625 1.359720 1.193308 1.420427 1.051041 0.783253 0.542206 0.423554 0.159797 0.079952 
2.463932 2.042103 1.558878 1.730005 1.209417 1.262545 1.298808 0.611514 0.592581 0.335912 0.214428 0.078070 
2.438349 2.051255 1.123946 1.506999 1.514732 1.093269 1.487601 0.473286 0.601945 0.221638 0.360971 0.078792 
2.366018 2.075172 0.659319 1.641737 0.900251 1.746859 1.282785 0.591249 0.570631 0.331198 0.323376 0.075410 
2.347919 1.906033 0.157972 1.424458 1.236849 2.166990 1.651651 0.501006 0.548405 0.319013 0.281477 0.082119 
2.575663 2.044068 -0.350680 1.088313 0.604037 2.194862 1.935075 0.659082 0.837764 0.342497 0.588458 0.050069 
2.784999 2.037447 -0.226800 0.921158 0.922291 2.052310 2.069412 0.710649 1.058603 0.621389 0.667174 0.052386 
2.892347 2.178733 0.093087 0.663183 0.841242 2.005865 1.566276 0.705920 1.153384 0.724314 0.521865 0.061217 
3.074610 2.372053 0.314722 0.727263 1.792727 1.713269 1.668000 1.137923 1.455806 0.929827 0.330384 0.044705 
3.389160 2.703611 0.955425 0.854694 1.738033 1.456839 1.153674 0.646981 1.064793 0.720866 0.272896 0.067730 
3.424701 2.603398 1.366455 1.365468 2.267728 0.419727 0.434093 0.867934 1.451417 1.665318 0.166227 0.066434 
3.469036 2.985460 1.434406 1.627351 2.203775 -0.343611 -0.001903 0.360519 1.285675 1.712549 0.269616 0.120359 
4.052867 3.415579 1.105121 1.173853 3.038767 -0.884809 -0.711583 0.638628 1.221118 2.081691 0.249085 0.111946 
3.967669 2.885751 1.731676 0.823217 2.482807 -0.579960 -0.599814 0.094353 1.323281 1.729104 0.329627 0.101156 
3.846447 2.928208 1.564826 1.624863 2.047652 -0.709379 -0.748702 0.165658 1.149120 1.737483 0.345427 0.126838 
4.201554 3.025823 1.761272 1.639290 1.952553 -0.431830 -1.252421 -0.253743 1.294434 1.635512 0.336896 0.097814 
4.464147 3.387975 1.856743 1.301845 2.476195 -0.265744 -1.690740 -0.524642 1.257667 1.253449 0.368211 0.064909 
4.646215 3.489746 2.533631 1.317877 2.474628 -0.721945 -1.647418 -0.962170 1.269880 1.203745 0.129810 0.055969 
4.358594 3.624304 2.395422 1.988788 2.046327 -0.929480 -1.430075 -1.058576 1.081324 0.873736 -0.032722 0.042560 
4.617445 3.798421 2.529462 1.539285 2.318610 -0.570227 -1.874364 -1.068841 0.878419 0.708001 -0.019737 -0.000676 
3.983826 3.350620 2.501688 1.842021 1.458762 -0.395373 -1.213473 -0.581599 0.363042 0.406957 -0.150621 0.009684 
4.057578 3.309212 2.518413 1.636175 1.467021 -0.277824 -1.012372 -0.583935 0.247509 0.295370 -0.180404 -0.012766 
4.758083 3.660788 2.522832 1.579876 1.940937 -0.343188 -1.720459 -0.759751 0.302598 0.507536 -0.192612 -0.063741 
4.332499 3.679845 2.223504 1.802219 1.783911 -0.522176 -0.796651 -0.837062 -0.156130 0.366004 -0.232700 -0.029314 
4.143704 3.485377 2.733009 1.983800 1.582295 -0.626644 -1.112695 -0.405554 -0.086475 0.112409 -0.280115 -0.034671 
3.951651 3.183349 2.376838 1.716487 1.437521 -0.014843 -0.821666 -0.621251 -0.165900 -0.020510 -0.214196 -0.039737 
3.766671 2.983301 2.254255 1.671875 1.444468 0.196121 -0.715263 -0.450886 -0.291335 -0.075615 -0.197759 -0.040487 
4.361536 3.295783 1.895813 1.994285 1.713496 -0.014987 -0.635924 -0.647481 -0.215037 -0.052098 -0.190753 -0.051109 
5.837154 3.409556 1.414215 1.531802 3.450819 -0.629598 -1.195767 -0.392336 -0.181265 0.070523 -0.277377 -0.085078 
4.555954 3.132635 2.015049 1.807920 2.086686 0.327551 -0.995410 -0.595702 -0.085586 -0.099052 -0.168179 -0.065818 
3.768111 2.826157 2.052654 1.824468 1.394731 0.279851 -0.569350 -0.403171 -0.135082 -0.108867 -0.205207 -0.034463 
4.101503 2.703444 2.089073 2.043288 1.902943 0.136880 -0.894149 -0.394440 0.059939 -0.108040 -0.234710 -0.054151 
5.564503 3.210358 1.310894 1.613051 3.553372 0.084453 -1.671485 -0.338490 -0.039291 0.056618 -0.198913 -0.118754 
4.677019 2.992636 1.895929 2.137902 2.780124 -0.037741 -1.297728 -0.579021 0.092609 0.095739 -0.201925 -0.085853 
4.521145 2.940938 2.060612 2.469027 2.489535 0.058592 -1.215751 -0.373178 0.033088 -0.009978 -0.236578 -0.075807 
3.842003 2.815413 2.441642 2.476061 1.796787 0.201828 -0.596098 -0.408751 -0.058957 -0.190142 -0.191762 -0.037166 
4.504699 2.940149 1.994356 2.785980 2.573760 0.183299 -0.637928 -0.816642 0.049252 -0.149975 -0.173867 -0.065542 
3.955201 2.816672 2.064443 2.163978 1.894154 0.632640 -0.562855 -0.622654 -0.193114 0.037489 -0.151708 -0.034847 
3.542871 2.743262 2.217478 2.012790 1.644341 0.311287 -0.438225 -0.268985 0.014276 -0.035692 -0.256549 -0.024992 
4.992516 3.332321 2.352061 2.924191 2.984325 -0.078535 -1.281183 -0.893391 0.284521 0.344056 -0.260855 -0.111149 
4.311116 3.326878 2.437048 2.700588 2.558952 0.227989 -1.149196 -0.765899 0.202442 0.319343 -0.265681 -0.078056 
3.883198 3.100489 2.437593 2.259470 2.034358 0.454790 -0.756581 -0.649223 -0.041674 0.136742 -0.193855 -0.034544 
3.391354 2.709850 2.419351 1.986192 1.213263 0.190923 -0.350057 -0.193606 -0.118353 -0.030494 -0.143900 0.006932 
5.272814 3.759857 2.874962 2.514135 3.076119 -1.246150 -1.116359 -1.110815 0.234700 0.412581 -0.316574 -0.052236 
3.981079 3.448821 2.895905 2.453901 1.858577 0.041387 -0.722147 -0.630875 -0.028392 0.145105 -0.197734 -0.014327 
3.896163 3.511246 2.875290 2.166790 1.633103 0.101306 -0.459219 -0.606212 -0.054463 0.129679 -0.154413 0.002968 
4.283156 3.657620 2.797098 2.374506 2.132991 -0.140202 -0.943906 -0.930870 0.296265 0.302480 -0.184149 -0.011275 
3.372166 2.705259 2.187556 1.797443 1.188231 0.297676 -0.117705 -0.186137 0.015006 -0.010578 -0.054680 0.027911 
3.799858 3.048685 2.448477 2.267132 1.485736 0.120861 -0.392074 -0.549630 0.273877 0.137167 -0.048324 0.022511 
3.467940 2.794171 2.054990 1.775692 1.591902 0.591198 -0.166818 -0.424638 0.038912 0.165387 -0.005276 0.029012 
3.820051 2.980864 2.456400 2.220936 1.894841 0.289064 -0.672823 -0.446057 0.171420 0.410276 -0.031190 0.020654 
3.148301 2.483725 1.878863 1.420459 0.857914 0.306734 0.030130 -0.035014 0.230052 0.190236 0.089743 0.061119 
4.247504 3.345880 2.657673 2.387248 2.084972 -0.236915 -0.924429 -0.749877 0.239770 0.743157 -0.074765 0.027202 
3.485430 2.890532 2.019213 1.421289 0.952916 0.523547 0.142708 -0.130007 0.148877 0.227757 0.177545 0.067156 
3.680887 3.036837 2.510210 1.963233 1.267506 -0.004208 -0.392091 -0.130636 0.214177 0.351425 0.293985 0.101800 
3.052898 2.303813 1.663799 1.199349 0.934425 0.528501 0.127664 0.103285 0.274155 0.346622 0.312825 0.087391 
4.292207 3.212108 1.823788 1.541533 1.864983 0.530637 -0.291944 -0.594070 0.185353 0.544203 0.407978 0.126305 
3.332651 2.575712 1.691653 1.322879 1.134932 0.710278 0.213721 0.074582 0.335791 0.384918 0.368104 0.098294 
3.195056 2.377570 1.759164 1.580601 1.471371 0.862549 0.250217 0.155808 0.246526 0.396548 0.369408 0.087421 
2.864972 2.077345 1.706482 1.526400 1.270377 0.731434 0.524096 0.474602 0.657356 0.477767 0.293310 0.078868 
3.310944 2.574861 1.901111 1.408362 1.619889 1.185197 0.856416 0.294860 0.343013 0.481058 0.401803 0.100958 
3.335157 2.530619 1.850421 1.359349 1.842399 1.755707 1.260746 0.505756 0.419569 0.343003 0.430195 0.107277 
2.825406 2.231812 1.790313 1.520934 1.377355 1.246740 0.852515 0.393759 0.287961 0.161637 0.212481 0.071497 
3.095249 2.372518 1.849718 1.776471 1.820882 1.536004 0.967767 0.546229 0.368452 0.358559 0.365919 0.085973 
3.083625 2.414876 1.889712 1.538320 1.950850 1.190418 0.725629 0.273474 0.309639 0.458901 0.433828 0.091678 
3.027265 2.368287 1.981473 1.854482 1.536682 1.317442 0.866619 0.542918 0.582411 0.304066 0.303065 0.078371 
2.838679 2.299352 1.773357 1.784161 1.736117 1.327484 1.016206 0.645658 0.688473 0.343495 0.335282 0.078796 
2.762132 2.069674 1.592881 1.541884 1.669926 0.999411 0.866665 0.289453 0.393475 0.286893 0.278716 0.079836 
3.114051 2.368515 1.848038 1.587364 1.695439 1.377082 1.232334 0.646322 0.395514 0.378332 0.286282 0.084551 
2.833396 2.216958 1.741316 1.654437 1.749365 1.110671 0.937395 0.394991 0.320384 0.255680 0.252334 0.076556 
