2.384493 2.239964 1.326473 1.836768 0.837836 1.171801 0.609990 0.890029 0.611917 0.484771 0.384986 0.080345 
2.281681 2.332585 1.428966 1.680151 1.209543 1.203530 0.952743 0.757732 0.498237 0.271245 0.363850 0.072341 
2.380848 2.303763 1.371043 1.680227 1.088498 1.164271 0.672693 0.842844 0.515267 0.350822 0.433875 0.075716 
2.284300 2.242885 1.216289 1.737069 1.163816 1.384475 0.549921 0.830620 0.384193 0.393954 0.238708 0.084575 
2.316221 2.359034 1.000866 1.717291 1.104427 1.382842 1.079653 0.853718 0.424394 0.164069 0.364608 0.073461 
2.331338 2.117519 1.041316 1.899419 1.329726 1.211681 0.846759 0.697841 0.459948 0.306641 0.433275 0.074914 
2.249950 2.185607 1.130825 1.958974 1.077795 1.327179 1.124733 0.749143 0.507917 0.103148 0.376390 0.070270 
2.395646 2.078960 0.941972 1.871634 1.364908 1.225595 0.849491 0.689375 0.707260 0.314647 0.432407 0.069497 
2.430308 2.065931 0.831154 1.489472 1.265266 1.332998 0.887085 0.717028 0.611973 0.481511 0.454557 0.074643 
2.435554 2.034141 1.027714 1.628250 1.604993 1.109907 1.272218 0.506785 0.561958 0.381844 0.442734 0.077424 
2.378528 1.955024 1.208093 1.640181 1.517808 1.351704 0.715323 0.597987 0.660806 0.474665 0.225582 0.077271 
2.522859 2.174408 1.345510 1.704177 0.994435 0.761450 0.975746 0.786765 0.701009 0.160607 0.185401 0.077191 
3.004844 2.454266 2.234000 1.895281 1.576779 1.067142 0.558548 0.466043 0.122523 0.087016 -0.076580 0.040309 
3.782177 2.727657 1.775172 2.273167 2.205049 1.077836 0.142623 0.156643 0.212128 0.040161 -0.189821 -0.023532 
4.289293 2.737671 1.361891 1.955502 2.699634 1.310512 -0.147222 0.104714 0.351259 -0.013523 -0.243215 -0.079518 
4.529900 2.723224 0.932903 2.036454 2.674476 1.197639 -0.202376 -0.123628 0.424219 -0.180661 -0.239537 -0.095446 
4.561221 2.676014 0.937889 1.713050 2.533877 1.159657 -0.465677 -0.106983 0.259411 -0.100175 -0.254719 -0.105235 
4.285162 2.480124 0.970987 1.802337 2.301464 1.027582 -0.385103 -0.326233 0.143400 -0.301009 -0.230652 -0.081032 
4.916952 2.593785 0.732671 1.557611 2.483420 0.778274 -0.746004 -0.289988 0.293673 -0.311409 -0.246852 -0.107157 
5.136734 2.797330 0.498689 1.570583 2.548255 0.572259 -1.198641 -0.347883 0.383551 -0.302373 -0.220747 -0.114236 
4.909770 2.580468 0.694544 1.374496 2.257309 0.440149 -1.218897 -0.382598 0.444035 -0.312307 -0.194020 -0.094547 
4.754839 2.458117 0.722533 1.450821 2.082443 -0.071970 -1.164531 -0.539106 0.507713 -0.115344 -0.203532 -0.088312 
4.861369 2.651896 0.423308 1.093646 2.219543 -0.198668 -1.608373 -0.193643 0.443674 -0.089116 -0.217927 -0.102591 
5.288486 2.208354 0.274354 0.819882 2.661771 0.248591 -1.655040 -0.268419 0.203887 -0.332410 -0.217412 -0.080995 
4.686773 2.238611 0.235298 0.552464 2.160799 0.146659 -0.913343 -0.501595 0.171831 -0.370156 -0.158758 -0.051375 
4.697276 2.132583 0.210909 0.928486 2.120988 0.479402 -0.916372 -0.371452 0.077432 -0.535945 -0.226288 -0.055007 
5.264270 2.586065 -0.544994 0.686349 2.776388 0.239613 -0.885361 -0.202524 0.143243 -0.405880 -0.353362 -0.107340 
5.366169 2.211594 -0.343208 1.279431 2.610566 0.589708 -1.079583 -0.588660 0.273323 -0.506747 -0.287007 -0.082635 
4.914724 2.051937 0.167255 1.223457 2.539261 0.280321 -1.171155 -0.449335 0.340688 -0.371641 -0.318330 -0.101657 
4.206205 1.938657 0.624210 1.404124 2.001740 0.258546 -1.121887 -0.424720 0.260356 -0.257952 -0.311192 -0.082974 
4.532664 2.074143 0.438512 1.417331 2.018207 0.022530 -1.115841 -0.279413 0.445652 -0.210141 -0.375120 -0.114940 
5.279851 2.419079 -0.198655 1.321463 2.867490 0.178271 -1.261166 -0.494581 0.576686 -0.377133 -0.362024 -0.140768 
6.078177 2.462055 -0.442179 1.225327 3.210553 -0.135860 -1.068584 -0.591056 0.530935 -0.282403 -0.451012 -0.135460 
4.586973 2.038280 0.331175 1.429774 2.124217 0.141837 -1.132032 -0.309023 0.625849 -0.042673 -0.379563 -0.144988 
4.492336 2.031046 0.422145 1.274816 1.984758 0.067526 -1.155434 -0.174001 0.724408 0.070741 -0.378621 -0.149191 
5.045627 2.250453 0.105218 1.123780 2.106316 -0.140623 -1.239241 0.043074 0.983032 0.128032 -0.353045 -0.170613 
6.186117 2.635001 -0.713303 0.405285 3.174978 -0.637329 -1.115109 0.273250 0.706609 0.331701 -0.428550 -0.157085 
4.982113 2.223529 0.068969 0.689110 2.106088 -0.014879 -1.333239 0.243597 0.954189 0.127364 -0.284202 -0.163417 
4.010763 2.001842 0.545226 0.908533 1.397826 -0.088479 -0.488301 0.031929 0.838154 0.046584 -0.432822 -0.134688 
4.973435 2.474044 0.015908 0.536990 2.180164 -0.396652 -1.246412 0.451604 0.923347 -0.043389 -0.392624 -0.185368 
5.465949 2.673512 -0.283074 0.113449 2.548020 -0.843005 -0.954017 0.480142 1.070818 -0.089384 -0.483946 -0.200138 
5.198805 2.500064 -0.115502 0.640616 1.839011 -0.388735 -1.159307 0.446787 1.158996 -0.079982 -0.417810 -0.199480 
4.259674 2.068361 0.544251 0.859247 1.212347 -0.154065 -0.630086 0.392542 1.022831 -0.044784 -0.488721 -0.171475 
5.592370 2.334331 -0.541364 0.245687 2.436392 0.056010 -0.967812 0.540853 0.675438 -0.096809 -0.474718 -0.204443 
5.407990 2.238518 -0.459841 0.531937 2.491643 0.409833 -0.571535 0.419135 0.517867 -0.166115 -0.485011 -0.190349 
5.501006 2.518373 -0.954705 0.304666 2.499410 0.957361 -0.854643 0.206207 0.414651 -0.237485 -0.392303 -0.190609 
5.979229 2.409208 -1.040310 0.221639 2.752224 0.677716 -0.958391 0.470895 0.306134 -0.068516 -0.453557 -0.182927 
5.597399 2.291842 -0.801901 0.393989 2.452399 0.772843 -0.952361 0.494458 0.575059 -0.034405 -0.381375 -0.177004 
4.804292 1.802198 -0.369669 0.645848 2.102023 0.672367 -0.531872 0.395925 0.795911 0.047360 -0.312993 -0.138010 
5.804148 2.048419 -0.642126 0.097110 2.754867 0.793681 -1.104683 0.675236 0.897234 0.203244 -0.224578 -0.149853 
4.556106 1.732160 -0.345582 0.605900 2.028398 0.638477 -0.511134 0.464227 1.042678 0.175470 -0.186973 -0.098303 
6.209645 1.090319 -0.544672 -0.218795 2.417027 1.126120 -1.239907 1.096296 0.984588 0.230130 -0.082590 -0.083887 
4.785558 1.628012 -0.537025 -0.026096 1.647652 0.934367 -0.544466 0.639202 1.159782 0.235778 -0.059801 -0.087369 
5.947584 1.619224 -0.982430 -1.200028 2.596337 1.017797 -0.812954 1.232795 1.239227 0.318368 -0.016940 -0.118275 
4.862174 1.452922 -0.881001 -0.610117 1.750921 1.140435 -0.479209 1.181535 1.308565 0.189623 -0.012909 -0.096570 
5.191631 1.436684 -1.111684 -0.817002 2.091687 1.121772 -0.296735 1.119878 1.265333 0.275586 0.027301 -0.083765 
5.387353 1.446973 -1.452402 -0.951203 2.292660 1.316254 -0.087842 0.967828 1.391397 0.315700 0.063717 -0.075968 
4.997153 1.506862 -1.345088 -0.669616 1.911687 1.319154 0.141171 0.955421 1.176004 0.242320 0.069437 -0.050561 
6.013254 1.190270 -1.336139 -1.400825 2.836193 1.187072 0.058362 1.211894 0.841705 0.465767 0.053982 -0.056637 
5.239357 1.723369 -1.555190 -0.924101 2.157755 1.519419 0.388134 0.842033 0.792296 0.248717 0.091541 -0.039057 
4.604218 1.330697 -0.861228 -0.320407 1.540516 1.666044 0.617894 0.721012 0.614147 0.051860 0.070651 -0.004722 
5.001243 1.402781 -1.376953 -0.497515 2.015822 2.150577 0.505008 0.583471 0.568744 0.058874 0.161639 0.018081 
5.924906 1.066659 -1.613080 -0.610575 3.119065 1.351205 0.424899 0.853664 0.385229 0.297128 0.118165 0.051898 
5.458559 1.365637 -1.698207 -0.580339 3.129442 1.896875 0.129856 0.700550 0.471588 0.168621 0.223528 0.063226 
4.223881 1.103438 -0.966454 -0.133037 1.900524 1.898340 1.066664 0.638951 0.241620 -0.097601 0.220382 0.089958 
5.559586 1.299116 -1.713315 -0.436733 2.975939 1.933801 0.373527 0.869611 0.562228 0.092688 0.178075 0.083938 
5.778967 1.370027 -1.779535 -0.215084 3.013740 1.801042 0.359134 1.010937 0.463383 0.169399 0.114832 0.078055 
4.914693 1.368422 -1.257673 0.071291 2.368800 1.955642 0.691321 0.875097 0.603424 -0.046155 0.176783 0.068771 
4.933312 1.416792 -1.373123 0.108191 2.560767 1.720103 0.599027 0.950132 0.773473 -0.009974 0.199830 0.072755 
4.883130 1.359278 -1.296274 0.108306 2.460177 1.744082 0.750229 1.069012 0.793626 0.043320 0.240581 0.081097 
4.728506 1.273530 -1.187073 0.149090 2.398216 1.769732 0.727755 1.326138 0.830425 -0.041815 0.287046 0.105333 
4.348824 1.206442 -0.872699 0.492606 2.243982 1.690270 0.809794 1.308546 0.830108 -0.174181 0.294349 0.107255 
4.670180 1.340344 -1.136251 0.555207 2.535991 1.491013 0.678016 1.390833 0.986399 -0.167474 0.229172 0.118528 
4.669727 1.240141 -1.103834 0.751459 2.595227 1.276600 0.733393 1.654094 1.151608 -0.083212 0.211329 0.122279 
4.225839 1.250832 -0.568892 1.067632 2.525089 1.195425 0.815523 1.590864 0.992629 -0.118197 0.278484 0.122897 
3.676626 1.179974 -0.229200 1.044342 2.309049 1.360395 1.008992 1.330072 0.759813 -0.115779 0.330548 0.112605 
4.053401 1.251677 -0.354556 1.062261 2.142451 1.206632 0.930577 1.828996 1.205653 -0.075861 0.352810 0.130677 
4.492833 1.278027 -0.281535 1.028919 2.227113 0.912625 0.668749 1.944618 1.510316 0.195848 0.425915 0.159043 
3.603672 1.535118 0.333967 0.878542 1.465526 1.129740 1.105761 1.629831 1.130106 0.215394 0.409521 0.090771 
3.144481 1.664315 1.041908 1.201558 1.154135 1.017819 1.217116 1.320323 0.768191 0.260576 0.297101 0.076713 
3.100415 1.442451 0.890531 1.388138 1.437646 0.952593 1.687944 1.612926 0.736755 0.331557 0.412501 0.091237 
3.114121 1.398862 1.049175 1.595820 1.350794 0.949714 1.508332 1.409210 0.728534 0.391555 0.421334 0.092611 
2.921560 1.679291 1.571633 1.715817 1.270390 0.539867 1.262632 1.306511 0.776613 0.435611 0.328817 0.085817 
2.793185 1.571899 1.405933 1.476753 1.134556 0.502179 1.176975 1.283934 0.645924 0.132116 0.220053 0.085564 
2.733635 1.572917 1.319655 1.826382 1.540628 0.658592 1.163119 1.268338 0.573806 0.060155 0.231448 0.094279 
