2.231727 1.500963 3.262722 -0.166216 0.948440 2.394711 0.231921 0.978886 0.226387 0.354468 0.288465 0.058687 
1.876461 1.574943 3.409825 -0.674725 1.120746 2.595777 0.070933 1.317513 -0.028152 0.357834 0.479688 0.009681 
1.655482 1.659088 3.557848 -0.502015 0.895219 2.588384 0.198690 1.051380 0.003363 0.460960 0.599171 -0.010876 
1.859832 1.479529 3.279142 -0.067164 1.266724 2.517092 -0.026158 1.715639 -0.019819 0.282904 0.490539 0.003326 
1.832164 1.586197 3.039900 0.059291 1.235776 2.241420 0.108505 1.314754 0.311195 0.372954 0.629046 0.015647 
1.420314 2.149013 2.928264 0.235231 1.083819 2.318746 0.186465 1.002971 0.448749 0.570392 0.385534 0.055568 
0.897914 2.535152 3.559474 -0.197124 1.370201 2.672086 -0.101372 1.053311 0.345545 0.753413 0.417344 0.029232 
0.754324 2.686607 3.222289 -0.125303 1.383530 1.949565 0.357753 0.955125 0.378791 0.774354 0.560792 -0.027486 
0.442603 2.362261 3.466185 -0.747351 1.148912 2.861238 -0.027097 0.608966 0.475976 1.063612 0.313242 0.020011 
0.167897 2.530457 3.661795 -1.004291 1.118232 2.968656 -0.416778 0.628371 0.686414 0.681994 0.462264 0.000423 
-0.012444 2.174512 3.753848 -0.407931 0.926772 2.709665 -0.157359 0.752057 0.551231 0.624700 0.422231 -0.026247 
-0.132286 2.151350 3.862527 -0.541724 0.922482 2.750225 0.021346 0.697393 0.554193 0.460870 0.383037 -0.004207 
-0.461869 2.101179 4.273576 -0.824982 0.704866 2.926114 0.997961 0.432510 0.591174 0.428333 0.286810 -0.021145 
-0.396377 2.061370 4.513701 -0.550522 0.672878 2.657413 1.114811 0.074950 0.662845 0.532246 0.165915 0.015602 
-0.582295 1.450036 4.738776 -0.204460 0.630464 2.204726 0.807837 0.575017 0.528887 0.722948 0.214686 -0.011360 
-0.988008 1.543053 4.879058 -0.273373 0.528334 1.818808 1.081894 0.087792 0.926529 0.416775 0.360048 -0.028762 
-1.195058 1.884528 4.994142 -0.063725 0.197763 1.872028 1.200775 0.376240 0.851585 0.360937 0.452601 -0.054190 
-1.388366 1.852236 5.507234 -0.023480 -0.211354 2.182286 1.111264 0.323250 1.063508 0.326608 0.425503 -0.027212 
-1.655562 1.491246 5.308073 -0.054618 -0.429099 2.273593 1.196695 0.280788 1.185878 0.299535 0.402374 -0.022990 
-1.453187 1.149091 4.979767 0.617440 -0.270287 2.686848 0.670691 0.558662 1.071330 0.334117 0.393051 -0.039267 
-1.264923 0.986313 5.268022 0.970381 -0.412302 2.671122 0.458597 0.903664 1.261079 0.353280 0.365422 -0.013455 
-0.723364 0.651340 4.377511 1.399027 -0.744427 2.067671 0.765575 1.322509 1.028081 0.438318 0.539693 -0.096232 
-0.344588 0.382366 3.962731 1.591535 -0.734856 1.774341 0.386235 1.379252 1.214552 0.604806 0.511938 -0.115626 
-0.028215 0.052229 3.914448 1.273286 -0.501453 1.648026 0.740268 1.314702 1.169867 0.667519 0.452869 -0.099919 
0.317595 -0.137808 3.676458 1.556524 -0.545724 1.679611 1.304780 0.852817 1.118650 0.690772 0.365448 -0.055881 
1.699650 0.523418 4.086824 1.530051 -0.210901 1.669159 0.698185 0.423918 0.865025 0.527139 0.205016 0.077934 
3.183318 0.738221 2.879529 0.959314 0.554490 1.365522 0.515171 0.795668 0.452019 -0.210912 -0.144134 0.065228 
3.792220 1.106919 1.832240 1.101892 1.391191 1.885391 -0.110955 1.063770 0.537218 -1.028578 -0.358861 0.043792 
4.783767 0.878083 1.637247 0.519759 2.335376 1.166927 -0.341477 1.134014 0.515816 -1.309821 -0.408665 0.034087 
5.196128 1.156903 1.160876 0.475534 2.146844 1.000632 -0.633481 0.893215 0.575328 -1.399896 -0.450963 0.035356 
5.398005 1.343212 0.800879 0.220455 2.349034 0.644354 -0.881483 0.634682 0.554461 -1.296970 -0.474435 0.007717 
5.406832 1.567697 0.416820 0.448384 1.958620 0.528167 -0.931862 0.348486 0.548347 -1.264197 -0.487449 -0.005255 
5.471776 1.841537 0.001861 0.384735 2.058862 0.568455 -1.326314 0.410006 0.204747 -1.119176 -0.501304 -0.062248 
5.788673 1.730460 0.135837 0.364119 1.825040 0.572813 -1.398382 0.147281 0.301500 -1.169009 -0.608791 -0.078308 
5.487751 1.962575 -0.000898 0.263836 1.930695 0.507542 -1.293283 -0.055509 0.144394 -1.079298 -0.543065 -0.108974 
5.033507 2.164817 0.040122 0.276951 1.590956 0.192484 -0.880935 -0.218768 -0.102467 -0.861345 -0.460718 -0.113313 
4.745707 2.350012 0.111964 0.265180 1.259221 0.319311 -1.046572 -0.428942 -0.434638 -0.790826 -0.317729 -0.084824 
6.250482 2.243799 0.032439 -0.347812 1.203641 0.457545 -1.811567 -0.290899 -0.413623 -1.021235 -0.479807 -0.110676 
4.515513 2.494612 0.336096 -0.324144 0.002868 0.185428 -0.604251 -0.913147 -0.815953 -0.692518 -0.227565 -0.058356 
5.349717 2.501983 -0.147387 -0.834091 0.058448 0.031986 -0.983485 -0.628450 -0.422427 -1.117906 -0.358674 -0.090595 
3.527434 1.778357 0.327595 -0.235611 -0.211369 -0.148006 -0.376232 -0.586880 -0.800051 -0.827201 -0.349953 -0.105217 
5.962676 2.302937 -0.723814 -1.123346 0.584259 -0.189790 -1.113507 -0.636248 -0.512842 -1.068819 -0.488959 -0.121798 
4.408534 1.988720 -0.290183 -0.710450 0.034505 -0.096740 -0.600801 -0.436853 -0.575281 -0.903061 -0.387787 -0.126262 
6.419634 1.737751 -0.840232 -1.065509 0.226611 0.019565 -1.701480 -0.348347 -0.163823 -0.876208 -0.560828 -0.153747 
3.766610 1.694267 0.040832 -0.436887 -0.292823 -0.392716 -0.468493 -0.339104 -0.534280 -0.690656 -0.314377 -0.120736 
6.338812 1.827530 -1.278052 -0.849353 0.377638 -0.156573 -1.376099 -0.388070 0.027336 -0.591709 -0.472055 -0.154878 
5.804382 1.945353 -1.184406 -0.821863 0.658326 -0.185931 -1.480460 -0.139117 0.194320 -0.540582 -0.401305 -0.152013 
7.554054 1.161799 -1.486836 -0.673987 1.525334 -0.238976 -1.448591 0.581817 0.240104 -0.287852 -0.499557 -0.150786 
6.662030 1.604521 -1.781831 -0.480642 1.483622 -0.280117 -0.780974 0.396607 0.538065 -0.164914 -0.453620 -0.122813 
7.520402 0.905916 -1.561410 -0.797161 1.654592 0.345064 -1.139364 1.039999 0.639321 -0.095006 -0.376577 -0.113891 
5.828212 1.426035 -1.664452 -0.579893 1.371916 0.317980 -0.324486 0.657287 1.003223 -0.167960 -0.293033 -0.077617 
7.275603 0.607947 -1.732841 -0.961051 1.432899 0.766299 -0.787961 1.105936 0.845970 -0.030128 -0.326713 -0.105078 
7.352937 0.455551 -1.901400 -0.934969 1.514846 0.834314 -0.587401 0.861283 1.010885 0.106711 -0.323959 -0.119029 
6.879079 0.706705 -2.059789 -0.670844 1.390841 0.869213 -0.218927 0.528057 1.219025 0.210640 -0.279484 -0.113076 
5.124629 1.323061 -1.676733 -0.708160 1.468223 0.817913 -0.350985 0.431696 1.346149 0.014435 -0.086836 -0.104253 
5.966716 1.178959 -1.641245 -0.485535 1.547245 0.799094 -0.433005 0.310183 1.396302 0.253570 -0.109089 -0.086309 
5.509662 1.556106 -1.237018 -0.409919 1.472553 0.705633 -0.625228 0.321366 1.335960 0.193884 -0.028720 -0.073422 
6.110267 1.835357 -0.958569 -0.544071 1.640212 0.621394 -0.790455 0.181941 1.339192 0.193471 -0.075930 -0.083400 
5.063445 2.157165 -0.331200 -0.052278 1.408488 0.561360 -0.642755 0.094766 1.008407 0.125875 -0.051595 -0.091116 
4.744784 2.378159 0.316707 0.185968 0.953314 0.371387 -0.151615 0.259919 0.771940 0.091807 -0.008381 -0.035288 
3.978775 2.317282 1.027557 0.713506 0.914384 0.417944 0.131263 0.505678 0.787948 0.361590 0.064157 0.005315 
5.398045 2.061350 0.374214 0.735610 1.283689 0.799077 -0.128782 0.376013 1.363287 0.254163 0.107599 0.019492 
5.350595 2.169031 0.297594 0.767106 1.617351 1.155942 0.388089 0.909139 1.211203 0.099231 0.063179 0.022777 
4.179025 2.421904 1.002981 0.743298 1.323796 1.461988 1.160079 1.201825 0.895728 0.104866 0.004920 0.003081 
4.200245 2.573144 0.892028 0.637640 1.362242 1.483285 1.554375 1.067057 0.592838 0.155447 -0.013915 0.011514 
4.072463 2.446560 0.958038 0.729771 1.219288 1.280236 1.263017 1.429852 0.848116 -0.038768 -0.002118 0.009567 
4.352298 2.557366 0.749550 0.622888 1.279149 1.287487 1.417433 1.355846 0.637380 -0.088490 -0.034235 0.012300 
4.014868 2.476047 1.049643 0.757537 1.218643 1.259927 1.282068 1.209068 0.552578 -0.248571 -0.156774 -0.009574 
4.242160 2.580066 0.899702 0.692203 1.096200 1.147520 0.982363 1.002257 0.646876 -0.203934 -0.109610 -0.011662 
3.951144 2.692754 1.168225 0.529003 0.832132 0.969738 1.079211 1.013916 0.474959 -0.103287 -0.092771 -0.008559 
4.465677 2.671062 0.739903 0.611066 0.842981 0.648738 0.808836 0.904720 0.596603 -0.120699 -0.052965 -0.004324 
4.514497 2.648562 0.783257 0.534975 0.854796 0.576147 0.389803 0.767513 0.514593 -0.171816 -0.083773 -0.012041 
4.338400 2.679033 0.964153 0.436216 0.759391 0.714241 0.549405 0.645111 0.207314 -0.213208 -0.162759 -0.021910 
4.408463 2.597712 0.812026 0.660416 1.204247 0.964452 0.389535 0.421148 0.177954 -0.300482 -0.187127 -0.024736 
4.930796 2.848673 0.761220 0.680410 1.751882 1.103323 0.317813 0.402083 0.012796 -0.466866 -0.184465 -0.025883 
4.710425 2.639500 0.893423 1.058272 1.890231 0.975659 -0.097966 0.355120 0.280398 -0.615822 -0.240491 -0.046946 
4.596356 2.584207 0.904520 1.221988 1.767915 1.037696 -0.244192 -0.000384 0.164893 -0.540363 -0.167460 -0.029454 
4.595595 2.639782 0.877076 1.108941 1.827822 0.658919 -0.480962 -0.059640 0.152872 -0.456201 -0.185359 -0.045073 
5.238836 2.724603 0.617934 0.999802 1.816228 0.413982 -0.987831 -0.121637 0.304107 -0.595021 -0.197470 -0.045708 
5.298196 2.601524 0.410144 0.974781 1.864043 0.409751 -0.978088 -0.335928 0.134194 -0.670865 -0.154239 -0.014439 
5.607108 2.580682 0.138211 0.815090 1.950287 0.346186 -1.045810 -0.425899 0.247095 -0.627150 -0.157446 -0.007365 
5.621757 2.550333 -0.266600 0.435922 1.960322 0.297058 -1.252409 -0.339460 0.227910 -0.559359 -0.104026 0.006808 
5.812308 2.288420 -0.481203 0.366417 1.929489 0.413317 -1.419136 -0.405128 0.405679 -0.566095 -0.097489 0.034215 
5.509941 2.123431 -0.541138 0.213628 1.939369 0.063789 -1.414734 -0.388344 0.508883 -0.446799 -0.034517 0.042899 
5.871269 2.034676 -0.840220 0.095188 1.866336 0.349281 -1.605830 -0.587501 0.676199 -0.447314 -0.084596 0.027582 
