0.709360 0.162959 2.737345 3.574657 -1.111803 2.079729 1.606116 -0.640289 1.195317 0.675453 0.361374 -0.074397 
0.308837 0.350281 3.213084 3.107010 -1.178766 1.997790 1.600044 -0.426269 0.725338 0.504593 0.413940 -0.050866 
0.093332 0.122288 3.394537 3.328964 -0.974847 1.726583 0.893295 -0.346312 0.705699 0.475394 0.413008 -0.064246 
0.315768 -0.133428 3.627317 3.113985 -0.635768 1.731269 1.289336 0.011150 0.415213 0.586330 0.407903 -0.040648 
0.761139 -0.095261 3.573438 2.981734 -0.490745 1.943558 1.846251 0.301736 0.281651 0.709119 0.361283 -0.014302 
1.413201 -0.026873 3.160814 2.688388 -0.514413 1.790027 2.249834 -0.590430 0.242648 0.683246 0.284088 -0.004154 
2.152024 0.717801 2.830328 1.477382 -0.827399 1.508663 1.621365 -0.381431 0.006691 0.707539 0.150937 0.028151 
2.986553 1.042924 1.491961 1.322692 -0.528569 0.727440 1.220484 -0.124713 0.020284 0.560436 0.220560 0.047662 
3.548730 1.849813 1.530440 0.498899 -0.297583 0.381651 0.763275 -0.057409 -0.339905 -0.056408 0.343215 0.055655 
4.194671 2.160164 1.094230 0.261359 -0.864068 -0.047856 0.646908 -0.140150 -0.630956 -0.607820 0.319296 0.060100 
4.838792 2.115002 0.648735 -0.154363 -0.749831 0.039438 0.485811 -0.313996 -0.508766 -0.774456 0.158082 0.089624 
4.763696 2.249468 0.304038 -0.283305 -0.469714 0.025364 0.249826 -0.078668 -0.836559 -0.732708 0.146053 0.095470 
4.864372 2.312071 0.258426 -0.482007 -0.646501 0.085053 0.440348 -0.475766 -0.749049 -0.733570 0.103226 0.089174 
5.153445 2.091768 0.264285 -0.470637 -0.808612 -0.072072 0.415359 -0.552201 -0.870251 -0.822820 0.015609 0.080341 
5.633818 2.372158 -0.082880 -0.844320 -1.120122 -0.121857 0.122823 -0.500105 -1.081155 -0.916710 -0.157252 0.043162 
6.157648 1.941620 -0.432190 -0.097055 -1.840566 -0.577915 0.217103 -0.608703 -1.166287 -1.079457 -0.242698 0.019878 
6.222255 1.857989 -0.124236 -0.417804 -2.242288 -0.585655 0.306585 -0.653336 -1.507234 -1.022910 -0.246164 0.000753 
5.732697 2.324107 0.027029 -0.798244 -1.749287 -0.965514 0.326933 -0.413991 -1.540416 -1.092375 -0.264076 -0.006667 
6.518625 2.157525 -0.000782 -0.807777 -1.856069 -0.786934 0.797716 -0.975004 -1.286328 -0.910143 -0.274575 -0.032408 
7.149930 2.032111 0.020759 -0.842100 -1.685268 -1.117527 1.174945 -1.052115 -1.336833 -0.843797 -0.250286 -0.032094 
7.082348 2.237651 -0.313460 -0.813346 -1.487690 -1.037813 0.523161 -0.669554 -1.219495 -0.928089 -0.271939 -0.012599 
7.185038 2.062419 -0.318734 -0.896064 -1.655467 -1.130690 0.525535 -0.807951 -1.212665 -0.900094 -0.260460 -0.012994 
6.963309 2.037309 -0.330802 -1.332419 -1.346927 -1.450574 0.605551 -1.295136 -0.977810 -0.901523 -0.327972 -0.004039 
6.749697 2.110003 -0.213283 -1.899752 -1.038069 -1.550150 0.260065 -1.138263 -1.102884 -0.880585 -0.333310 0.024408 
6.808844 2.041397 -0.349883 -2.077438 -0.865134 -1.829429 0.377022 -1.378049 -1.014875 -0.865152 -0.374082 0.043668 
6.848144 2.187210 -0.656955 -1.963561 -0.600776 -2.018658 0.314929 -1.279070 -1.038869 -0.883874 -0.348789 0.057927 
5.505207 2.577017 -0.440267 -1.617496 -1.337347 -1.191397 -0.411871 -0.755265 -1.207462 -0.937186 -0.162090 0.037669 
5.564877 2.584690 -0.397409 -1.734060 -1.276947 -1.174035 -0.513768 -0.826969 -1.054567 -0.933880 -0.155779 0.036254 
6.242771 2.386076 -0.608511 -1.597578 -0.982976 -1.165979 -0.487831 -0.995498 -0.924480 -0.838499 -0.179980 0.041658 
7.295372 1.813421 -0.874235 -1.364586 -0.265584 -2.126120 0.353095 -1.539458 -0.730790 -0.654021 -0.272344 0.057672 
5.408592 2.585056 -0.471154 -1.466153 -0.896831 -0.923562 -0.711481 -0.830672 -0.810935 -0.749391 -0.059025 0.039190 
5.617870 2.547308 -0.524230 -1.617594 -0.983192 -0.959517 -0.550245 -0.805915 -0.816479 -0.703481 -0.084823 0.035498 
6.379543 2.505459 -1.212139 -1.809640 -0.139428 -1.521468 -0.603975 -0.826772 -0.759601 -0.639881 -0.204844 0.029262 
4.670966 2.449187 -0.339832 -1.750981 -1.352489 -0.941626 -0.639472 -0.832198 -1.016612 -0.728518 0.031977 0.026170 
5.620241 2.318946 -0.886510 -1.918696 -0.937867 -1.141754 -0.966108 -0.668217 -0.871010 -0.764605 -0.105818 0.016752 
4.846277 2.504069 -0.492084 -1.852509 -1.600439 -0.960949 -0.638383 -0.631389 -0.969265 -0.751142 -0.039654 -0.002573 
4.634917 2.269375 -0.300903 -1.473085 -1.348948 -0.981725 -0.713321 -0.837902 -0.870507 -0.649886 0.006830 -0.015087 
4.239377 2.221276 -0.079935 -1.262434 -1.276975 -0.959861 -0.735944 -0.841636 -0.884471 -0.522121 0.015904 -0.044080 
4.294087 2.503440 0.031948 -1.523589 -1.494768 -0.940571 -0.510373 -0.656083 -0.848288 -0.532821 -0.082781 -0.068752 
4.401683 2.586118 0.134872 -1.381367 -1.357817 -0.904440 -0.427470 -0.644701 -0.764139 -0.467997 -0.157575 -0.084657 
4.404818 2.384680 0.240930 -1.056317 -1.132845 -0.885387 -0.475377 -0.576844 -0.763737 -0.377016 -0.139607 -0.083177 
4.341961 2.370528 0.117747 -1.114787 -0.995605 -0.553875 -0.481756 -0.705980 -0.583965 -0.271160 -0.116562 -0.079156 
4.053710 2.302041 0.108520 -1.210688 -1.211046 -0.756123 -0.270137 -0.294725 -0.507347 -0.332035 -0.058632 -0.081324 
4.790643 2.334507 -0.153857 -1.130039 -0.964786 -0.804227 -0.316690 -0.006841 -0.133389 -0.298774 -0.042604 -0.059516 
6.009940 2.150404 -0.874341 -1.310493 0.127057 -0.983472 -0.483523 0.312195 0.053421 -0.113173 -0.121664 -0.053455 
4.177587 2.032614 -0.130955 -0.814494 -0.662398 -0.455627 -0.064300 0.024142 0.038464 -0.138116 0.064648 -0.056848 
4.272622 2.142105 0.142898 -0.954615 -0.477551 -0.420698 0.146334 0.193522 -0.008849 -0.081590 0.036752 -0.051374 
5.106532 2.537222 -0.622325 -0.790749 0.237671 -0.452529 0.013639 0.063948 0.429637 -0.119240 -0.035549 -0.069262 
5.991770 2.165644 -0.706892 -0.629415 1.057780 -1.225366 0.007724 0.030393 0.577539 0.074633 -0.174529 -0.068033 
4.309452 2.177119 0.227207 -0.140645 0.018647 -0.518657 -0.286932 0.177536 0.410222 0.077757 -0.029955 -0.075969 
4.023438 1.923437 0.325556 -0.131284 0.068654 -0.384453 -0.438409 0.100690 0.356495 0.222546 0.002314 -0.076958 
4.644413 2.255133 -0.240160 -0.326118 0.421651 -0.312239 -0.514999 0.038942 0.514637 0.230507 0.077320 -0.062100 
5.481220 2.358520 -0.575199 -0.565934 1.057087 -0.482151 -0.643632 -0.021676 0.859776 0.278167 0.101406 -0.052789 
4.965109 2.241747 -0.240270 -0.095607 0.353331 0.207098 -0.572363 0.167958 0.812000 0.252712 0.189692 -0.021915 
4.147127 2.199019 0.475635 -0.020674 0.342555 -0.020474 -0.116152 0.314688 0.684690 0.464873 0.148665 -0.027607 
4.183332 2.304333 0.824669 0.721412 0.610687 -0.041823 -0.354198 0.138631 0.892769 0.643088 0.127709 -0.020307 
4.081724 2.529310 1.256861 0.839340 1.304091 0.761157 -0.077768 -0.238436 0.433555 0.738115 0.183040 0.020395 
4.004019 2.607097 1.625088 1.108111 0.787153 0.336758 0.316966 0.387029 0.762932 0.450077 0.185264 0.040142 
4.321744 2.859307 1.265850 0.558524 0.651968 0.757700 0.910579 0.711214 0.717563 0.465277 0.269080 0.060768 
4.704395 2.853661 0.958267 0.387021 0.950272 0.636698 1.090327 0.624477 0.988864 0.157424 0.286932 0.073611 
4.312581 2.864805 1.423854 0.329666 0.350380 1.002376 1.627705 0.917991 0.220442 0.170009 0.214682 0.062055 
4.145462 2.774859 1.374999 0.388091 0.865963 1.615210 1.652219 1.007787 0.286812 -0.159597 0.088527 0.034778 
4.158525 2.837395 1.525797 0.732810 0.968960 1.727706 1.508314 0.836577 0.239393 -0.255662 0.052997 0.027881 
4.440761 3.010999 1.380333 0.719630 0.875161 1.675880 1.633623 0.595010 0.133421 -0.328262 0.168228 0.070618 
4.656724 3.166709 1.400216 0.262928 1.062249 1.484958 1.323242 0.459856 0.340939 -0.173707 0.157729 0.068970 
5.184321 2.804909 1.327640 0.486531 1.322690 0.910578 1.354778 -0.132643 0.816296 -0.303122 0.170796 0.110128 
4.764133 2.927792 1.224250 0.427173 1.223804 0.934546 1.127510 -0.095627 0.574209 -0.249029 0.253631 0.106917 
4.568229 2.864423 1.099766 0.598475 1.231322 0.900826 0.585535 0.009969 0.479801 -0.000635 0.260680 0.086826 
4.504303 2.963213 1.340882 0.720162 1.084498 1.121346 0.741979 -0.077736 0.170854 -0.114794 0.309799 0.114516 
4.793177 3.124077 1.234788 0.674177 1.116700 0.884720 0.920452 -0.346088 0.282935 0.008445 0.342110 0.129670 
4.906193 3.132652 1.364320 0.436031 0.772751 1.340621 1.440657 -0.353678 0.049650 -0.077122 0.342916 0.161452 
4.478635 3.106752 1.522571 0.503381 0.813951 1.076315 1.509392 -0.002407 -0.277652 -0.103718 0.339897 0.139574 
4.394419 2.917303 1.131237 0.505282 0.861476 0.806242 0.767583 -0.128845 -0.253636 -0.157342 0.260230 0.103636 
4.267196 2.824325 0.971787 -0.067705 0.517889 0.724074 0.842900 -0.121785 -0.413339 -0.031164 0.163077 0.083602 
5.284347 2.714592 0.544540 0.725678 1.286780 0.213433 1.197720 -0.790866 -0.629146 -0.108077 0.166509 0.094420 
3.957457 2.549983 1.187271 0.527096 0.832460 0.692840 0.244232 -0.614652 -0.684702 -0.172838 0.069835 0.017997 
3.812634 2.627098 1.149430 0.583393 0.743046 0.678611 0.067354 -0.788257 -0.835848 -0.436947 0.045849 0.001762 
3.816964 2.510111 1.122689 0.669811 0.717358 0.455247 -0.206827 -0.890124 -1.003719 -0.323575 0.058941 0.001089 
4.479732 2.678425 0.807836 0.321901 0.946864 0.407244 -0.576952 -1.192541 -1.033881 -0.345491 0.067884 0.025896 
4.248762 2.534706 0.804244 0.135421 0.743834 0.473420 -0.717583 -1.258197 -0.998679 -0.313722 0.133025 0.043163 
4.284139 2.635965 0.777874 -0.018511 0.362535 0.257515 -0.565816 -1.083603 -1.062348 -0.332546 0.153941 0.063410 
4.390790 2.778666 0.793158 0.083480 0.713871 0.166107 -0.796645 -1.339841 -0.940984 -0.136285 0.178143 0.060358 
4.891836 3.092102 0.734635 -0.148057 0.864814 0.384563 -0.518311 -1.357787 -1.140375 -0.208317 0.197249 0.098311 
5.564103 3.144421 0.248820 -0.384431 1.091965 0.428538 -0.435982 -1.097348 -0.868038 -0.274569 0.177707 0.094980 
5.921357 3.080702 -0.205248 -0.341383 0.989752 0.563610 -0.389516 -1.025051 -0.622947 -0.308660 0.176484 0.089379 
