3.048357 3.247085 1.935168 1.869527 1.777365 1.414423 1.883898 1.116127 0.851126 0.111655 0.112249 0.054886 
2.719882 2.247390 1.912138 1.729645 1.473383 1.428136 1.142654 0.883898 0.612350 0.247227 0.195094 0.071630 
2.734220 2.175223 2.015967 1.588836 1.651810 1.442000 1.278800 1.013993 0.670415 0.426062 0.146065 0.074826 
3.060153 2.534537 2.281873 1.671980 2.022237 1.601662 1.695996 1.057701 0.723592 0.354954 0.290947 0.092832 
3.177659 2.631989 2.135146 1.965560 1.616959 1.637891 1.610402 1.467176 0.648212 0.492425 0.343866 0.100271 
2.718133 2.214563 1.919290 1.669211 1.587584 1.382188 1.279610 0.860713 0.538700 0.311811 0.265782 0.072424 
2.709311 2.220596 1.954752 1.651393 1.253742 1.223260 1.297965 0.906850 0.539347 0.400200 0.166909 0.046782 
3.460710 2.672061 2.155839 1.901178 2.170737 1.987493 2.115845 2.065827 0.333877 0.209477 0.256366 0.087842 
3.180398 2.729613 2.247298 1.832544 2.441967 2.714475 2.179054 2.023754 0.475617 0.121819 0.213783 0.094816 
3.207088 2.379380 2.297601 1.986424 2.362699 2.180530 1.789543 1.780399 0.680748 0.263359 0.213048 0.091252 
2.834061 2.570770 2.137603 1.829450 1.812419 1.760086 1.183436 1.057543 0.682289 0.446801 0.270687 0.073469 
3.411393 2.885478 2.564076 1.721420 2.050585 2.203509 1.608331 0.907348 0.254525 0.546862 0.079719 0.064084 
3.175766 2.396357 1.993329 1.488167 2.540480 2.172733 1.123499 0.563514 0.445867 0.173348 0.205934 0.066955 
3.355894 2.363271 2.099421 1.733082 2.699984 2.259440 1.091427 0.491675 0.094040 0.017111 0.035499 0.040527 
3.341436 2.468883 2.248209 1.603754 2.667875 2.689526 1.277306 0.419223 0.004665 0.222324 0.030842 0.052738 
3.667271 3.164368 2.247324 2.007325 2.283751 2.544635 1.814038 0.324066 -0.005763 -0.291683 -0.069406 -0.000525 
3.879625 3.451657 2.994886 2.127314 1.768784 1.756304 0.555771 0.546405 -0.565395 -0.511647 0.014242 -0.054772 
4.286475 4.706411 2.857492 1.402277 2.293870 1.376309 1.379096 0.790105 -0.953832 -0.807820 -0.091185 -0.100132 
3.915066 4.463451 3.040733 2.013811 2.550598 1.350074 1.377821 0.307761 -0.814428 -1.026249 0.066782 -0.119720 
4.001130 4.611668 3.176577 1.904475 2.743603 1.518801 0.770776 0.417598 -1.294409 -1.116946 0.034372 -0.152596 
4.133534 3.945568 3.109758 1.741091 1.864064 1.519587 0.487111 0.049560 -1.253365 -1.111910 -0.058520 -0.119607 
4.024351 4.028182 2.938115 1.395848 2.125870 0.872822 0.193460 0.217210 -1.367796 -0.970451 -0.137799 -0.141393 
3.371450 2.970059 2.362227 1.688750 1.438171 0.566445 -0.096477 -0.532312 -0.829923 -0.565252 -0.292195 -0.117498 
3.509254 3.145494 2.730550 1.567335 1.857453 0.935671 0.164925 -0.108058 -0.936827 -0.547485 -0.300383 -0.114023 
3.479713 3.152857 2.704112 1.663020 1.809876 0.786624 -0.036364 -0.208151 -1.055255 -0.649571 -0.257816 -0.126928 
3.923609 3.531692 2.866931 1.667737 1.539305 0.921697 0.021235 -0.349881 -0.897110 -0.781800 -0.259615 -0.129149 
3.255667 2.729591 2.211292 1.494153 1.022940 0.393885 -0.083279 -0.470101 -0.728256 -0.624165 -0.410162 -0.128345 
3.449208 3.008301 2.460677 1.733699 1.137975 0.353105 -0.359456 -0.686581 -0.845926 -0.666158 -0.342842 -0.137959 
3.323292 2.892627 2.290610 1.420061 0.879931 0.165047 -0.347951 -0.601436 -0.857570 -0.691952 -0.357370 -0.141007 
3.223421 2.780263 2.145360 1.279600 0.861015 0.014698 -0.261500 -0.414707 -0.830890 -0.571727 -0.436762 -0.136587 
3.085788 2.521190 1.965075 1.341183 0.870152 0.232979 -0.328504 -0.570186 -0.747849 -0.661331 -0.433578 -0.134166 
3.284282 2.826022 2.206434 1.571113 1.042549 0.431354 -0.272837 -0.646578 -0.799909 -0.728188 -0.372788 -0.134725 
3.558435 3.033674 2.343415 1.561739 1.217168 0.400403 -0.200828 -0.611612 -0.953309 -0.650547 -0.363370 -0.134895 
3.290052 2.735997 1.985969 1.490761 0.987750 0.172933 -0.322443 -0.820733 -0.878178 -0.535421 -0.410859 -0.133307 
3.294584 2.759314 2.284009 1.505906 1.023408 0.360797 -0.504303 -0.727341 -0.933593 -0.681831 -0.343843 -0.136402 
3.558659 3.035471 2.599220 1.718292 1.645046 0.701206 -0.588211 -0.847414 -1.271874 -0.725598 -0.235077 -0.143846 
4.624975 4.129465 2.624455 0.727097 2.571373 0.875131 -0.697444 -0.341093 -2.023597 -0.813762 -0.333065 -0.161185 
3.877648 3.426401 2.574077 1.424791 1.624127 0.532216 -0.424434 -0.683941 -1.244373 -0.613041 -0.312842 -0.129899 
3.248802 2.565571 2.076564 1.475479 0.877202 0.258339 -0.558356 -0.759392 -0.726205 -0.608550 -0.380766 -0.119337 
3.426270 2.828594 2.263819 1.860334 1.396845 0.415640 -0.381851 -0.773748 -0.846793 -0.514525 -0.353484 -0.117448 
4.917937 3.854682 2.477010 0.680910 3.164823 1.217442 -0.733339 -0.555274 -1.277026 -0.503586 -0.194789 -0.125319 
3.848724 3.188017 2.418676 1.558381 1.827616 0.813229 -0.410138 -0.861962 -1.049821 -0.579450 -0.279378 -0.116162 
3.288715 2.623145 2.106798 1.324701 0.970627 0.394760 -0.472254 -0.561578 -0.790463 -0.668004 -0.349101 -0.114115 
3.438254 2.724006 2.060965 1.466374 1.310105 0.293335 -0.650171 -0.890901 -0.884031 -0.460326 -0.342218 -0.116784 
4.803433 3.380821 2.242580 1.318633 2.954128 0.747015 -1.671019 -1.541358 -1.435168 -0.118518 -0.224448 -0.162825 
3.788927 2.912566 2.342839 1.895914 2.309002 0.695662 -1.358993 -1.636838 -1.372443 -0.405602 -0.205812 -0.160842 
3.928981 3.136378 2.662677 1.986862 3.191458 0.582780 -1.893234 -1.626509 -1.705433 -0.213205 -0.237293 -0.219437 
3.910756 2.971538 2.517554 1.620023 2.425405 0.636691 -1.766841 -1.450142 -1.434300 -0.329412 -0.233426 -0.171688 
3.898747 2.930163 2.347777 1.728902 2.487595 0.466841 -1.791411 -1.594551 -1.328947 -0.275546 -0.247834 -0.173189 
4.770341 3.123999 2.506871 1.337225 3.125574 0.724612 -2.616235 -1.374078 -1.635008 -0.093459 -0.189191 -0.224674 
3.373935 2.477800 1.950820 1.515812 1.614424 0.006298 -1.553917 -1.640068 -1.135112 -0.319680 -0.257259 -0.147954 
4.520948 2.805043 1.895903 0.991614 2.219869 0.875929 -2.123164 -1.685949 -1.186664 -0.288963 -0.177737 -0.152897 
3.484911 2.294567 1.618437 0.750180 1.290669 0.112264 -1.470483 -1.363995 -0.976764 -0.299488 -0.331130 -0.136641 
4.107581 2.555654 1.999404 1.155969 2.183722 0.387105 -2.015736 -1.620089 -1.245644 -0.119417 -0.268519 -0.173284 
3.333428 2.299674 1.624796 1.155771 1.266326 0.011056 -1.535136 -1.549780 -1.124261 -0.351849 -0.264390 -0.140040 
4.676113 3.057222 1.970055 0.241554 3.314814 0.645478 -2.760897 -1.119688 -1.491889 0.055993 -0.082065 -0.233706 
3.716631 2.597832 1.622808 0.983578 1.821350 0.509057 -1.548774 -1.513789 -1.021466 -0.225040 -0.250343 -0.127231 
3.655171 2.498413 1.964190 1.399000 2.455874 0.210375 -1.985227 -1.537505 -1.138158 -0.082034 -0.225028 -0.168991 
3.920942 2.779354 1.913982 1.431700 2.602790 0.520394 -2.184829 -1.736343 -1.163222 -0.020962 -0.204713 -0.173234 
5.457037 4.234975 0.861662 -0.335259 5.373420 0.001837 -2.591025 -1.331478 -1.631608 0.121127 -0.113996 -0.333367 
4.091277 2.988438 2.063596 1.327738 3.032927 0.128814 -2.426129 -1.776406 -1.525065 0.215707 -0.268641 -0.203706 
3.784351 2.722145 1.929932 1.423694 2.667751 0.098893 -2.004971 -1.728873 -1.277629 0.053089 -0.231252 -0.172076 
3.921252 2.868740 2.116340 1.298294 2.680728 0.052949 -2.171879 -1.679737 -1.398744 0.148652 -0.249969 -0.175477 
4.060188 2.700672 2.408287 0.776411 2.706650 0.115356 -2.303126 -1.283514 -1.759577 0.123231 -0.153299 -0.187756 
3.932142 2.974548 2.012154 0.750953 2.468772 0.080698 -1.478881 -1.342842 -1.746082 -0.017852 -0.155282 -0.114192 
4.088937 3.255009 2.203633 0.781629 3.543928 -0.042784 -1.901894 -1.372832 -1.992276 0.170992 -0.192521 -0.165585 
3.633520 3.071617 1.979544 1.190760 3.141409 -0.073719 -1.490476 -1.345126 -1.743487 0.072896 -0.195296 -0.142110 
3.673389 2.617732 2.079271 0.978083 2.496290 0.245573 -1.443857 -1.324021 -1.427098 0.084776 -0.162682 -0.134484 
3.944996 2.989588 2.035086 0.384927 3.371858 0.017991 -1.383164 -1.210799 -1.487959 0.448750 -0.196388 -0.123929 
3.952571 3.223820 2.397590 1.456675 4.003960 -0.311499 -1.301904 -1.252946 -1.464066 0.603449 -0.281180 -0.133517 
3.741914 3.317098 2.695795 1.418117 4.002188 0.356236 -1.022276 -1.244327 -1.483821 0.738685 -0.219985 -0.113763 
4.026062 3.684434 2.596541 0.984172 4.660596 0.549435 -0.828664 -0.939274 -1.084770 1.026182 -0.169271 -0.077371 
3.832123 3.582490 2.670849 1.811647 4.486461 0.850494 -0.193349 -0.718917 -1.119881 1.034798 -0.126852 -0.040101 
3.639820 3.662202 2.315666 1.559246 3.913544 0.895433 0.604045 -0.350660 -1.016904 0.716130 -0.081742 0.033922 
3.476140 2.784255 2.871047 1.578234 3.048834 1.654089 0.703996 0.631901 -0.272185 0.388067 -0.120039 -0.023857 
3.709315 2.854113 2.667335 1.564821 3.557555 1.672789 0.563189 0.256146 -0.145709 0.271767 0.056897 -0.003593 
3.504974 2.937755 2.802335 2.094191 3.019294 1.421101 0.330373 0.346963 0.064672 0.248654 0.038672 -0.005849 
3.316992 2.915131 2.678876 1.966454 2.566513 1.463550 0.693488 0.116009 0.042472 0.235036 0.074477 0.020237 
3.447252 2.683173 2.453375 1.561470 2.255389 1.527466 0.641038 0.309543 -0.015270 0.203642 0.181764 0.044957 
3.450264 3.245068 2.845445 1.800238 2.931448 1.703286 0.666107 -0.246824 -0.216171 -0.171182 0.286058 0.025261 
3.398399 3.058454 2.500696 2.167273 2.530617 1.076819 0.812335 0.131185 0.197613 0.051262 0.078368 0.022909 
3.277709 2.920962 2.638270 2.029881 2.561992 1.430978 1.119534 0.279931 -0.179586 0.089845 0.104880 0.021032 
3.186114 2.678114 2.153368 1.732090 1.736104 0.988470 0.677548 0.238017 0.269265 -0.066785 0.176841 0.038765 
3.793331 3.550490 1.992066 1.842548 3.233082 0.479894 1.090047 -0.418372 0.384654 -0.180055 0.346362 0.072689 
3.515002 3.231729 1.898844 1.407136 2.541893 0.787894 0.578909 0.105906 0.183587 -0.148083 0.332657 0.048030 
