4.133847 3.447314 2.628130 2.479060 1.828034 1.100340 0.153696 -0.645207 -0.308075 -0.463482 -0.004636 -0.061381 
3.632144 2.935766 2.349457 2.044966 1.795186 1.401230 0.609675 -0.084618 -0.299233 -0.377496 -0.118602 -0.069728 
3.639059 3.071019 2.041866 1.491797 1.563455 1.245893 1.275661 0.017004 -0.326923 -0.825604 -0.055110 -0.067611 
4.621513 4.213980 1.957258 1.714117 1.112030 1.643182 1.905388 -0.203642 -0.198013 -1.846247 -0.049845 -0.117656 
3.769900 3.129848 1.719052 1.038086 0.962168 1.368804 1.368449 0.144886 -0.539723 -1.127874 -0.174822 -0.078984 
3.524019 2.735876 1.525323 1.245818 1.012474 1.321447 0.945332 0.101790 -0.621621 -0.914691 -0.174853 -0.054103 
3.936649 3.124737 1.759152 0.979185 0.951564 1.444017 1.650184 -0.036051 -0.898027 -1.303449 -0.182993 -0.064919 
4.289106 3.506135 1.624563 0.935592 0.903207 1.419418 1.570751 -0.107030 -0.924477 -1.645175 -0.193809 -0.072866 
3.838404 3.368395 1.448686 0.738768 0.858290 1.388266 1.560866 -0.243818 -0.872057 -1.441584 -0.208424 -0.075973 
3.665549 3.161160 1.123498 0.907036 0.803213 1.424861 1.428888 -0.369387 -0.901288 -1.494368 -0.207812 -0.072447 
4.238790 3.761872 0.791130 1.304592 1.071776 1.255215 1.684900 -0.632308 -0.696551 -1.977933 -0.155343 -0.108054 
3.588484 3.213055 0.947756 0.844981 0.448444 1.160820 1.205784 -0.341877 -0.923114 -1.752231 -0.205243 -0.114130 
3.403575 2.949216 1.077462 0.903403 0.771965 1.048168 1.506326 -0.622231 -0.934606 -1.622822 -0.186144 -0.084999 
3.646300 3.107723 0.900783 1.189646 0.799198 1.212853 1.140308 -0.492083 -0.841362 -1.820852 -0.143493 -0.096563 
4.217644 4.056330 0.693168 1.458361 1.384823 0.719895 1.453804 -0.666726 -1.014943 -2.044111 -0.128463 -0.109793 
3.576284 3.089462 1.363079 0.921584 0.539429 0.864578 0.812066 -0.257431 -1.009245 -1.422939 -0.233822 -0.106728 
3.519110 2.686486 1.587129 1.258301 0.853101 0.487444 0.270965 -0.678108 -1.185097 -0.965907 -0.240107 -0.088338 
3.611644 3.192932 1.364893 1.263158 1.219202 0.495371 0.249159 -0.961667 -0.976819 -1.280036 -0.149023 -0.104006 
4.200675 3.988695 0.738560 1.509256 1.659358 -0.150761 0.010791 -0.947495 -0.679644 -1.976050 -0.124428 -0.169783 
3.411555 2.850268 1.648055 1.086703 0.692630 -0.229546 0.208009 -1.298497 -0.611589 -1.129957 -0.229476 -0.113797 
3.311707 3.009857 1.457487 1.082376 0.477564 0.466525 -0.091363 -1.266330 -0.707390 -1.306404 -0.134138 -0.124769 
3.576491 2.965659 1.182794 1.513244 1.186255 0.087353 -0.200468 -0.985859 -0.664225 -1.495890 -0.116387 -0.120735 
4.102146 3.272504 1.130208 1.487870 1.834635 0.207145 -0.515244 -0.899441 -0.561599 -2.084698 -0.040748 -0.127056 
3.312137 2.483105 1.546150 0.959870 0.893332 -0.199664 -0.294534 -1.153711 -0.657300 -1.162971 -0.200105 -0.106062 
3.353327 2.663599 1.486649 1.725551 0.647218 -0.156630 -0.502531 -1.015134 -0.858395 -1.030532 -0.190780 -0.113103 
3.674093 3.028963 1.230746 2.051565 1.571249 -0.284204 -0.669948 -0.973594 -0.836721 -1.642065 -0.035666 -0.123562 
4.007061 3.142322 1.032386 1.972406 1.946070 -0.287526 -0.522844 -1.327972 -0.737208 -2.069982 -0.003494 -0.124669 
3.627386 2.756574 1.371108 1.771932 1.187695 -0.068873 -0.517256 -1.334543 -0.745633 -1.452559 -0.086010 -0.120059 
3.474284 2.580822 1.553791 1.394410 0.959708 0.126275 -0.577535 -1.066140 -0.902644 -1.157639 -0.173500 -0.109197 
3.092283 2.273332 1.862341 1.469312 1.052565 -0.332562 -0.945604 -0.989780 -0.784780 -0.884187 -0.273927 -0.121206 
3.554877 2.858226 1.679317 1.684961 1.665948 0.042313 -1.136182 -1.398547 -0.890744 -1.006983 -0.156282 -0.136367 
3.710258 3.044692 1.633529 1.820908 1.534147 0.188903 -1.015136 -1.295589 -0.851022 -1.268860 -0.084049 -0.128422 
3.404369 2.700247 1.685184 1.496147 0.956410 0.196785 -0.775693 -1.196878 -0.896982 -0.916183 -0.178556 -0.105669 
3.209014 2.550858 1.726618 1.422454 1.041269 -0.039353 -0.439445 -1.218664 -0.979099 -0.852460 -0.196449 -0.099661 
3.808044 3.260446 1.280570 1.690397 1.486829 0.566767 -0.059873 -1.250840 -1.108393 -1.303690 -0.021598 -0.079073 
4.223598 3.207279 1.309497 1.648132 2.076276 0.176979 -0.179205 -0.940947 -1.042994 -1.672658 -0.070838 -0.066401 
4.227374 3.095043 1.425294 1.801065 1.803996 0.600278 -0.066974 -1.288346 -1.033640 -1.511734 -0.043464 -0.064436 
5.066602 3.137074 0.995905 2.090641 2.625526 0.572691 0.032285 -1.656472 -0.365036 -2.084863 -0.195877 -0.063242 
3.310609 2.436773 1.550691 1.106728 1.228511 0.547512 -0.143664 -1.237076 -1.288389 -0.792189 -0.156074 -0.081981 
3.548487 2.442375 1.232194 0.901406 1.393427 0.671375 -0.101891 -1.110965 -1.129428 -0.736361 -0.224669 -0.067889 
5.163599 3.077605 0.532225 1.868677 2.396999 1.347423 -0.698417 -1.593967 -0.229816 -2.075899 -0.215451 -0.090142 
4.511295 2.865813 0.977708 1.369137 2.274611 0.551720 -0.436823 -1.206533 -0.885445 -1.676910 -0.118467 -0.048691 
3.511615 2.291299 1.322997 1.290509 1.275659 0.377394 -0.498049 -1.271721 -0.981807 -0.940813 -0.158293 -0.075147 
3.462558 2.355849 1.379936 1.138539 1.267115 0.037536 -0.851909 -1.454376 -0.942805 -0.814237 -0.195845 -0.094194 
5.351418 2.351282 0.766961 2.416762 2.453324 0.272940 -0.769065 -1.891989 -0.384594 -1.841643 -0.372029 -0.047523 
4.481521 2.428072 0.980400 1.732246 2.688539 -0.013761 -1.118094 -1.418749 -0.708047 -1.359816 -0.210876 -0.081018 
4.874482 2.575016 0.911749 2.147694 2.873501 0.314426 -1.352326 -1.594557 -0.646858 -1.654798 -0.238301 -0.081889 
4.290880 2.622485 1.203659 1.947302 2.103945 0.175228 -1.332403 -1.383943 -0.760538 -1.232189 -0.180256 -0.108117 
5.357746 2.486785 1.116118 2.071248 3.284772 0.134650 -1.862523 -1.799109 -0.382210 -1.578164 -0.454912 -0.125556 
4.228954 2.504607 1.714295 2.385044 2.027348 -0.193296 -1.807208 -1.270696 -0.439952 -0.975205 -0.299500 -0.138734 
3.645102 2.288033 1.714209 2.040805 1.685404 -0.158714 -1.180615 -1.043010 -0.532385 -0.878680 -0.254175 -0.115093 
3.764909 2.354943 1.440103 1.609080 1.470063 0.197258 -0.893294 -0.836969 -0.665304 -0.775012 -0.288721 -0.102512 
5.539743 2.449255 0.982907 2.022144 2.551700 0.380298 -0.769743 -1.238559 0.081964 -1.598266 -0.489652 -0.061392 
3.983207 2.432269 1.848097 1.520227 1.168682 0.257072 -0.240972 -0.372651 -0.755781 -0.848310 -0.210502 -0.059188 
3.294851 2.263067 1.800811 1.524331 1.208459 0.154825 -0.319353 -0.524632 -0.598927 -0.633152 -0.167782 -0.049126 
3.477292 2.539979 1.937318 1.651948 0.952986 0.450246 -0.138617 -0.475496 -0.447035 -0.469369 -0.134585 -0.041380 
4.363580 2.609977 2.388835 2.362807 1.945303 0.688172 0.333327 -0.673996 -0.257281 -1.009175 -0.022805 -0.012921 
3.714283 2.354987 2.250195 1.779877 2.183364 1.031565 1.230979 0.292175 -0.170752 -0.936802 -0.113753 -0.012011 
3.511301 2.384981 1.745216 1.835757 1.854721 1.208829 1.062906 0.077508 -0.199651 -0.481651 -0.111040 -0.005525 
4.070968 1.913162 1.891430 2.213788 2.597481 0.505678 1.463807 -0.531170 0.091026 -0.868491 -0.204672 0.026608 
3.372519 2.291785 1.905936 1.511035 1.631328 0.784942 0.874076 0.104461 -0.468699 -0.547038 -0.173147 0.002554 
3.605870 2.156191 2.098232 1.730169 1.660296 0.268302 0.187899 -0.358770 -0.105323 -0.430453 -0.138365 0.008922 
3.510237 1.975479 1.615155 1.354300 1.300708 0.306365 -0.010241 -0.320703 -0.036052 -0.302401 -0.368113 -0.003078 
3.761687 2.386374 2.054207 1.487252 1.577746 0.368273 -0.168231 -0.387346 0.042873 -0.350832 -0.197879 -0.011432 
3.653514 2.442019 2.056661 1.614054 1.086430 0.855903 0.056817 -0.675883 0.047753 -0.259180 -0.147615 -0.002780 
3.295421 2.530393 2.309791 1.966048 1.204630 0.537211 0.195609 -0.236916 0.108096 -0.151581 -0.130090 -0.002194 
4.217110 2.312041 3.116778 1.336767 1.597282 1.583575 0.546903 -0.678518 0.368960 0.316317 -0.206395 -0.008060 
3.530489 2.357149 2.500755 1.616745 1.469736 2.022351 0.772486 -0.631667 0.366441 0.074617 -0.181789 0.015076 
3.569508 2.155670 2.641477 1.878955 1.828733 2.080365 0.508186 -0.488248 0.555741 0.074791 -0.337899 -0.009865 
2.966038 2.143433 2.245352 1.804125 1.562870 1.320028 0.528509 0.073962 0.153261 0.070674 -0.117700 0.030421 
3.129384 2.211769 2.281815 1.913104 1.553199 1.404787 0.755660 0.312319 0.376752 -0.147930 -0.236807 0.024814 
3.152756 2.464197 2.460190 1.642842 1.722866 1.125513 0.693477 0.627510 0.463998 -0.025660 -0.174353 0.028911 
3.512408 2.546092 2.955572 2.045653 2.046272 1.680777 1.315391 0.624587 0.244280 0.068003 -0.087884 0.017534 
2.883649 2.255937 2.006603 1.740323 1.554019 1.266118 0.941181 0.812118 0.462417 0.173663 0.024985 0.063069 
2.805469 2.118879 2.046108 1.530683 1.483435 1.286549 0.868918 0.646649 0.439756 0.271868 0.074892 0.068417 
2.908844 2.217372 2.103871 1.687581 1.378099 1.288000 0.916956 0.503604 0.585726 0.202953 0.020096 0.063225 
3.179809 1.976303 2.033704 1.513352 1.533924 1.388137 1.211545 0.400031 0.419331 -0.188037 -0.279053 0.036966 
2.925589 2.322755 2.024050 1.220837 0.954951 0.859212 0.633810 0.721664 0.316001 -0.095776 -0.037613 0.055239 
3.042398 2.205630 1.900968 1.728924 1.547555 1.051321 1.046933 0.480700 0.148404 -0.147426 -0.149423 0.039810 
3.286501 2.256267 1.902658 1.448530 1.462720 0.616735 0.530279 0.415830 0.212642 -0.143164 -0.010411 0.043788 
3.513951 2.015011 1.830839 1.366393 1.180345 0.921783 0.635395 0.009289 -0.146443 -0.279588 -0.109942 0.035893 
3.600892 1.772408 1.792921 1.364797 1.804484 0.526415 0.698353 -0.105872 -0.058901 0.023590 -0.193749 0.025281 
3.179922 1.661132 1.392009 1.398676 1.115548 0.392766 0.761349 -0.218174 0.139658 0.091630 0.050129 0.077798 
3.230971 1.662179 1.897277 1.218551 1.340561 0.857656 0.551484 -0.303510 0.169027 -0.031967 0.083277 0.078917 
2.954220 1.694088 2.001326 1.460614 1.197718 0.779417 0.783274 -0.075807 0.358118 0.034184 0.227971 0.079882 
