3.975185 3.050936 2.876566 2.084516 1.792709 1.956518 2.348859 1.160099 -0.210694 -1.021490 -0.012636 -0.038580 
3.750427 3.120338 2.569303 1.963566 1.820031 1.707665 1.393166 0.517211 0.056781 -0.515568 -0.142239 -0.053680 
3.883039 3.450416 2.691392 2.265473 2.279758 1.844443 1.230314 0.672611 -0.329036 -0.637219 -0.011592 -0.051564 
3.662919 3.080653 2.560259 2.352557 2.026871 1.652323 1.057679 0.413446 -0.237542 -0.473754 -0.075819 -0.051273 
3.947562 3.540577 2.864930 2.386526 2.069410 1.574628 1.142384 0.604047 -0.258842 -0.719695 -0.012532 -0.064815 
3.722405 3.115808 2.746023 2.442999 1.855979 1.118854 0.669374 0.289179 -0.035282 -0.605184 -0.106337 -0.067407 
3.795376 3.376505 2.399522 2.540437 1.692826 0.998072 0.818183 0.435659 -0.049907 -0.810750 -0.079830 -0.074517 
3.771884 3.402574 2.505808 2.903276 1.924872 1.002540 0.329464 0.083762 -0.286998 -0.840043 -0.029897 -0.078391 
3.979040 3.521917 2.627236 2.803895 1.482552 0.380901 0.322603 0.053850 -0.130528 -0.997873 -0.041852 -0.076589 
4.839687 3.941173 2.188376 3.847123 1.773777 0.452808 0.248606 0.489254 0.317473 -2.045056 -0.088223 -0.076368 
4.019986 3.157102 2.784710 2.825876 1.693046 -0.340832 -0.323144 0.160457 -0.212073 -0.935151 -0.153422 -0.058598 
3.876217 3.066241 2.663245 3.265993 1.636781 -0.191135 -0.578082 0.139262 -0.223487 -0.851026 -0.201813 -0.067299 
4.359230 3.272525 2.601556 3.382755 1.801436 -0.796537 -0.323561 0.130020 0.184530 -1.337309 -0.205999 -0.049350 
4.590853 3.473556 2.401553 3.419940 1.806793 -0.436820 -0.555054 0.222160 0.370795 -1.915574 -0.199048 -0.065578 
3.997282 3.034967 2.403824 3.322550 1.917480 -0.474211 -0.343999 0.421869 0.315582 -1.455611 -0.187756 -0.054151 
4.095151 3.083058 2.043099 2.651273 2.211490 0.164784 -0.547977 1.105243 0.268529 -1.969679 -0.128241 -0.070083 
4.203051 2.846335 2.128870 2.299856 2.029869 0.335773 -0.549804 1.133478 0.341803 -2.184718 -0.143715 -0.047145 
4.415801 3.059852 2.033382 2.165155 2.690779 0.523889 -0.223215 1.048879 0.356673 -2.563475 -0.103277 -0.050357 
4.222374 2.748394 1.787394 2.224455 2.351461 0.401521 -0.502575 0.906500 0.266755 -2.256528 -0.159141 -0.048027 
3.447498 2.211202 1.752335 1.932139 1.607461 0.207147 -0.137386 0.812243 -0.054879 -1.420393 -0.354062 -0.068613 
3.752829 2.373443 1.897979 2.442642 1.524735 -0.049499 -0.359472 0.842485 0.012268 -1.455047 -0.324440 -0.048870 
3.792126 2.460853 1.858908 2.454468 1.786997 0.083761 -0.445224 0.955035 0.149962 -1.365487 -0.364423 -0.059185 
4.427920 2.731453 1.909660 2.263339 2.838939 0.337353 -0.607249 0.815362 0.394268 -1.823743 -0.284309 -0.052161 
3.496255 2.487184 2.034841 2.477790 1.661401 -0.080570 -0.453921 0.246810 0.279764 -0.823042 -0.440287 -0.075502 
3.482871 2.613449 2.497282 2.425295 1.596771 0.439282 -0.283569 0.702741 0.070131 -1.178627 -0.237993 -0.056719 
3.954685 2.843408 2.458556 2.353596 1.783998 0.414292 -0.697140 0.448332 0.131197 -1.086466 -0.237675 -0.075384 
4.408663 2.835147 2.629014 2.262146 2.483816 0.456015 -0.933256 0.497345 0.173499 -1.686601 -0.174424 -0.057039 
4.304909 2.888857 2.364397 2.219755 2.597337 0.318772 -1.150020 0.619842 -0.058078 -1.405685 -0.203421 -0.087972 
3.764200 2.688130 2.408965 2.132527 1.709688 0.264794 -0.256629 0.356334 -0.267877 -1.179467 -0.203074 -0.079170 
3.582030 2.704671 2.348299 2.150435 1.880774 0.309163 -0.521124 -0.135854 -0.359625 -1.011132 -0.193975 -0.098093 
4.249920 2.993119 2.636477 2.289719 2.428251 0.507146 -0.867301 0.284218 -0.237757 -1.605420 -0.107702 -0.084084 
4.429789 3.246600 2.304775 2.025317 2.718412 0.555766 -0.930583 -0.075608 -0.470368 -1.492361 -0.137034 -0.115065 
3.521848 2.708204 2.095781 1.373304 1.069668 0.745731 -0.197014 -0.403984 -0.469920 -0.721219 -0.329704 -0.108402 
3.366810 2.754084 2.176598 1.694632 1.467979 0.573941 -0.340394 -0.306809 -0.668020 -0.681902 -0.308913 -0.111053 
3.840808 2.914881 2.149353 1.704448 1.566626 0.413969 -0.491652 0.007452 -0.574609 -0.968493 -0.260704 -0.114778 
4.477032 3.099041 2.102117 1.501111 2.637313 1.138871 -1.166272 -0.062644 -0.348753 -1.458329 -0.153373 -0.126172 
3.431704 2.515435 1.977301 1.387254 0.968307 0.528662 -0.714647 -0.730742 -0.427222 -0.715172 -0.357933 -0.117350 
3.663012 2.770145 2.211104 1.809160 2.116143 0.767032 -0.911885 -0.247247 -0.791399 -0.822738 -0.213717 -0.124786 
3.525706 2.698281 2.130282 1.686763 1.326029 0.306071 -0.851380 -0.640265 -0.422280 -0.478839 -0.403921 -0.127800 
3.351854 2.726500 2.476379 1.746331 1.725717 0.733387 -0.991192 -0.683292 -0.680975 -0.665898 -0.281607 -0.135083 
4.102813 2.779564 2.652826 1.917667 2.293125 0.796483 -1.602117 -0.652648 -0.465344 -0.690497 -0.271454 -0.150112 
4.816021 2.741625 2.315967 1.871466 3.079776 1.262113 -2.405981 -0.782123 -0.411809 -0.749271 -0.218623 -0.187177 
3.659497 2.598208 2.166665 1.888917 1.756303 0.590301 -1.255608 -0.886713 -0.352663 -0.442052 -0.373183 -0.139257 
3.603247 2.417379 2.035693 2.393103 1.935262 0.313443 -1.152152 -0.921124 -0.583094 -0.387497 -0.339640 -0.140851 
4.161891 2.566528 2.052795 2.227151 2.555578 0.554217 -1.602661 -0.944214 -0.562122 -0.548582 -0.254786 -0.153610 
4.039958 2.605488 1.969985 2.268103 2.282817 0.187011 -1.277231 -1.061809 -0.472358 -0.393485 -0.312970 -0.149424 
4.020062 2.822155 2.221754 2.811042 2.461847 -0.087019 -1.365212 -0.960637 -0.508332 -0.550599 -0.333348 -0.153639 
3.755748 2.787263 2.334324 2.413695 1.867635 0.200052 -1.188150 -0.875488 -0.439107 -0.434672 -0.320110 -0.130206 
4.067574 2.952505 2.190744 2.445736 2.093575 0.168318 -0.956951 -1.021743 -0.485797 -0.500288 -0.282079 -0.127670 
3.846940 2.996530 2.116350 1.705443 1.860141 0.309132 -0.766335 -0.986304 -0.752159 -0.502580 -0.238780 -0.110396 
4.246280 2.782268 2.319356 2.368989 2.650711 0.823796 -1.196459 -0.937588 -0.661867 -0.589045 -0.159144 -0.122946 
3.336556 2.531540 2.110736 1.829375 1.281957 0.337790 -0.488784 -0.462074 -0.574445 -0.464565 -0.283179 -0.096976 
4.347816 2.886838 2.427423 2.872232 3.042689 0.454798 -1.270504 -0.792672 -0.403840 -0.558985 -0.193576 -0.128095 
5.041403 2.506421 2.497156 2.920353 3.569381 0.792631 -1.668290 -0.289162 -0.418339 -0.676275 -0.191329 -0.103866 
4.412329 2.856365 2.540611 3.123017 2.892364 0.258280 -0.663815 -0.518961 -0.515414 -0.724137 -0.093281 -0.067191 
3.225878 2.412155 2.177243 2.077166 1.243391 0.381394 -0.218078 -0.218417 -0.323790 -0.319800 -0.184230 -0.051177 
4.384097 2.853878 2.611821 3.374729 3.761231 0.601275 -1.171290 -0.179262 -0.305479 -0.675716 -0.083488 -0.096795 
5.418879 2.402956 2.330513 4.087516 5.109220 0.048302 -0.361981 -0.868978 0.055447 -0.652802 -0.287048 -0.045535 
5.106278 2.531275 2.728789 4.097090 4.957536 0.244632 -0.656334 -0.473740 0.084843 -0.592349 -0.215745 -0.063537 
3.675547 2.958623 3.003710 2.990740 2.777184 1.051108 -0.051787 -0.069138 -0.213896 -0.221385 -0.016402 -0.067781 
4.265786 2.954079 3.125601 3.795947 3.389897 0.920812 -0.172977 0.188936 0.045873 -0.400998 0.005142 -0.044907 
3.812181 3.029683 3.003058 2.910469 2.847520 0.913280 0.499615 0.461471 -0.089716 -0.026407 -0.034723 -0.027617 
4.162629 2.597841 3.346728 2.840405 4.139055 0.828907 0.780116 0.134111 -0.354739 -0.201672 0.156667 0.016354 
3.091873 2.394506 2.199946 2.080402 1.860652 1.332011 0.726959 0.320576 -0.108159 -0.078637 0.035918 0.025955 
3.494699 2.629914 2.613595 2.126121 2.294830 1.070640 0.577282 0.542988 -0.011860 -0.185997 -0.056194 0.001096 
3.211704 2.330137 2.114377 1.942419 1.761118 0.851106 0.704854 0.509321 0.122162 -0.078291 -0.057356 0.030632 
3.821168 2.465709 2.158834 1.847939 3.136417 1.454277 0.214704 0.298898 0.185032 -0.311215 -0.050382 -0.010738 
3.483455 2.551121 1.837140 2.151847 2.116753 1.653065 0.757478 -0.149090 0.246261 0.005061 -0.133685 -0.000588 
3.197867 2.418751 2.067225 2.066885 2.115289 1.470454 0.663008 0.046856 0.094845 0.046596 -0.115820 0.012071 
3.409762 2.368208 2.378172 2.129684 2.258989 2.027772 0.562790 -0.332538 0.151386 0.061053 -0.127807 -0.000984 
3.533541 2.562757 2.224477 2.260210 2.053417 1.803212 0.675001 -0.569021 0.316689 -0.014185 -0.051414 0.002491 
3.897734 2.234112 2.760167 2.177111 2.095542 2.150117 0.796220 -0.843195 0.681059 0.284101 -0.101254 0.012506 
2.927333 2.351817 2.314811 1.963590 1.940951 1.692183 0.709391 -0.109816 0.490786 0.276558 -0.058471 0.041098 
3.218953 2.400869 2.462588 2.157669 1.956974 1.349459 0.679837 0.159138 0.201171 0.251664 0.118999 0.042605 
3.214936 2.522866 2.950969 2.217305 2.287468 1.638156 0.730014 0.064424 0.310716 0.377251 0.060913 0.035341 
3.709037 2.289397 2.604568 2.643917 2.227657 1.432851 0.426602 0.396793 0.305312 0.077614 -0.045466 0.009092 
3.093115 2.121046 2.137227 2.312235 1.860655 1.268255 0.682052 0.237739 -0.002000 -0.121368 -0.152088 0.022119 
3.276845 2.092621 2.154285 2.375496 2.187636 1.809337 0.617833 0.143076 0.516311 0.104975 -0.117671 0.021495 
2.976325 2.119055 2.084861 2.416243 2.343543 1.604024 0.594527 0.216013 0.303713 0.096260 0.032347 0.035551 
3.418755 2.004426 2.632263 2.622285 2.855637 2.264653 0.983140 0.118434 -0.062644 0.185649 0.183669 0.036592 
3.159464 2.181404 2.073473 2.056953 2.102688 1.776408 1.008532 0.256591 0.340925 0.275050 0.028812 0.049853 
3.093146 2.220480 2.175906 2.280956 2.102525 1.452062 1.378169 0.394100 -0.068281 0.336434 0.229532 0.064225 
2.792862 2.034942 2.030393 1.873113 1.534413 0.960097 0.599550 0.655812 0.452822 0.222512 0.054134 0.066299 
2.763688 2.085789 2.362453 1.975247 1.569626 1.275938 1.546763 0.819220 0.471473 0.273665 0.040218 0.071332 
2.923843 2.028179 2.146119 2.124190 1.658076 1.408828 1.217514 0.615600 0.259552 0.283220 0.086636 0.064333 
