2.701630 1.871766 2.119831 0.321577 1.946795 1.184336 1.854096 0.984220 0.697812 -0.657089 0.109668 0.071695 
2.554681 1.704744 1.869262 0.106891 1.955626 1.653730 2.335535 1.478077 0.823653 -0.470769 0.047348 0.057500 
2.558335 1.721514 1.609627 -0.031922 2.250245 2.004659 2.375495 1.856725 0.647008 -0.120697 0.184918 0.050168 
2.633058 1.738555 1.666705 0.695428 2.436656 1.618800 1.876789 2.206075 0.571635 -0.280841 0.157853 0.067716 
2.790995 1.709173 1.475491 0.926227 2.287880 1.238095 1.407500 1.887568 0.408310 -0.237682 0.092285 0.071911 
2.824013 1.752707 1.459344 1.219162 1.797627 0.993340 0.482224 1.197425 0.179662 -0.294905 0.446394 0.092033 
2.770346 1.495151 1.240946 1.321691 2.317397 1.155674 1.446846 1.416517 0.469865 0.130147 0.324103 0.094102 
2.891836 2.165438 1.150882 1.390002 2.019414 0.725969 1.676454 1.192449 -0.068697 0.223163 0.203082 0.100128 
2.834979 1.926651 1.286209 1.356670 1.921548 1.054275 1.698275 0.865535 -0.179485 -0.041466 0.189545 0.099714 
2.996192 1.879965 1.534460 1.008337 1.767262 0.952982 1.211837 0.805925 -0.099635 0.034642 0.278483 0.091322 
2.988715 2.150330 1.715319 1.117267 2.167755 1.287876 1.473217 0.296890 0.085908 0.163151 0.172405 0.084971 
2.829601 2.193345 1.392623 1.549755 2.330295 1.751623 1.664754 -0.018485 0.206878 0.042683 0.152594 0.088229 
2.957535 2.137404 1.617138 1.651494 2.447483 1.389475 2.300508 0.018634 0.097383 -0.440718 0.353114 0.109818 
2.874785 1.908641 1.565823 1.575928 2.188141 0.939898 2.546856 0.561242 0.264885 -0.393039 0.323949 0.116474 
2.704319 1.794743 1.865299 1.836230 1.786065 0.777633 2.597155 0.827072 0.332239 -0.462199 0.111899 0.097038 
2.208068 1.770400 1.621142 1.118688 2.605626 0.916979 2.102169 0.600315 0.614433 -0.591042 0.537502 0.097059 
1.811608 1.939144 0.711822 0.916151 3.012540 1.042809 2.009938 0.343053 0.580127 -0.598665 0.911013 0.034123 
1.462323 1.653648 -0.684916 0.239852 4.165380 1.310209 2.259815 -0.135295 0.513641 -0.381883 0.562503 0.084582 
1.396890 1.832103 -1.180997 0.130520 4.861181 1.577074 2.427738 -0.463462 0.603942 0.125347 0.485930 0.126239 
0.683734 1.615784 -2.465961 0.007477 4.951330 2.974114 2.232352 -0.422329 0.801383 -0.154572 0.442646 0.059801 
0.230590 1.397422 -2.197426 -0.438200 5.513682 3.316211 2.625565 -0.353582 0.609526 -0.089788 0.390167 0.091279 
0.559924 1.546159 -2.257126 -0.797039 5.369510 2.975601 2.253376 -0.113659 0.687914 -0.196359 0.307141 0.065436 
0.897319 2.127006 -2.237914 -1.276212 5.117029 2.809752 1.879257 -0.127793 0.554271 -0.332282 0.273527 0.059566 
2.076373 2.163097 -1.926757 -2.742257 3.813418 1.351249 2.164686 0.187933 0.574712 0.015245 0.161795 0.041003 
2.411250 1.298813 -0.534912 -0.262788 2.286032 0.699889 1.910787 0.655950 0.950179 0.419209 0.292723 -0.072207 
3.153623 3.211588 -1.350338 -0.643728 2.820836 0.934409 0.704283 0.156017 1.298179 0.849942 0.361795 -0.120591 
3.735585 3.225435 -2.170720 -0.506767 3.048089 0.873208 -0.733569 0.471034 1.153108 1.005795 0.621834 -0.197792 
3.887034 3.513287 -2.355688 -0.901364 3.432536 0.333183 -1.202195 0.443168 0.973340 1.125784 0.730645 -0.212038 
3.324140 1.980568 -0.514103 0.052013 1.961829 -0.219289 -1.258873 -0.144861 0.973209 1.005955 0.592613 -0.025931 
3.893830 2.948684 -1.271158 -0.841434 2.806906 -0.374306 -1.997417 -0.238965 0.846025 1.042445 0.757423 -0.077846 
4.085116 3.100689 -1.204174 -0.616320 2.820599 -0.445099 -2.300209 -0.067007 0.633553 1.005751 0.671902 -0.082127 
4.738566 3.164637 -1.122512 -0.852727 2.796335 -0.379094 -2.443105 -0.153502 0.330066 0.915201 0.505821 -0.087091 
4.124835 2.443124 -0.089865 0.008431 1.089716 -0.477020 -1.860828 -0.546757 0.252074 0.466007 0.253785 -0.009164 
4.879294 2.837051 -0.722635 -0.226942 1.995552 -0.253217 -2.265953 -0.506597 0.138796 -0.013605 0.087755 -0.105308 
4.712599 2.970323 -0.708330 -0.045216 1.724091 0.115818 -1.997605 -0.518035 0.013207 -0.311059 -0.017037 -0.133403 
4.773841 2.986831 -0.573123 0.677913 1.421389 -0.251662 -1.715393 -0.861927 -0.080817 -0.702200 -0.137036 -0.112844 
4.973128 3.011493 -0.239375 1.231607 1.065325 -0.189871 -1.570041 -1.031758 0.079619 -1.002328 -0.189411 -0.111242 
5.334182 3.597692 -1.037974 1.479480 2.074997 -0.191174 -2.045369 -1.827134 -0.066048 -0.908424 -0.178419 -0.201038 
3.910533 2.407508 0.947898 1.160422 0.842656 -0.398594 -1.512252 -1.184236 -0.436120 -0.449978 -0.159715 -0.081549 
4.970855 2.975734 0.129154 1.284439 2.256060 -0.114178 -2.223310 -1.540781 -0.270423 -0.453904 -0.167078 -0.152041 
5.270829 2.675114 0.010653 1.111455 2.559044 0.331188 -2.075145 -2.065740 0.214364 -0.644041 -0.164742 -0.188469 
4.945237 2.438987 0.096650 1.469494 2.676367 0.311335 -2.093333 -1.723591 0.093237 -0.516069 -0.247127 -0.199547 
3.748488 2.020530 0.912101 1.560624 1.738627 -0.021232 -1.908039 -1.407470 -0.205647 -0.178635 -0.308784 -0.154957 
4.156956 2.208178 0.535550 1.374448 2.251173 -0.005225 -1.774908 -1.623990 -0.061075 -0.277416 -0.272495 -0.171909 
4.422292 2.033132 0.725447 1.876355 2.469837 0.267618 -2.243308 -1.507625 -0.130165 -0.264707 -0.290900 -0.184866 
4.333186 2.155298 0.943175 2.011940 2.347111 -0.061446 -2.184678 -1.561375 0.061943 -0.236463 -0.335911 -0.188333 
4.748076 2.310689 0.737018 1.994435 3.351644 -0.218014 -2.350942 -1.603115 0.073145 -0.308910 -0.301448 -0.200483 
4.055977 1.898288 1.011030 2.012865 2.508296 -0.257364 -2.181796 -1.070804 -0.210860 -0.113344 -0.342331 -0.168883 
4.278277 1.951480 1.005738 2.138511 3.351706 -0.233881 -2.532856 -1.232563 -0.115030 -0.211528 -0.314188 -0.199155 
4.405068 1.896350 0.811110 2.160599 3.461172 -0.307231 -2.885129 -1.219421 -0.295757 -0.250025 -0.304128 -0.206286 
4.931766 1.848795 0.423950 1.663838 4.255416 0.086118 -3.218476 -1.268546 -0.433868 -0.383581 -0.266109 -0.219965 
4.184838 1.472297 0.984888 2.267781 2.709573 -0.535654 -2.342043 -1.312258 -0.004150 -0.417516 -0.343425 -0.159262 
5.333305 1.830488 -0.016617 1.341777 4.449655 -0.472517 -2.448786 -1.475214 -0.398019 -0.369406 -0.387350 -0.155149 
4.604379 1.657842 0.367981 1.972239 3.728542 -0.056544 -2.684653 -1.219784 -0.022448 -0.474488 -0.323524 -0.177895 
4.698663 1.499150 0.703525 2.156265 3.865926 -0.266499 -3.265287 -1.112012 -0.092951 -0.356677 -0.333550 -0.197431 
4.285786 1.503284 0.923134 2.537661 3.134481 -0.809287 -2.583492 -1.168154 0.032076 -0.172234 -0.383651 -0.168429 
5.617045 1.576880 0.635625 1.552904 4.652215 -1.223851 -2.794976 -1.496287 -0.274028 -0.016028 -0.464557 -0.168787 
4.051361 1.811719 0.870969 2.343015 2.983947 -0.551029 -2.630535 -1.244051 0.154896 -0.144668 -0.342308 -0.177542 
4.846510 2.023396 0.469877 2.149498 4.065560 -0.453098 -2.913408 -1.608758 0.175199 -0.232384 -0.293774 -0.199619 
5.350653 1.979561 0.045528 1.755542 4.386788 0.003587 -2.651228 -1.907745 0.113164 -0.288374 -0.254563 -0.179798 
5.194021 1.525186 0.367499 2.360483 3.763176 -0.034219 -2.639342 -1.707814 0.255844 -0.183717 -0.262610 -0.157892 
4.784083 1.619517 0.397839 1.915151 3.316964 -0.136191 -2.250045 -1.171742 0.135917 -0.044064 -0.232577 -0.134616 
5.444529 1.888096 0.188321 2.106331 4.278544 0.023880 -2.877337 -1.548893 -0.054731 -0.097182 -0.217638 -0.158681 
5.600520 1.803888 0.303060 1.670241 4.171736 0.203643 -2.776247 -1.447691 -0.106043 -0.155105 -0.172914 -0.131435 
5.340452 1.938680 0.249528 1.796772 4.090190 -0.040751 -2.640467 -1.392975 -0.045949 -0.121277 -0.141081 -0.113234 
5.561207 1.442456 0.586467 2.116024 3.307531 0.314482 -2.555033 -1.546687 0.231313 -0.169020 -0.129734 -0.070157 
5.539346 2.113251 0.026719 1.175777 4.363374 0.448759 -2.447615 -1.857247 -0.030952 -0.369290 -0.002635 -0.073360 
5.585660 2.352781 -0.477457 1.114256 4.445193 0.281440 -2.066551 -1.952214 -0.141879 -0.370260 0.052340 -0.023648 
5.816401 2.470235 -0.444602 0.396088 5.010140 0.201361 -1.922607 -1.751323 -0.412506 -0.189339 0.038173 -0.000514 
5.026585 1.874131 -0.034186 1.249075 2.791440 0.224747 -2.125597 -1.383224 0.015696 -0.314228 0.135609 0.020761 
5.559024 2.325516 -0.579504 0.607598 3.924337 0.116128 -1.881340 -1.672213 0.055841 -0.157133 0.159725 0.017475 
5.550071 2.325427 -0.529597 0.730152 3.645823 -0.135739 -1.655234 -1.561368 0.360448 0.064525 0.186861 0.026306 
5.727774 2.299630 -0.859663 0.642603 3.635538 0.090116 -1.246205 -1.820634 0.479225 0.006719 0.222560 0.038544 
4.578380 2.026034 -0.004950 1.014475 2.019656 0.065577 -1.553087 -1.065220 0.293201 0.213585 0.264798 0.028114 
5.880541 1.956386 -0.579372 0.553544 3.714535 -0.315685 -0.665953 -1.513790 0.237586 0.231420 0.203969 0.117621 
4.694544 2.004325 -0.068296 0.543458 2.010626 0.413516 -0.513204 -0.608900 -0.124929 0.102024 0.385178 0.110178 
4.596396 1.980522 0.026371 0.495842 1.782082 0.490043 -0.124845 -0.260620 -0.145784 0.097333 0.426374 0.138450 
4.582806 2.060604 0.266220 0.214506 1.778673 0.505038 0.033409 -0.366038 -0.044852 -0.092709 0.458586 0.148418 
4.761469 2.444960 0.340416 -0.044128 2.198503 0.729332 0.132176 0.012956 -0.002091 -0.136219 0.422921 0.145088 
3.698828 2.719283 1.007936 0.586818 1.236095 0.889383 0.707634 -0.093611 0.074882 0.126759 0.254706 0.055371 
3.428109 2.533054 1.505153 1.191540 1.297300 0.725554 0.101127 -0.270036 0.156530 0.127919 0.279346 0.042458 
4.621088 2.746725 1.368891 0.348682 3.249704 0.765953 -0.762184 -0.527654 0.919993 -0.287249 0.379934 0.044950 
3.833873 2.522380 1.164607 0.756384 2.272087 1.088087 -0.048672 -0.307158 0.486923 -0.194195 0.293558 0.043335 
4.089856 2.297246 1.106424 0.696739 2.027889 1.118914 0.120875 -0.365662 0.859624 -0.307817 0.267675 0.064570 
3.715863 2.251114 1.236319 0.765208 1.941740 1.014114 0.325470 -0.029378 0.646599 -0.058788 0.146921 0.035719 
