2.945708 2.159123 1.691278 1.136535 1.688998 1.886375 1.522256 1.043292 0.532613 0.121241 0.102525 0.073946 
2.959339 2.232916 1.600363 0.972700 1.439832 1.742685 1.667037 1.233466 0.646560 0.195798 0.068667 0.064898 
2.897933 2.105357 1.453914 1.228520 1.436828 1.650605 1.687709 1.215864 0.692244 0.290305 0.047234 0.067914 
3.222151 2.043230 1.237200 0.538072 1.184620 1.696713 1.740440 1.728847 0.605007 -0.176673 0.050535 0.049773 
2.678990 1.708991 1.295536 0.955815 1.310396 1.468422 1.290602 0.942267 0.322186 0.155602 0.062286 0.083367 
2.982662 1.971318 1.108794 0.642531 1.300055 1.614056 1.376973 1.066210 0.271973 0.175635 0.236902 0.082391 
2.779316 1.929081 0.920706 0.946171 1.588476 1.869785 1.710779 0.625251 0.095762 0.050026 0.101998 0.096153 
2.883275 1.787461 0.552648 0.302682 1.782990 1.916889 1.771557 1.095869 -0.136832 0.113334 0.226196 0.112278 
2.992117 1.949919 0.707301 -1.018884 2.971726 1.678037 2.584283 1.698661 -0.517642 0.540705 -0.011485 0.107956 
2.867890 2.007183 0.875291 -1.157306 2.513266 1.281565 2.839404 1.686696 -0.510308 0.588579 -0.000245 0.102207 
2.751771 1.819224 0.420645 -0.947256 2.846863 1.429034 2.904977 1.698040 -0.451378 0.536031 -0.012379 0.116623 
2.861504 2.081755 0.333795 -0.722575 2.404978 0.979799 2.707609 1.581663 -0.654618 0.302070 0.015080 0.126779 
3.272431 2.121652 0.261915 -1.718760 2.208821 0.985366 3.344965 1.491111 -0.800801 0.413498 -0.063068 0.148432 
3.355016 2.187674 0.366415 -1.979008 1.752891 0.943562 2.855344 1.134552 -0.907969 0.320578 -0.139786 0.108067 
3.798793 1.602818 0.048266 -1.671446 2.793575 0.989417 2.770732 1.622395 -0.625408 0.317198 -0.092374 0.099160 
3.434541 1.920561 0.146756 -0.694105 2.450981 2.290322 2.746806 1.224049 -0.540054 0.288515 -0.189933 0.104594 
3.920867 2.191086 0.001820 -0.579689 2.385375 2.189816 2.561630 1.072995 -0.605231 0.262968 -0.199571 0.095346 
4.568242 2.633255 0.239467 -1.042334 2.012915 2.825486 2.446299 0.984026 -0.580455 0.079746 -0.243775 0.050894 
4.123074 2.319849 0.480315 -0.103037 1.215865 2.042834 1.847809 0.969093 -0.139805 -0.350119 -0.154747 0.029592 
5.324556 3.006227 0.388373 -0.641057 0.670087 1.230577 2.369493 1.059434 -0.483025 -0.221486 -0.167814 0.036599 
5.736820 2.788537 0.108608 0.292831 1.161533 0.381860 2.259455 1.303937 -0.680751 -0.559273 -0.249930 0.050601 
5.717676 2.821191 0.244648 0.456450 1.015846 0.135101 2.251064 1.051808 -0.544042 -0.710199 -0.258924 0.035790 
4.131820 2.566683 0.954589 0.483256 0.409598 0.926646 1.519239 0.750916 -0.369467 -0.788186 -0.154713 -0.038077 
4.656986 2.782163 0.853198 0.520330 0.658548 0.114400 1.479376 0.861386 -0.546697 -0.834394 -0.172483 -0.009839 
4.513857 2.795300 1.325167 0.367002 0.107788 -0.015573 1.060872 0.632755 -0.516152 -0.617378 -0.073552 -0.028474 
4.651564 2.845104 0.621827 0.942203 0.845058 -0.453812 1.281498 0.283732 -0.390658 -0.652400 -0.180098 -0.022997 
4.011902 2.894231 1.195296 0.677285 0.443844 -0.417534 1.285858 0.051190 -0.531228 -0.498559 -0.197620 -0.064728 
4.067546 2.950037 1.317975 0.387782 1.086790 -0.757673 1.187074 -0.254975 -0.520919 -0.205227 -0.343777 -0.056832 
4.064656 3.062536 1.442692 -0.057716 0.700465 -0.874119 1.366590 -0.399895 -0.579038 -0.131467 -0.450949 -0.077918 
4.443097 3.260899 0.577956 0.320688 1.400987 -1.408909 1.272202 -0.441635 -0.562874 -0.443131 -0.449095 -0.034874 
4.425083 3.610739 0.925971 -0.235900 0.924041 -1.335991 1.148878 -0.646219 -0.429156 -0.339278 -0.469150 -0.060885 
4.440660 3.248830 1.200358 -0.646829 0.490756 -0.918133 1.297190 -0.273665 -0.789402 -0.444599 -0.535423 -0.094415 
5.935435 3.588510 0.678152 -0.853775 1.544181 -2.404545 2.057527 -0.194314 -0.868427 -0.455880 -0.761042 0.033949 
5.670061 3.794151 0.506298 -0.680039 1.633156 -2.146414 1.923019 -0.253743 -0.853445 -0.445356 -0.707497 0.039882 
4.732854 3.483348 1.228656 -0.726561 0.725996 -1.169173 1.556078 -0.277067 -1.033124 -0.375798 -0.491956 -0.019724 
5.115566 3.619802 1.225518 -0.874472 0.950302 -1.655924 1.963198 -0.422821 -1.193169 -0.392236 -0.553722 0.034432 
4.834752 3.447008 1.208809 -0.885123 0.501387 -1.183258 1.620162 -0.602411 -1.169700 -0.424717 -0.428699 0.017594 
6.338105 3.501905 0.947080 -0.996711 0.412047 -2.651962 2.879003 -0.495303 -1.427769 -0.452554 -0.584706 0.083787 
4.124040 2.599268 0.973761 -0.336639 0.035709 -0.233872 0.378696 -0.184766 -0.873304 -0.715179 -0.234691 -0.034678 
4.557752 3.319202 0.792247 -0.477846 -0.418502 -0.939170 0.873557 -0.101557 -0.699419 -0.794067 -0.289054 -0.061571 
4.999690 3.166537 0.811984 -0.973093 0.515459 -1.049894 1.593943 -0.226202 -0.925512 -0.705217 -0.469952 -0.018274 
5.030236 3.639698 0.551286 -0.808882 0.192207 -0.944648 1.480506 -0.306565 -1.071590 -0.823158 -0.443815 -0.016590 
4.033579 2.675218 0.852364 -0.570383 0.073724 -0.123029 0.804509 -0.295099 -0.990138 -0.784052 -0.249582 -0.025056 
4.604022 3.304487 0.595767 -0.528122 0.262250 -0.332629 1.178510 -0.087964 -0.885995 -1.013094 -0.297583 -0.018597 
5.571465 3.146822 0.544497 -0.208525 1.169224 -0.953741 1.642303 0.026461 -1.068074 -1.015726 -0.474124 0.032521 
4.925292 3.159842 0.856714 -0.033214 0.539946 -0.062182 1.415549 0.113638 -1.089103 -1.134397 -0.354698 -0.012460 
4.440038 2.920084 1.248085 -0.023346 0.342742 0.527534 1.436151 0.389480 -1.049158 -0.911557 -0.350968 -0.050474 
5.700140 2.861487 1.364826 -0.212605 1.517607 -0.536968 2.100121 0.822781 -1.608414 -0.554573 -0.380767 0.031647 
4.043318 2.779706 1.391259 0.690779 0.796304 0.769443 1.245805 0.379209 -0.971264 -0.814794 -0.118919 0.027642 
4.205120 3.064398 1.787447 0.408123 1.261838 0.594922 1.475213 0.199580 -1.041273 -0.588664 -0.104587 0.039304 
3.813680 2.742062 1.804438 0.939762 1.272221 0.481735 1.203280 0.064862 -0.796526 -0.505024 0.020750 0.054095 
4.359720 3.169552 1.719607 0.854214 1.642007 0.377512 2.017293 0.248747 -0.693965 -0.392157 -0.068728 0.059761 
3.576798 2.690197 1.751243 1.319625 1.420339 1.123812 1.473886 0.140141 -0.111330 -0.254813 -0.024184 0.032811 
3.560016 2.732509 2.159501 1.370099 1.619768 1.128524 1.481275 0.689731 -0.343951 -0.325544 -0.103345 0.005717 
3.776696 2.872764 2.125940 1.460464 1.216094 1.401139 1.551240 0.570335 -0.062136 -0.324956 -0.148545 -0.013538 
3.877543 3.081643 2.379392 1.184509 0.923314 0.766672 1.145676 0.661311 -0.115743 -0.323125 -0.100814 -0.022853 
4.335079 3.237457 2.003538 0.770955 1.742513 0.375755 2.150075 0.361842 -0.484077 -0.312501 -0.245940 -0.005693 
4.346163 3.581638 2.025290 0.598783 1.941990 0.203276 1.948064 0.146482 -0.655451 -0.361806 -0.345747 -0.029985 
4.276003 3.702793 2.519339 0.340748 2.095453 0.056691 2.287782 -0.130587 -1.026393 -0.348423 -0.395645 -0.012220 
4.513944 3.782150 2.463029 0.019055 3.003200 -0.012955 1.949888 -0.189321 -1.086646 -0.332511 -0.368488 0.037382 
3.828377 3.406261 2.599506 0.832132 1.882184 0.349230 1.022782 0.268221 -0.798711 -0.263380 -0.140607 -0.037294 
3.800596 3.622221 2.595109 1.144635 2.846632 0.711711 1.569133 0.149439 -0.802094 -0.038793 -0.122448 0.012633 
3.847507 3.530417 2.910576 1.242128 2.281872 0.949700 1.479258 0.560162 -0.422534 0.009183 -0.047571 -0.003211 
3.642688 3.441958 2.510717 1.708820 1.973516 1.234774 1.436318 0.655320 -0.214056 -0.085326 -0.022273 -0.007575 
3.947354 3.347278 2.754061 1.518456 1.867028 1.425509 1.679231 0.676859 -0.133930 -0.082456 -0.024920 -0.011927 
4.056357 3.252149 2.578975 1.649399 1.686411 1.612951 1.421598 0.528452 -0.158332 -0.114418 0.000204 -0.012171 
4.070266 3.333530 2.600139 1.444638 2.066368 1.747311 1.539143 0.757172 -0.358503 -0.093456 -0.069756 -0.027863 
3.801173 3.288131 2.387765 1.660026 1.866613 1.550279 1.708802 0.633830 -0.242631 -0.050388 -0.080414 -0.025951 
4.232245 3.373783 2.481815 1.220965 2.093429 1.737985 1.668324 0.622775 -0.305803 -0.152759 -0.063920 -0.018434 
4.212214 3.327687 2.241383 1.138653 1.761775 1.831997 1.473730 0.712341 -0.320480 -0.256775 -0.031482 -0.017493 
4.059063 3.136150 1.955428 1.104059 1.733254 1.844328 1.555236 0.656693 -0.340133 -0.303630 -0.040045 -0.017755 
3.945960 2.981755 1.689711 0.947292 1.647524 1.973485 1.692334 0.708009 -0.262767 -0.350977 -0.071820 -0.021239 
4.011625 2.770124 1.469644 0.716098 1.572097 2.113431 1.628530 0.756077 -0.157095 -0.370335 -0.088873 -0.024398 
3.547167 2.384647 1.232108 0.804120 1.518149 1.812062 1.561848 0.865946 -0.098444 -0.372107 -0.073349 -0.040384 
3.460256 2.248990 1.254958 1.079758 1.574294 1.865846 1.598332 0.854792 -0.045228 -0.410579 -0.080994 -0.037629 
4.034238 2.659056 1.221958 0.899054 1.634700 1.943597 1.586049 0.808038 0.002267 -0.329370 -0.079083 -0.027906 
3.870284 2.713543 1.313126 0.731267 1.443253 1.868530 1.556964 0.871630 0.030326 -0.163458 -0.063130 -0.030044 
3.438186 2.610644 1.648532 1.018949 1.240716 1.618406 1.370008 0.716895 0.256289 0.076658 -0.037867 -0.028099 
3.317401 2.273249 1.524699 1.305054 1.599514 1.652532 1.317070 0.743163 0.396525 0.220818 -0.038612 -0.008715 
4.464514 2.849244 1.142149 0.228439 1.444925 1.718964 1.415446 1.021360 0.468390 0.448042 0.084658 0.023100 
3.751965 2.522493 1.018214 0.231124 0.811717 1.299112 1.471195 1.164256 0.742473 0.566996 0.164549 0.041103 
3.838254 2.671179 1.312932 0.167826 0.705007 1.132338 1.327306 1.186132 0.798485 0.750460 0.145874 0.033983 
3.474319 2.383778 1.342386 0.715297 1.038634 1.262458 1.306172 1.054545 0.681674 0.469192 0.135045 0.028869 
3.304807 2.353800 1.383973 0.866277 1.196045 1.603120 1.637526 1.274239 0.822548 0.399954 -0.112909 0.007762 
3.661379 2.511603 1.387857 0.796945 1.230498 1.957733 1.999197 1.386932 0.816936 0.323171 -0.159549 -0.000348 
