1.404345 2.240045 1.876355 3.028513 2.726958 1.249372 1.393691 0.497011 0.303063 0.078427 0.983719 -0.072723 
1.521522 1.980289 1.893266 2.807348 2.730786 1.085319 1.885956 0.155714 0.584875 0.002185 0.991430 -0.046969 
1.796920 1.974993 1.733097 2.736459 1.928500 0.524399 1.767314 0.421558 0.632948 -0.064534 0.973802 -0.031415 
1.787008 2.257452 1.487667 2.001242 1.151070 0.695233 1.631807 0.598525 0.338021 -0.299034 0.631801 -0.024928 
1.620530 1.920766 1.678858 2.480175 1.636332 0.760889 1.583652 0.686020 1.062337 -0.354551 0.874295 -0.008962 
1.763265 1.600920 1.025730 2.757130 2.123553 1.035678 0.979485 0.367090 0.879908 0.024647 1.095888 -0.041676 
1.751938 1.600840 0.670315 2.752987 2.802650 1.335749 0.666967 0.422071 0.969564 0.043494 1.048747 -0.047535 
1.872199 1.663842 0.821780 2.824452 2.778677 1.375712 0.529075 -0.055417 0.732391 0.089960 1.006738 -0.037696 
2.024695 1.794123 0.888141 2.346030 2.114744 1.119254 0.170275 -0.079663 0.647591 0.201137 0.930658 -0.037894 
2.060133 2.031534 0.944138 1.993429 2.490897 1.569512 0.139073 0.711075 0.878385 0.243171 1.042721 -0.026088 
2.125715 2.450111 1.008520 1.235987 2.605153 1.800247 0.438880 0.721329 1.343340 0.188410 1.142851 -0.025876 
2.017248 2.692799 1.401213 1.112859 2.442959 1.872456 0.821123 0.691181 1.447484 -0.051582 0.952525 -0.011379 
1.946121 2.491018 1.804022 1.647489 1.745756 0.971058 0.750793 0.562904 1.514647 -0.185113 0.649899 0.014896 
1.896416 2.458628 1.704069 1.205511 1.472953 1.071170 1.316370 0.401745 1.426408 -0.124166 0.622729 -0.005883 
1.799148 2.618026 2.457368 1.757593 1.637922 0.049190 0.679427 0.491947 1.680579 -0.234396 0.680976 0.035114 
1.863969 2.683754 2.197216 2.339959 1.807790 0.420116 0.081245 0.427793 1.684419 -0.099750 0.713173 0.006533 
3.236130 2.868834 1.891774 1.865944 2.303105 0.237077 -0.334570 -0.373897 0.783398 -0.305188 0.210490 0.013600 
4.066468 3.149459 1.867106 1.303337 1.788220 -0.071408 -0.700134 -0.092102 0.545260 -0.248136 -0.160686 -0.057849 
4.588743 3.208492 1.188250 1.333560 1.738029 -0.233485 -0.796079 -0.992441 0.114911 -0.130493 -0.195144 -0.097191 
4.795337 3.012794 0.892890 0.833993 1.093954 -0.406800 -1.096250 -0.836212 -0.048259 -0.331898 -0.199004 -0.101204 
4.491935 2.969162 0.986498 0.243193 0.724258 -0.627884 -0.834162 -0.866575 -0.470903 -0.240659 -0.184175 -0.072468 
4.959601 3.064777 0.544012 -0.007162 0.567610 -0.394806 -1.000198 -0.722425 -0.295853 -0.590340 -0.162826 -0.069725 
4.840396 3.030707 0.429853 -0.190313 0.254886 -0.505260 -0.604700 -0.863168 -0.506405 -0.638954 -0.151999 -0.044647 
4.662424 2.737425 0.448929 -0.268305 0.243847 -0.256018 -0.895063 -0.746259 -0.605303 -0.572930 -0.135976 -0.036816 
5.434265 2.814602 -0.102462 -0.397908 0.433064 -0.391366 -0.943446 -0.751161 -0.398850 -0.770161 -0.230960 -0.054703 
5.463062 2.837792 -0.264223 -0.778726 0.435858 -0.681514 -0.885432 -0.819695 -0.450304 -0.907947 -0.287136 -0.067527 
5.124630 2.679772 -0.354166 -0.791238 0.118097 -0.700557 -0.952791 -0.621191 -0.689914 -0.865080 -0.288859 -0.069146 
4.532327 2.381680 -0.114162 -0.891889 -0.321486 -0.590074 -0.756428 -0.864413 -0.686822 -0.854607 -0.224967 -0.066916 
5.085783 2.357735 -0.659917 -0.942127 -0.205331 -0.929793 -1.107066 -0.850840 -0.567082 -0.994317 -0.260410 -0.064105 
5.361030 2.469037 -0.822376 -1.076735 -0.022029 -0.807528 -1.261584 -1.068177 -0.291062 -0.983862 -0.257273 -0.082685 
5.584298 2.667732 -1.102707 -1.290588 0.159372 -0.825718 -1.502753 -1.109545 -0.269203 -0.765686 -0.232504 -0.107692 
4.895308 2.348641 -0.436307 -1.159726 -0.447470 -0.930360 -1.199701 -1.030426 -0.444837 -0.646650 -0.152811 -0.072032 
5.112368 2.411926 -0.812586 -1.087060 -0.095094 -0.892192 -1.543291 -1.049350 -0.247945 -0.508108 -0.160842 -0.105336 
5.168374 2.318507 -0.790057 -1.018398 -0.080029 -0.726021 -1.633411 -1.100215 -0.166505 -0.360227 -0.145601 -0.115668 
5.048930 2.280085 -0.798559 -1.017901 -0.079308 -0.911819 -1.310731 -1.177870 -0.074498 -0.382852 -0.136829 -0.109785 
5.121395 2.370645 -0.926559 -0.794524 -0.233121 -0.838711 -1.198232 -1.113180 0.079525 -0.364984 -0.126876 -0.115194 
5.042185 2.430742 -0.844106 -0.904583 -0.239543 -0.736899 -1.144877 -0.944483 0.030248 -0.284150 -0.103422 -0.105857 
4.730273 2.279255 -0.708617 -1.076028 -0.290212 -0.656445 -0.951462 -0.960552 -0.018372 -0.261074 -0.091739 -0.099393 
4.394851 2.124538 -0.691551 -1.005794 -0.422071 -0.637365 -0.915500 -0.921541 -0.045545 -0.275339 -0.079743 -0.099093 
4.510148 2.139881 -1.005825 -0.911198 -0.410278 -0.386910 -0.990091 -0.843218 -0.016853 -0.330638 -0.100686 -0.112782 
4.675676 2.077566 -1.102431 -0.985121 -0.252508 -0.231174 -0.690776 -0.768028 -0.024677 -0.415041 -0.114471 -0.101964 
4.627382 2.201614 -1.263513 -0.950552 -0.124643 0.011334 -0.663072 -0.537793 -0.068787 -0.453876 -0.109745 -0.094798 
4.566468 2.044594 -1.094108 -1.028178 0.000421 0.132477 -0.373237 -0.288813 -0.105812 -0.479963 -0.113864 -0.075616 
4.772740 2.042740 -1.374424 -1.055952 0.228708 0.422825 -0.488563 -0.081754 -0.085436 -0.451215 -0.119931 -0.076712 
5.144962 2.198421 -1.921308 -1.269756 0.745185 0.577082 -0.747817 -0.078857 0.051477 -0.517101 -0.130407 -0.104975 
5.396824 2.268855 -2.294819 -1.645135 1.132430 0.766629 -1.045967 -0.152223 0.237931 -0.529779 -0.104597 -0.151000 
5.164142 2.092836 -2.084577 -1.521618 1.210164 0.654049 -0.986010 -0.108663 0.255757 -0.566890 -0.111623 -0.149907 
5.291100 2.130510 -2.163431 -1.743618 1.396954 0.890711 -1.327967 0.092850 0.205301 -0.499177 -0.091847 -0.173582 
5.559184 2.358068 -2.457407 -2.209497 1.692672 1.067799 -1.628037 0.149349 0.205791 -0.368990 -0.029699 -0.224046 
5.574525 2.473696 -2.635649 -2.163803 1.738893 1.193592 -1.577281 0.171369 0.120135 -0.309197 -0.027895 -0.226195 
5.581028 2.423998 -2.800005 -2.235753 1.839335 1.414635 -1.539842 0.185845 0.104982 -0.307104 -0.021610 -0.238362 
5.790616 2.288948 -3.010746 -2.273529 1.924734 1.457085 -1.605283 0.371824 -0.003148 -0.133428 -0.107558 -0.241234 
5.645285 1.985841 -2.959203 -1.998622 1.699775 1.711665 -1.535558 0.347171 0.213268 -0.278208 -0.132300 -0.232315 
5.535290 1.784679 -2.995725 -1.820290 1.786319 1.530859 -1.225046 0.246816 0.350954 -0.296666 -0.171486 -0.233224 
5.639152 1.728965 -3.119288 -1.923701 1.839350 1.555583 -1.314960 0.453433 0.317633 -0.187740 -0.199692 -0.242703 
5.743754 1.806050 -3.316117 -2.098503 1.993252 1.508844 -1.231330 0.493724 0.251130 -0.071197 -0.201816 -0.254338 
5.751432 1.509076 -3.179054 -1.854392 1.953078 1.468818 -1.080276 0.365579 0.335030 -0.118372 -0.234048 -0.240190 
5.748854 1.325070 -3.086650 -1.638738 1.959821 1.338075 -0.992352 0.410451 0.345835 -0.126523 -0.268028 -0.222008 
5.927780 1.303173 -3.248812 -1.407814 1.890016 1.290066 -0.931412 0.458708 0.308017 -0.003739 -0.289394 -0.205624 
6.055376 1.171825 -3.050996 -1.403568 2.054314 1.153196 -1.000968 0.611993 0.240679 0.105552 -0.258738 -0.190961 
5.792552 1.166917 -2.813742 -1.367047 1.912692 1.213976 -0.795461 0.365975 0.483737 -0.023298 -0.166325 -0.171570 
5.884782 1.278442 -2.956871 -1.562417 2.035777 1.621980 -1.096724 0.460437 0.436353 0.116451 -0.102514 -0.186004 
5.832947 1.585234 -3.264388 -1.924647 2.233455 1.678420 -0.881865 0.385043 0.452768 0.075760 -0.082100 -0.208908 
5.594041 1.214566 -2.879820 -1.384949 1.969945 1.553229 -0.600287 0.188583 0.731695 -0.205345 -0.144347 -0.175548 
6.017809 1.295719 -3.439232 -1.008236 1.746198 1.745665 -0.525427 0.254145 0.703080 -0.012269 -0.222496 -0.178521 
6.366493 1.198886 -3.821089 -0.420238 1.422943 1.719200 -0.174933 0.146529 0.801484 0.015052 -0.263163 -0.178981 
6.140674 1.187424 -3.572036 -0.617452 2.102770 1.284558 -0.146096 0.158542 0.759847 0.025105 -0.259648 -0.173670 
5.208605 0.989220 -2.536317 -0.628622 1.940870 1.445363 -0.301664 0.010724 0.859511 -0.267417 -0.149523 -0.165262 
5.318445 0.983598 -2.401574 -0.539362 2.237064 1.181267 -0.353111 -0.017284 0.641381 -0.157802 -0.143594 -0.142297 
6.513004 0.545272 -2.763713 -0.414770 2.525570 1.393089 -0.636293 0.294161 0.418181 0.161140 -0.233000 -0.153838 
4.803111 0.619935 -1.671273 -0.004798 1.887787 1.310409 -0.302290 0.214261 0.537555 -0.148883 -0.176505 -0.141751 
4.795873 0.689364 -1.861163 -0.230409 1.979270 1.417777 -0.058813 0.399004 0.700532 -0.267943 -0.200513 -0.143465 
4.900676 0.789504 -2.321144 -0.576565 2.540058 1.535585 -0.087337 0.447217 0.823446 -0.200306 -0.166111 -0.156821 
6.448741 0.108429 -2.959167 -0.687375 2.684861 1.752070 0.168329 0.585770 0.880720 0.124203 -0.276657 -0.152446 
4.573103 0.482681 -1.923043 -0.206840 1.860920 1.478485 0.050756 0.530624 0.792626 -0.304819 -0.146723 -0.115605 
5.076622 0.456961 -2.474670 -0.316577 2.440008 1.509102 -0.038693 0.454335 0.984100 -0.156647 -0.178249 -0.144012 
5.601986 0.631801 -2.822209 -0.473209 2.756821 1.145106 -0.161488 0.545170 0.823642 0.043813 -0.239980 -0.151938 
6.967597 -0.396851 -2.557657 0.010763 2.935428 1.002220 -0.202165 0.780143 0.735027 0.121601 -0.292758 -0.138034 
4.549217 0.686928 -1.854993 0.078882 2.297139 1.181651 -0.007474 0.633179 0.854849 -0.139909 -0.093919 -0.128060 
5.188973 0.281236 -1.953256 0.099380 2.415335 1.095049 0.435697 0.683655 1.025746 -0.069996 -0.143023 -0.083977 
5.298197 0.512371 -2.398781 -0.141383 2.696571 1.360448 0.244085 0.851086 1.309845 0.043817 -0.097647 -0.086989 
6.242895 0.092895 -2.872739 0.363012 2.453787 1.236746 0.877846 0.776225 1.313451 0.123880 -0.150857 -0.051882 
4.266160 0.447902 -1.859135 0.187591 2.215312 1.535193 0.582547 1.051658 0.952289 -0.319083 -0.024519 -0.038440 
4.677603 0.272285 -1.950695 0.452879 2.237579 1.537287 0.759170 0.907862 1.131427 -0.303899 -0.094262 -0.031625 
5.414563 0.115915 -2.409885 0.749881 2.431645 1.073230 1.047634 0.702336 1.195667 -0.129155 -0.102994 -0.001594 
