0.625012 4.020928 -0.706540 1.984675 1.653563 0.735291 1.132129 -0.023615 1.502413 0.061730 0.469795 -0.005236 
0.402448 3.744810 -0.531468 1.591927 1.754456 0.888806 1.087718 0.347292 1.378529 -0.038251 0.408822 -0.001487 
0.466092 3.586384 -0.134071 1.656178 1.892615 0.495881 0.852246 0.401967 1.206687 0.047843 0.320223 0.030030 
0.399216 3.720569 -0.305276 1.287127 1.849693 0.487680 0.502146 0.694434 1.650136 0.214937 0.287921 0.015995 
0.706388 3.525104 -0.164990 1.004497 1.381328 0.636348 0.439934 0.663154 1.506280 -0.033146 0.260233 0.035888 
1.024791 3.347386 0.164408 0.954858 1.937570 0.516485 0.629700 0.555071 1.910007 0.296262 0.285211 0.023794 
1.446842 3.322367 -0.219244 1.114985 1.193403 0.789106 -0.159312 0.734903 1.590420 0.142545 0.493060 -0.029540 
1.587592 3.166382 -0.018193 0.980800 1.278706 1.176936 -0.102586 0.870281 1.788716 0.107875 0.530064 -0.043122 
2.184462 2.248964 0.988222 1.186759 1.358056 0.617478 0.892989 0.726877 1.221253 0.320591 0.520530 0.038134 
2.652052 2.493247 0.981131 0.935683 0.862216 0.211148 0.887549 0.434954 1.521743 0.111312 0.378578 0.057518 
3.359312 2.988697 0.601137 0.357835 0.552667 -0.185411 0.481015 0.591308 0.962185 0.090412 0.266849 0.065419 
4.755379 4.221627 0.031235 0.472486 1.312160 0.700212 -0.066975 -0.207222 1.019622 -0.024739 0.439537 0.003920 
4.836337 3.632413 0.374574 0.890955 0.574674 0.820384 -0.161677 -0.202975 0.732646 -0.075601 0.231581 0.009123 
5.329590 3.990493 0.154664 0.434290 1.028277 0.172221 -0.169689 -0.667442 0.783885 -0.141326 0.257685 -0.015963 
5.330494 3.594369 0.258142 0.415475 1.073615 -0.212976 -0.610540 -0.586951 0.794135 -0.158083 0.159407 -0.030406 
5.172388 3.254853 0.365054 -0.056713 0.847565 -0.032329 -0.330916 -0.691629 0.217873 -0.084962 0.129284 0.004147 
4.330598 2.640174 0.721713 0.651365 0.569002 -0.142958 -0.897204 -0.625436 0.061139 0.134084 0.081087 -0.011937 
4.959923 2.947008 0.298993 0.291193 0.525055 -0.118603 -1.250667 -0.683993 0.090132 0.016371 0.054742 -0.033343 
5.431179 3.141246 -0.402195 0.078875 1.047522 0.000669 -1.528047 -0.585756 0.295385 0.091564 0.036060 -0.079828 
4.948139 2.836059 -0.011762 0.363509 0.538777 -0.035243 -1.272627 -0.485162 0.305403 0.079670 0.014607 -0.049342 
4.705377 2.702422 0.085118 0.108534 0.422471 -0.066370 -0.920404 -0.642648 0.340034 0.040644 0.020334 -0.044208 
5.038228 2.825741 -0.341285 -0.053908 0.848988 -0.130104 -1.125682 -0.676772 0.679049 0.085609 0.025666 -0.085545 
4.901782 2.684245 0.046813 0.116211 0.549586 -0.123237 -1.188272 -0.182430 0.478932 0.354045 -0.038496 -0.059184 
5.033310 2.711562 -0.136515 0.271953 0.681944 -0.063781 -0.804907 -0.496758 0.768826 0.199686 -0.006132 -0.064975 
5.596381 3.041990 -0.450338 -0.616996 1.889404 -0.234150 -0.697399 -0.636667 0.771863 0.296783 0.058508 -0.076738 
5.300261 3.055221 -0.379122 -0.158105 1.390994 -0.214638 -0.506097 -0.587060 0.744166 0.343186 0.065487 -0.058869 
5.015318 2.754904 -0.048758 0.381762 0.798388 -0.145898 -0.791004 -0.319099 0.766340 0.434262 -0.002363 -0.062653 
5.521568 2.645098 -0.081509 0.023376 1.235341 -0.215668 -1.068806 -0.235328 0.861248 0.535130 0.049789 -0.071933 
5.453884 2.588145 0.054285 -0.095290 1.187654 -0.117153 -1.003230 -0.157173 0.891396 0.587664 0.101314 -0.055415 
5.371308 2.482962 0.154087 -0.229459 1.277363 -0.315342 -0.880182 0.069227 0.712253 0.708169 0.100454 -0.048280 
5.444534 2.438397 -0.057660 -0.096771 1.147477 0.013823 -1.044780 0.409550 0.718511 0.674718 0.125744 -0.038947 
5.192178 2.236906 0.182406 -0.087312 0.945236 0.186607 -0.879977 0.560181 0.681977 0.624821 0.120369 -0.027944 
5.069257 2.395112 -0.238746 0.077379 0.752808 0.325832 -0.565820 0.320215 0.835458 0.525270 0.113147 -0.022054 
5.078025 2.441872 -0.410123 -0.239352 1.130221 0.146747 -0.027022 0.215100 0.804767 0.392326 0.119446 -0.008223 
5.416045 2.581464 -0.555114 -0.443067 0.958647 0.780088 -0.414103 0.866954 0.475255 0.291667 0.095085 0.003580 
5.166083 2.427514 -0.358685 -0.314644 0.805523 0.627173 0.298657 0.586820 0.546843 0.043502 0.098789 0.030891 
4.935948 2.479455 -0.231368 -0.463816 0.917520 0.978277 0.264940 0.547608 0.348388 -0.027986 0.093616 0.025755 
4.452501 2.663599 -0.140070 -0.433188 0.894212 1.040871 0.679252 0.359187 0.105518 0.031894 0.046342 0.021069 
4.257409 2.323771 0.069097 -0.051065 0.523665 0.718444 0.636858 0.616145 0.219849 0.079686 -0.085281 -0.028105 
5.014494 2.866651 -0.696740 -0.559036 1.156649 1.073130 -0.073228 0.036236 0.735502 0.105828 0.099471 -0.076689 
5.073344 2.436536 -0.413635 -0.412296 1.093148 0.923216 -0.171308 0.052348 0.918772 -0.051986 0.051276 -0.066531 
4.764970 2.562917 -0.552433 -0.680210 1.584788 0.865436 -0.276856 0.091607 0.615759 0.140349 0.028023 -0.107673 
4.105095 2.065564 0.012841 -0.208546 1.071555 0.619665 -0.080242 0.297608 0.636948 0.079335 -0.088299 -0.098651 
4.721120 2.422685 -0.522614 -0.827874 1.657787 1.144249 -0.270398 0.036288 0.742124 -0.141151 0.005775 -0.126963 
4.822071 2.216566 -0.773564 -0.609118 1.343437 1.152871 -0.340762 0.037124 0.775912 -0.235618 -0.019556 -0.125779 
5.421332 3.145325 -1.708813 -1.881185 2.334916 1.246189 -1.020452 0.249048 0.847206 -0.255602 0.216050 -0.252851 
5.047183 2.476778 -1.386800 -1.192321 2.027178 1.337293 -0.817614 0.372431 0.795829 -0.245870 0.046348 -0.193092 
5.209868 2.579143 -1.489419 -1.806454 2.489442 1.295033 -0.887919 0.315513 0.876756 -0.330635 0.124689 -0.230676 
5.215744 2.519676 -1.356980 -1.863870 2.554523 1.342651 -0.823137 0.304883 0.894100 -0.320476 0.118731 -0.229074 
5.288174 2.389269 -1.748589 -1.911591 2.545910 1.280150 -0.850984 0.351013 0.869569 -0.296441 0.083149 -0.234785 
5.437096 2.558034 -2.229231 -2.220002 2.521792 1.371150 -1.028944 0.388431 0.807094 -0.247535 0.125025 -0.275424 
5.444378 2.643715 -2.418407 -2.698856 2.845032 1.084146 -0.802844 0.377630 0.767339 -0.217321 0.137455 -0.301959 
5.022834 1.809931 -1.899033 -1.700596 2.406952 1.355450 -0.605219 0.266825 0.836534 -0.359060 -0.011486 -0.221871 
5.183955 2.047386 -1.707590 -2.059455 3.013337 1.170946 -0.400301 0.357840 0.819293 -0.245761 0.021168 -0.211862 
5.282807 1.953065 -1.627023 -2.127767 3.203761 1.189781 -0.304098 0.348389 0.884894 -0.182724 0.030917 -0.189352 
5.484380 2.233561 -1.792380 -2.655373 3.691952 0.974945 -0.233724 0.507189 0.814789 0.066399 0.065668 -0.213274 
5.129896 1.805533 -1.447728 -1.551865 2.818279 1.425985 -0.232057 0.569447 0.907267 -0.066974 -0.001743 -0.179540 
5.248906 1.961409 -1.384335 -1.733558 2.797212 1.645326 -0.510879 0.729712 1.073893 -0.084264 0.082764 -0.193816 
5.046042 1.832918 -1.177243 -1.273769 2.457702 1.783005 -0.354666 0.835032 0.951978 -0.035503 0.046117 -0.160137 
5.131744 1.821239 -1.275791 -1.225721 2.618092 1.824574 -0.297851 0.918837 0.945054 0.018061 0.026690 -0.159448 
5.180633 1.942761 -1.318048 -1.275713 2.652632 1.926703 -0.279480 0.856929 0.972795 -0.047102 0.033016 -0.160599 
5.200816 1.888603 -1.632669 -0.936451 2.419558 1.903149 -0.134210 0.784769 0.942146 -0.069406 -0.055399 -0.155715 
5.184089 1.709391 -1.651707 -0.947963 2.687760 1.703484 0.028674 0.640643 0.969549 -0.029498 -0.081178 -0.152774 
5.180099 1.617974 -1.611077 -0.684677 2.395620 1.963069 -0.011154 0.529040 1.089567 -0.074932 -0.067265 -0.134854 
5.165912 1.664938 -1.834048 -0.574694 2.450825 1.927493 0.223287 0.369280 1.169771 -0.042112 -0.032905 -0.126140 
4.875083 1.603171 -1.678973 -0.620734 2.649435 1.929314 0.188380 0.444520 1.188777 0.047382 -0.000944 -0.132402 
4.726307 1.610106 -1.508811 -0.351950 2.488367 2.151516 0.201230 0.485010 1.185786 0.063776 0.027341 -0.116326 
4.787625 1.532430 -1.541980 -0.279485 2.632167 2.125331 0.299252 0.479647 1.248545 0.147784 0.039664 -0.117091 
5.072362 1.652182 -1.739939 -0.461415 2.706221 2.344420 -0.062492 0.720756 1.381387 0.266908 0.097749 -0.136081 
4.756933 1.555452 -1.778972 -0.021186 2.570852 2.347488 0.235969 0.625090 1.324712 0.128912 0.052583 -0.119252 
4.647188 1.413878 -1.684224 -0.075583 2.713025 2.443207 0.368555 0.836305 1.156248 0.126531 0.000260 -0.109864 
4.639506 1.260862 -1.599116 -0.053774 2.751270 2.173028 0.628592 0.853508 1.190763 0.124886 -0.022762 -0.092942 
5.278867 1.561342 -2.173265 -0.548620 2.893754 2.310367 0.628240 0.743789 1.579875 0.095679 0.061551 -0.099514 
4.822052 1.365950 -1.722565 -0.248582 2.705171 2.234793 0.623844 0.922126 1.430848 0.058744 0.020720 -0.085932 
4.898620 1.446744 -1.898397 -0.212563 2.818511 2.305481 0.349309 1.024089 1.691095 0.122668 0.051777 -0.106674 
4.768915 1.404623 -1.827762 0.166590 2.794254 2.329821 0.249729 0.985177 1.566984 0.213539 0.025240 -0.105121 
5.283651 1.552487 -2.171753 0.161225 3.043473 2.360647 0.229663 0.762124 1.688015 0.333189 0.099415 -0.089774 
4.741745 1.167815 -1.618163 0.531141 3.094043 2.229026 0.423833 0.833652 1.506311 0.299380 -0.005962 -0.090458 
5.482150 1.396658 -2.447603 0.010778 3.334076 2.502566 0.273595 1.101962 1.446551 0.563823 0.075969 -0.078563 
4.986070 0.909893 -1.862417 0.218969 3.039748 2.160701 0.470568 1.189594 1.611600 0.412618 0.006336 -0.075293 
5.591559 0.897032 -2.648677 0.132930 3.136929 2.247503 0.922494 1.096189 1.890333 0.578522 0.069681 -0.063924 
4.701357 0.465594 -1.470605 0.284279 2.844784 1.874445 0.738753 1.245582 1.810210 0.477966 0.045869 -0.055140 
4.108069 1.093654 -1.266601 0.361252 2.605753 2.019761 0.707330 1.128839 1.483270 0.371854 0.046726 -0.068107 
4.088004 0.957988 -1.040104 0.760388 2.677402 1.988063 0.941238 1.196418 1.373536 0.386507 -0.021107 -0.065219 
5.732140 0.983540 -2.610893 0.428470 3.392892 2.468850 1.085688 0.977227 1.767712 0.515779 0.052482 -0.059350 
