3.060451 2.008256 1.502182 1.338355 0.889351 1.685875 -0.406181 -0.565079 0.831932 0.407848 -0.007464 0.078610 
2.879055 2.142141 1.126679 0.915912 0.934955 1.502004 -0.488185 -0.368178 0.502130 0.709642 0.004128 0.095915 
2.797117 2.031195 1.002019 1.404881 1.357445 1.465095 -0.878873 -0.331467 0.624398 0.705552 0.013569 0.067404 
2.829724 2.000203 0.566967 1.504995 1.247742 1.502598 -0.518433 -0.112444 0.550304 0.825717 0.025499 0.063899 
2.532963 2.370291 -0.270602 1.948572 1.523409 1.486785 -1.008474 -0.000450 0.315527 0.802426 0.085870 0.072257 
1.990980 2.180079 -0.156569 2.463843 1.363246 1.196857 -0.990977 0.366917 0.500088 0.941610 0.266311 0.060281 
1.774969 2.522725 -0.181790 2.298937 1.376742 0.892945 -0.710335 0.510566 0.502244 0.877930 0.279530 0.066105 
1.551167 2.533258 -0.941561 2.264520 1.564598 0.703558 -0.418207 0.772088 1.177377 0.719897 0.374995 -0.007063 
1.603920 2.484426 -1.057417 2.203103 2.271875 1.053798 0.158621 -0.253025 0.960793 0.652104 0.723896 -0.041100 
1.449144 2.439681 -1.890025 2.292004 2.034622 0.906795 -0.451053 -0.287373 0.988013 0.660523 0.565003 -0.025920 
1.453020 2.635949 -2.283820 2.354726 2.585433 1.192073 -1.065710 -0.581639 0.951472 0.581815 0.447864 -0.050447 
1.294425 2.323275 -2.044347 2.331445 2.960363 1.175358 -1.432568 -0.778830 0.750567 0.515217 0.503802 -0.042027 
1.139390 2.312915 -1.284172 2.208751 2.750073 1.259788 -1.545560 -0.731506 0.799509 0.468999 0.441185 -0.034975 
0.924715 1.776520 -1.194165 1.419093 3.234189 1.012981 -1.493532 -0.715771 1.010414 0.431360 0.625685 -0.043383 
0.977861 1.571054 -0.511108 1.264538 3.109276 1.191110 -0.684406 -0.622933 1.172984 0.371204 0.699264 -0.056963 
1.045319 1.713671 -0.535171 1.349742 2.387422 1.446670 -0.186823 -0.016090 1.190241 0.688456 0.594742 -0.069840 
1.282081 1.738088 -0.483546 1.432606 2.443355 1.221212 -0.548815 -0.086917 1.138946 0.705426 0.550906 -0.057396 
1.417491 1.862095 -0.471360 1.574998 1.819282 0.767649 -0.361495 0.009154 1.024447 0.807935 0.548441 -0.020084 
1.506189 1.844070 -0.254136 1.535346 1.912662 0.756530 -0.508557 -0.047798 0.895115 0.818654 0.630257 -0.019526 
1.559627 1.699508 0.447130 1.531895 1.848113 0.469977 -0.328958 -0.409935 1.170420 0.758864 0.748651 -0.038026 
2.299962 2.597308 1.251419 1.673786 1.846450 0.488768 -0.054154 -0.811481 0.240283 0.143575 0.731954 0.028997 
3.536880 3.123012 1.306141 1.675742 1.505584 0.065478 -0.807551 -1.169095 0.330446 0.083139 0.153668 0.006538 
4.831203 3.268563 0.039682 1.002386 1.504511 -0.159672 -1.535838 -1.091487 0.700842 -0.148282 0.024406 -0.128329 
5.704072 2.829443 -0.109892 0.349123 1.570009 -0.321512 -1.885443 -1.127664 0.553766 -0.276145 -0.067652 -0.102624 
5.841821 2.963612 -0.669254 -0.058096 1.616825 -0.366309 -2.041023 -1.144317 0.746099 -0.551180 -0.139989 -0.148455 
5.585049 2.672053 -0.601426 -0.378305 1.712664 -0.519480 -2.011738 -1.025579 0.452285 -0.478899 -0.102432 -0.115675 
5.611068 2.818525 -0.986898 -0.345076 1.426311 -0.720075 -2.178070 -0.755644 0.413480 -0.573352 -0.183774 -0.126432 
6.288957 3.474772 -2.134456 -0.783787 1.743987 -1.108738 -2.079390 -0.521955 -0.090279 -0.324690 -0.547480 -0.171135 
6.067382 2.806094 -1.627480 -0.806594 1.478695 -0.841911 -2.343795 -0.463641 0.088980 -0.495642 -0.420299 -0.158554 
5.769206 2.505756 -1.458010 -0.868987 1.488559 -0.828780 -2.271859 -0.532629 0.210559 -0.533024 -0.343845 -0.152075 
5.886505 2.596546 -1.729169 -0.932901 1.652673 -0.955315 -2.340979 -0.214072 -0.049847 -0.378101 -0.477252 -0.172804 
6.128369 3.041127 -2.126773 -1.328668 2.020259 -1.215556 -2.380671 -0.029021 -0.499611 -0.125198 -0.664648 -0.204596 
5.912275 2.288582 -1.706534 -1.040221 1.863193 -1.401199 -1.943339 -0.355425 0.056820 -0.372028 -0.580143 -0.185894 
5.309492 1.810651 -1.279513 -0.618331 1.211872 -1.181379 -1.823356 -0.503450 0.418242 -0.562162 -0.463643 -0.177671 
5.429178 2.289420 -1.926592 -0.914760 1.168022 -1.137288 -2.062689 -0.431617 0.447331 -0.557701 -0.478884 -0.225667 
4.726579 1.610638 -1.202315 -0.567017 0.737702 -0.827020 -1.698793 -0.423330 0.446392 -0.651060 -0.400769 -0.184037 
5.600220 1.797663 -1.836546 -0.710378 0.769670 -0.809713 -2.018240 -0.414467 0.531973 -0.621836 -0.517146 -0.205622 
5.031884 1.453314 -1.327635 -0.465639 0.643318 -0.907221 -1.760828 -0.324966 0.505193 -0.619876 -0.471932 -0.185929 
4.585399 1.516621 -1.136504 -0.646587 0.353354 -0.880302 -1.684044 -0.095628 0.338468 -0.595810 -0.442797 -0.194797 
4.623762 1.588650 -1.559516 -0.660241 0.358182 -0.627231 -1.780958 -0.260811 0.416926 -0.591582 -0.408339 -0.207575 
4.816219 1.417471 -1.476748 -0.647410 0.373141 -0.776812 -1.450466 -0.383411 0.487423 -0.695863 -0.410432 -0.174201 
5.270274 1.322977 -1.631849 -0.845167 0.426350 -0.696246 -1.481779 -0.566385 0.620220 -0.706767 -0.432109 -0.165999 
4.590924 1.267932 -1.348382 -0.668534 0.312864 -0.809984 -1.392121 -0.363818 0.461935 -0.610222 -0.374451 -0.163479 
4.897789 1.608722 -1.913947 -0.769160 0.374954 -0.485459 -1.859302 -0.236202 0.323596 -0.491587 -0.353250 -0.176722 
4.696070 1.234838 -1.352132 -0.748214 0.205073 -0.680423 -1.521549 -0.370341 0.305355 -0.491185 -0.291374 -0.138235 
5.561019 1.502659 -2.440359 -0.545829 0.100191 -0.458754 -1.869543 -0.780954 0.683356 -0.465988 -0.340599 -0.175600 
5.148256 1.262989 -2.010997 -0.614948 0.234855 -0.636008 -1.910194 -0.558094 0.603852 -0.386566 -0.295934 -0.153233 
4.938808 1.265575 -2.027732 -0.616680 0.313792 -0.791186 -2.095582 -0.386645 0.588720 -0.251708 -0.268347 -0.156874 
5.051074 1.516985 -2.477083 -0.830393 0.543877 -0.789777 -2.032771 -0.468876 0.705640 -0.235058 -0.243802 -0.181148 
5.783368 1.581047 -3.069403 -1.216979 0.979229 -0.814936 -1.740284 -0.459393 0.524476 -0.053155 -0.323742 -0.181223 
5.863841 1.678132 -3.329156 -1.274087 1.107499 -0.531264 -1.822927 -0.166896 0.273968 0.065852 -0.366163 -0.177698 
5.875347 1.726950 -3.549352 -1.092927 0.775752 -0.081799 -1.838505 -0.077750 0.338300 -0.008439 -0.397120 -0.191593 
5.638275 1.408189 -3.023859 -1.161427 0.951856 -0.118435 -1.330729 -0.415159 0.713604 -0.237404 -0.305626 -0.197830 
5.581317 1.295083 -2.862229 -1.199494 1.260486 -0.314736 -1.146242 -0.402884 0.786927 -0.224179 -0.331772 -0.200751 
5.352522 1.134201 -2.514753 -1.122654 1.355492 -0.176228 -1.406775 -0.020615 0.644025 -0.097130 -0.314566 -0.193459 
5.357504 1.088381 -2.442190 -1.029455 1.278618 0.066255 -1.494044 0.194061 0.634023 -0.054998 -0.314028 -0.195565 
5.623016 1.108811 -2.581839 -1.089512 1.462506 -0.065041 -1.054606 -0.085326 0.928669 -0.079116 -0.321725 -0.201782 
5.313117 0.991594 -2.265823 -0.910607 1.268989 0.051968 -0.998900 -0.048499 1.041393 -0.166096 -0.298438 -0.199744 
4.578387 0.927007 -1.869559 -0.368340 0.882907 0.006169 -1.017055 0.242540 0.861384 -0.134615 -0.318681 -0.208380 
5.265552 0.953435 -2.303088 -0.671125 1.179315 0.368787 -1.216516 0.253657 0.997511 -0.098693 -0.372613 -0.240101 
5.593032 1.117239 -2.822958 -0.764458 1.328810 0.239530 -0.899752 0.130360 1.094410 -0.108149 -0.418936 -0.262344 
4.963512 0.796958 -2.217122 -0.297317 0.944462 0.401314 -1.003992 0.263702 1.163504 -0.282165 -0.430619 -0.248160 
4.644118 0.880227 -2.001026 -0.357324 1.091879 0.298075 -0.991881 0.477066 1.029066 -0.299651 -0.431627 -0.255756 
5.192440 1.254134 -2.809033 -0.660515 1.285142 0.449810 -1.121743 0.627189 0.945224 -0.202473 -0.485989 -0.274982 
5.082547 1.157624 -2.652630 -0.841088 1.657768 0.228477 -0.883374 0.381656 1.129982 -0.261507 -0.434847 -0.283915 
5.011562 0.929848 -2.292948 -0.535165 1.530897 0.142275 -0.870033 0.359714 1.189439 -0.183016 -0.424343 -0.271154 
5.756645 1.770244 -3.751560 -0.833946 2.439605 -0.348968 -0.441826 0.481459 0.819044 0.302134 -0.620463 -0.260079 
4.939274 0.954897 -2.313210 -0.582958 1.721019 0.322175 -0.892588 0.460878 1.191215 -0.107650 -0.412065 -0.286883 
4.965192 0.909031 -2.402728 -0.392268 1.698151 0.382798 -0.614448 0.366937 1.315583 -0.142736 -0.409617 -0.281975 
5.926490 1.179544 -3.388497 -0.757268 2.250064 0.231230 -0.298322 0.479650 1.109878 0.134213 -0.515934 -0.279759 
5.547187 1.096764 -3.108832 -0.875766 1.924409 0.683148 -0.461736 0.386398 1.322919 -0.058534 -0.421610 -0.294686 
5.094939 0.778137 -2.419137 -0.612814 1.766449 0.701242 -0.766305 0.326721 1.458519 -0.098824 -0.369547 -0.284807 
5.315353 0.600049 -2.505254 -0.301560 1.679258 0.474199 -0.576668 0.117834 1.513941 -0.019471 -0.399683 -0.277934 
5.775498 0.696985 -3.056890 -0.192226 1.345263 1.014513 -0.458710 0.101401 1.499166 -0.002793 -0.398961 -0.272148 
5.673430 0.831700 -3.082947 -0.333957 1.489709 1.297035 -0.470184 0.196480 1.512135 -0.033467 -0.357160 -0.259024 
5.933139 0.633370 -3.147744 -0.042984 1.632061 1.207069 -0.271549 0.202372 1.413042 0.094785 -0.354122 -0.237152 
5.829698 0.583704 -3.091332 0.247804 1.426543 1.440750 -0.006272 0.113895 1.556129 0.077661 -0.308273 -0.230689 
5.408270 0.647569 -2.981983 0.309506 1.771504 1.536316 -0.052677 0.281146 1.568385 0.069716 -0.270425 -0.224525 
5.811609 0.624462 -3.622384 0.841223 1.564520 1.873245 0.299296 0.261950 1.599791 0.141731 -0.242648 -0.237119 
4.459743 0.354967 -2.252200 0.450198 2.161797 1.526658 0.004304 0.560958 1.565461 -0.078579 -0.316000 -0.218663 
5.450638 0.677040 -3.465644 0.586397 2.469821 1.513555 0.376006 0.429998 1.539523 0.024383 -0.332104 -0.235562 
5.620071 0.621163 -3.591187 0.846917 2.641065 1.319401 0.298237 0.579875 1.379333 0.126178 -0.369542 -0.218061 
4.616960 0.811230 -2.802577 -0.089869 3.098134 1.666686 -0.078962 0.523243 1.486926 -0.055899 -0.212859 -0.240279 
4.163939 0.156157 -1.514134 0.510002 2.373241 0.915591 0.164872 0.586155 1.449113 0.047493 -0.356660 -0.211744 
5.156432 0.600808 -3.224965 0.640996 2.297190 1.711080 0.325828 0.416362 1.864347 0.017308 -0.271109 -0.256232 
