3.006224 1.884945 1.972838 1.714373 1.149922 1.058149 1.445869 1.069458 0.647497 0.518948 0.234104 0.073876 
2.902256 1.963496 1.708763 1.657061 1.502500 1.246931 1.090295 1.056812 0.650566 0.446375 0.277760 0.077499 
2.774864 1.958056 1.830911 1.674230 1.118803 1.239962 1.209428 0.718317 0.571101 0.387597 0.187870 0.070649 
3.063365 1.976396 2.299313 2.157710 1.562845 1.155175 2.248955 1.238518 0.231249 0.449985 0.404175 0.092831 
3.398177 1.866691 2.211397 2.695735 1.676145 0.628569 1.278152 1.431970 0.937645 0.795590 0.301314 0.105289 
2.769122 1.890230 1.982516 2.044940 1.625134 1.142081 1.258968 1.340300 0.713018 0.448009 0.245137 0.084597 
2.714836 2.059171 2.050367 1.770724 1.176494 1.077049 1.276166 0.907243 0.776423 0.541058 0.325949 0.080786 
3.207592 2.070452 2.267096 2.554235 1.383422 0.724569 1.426365 0.917921 0.459927 0.682031 0.458717 0.101151 
3.075658 2.136937 2.109207 2.168773 1.004117 0.720874 0.870388 0.724241 0.242575 0.415569 0.306716 0.083603 
2.753077 2.013240 1.781653 1.722054 1.114467 0.970895 0.935742 0.349980 0.187028 0.257119 0.272314 0.077603 
2.771406 1.904252 2.126347 1.973149 1.092951 0.870110 0.788534 0.439390 0.156442 0.370360 0.183399 0.070973 
2.854170 1.912385 1.890728 1.907030 1.527746 1.252796 1.085751 0.342618 0.173333 0.594828 0.259242 0.073441 
2.650940 1.947621 1.681464 1.821387 1.368725 1.194298 1.103853 0.491803 0.364703 0.329549 0.256407 0.077758 
2.916006 2.000223 0.897697 1.969208 1.044331 1.700387 1.332769 0.342868 0.353035 0.208052 0.476895 0.093024 
2.673415 1.870850 0.722150 1.510616 1.232151 1.918153 1.354295 0.631171 0.573041 0.151954 0.447433 0.087249 
2.249180 1.929268 -0.117103 2.119224 0.748154 2.275392 0.969050 0.687756 0.335144 -0.031274 0.239760 0.092519 
2.130320 1.885526 -0.715811 1.203628 1.344213 2.321871 1.462799 1.255263 0.049378 0.062305 0.316762 0.104830 
2.083824 1.741219 -1.389991 1.090443 2.293943 2.845675 1.512983 1.363981 0.490305 0.046434 0.191941 0.068561 
2.287570 1.596988 -1.712743 0.865846 2.292565 2.906069 1.388237 1.534454 0.779438 0.219905 0.257762 0.005870 
2.957075 1.954793 -0.501684 0.340475 2.159121 2.082757 1.284340 0.952972 0.648750 0.476910 0.064070 0.034643 
3.347713 2.337756 -1.251464 0.309795 2.826119 2.577276 1.354183 1.333446 1.403206 0.319762 0.219712 -0.059124 
3.547809 2.829134 -1.430497 0.430190 2.620321 2.066152 1.719426 1.325214 1.660367 0.294227 0.340197 -0.066079 
3.688248 2.849072 -0.815664 0.480593 2.229393 1.698475 1.570721 1.029710 1.928774 0.411763 0.411840 -0.053566 
3.430695 2.822272 0.338180 0.740746 1.117268 1.121217 1.056732 0.822084 1.917685 0.671832 0.356086 -0.007647 
4.185155 3.114004 -0.022582 1.031717 1.155681 0.298302 1.062179 0.200385 2.207560 0.859365 0.644174 0.029832 
4.782612 3.582275 -0.256586 0.219185 1.299584 -0.038453 0.289792 0.824031 1.865896 0.766545 0.646544 0.070782 
4.455429 3.514535 1.281083 -0.418838 -0.049994 -0.443995 0.933123 1.522808 1.000018 0.574143 0.576483 0.114876 
3.965130 3.427323 1.834344 -0.499205 -0.494547 -0.246520 0.312616 1.472095 0.651432 0.472462 0.565949 0.077999 
4.421943 4.364537 2.215395 -1.268102 -0.271898 -0.630452 -0.084431 1.692255 0.615619 0.232720 0.579990 0.024525 
4.418756 4.442090 2.302248 -1.002010 -0.110350 -0.754530 -0.410392 1.513468 0.463910 0.068937 0.580614 0.027050 
4.349858 4.572605 2.695163 -0.146231 0.199606 -1.150760 -1.158161 0.942440 0.337495 0.012618 0.453770 0.032439 
4.015455 3.179267 2.047141 0.766510 0.345730 -0.665960 -0.472682 -0.520316 0.185232 0.251809 0.082359 0.054042 
4.168761 3.237538 1.878918 1.054851 0.416715 -0.804265 -0.593797 -0.378768 0.045597 -0.005578 0.018855 0.022366 
4.757476 3.467327 1.559741 0.823369 1.086595 -0.587177 -0.840255 -1.026446 0.073018 0.109131 -0.021050 -0.011183 
6.114936 3.620291 0.635877 0.307797 2.642192 -1.517826 -0.449169 -1.044001 0.286213 -0.147855 -0.309057 -0.044156 
4.443102 2.824787 1.377471 1.041925 1.074482 -0.115441 -1.053885 -0.811407 -0.174264 -0.182970 -0.141343 -0.049938 
3.977252 2.460595 1.098039 0.985414 1.339796 -0.058527 -1.137787 -0.805349 -0.112364 -0.048809 -0.216113 -0.067712 
5.062615 2.336400 0.475096 1.011193 2.370898 -0.123861 -1.598939 -0.619532 -0.157991 -0.152658 -0.226582 -0.102619 
4.578574 2.336661 0.587433 1.414982 1.807259 -0.219985 -1.144988 -0.997296 -0.149695 -0.060953 -0.173392 -0.075561 
5.205958 2.440498 0.500235 0.649082 3.392903 -0.518387 -1.907577 -0.352119 -0.520270 0.085421 -0.273284 -0.131606 
4.061701 2.381575 1.238373 0.958151 1.857057 -0.297860 -1.321142 -0.683286 -0.464446 0.098442 -0.238891 -0.075678 
4.634104 2.671798 1.416401 0.788670 3.194452 -1.100605 -1.758344 -0.325161 -0.612697 0.144689 -0.274993 -0.101203 
4.008836 2.776377 1.525883 1.136616 2.414932 -0.816073 -1.566744 -0.693934 -0.662704 0.157854 -0.219142 -0.066714 
4.803261 2.742543 1.841965 0.844562 3.074630 -1.359164 -1.890952 -0.213209 -0.839091 0.134850 -0.252464 -0.091348 
3.739498 2.352160 1.569553 1.184209 1.033528 -0.163770 -0.811970 -0.502158 -0.595906 -0.275305 -0.154247 -0.030085 
4.420682 2.952810 2.050661 0.669887 2.371988 -0.960555 -1.164751 -0.254870 -1.123111 -0.117576 -0.145777 -0.037870 
5.040505 3.219424 1.691973 0.275656 3.691111 -1.506332 -1.376555 -0.168882 -1.211151 0.144853 -0.317381 -0.059709 
3.833722 2.563029 1.959944 0.999129 1.782412 -0.605746 -1.423238 -0.531197 -0.711965 0.121700 -0.209778 -0.050484 
3.477717 2.479789 2.156862 1.063760 1.658607 -0.725034 -1.550356 -0.423842 -0.656069 0.154739 -0.253812 -0.047362 
4.091000 2.927546 1.983877 1.537861 2.624379 -1.417699 -1.950359 -0.530165 -0.334869 0.359327 -0.419331 -0.087604 
3.400364 2.595313 1.961178 1.306296 1.385146 -0.859150 -1.342987 -0.330877 -0.153419 0.175407 -0.411050 -0.042427 
3.813642 2.524619 2.043760 1.411247 2.215691 -0.718101 -1.825430 -0.603526 -0.324103 0.371029 -0.365144 -0.093234 
5.720688 3.288456 1.332715 -0.251457 5.629764 -1.684745 -1.926652 -0.573354 -0.765230 0.473801 -0.560979 -0.162852 
3.849080 2.781415 1.703590 1.787959 2.133392 -0.864572 -1.660284 -1.007185 -0.240856 0.275680 -0.310760 -0.072147 
3.627666 2.346884 1.288269 1.590702 1.146944 -0.615373 -1.136655 -0.871886 0.020697 0.057507 -0.260773 -0.045623 
4.550597 2.773345 1.361398 1.378149 2.853492 -1.384479 -1.576384 -0.762993 -0.464197 0.306987 -0.269631 -0.058577 
3.870518 2.339444 1.078447 0.971989 1.764597 -0.243238 -1.090000 -0.721450 -0.218848 0.139134 -0.183021 -0.046059 
4.433147 2.597106 0.987340 1.225402 2.747545 -1.012266 -1.710743 -0.578041 -0.060977 0.461422 -0.222360 -0.072451 
5.835940 2.560981 0.552157 -0.165151 5.153899 -1.611514 -1.365964 -0.515125 -0.269902 0.571905 -0.443064 -0.024921 
4.441675 2.281427 0.821056 1.195402 2.879504 -1.084398 -1.592341 -0.435816 0.232755 0.427167 -0.168830 -0.046997 
3.778229 2.008852 0.816089 0.992811 1.595724 -0.387802 -1.285178 -0.533838 0.360916 0.478968 -0.039788 -0.005366 
5.818941 2.423616 -0.034658 0.034328 5.009600 -1.646057 -1.426297 -0.356563 -0.217629 0.821478 -0.314139 0.018197 
6.043845 2.138745 0.063853 -0.180922 5.154165 -1.669970 -1.424858 -0.292479 -0.154490 1.112909 -0.184404 0.057198 
5.381707 2.098079 -0.085942 0.695570 3.692631 -0.869250 -1.485866 -0.429449 0.383092 0.647412 0.105290 0.043132 
5.197703 2.039533 0.016031 0.980174 2.927389 -0.508679 -1.353674 -0.459741 0.566945 0.613440 0.244656 0.056309 
5.414840 1.891488 0.086013 0.805703 2.997919 -0.470961 -0.928776 -0.102443 0.355419 0.562686 0.258101 0.101251 
6.025383 1.686171 0.044438 0.231179 4.033167 -1.031599 -0.554771 -0.147262 0.220591 0.811552 0.080121 0.122120 
4.649274 2.225848 0.333398 0.822407 2.301567 -0.029184 -0.578008 -0.179597 0.366285 0.622011 0.358227 0.096799 
5.045551 2.481598 0.444093 0.161523 2.379336 0.005072 0.661267 0.458451 -0.096286 0.279707 0.400028 0.218376 
3.529964 2.345954 1.129765 0.796141 1.072430 0.551524 0.467461 -0.099581 -0.079978 0.186650 0.456641 0.138316 
4.506653 2.328958 0.667592 0.839585 2.073554 -0.169965 0.651499 0.238756 -0.088129 0.260327 0.523619 0.228698 
3.618722 2.231244 1.299714 1.370886 1.421619 0.852258 0.456023 0.349328 0.447716 0.401675 0.348723 0.094993 
4.601066 2.362974 0.898493 1.625155 1.854923 0.147949 0.486578 0.382346 0.689144 0.499407 0.380211 0.125257 
3.018269 1.959701 1.405074 1.522177 1.221683 0.737605 0.761321 0.707527 0.473663 0.377747 0.250117 0.073129 
4.249455 2.025093 1.493036 1.647974 1.532438 0.744952 0.791519 0.845069 0.601856 0.902394 0.415765 0.100064 
3.470055 2.302802 1.607729 1.540084 1.274461 0.749407 0.930716 0.494975 0.297951 0.603102 0.428268 0.106769 
3.591941 2.158453 1.987432 2.342432 1.603034 0.768065 1.002212 0.574832 0.290189 0.499513 0.271372 0.076202 
2.918939 2.171061 1.874831 1.897937 1.587180 0.891404 0.817615 0.590582 0.330221 0.389486 0.242066 0.069364 
3.560892 2.229541 1.717079 2.162472 1.401498 0.769530 0.807078 0.628249 0.424974 0.478924 0.347570 0.091996 
3.800258 2.386694 1.926549 2.183331 1.402966 0.504529 1.057857 0.622305 0.341520 0.542610 0.312191 0.091878 
3.092022 2.410110 1.733107 1.570135 1.241850 0.859824 1.085762 0.693347 0.554399 0.300514 0.218545 0.071710 
3.207877 2.395965 2.044492 2.063543 1.581661 0.851593 1.208143 0.856967 0.802275 0.546099 0.111119 0.069855 
3.104534 2.288221 2.030307 2.003915 1.403267 0.426656 1.069874 0.921180 0.635053 0.413475 0.172373 0.078887 
3.010699 2.213499 2.048858 1.856075 1.431372 0.799518 0.719381 0.647882 0.616682 0.387814 0.203189 0.074023 
3.063986 2.451552 2.336377 2.406471 1.516916 0.948262 0.859453 0.227312 0.422321 0.377404 0.203563 0.060675 
