2.706942 2.027136 1.433006 1.670666 1.591641 1.304046 0.722455 0.224858 0.799735 -0.179130 0.094217 0.067371 
2.761790 1.883483 1.707046 2.122506 1.335880 0.934880 0.461161 0.315893 1.208310 -0.114805 -0.096255 0.065902 
2.662484 2.146394 1.603634 2.179470 1.999300 0.791220 0.573147 0.241731 1.440799 -0.381288 0.097917 0.052252 
2.843876 1.839143 1.891159 2.032098 1.419666 0.601432 1.286269 -0.047143 1.455655 -0.180799 0.178696 0.080144 
2.771175 2.198528 1.617421 1.834118 0.948582 0.529096 0.833054 0.130255 1.422468 -0.110562 0.234613 0.065419 
2.771747 2.227723 1.850386 1.627426 0.428206 0.571392 1.038401 0.580301 1.139042 -0.048471 0.391133 0.077231 
2.757003 1.818884 1.944277 1.481155 0.027435 0.995913 1.172803 0.803154 1.101605 0.185176 0.338315 0.082656 
2.634683 1.543989 1.690157 1.351742 -0.570414 0.788470 1.314797 0.924483 1.548308 0.090343 0.385217 0.080177 
2.793783 1.403101 1.547271 1.519543 0.306960 0.720771 0.996267 0.900652 1.354866 0.256255 0.394879 0.089717 
2.597102 1.707451 1.628248 1.585044 1.020912 1.115667 0.804238 0.761914 0.903563 -0.022567 0.220989 0.084391 
2.588212 1.784768 1.647999 1.698999 0.876978 0.670777 1.106309 0.683993 1.284754 0.210098 0.225681 0.078728 
2.666729 1.606850 1.902789 1.268440 1.069908 1.302875 1.276808 0.787577 1.467670 0.489460 0.236930 0.079827 
2.894642 1.779042 1.978992 1.538729 0.970476 1.250162 1.125436 0.578146 1.668512 0.231703 0.269043 0.091081 
2.822749 2.120282 1.381406 1.002187 1.117141 0.757038 0.830280 0.411421 0.470083 0.169613 0.029994 0.072305 
3.693533 2.733857 2.408664 1.481092 1.177379 0.682805 0.298090 0.153522 0.075184 -0.084843 -0.264298 -0.020668 
3.783175 3.088469 2.171169 1.304749 0.681092 0.298421 1.007162 -0.084215 0.002622 -0.637842 -0.129451 -0.033848 
4.413285 3.663439 2.147981 1.830568 -0.066591 0.765789 1.424647 0.067478 -0.427830 -1.191480 -0.095864 -0.087453 
4.062774 3.448513 2.182756 1.530667 0.528797 0.582143 0.708592 -0.257087 -0.742486 -0.940611 -0.137729 -0.071318 
4.283987 3.527057 2.074298 1.043094 0.475519 0.332119 0.612547 -0.448643 -0.732186 -0.923058 -0.226441 -0.085147 
3.761724 2.819711 1.709600 0.941739 0.364238 0.243691 0.103157 -0.241737 -0.468235 -0.675586 -0.361490 -0.097795 
4.759124 3.602773 1.958715 0.727531 0.297659 0.291354 0.384668 -0.370731 -0.941182 -1.092557 -0.333070 -0.101411 
4.703676 3.669913 1.716956 0.086219 -0.045662 -0.054306 0.312106 -0.138466 -0.882494 -1.126358 -0.371623 -0.122641 
4.431283 3.293900 1.478869 0.491016 -0.217297 -0.148853 0.053034 -0.349200 -0.926028 -1.152284 -0.266445 -0.087719 
4.264247 3.297269 1.433896 0.236031 -0.107904 -0.489669 -0.108348 -0.607769 -0.944005 -1.046201 -0.218914 -0.070198 
4.247288 3.249478 1.040960 0.219940 -0.244733 -0.681936 -0.255795 -0.775716 -0.918625 -1.044637 -0.209473 -0.060776 
3.842845 2.733287 1.354811 0.207144 -0.044135 -1.030599 -0.542607 -0.625991 -0.886153 -0.692286 -0.181787 -0.036485 
4.626338 3.335263 0.811662 0.416324 0.491021 -1.029991 -0.570393 -0.735135 -0.801404 -0.958479 -0.181983 -0.018852 
4.959530 3.494711 0.649934 -0.122820 1.085713 -1.703499 -0.162345 -0.710219 -0.967085 -0.960745 -0.316133 0.010163 
4.413045 3.195677 0.917699 0.241011 0.094926 -0.871613 -0.226088 -0.690074 -0.885657 -0.687166 -0.125910 0.010092 
4.102782 2.868450 1.105907 0.148408 -0.061535 -0.542312 -0.443902 -0.731210 -0.676446 -0.629322 -0.065521 0.015524 
6.065585 3.935032 -0.438920 -0.304597 2.543954 -1.997233 0.278483 -0.611293 -0.671554 -0.548813 -0.626714 0.065659 
4.643488 2.975556 1.010579 0.123575 0.333260 -0.617854 -0.267578 -0.558779 -0.530307 -0.640373 -0.087886 0.028148 
5.700684 3.400206 0.215564 -0.138698 1.203782 -1.255459 0.233253 -0.129040 -0.589105 -0.649217 -0.309248 0.047526 
5.283853 3.449798 0.261065 -0.157646 1.215952 -0.765417 0.118546 -0.345592 -0.567538 -0.667952 -0.205559 0.043005 
5.513689 3.347493 0.175215 -0.140177 1.397579 -0.963144 0.007068 -0.415525 -0.407250 -0.810798 -0.266036 0.031985 
4.526995 2.889795 0.853620 -0.113492 0.302160 -0.679420 0.028453 -0.354159 -0.691501 -0.697478 -0.133430 0.028949 
5.781402 3.067261 0.163183 -0.188814 1.465352 -1.470691 -0.088384 -0.421204 -0.579347 -0.761915 -0.376204 0.032628 
4.644487 2.675505 0.548291 -0.047289 0.187722 -0.376009 -0.555132 -0.639667 -0.931945 -0.800713 -0.144466 0.020595 
3.656829 2.350100 0.833655 -0.189336 0.065797 -0.336881 -0.529945 -1.110661 -0.933274 -0.401735 -0.122745 0.017229 
4.826370 2.646905 0.222020 -0.302227 0.747610 -0.603369 -0.623123 -0.568186 -0.579890 -0.888026 -0.229151 -0.007432 
5.949416 2.577527 -0.372309 -0.505684 2.127552 -1.889060 -0.470094 -0.872166 -0.542088 -0.921720 -0.606589 0.012725 
4.668117 2.366972 0.135689 0.019469 0.574041 -1.023538 -0.625266 -0.653694 -0.708141 -0.877943 -0.231274 0.004318 
3.743388 1.949600 0.487188 -0.070543 -0.192132 -0.506051 -0.658448 -0.784461 -0.872593 -0.750810 -0.137575 0.006367 
4.730944 2.315272 0.169972 -0.329691 0.669779 -1.609808 -0.867891 -0.476527 -1.034698 -0.907994 -0.266181 0.014037 
4.460665 2.554247 -0.315904 -0.086711 0.617549 -1.349956 -0.649296 -0.789852 -0.719971 -0.857337 -0.253374 -0.008881 
5.442062 2.427963 -0.266056 -0.470465 1.980737 -2.865654 -0.260346 -0.538196 -1.287754 -0.663928 -0.597650 0.093451 
5.704166 2.111110 -0.218912 -0.225344 2.342132 -3.157306 -0.197074 -0.870727 -1.290912 -0.625644 -0.610315 0.128044 
4.495758 2.284080 0.185724 -0.167042 1.186122 -1.538882 -0.282872 -0.667739 -1.256363 -0.783469 -0.287080 0.025700 
3.978638 2.547897 0.273103 -0.050832 0.431452 -1.474486 -0.333953 -0.810213 -0.919448 -0.648390 -0.183954 -0.001142 
4.912584 2.496655 0.029637 -0.375722 2.084975 -2.515029 0.581082 -0.328119 -1.360687 -0.789105 -0.588112 0.107968 
4.670272 2.974899 -0.187608 -0.346297 2.192849 -2.245317 0.522877 -0.175412 -1.239419 -0.770205 -0.605973 0.086178 
4.422425 2.721850 0.425409 -0.077567 1.366279 -2.071946 0.512794 -0.218966 -1.364823 -0.578845 -0.352926 0.076375 
3.948708 2.512377 0.794864 0.364403 0.748733 -1.372106 0.186411 -0.452310 -0.844176 -0.640615 -0.171838 0.026726 
4.559378 2.600796 0.801474 0.657059 1.278390 -2.207741 0.643701 -0.309489 -0.970439 -0.714605 -0.253629 0.089173 
4.331247 2.610079 0.982049 0.413821 1.300805 -1.858740 0.786868 -0.046460 -1.363273 -0.659050 -0.229222 0.087040 
4.398671 2.648299 1.032974 0.119398 1.634052 -1.971954 1.185274 0.052851 -1.273517 -0.605141 -0.294599 0.111677 
4.122301 3.077079 0.848715 0.133903 1.001643 -1.544755 1.416649 -0.138381 -1.174484 -0.716048 -0.212492 0.079243 
4.683343 3.184412 0.778617 0.193546 1.595631 -2.659434 1.696787 0.186374 -1.719031 -0.916672 -0.456272 0.164939 
4.354618 2.956336 0.710354 0.424074 0.934522 -2.040297 1.239801 -0.027315 -1.650538 -0.963058 -0.265470 0.090002 
4.292222 2.822653 0.942055 0.632779 -0.195628 -1.288656 -0.022028 -0.079869 -1.424884 -1.316922 -0.104650 -0.005517 
5.059705 3.310140 -0.081312 1.180304 0.705991 -2.482673 0.431844 -0.032963 -1.543007 -0.910769 -0.414114 0.105734 
4.621856 3.352773 0.483421 0.857147 1.350870 -2.022582 0.148791 -0.295590 -1.235547 -0.654960 -0.405747 0.036151 
4.807214 3.764846 0.002386 0.544057 1.821225 -2.256046 0.259746 -0.162517 -1.146447 -0.728251 -0.549864 0.069561 
5.011013 3.471601 -0.232609 -0.230122 2.314050 -1.837041 0.405099 -0.020335 -1.054735 -0.607811 -0.592264 0.057574 
4.787250 3.231868 -0.315145 -0.063346 1.890506 -1.686307 0.337629 0.274438 -0.913214 -0.738328 -0.532727 0.035533 
3.771136 2.470877 0.645837 -0.136735 0.176824 -0.790699 0.129212 -0.166993 -1.197512 -0.523459 -0.191854 -0.020746 
4.927950 2.842072 -0.307491 -0.057635 1.752529 -1.993112 0.548342 0.170568 -0.934311 -0.716039 -0.534079 0.056914 
4.849868 2.566898 -0.106290 0.284686 1.477264 -1.826748 0.634722 -0.086564 -0.545831 -0.864665 -0.420996 0.023525 
4.958085 2.827186 -0.452689 0.357821 1.498776 -2.087778 0.582536 0.107169 -0.389109 -0.945570 -0.522813 0.016119 
3.991267 2.122748 0.363378 0.272083 0.773643 -0.321751 -0.034579 -0.157076 -0.226637 -0.666721 -0.307802 -0.079089 
4.782909 2.144926 0.125630 0.310375 1.599903 -1.362952 0.295970 -0.064882 -0.483102 -0.702730 -0.388207 -0.017185 
4.973537 2.114318 -0.177076 0.644132 1.753916 -1.221579 0.120909 0.233208 -0.434998 -0.590782 -0.406606 -0.014992 
5.680950 1.816865 -0.384429 1.005206 2.917265 -1.990873 0.318946 0.017800 -0.116349 -0.323174 -0.496929 0.046819 
4.612155 1.562814 0.050774 1.314597 1.610779 -0.393624 -0.277153 0.041099 0.325666 -0.571117 -0.307215 -0.025874 
4.533345 1.523137 -0.350450 1.118849 1.992768 -0.197500 -0.567818 -0.069670 0.683587 -0.373119 -0.161793 0.011298 
4.345106 1.614005 -0.767840 0.867117 2.269986 -0.436270 -0.449850 0.459474 0.799594 -0.057491 -0.094217 0.039765 
4.870759 1.355717 -0.369440 0.964700 2.437903 0.088827 -0.646913 0.520934 0.748641 -0.383037 -0.123845 0.073785 
3.848397 1.458733 0.179500 1.186628 2.171281 0.610805 0.069448 0.810259 0.739859 -0.283910 -0.148411 0.034302 
3.692952 1.796233 0.564605 0.985361 2.272259 0.571137 0.851258 1.020516 0.386145 -0.277596 -0.133221 0.053631 
3.417366 2.051996 1.508444 1.430887 1.730549 0.497385 0.814136 0.518707 0.286654 -0.051969 0.099044 0.072295 
3.293924 2.139498 1.652784 1.305770 1.475091 0.726033 0.601439 0.914443 0.456860 0.026394 -0.070550 0.045092 
3.057831 2.278911 1.485546 1.345953 1.318991 0.499435 0.311385 0.186026 0.415153 0.352225 0.075019 0.073063 
3.112166 2.462348 1.797652 1.502241 1.158655 0.848492 0.459739 0.140595 0.279228 0.163481 0.219572 0.076158 
3.441136 2.497234 1.770839 1.475917 0.907161 0.278557 0.634142 0.647054 0.512116 0.388348 0.045055 0.061585 
3.234143 2.266751 1.847244 1.433338 1.075077 0.562598 0.910464 0.427835 0.186207 0.170204 0.159855 0.072950 
