2.780300 1.830715 1.157155 1.116965 1.940305 1.513943 1.581367 0.552084 0.358632 0.498334 0.447853 0.095469 
2.677553 1.786748 1.312284 1.263044 1.592268 1.442853 1.521063 0.735449 0.312526 0.544184 0.288904 0.080015 
2.395392 1.869357 1.608752 0.657294 1.986428 1.613308 1.219189 1.255664 0.852703 0.336987 0.683333 0.055949 
2.259559 1.985176 2.185534 0.525810 1.702029 1.258386 1.038174 0.954361 0.437340 0.324862 0.607645 0.050402 
2.078045 2.199771 2.247466 0.541536 1.576521 1.379917 0.839676 1.420106 0.585845 0.121279 0.465244 0.038623 
2.267333 2.264455 2.364545 0.799669 1.940682 1.552947 0.704225 1.650273 0.399404 0.270578 0.507127 0.031398 
2.751961 2.347521 2.211838 0.286769 2.348951 1.776291 1.117287 1.961960 -0.007342 0.127240 0.498913 0.027557 
3.025337 1.956594 2.250846 0.195571 1.206658 1.911864 1.307415 1.706174 0.217745 0.180072 0.266027 0.030464 
3.372914 2.093355 2.111915 -0.146889 1.309183 2.300790 1.833156 1.952843 -0.060706 0.128502 0.471859 0.051291 
3.900723 2.285270 1.936142 0.206529 1.123314 1.220501 2.014865 1.370779 -0.217701 0.446014 0.225958 0.041332 
4.126367 2.813156 1.607292 0.229468 1.020668 0.696602 2.092820 0.866708 -0.253738 0.473268 0.197942 0.071030 
4.143905 3.032396 1.788328 -0.184577 1.084051 0.870030 1.723816 0.493270 -0.382576 0.291539 0.127803 0.064432 
5.007663 3.622842 1.044384 -0.938874 0.633291 0.230258 2.919495 0.265406 -0.732113 0.548785 -0.026982 0.152798 
4.873879 3.797523 0.901228 -1.021064 0.428694 -0.052793 2.413595 0.127042 -0.628716 0.181213 -0.015335 0.139434 
5.156865 3.358883 0.670995 -0.931164 0.644126 -0.311800 1.683320 0.381566 -0.530286 -0.073891 -0.024431 0.083140 
3.418417 2.249362 0.889853 0.042180 0.153948 0.249019 0.675901 0.156489 -0.162843 -0.054970 0.206520 -0.013661 
5.292424 3.255128 0.359313 -0.741748 -0.116804 -0.120138 1.455449 0.189889 -0.242442 -0.203317 0.013108 0.035838 
5.160142 3.220021 0.600601 -0.699800 -0.215599 -0.144760 1.060978 0.292514 -0.077126 -0.306581 -0.047582 -0.015866 
5.547240 3.335021 0.264551 -0.245430 -0.011465 -0.897865 1.045151 0.349741 0.038650 -0.531568 -0.142226 -0.023705 
4.027425 2.554861 1.078527 0.411087 -0.078569 -0.189730 0.324373 0.333876 -0.216987 -0.414364 -0.067204 -0.070048 
5.702562 2.975079 0.989335 1.042318 0.034732 -2.508764 0.610411 0.878417 -0.283685 -0.935262 -0.233012 0.031699 
5.073569 2.834660 1.567902 1.089698 -0.092602 -2.001445 -0.112183 1.045873 -0.526501 -0.942817 -0.144525 0.002090 
5.451408 2.687110 1.278689 1.654344 -0.022016 -2.021041 -0.312208 0.949771 -0.695507 -0.982912 -0.206253 0.034263 
5.494303 2.832135 1.575574 1.589582 0.061848 -2.187723 -0.350460 0.978503 -0.827419 -1.072833 -0.223130 0.033244 
6.638723 2.544457 1.225772 1.540841 0.248192 -2.459801 -0.184408 0.920746 -1.098562 -1.026110 -0.234976 0.063671 
5.349261 2.709645 1.540802 1.175415 -0.201469 -1.606543 -0.438162 0.436589 -0.767738 -1.187886 -0.212528 0.011028 
4.945564 2.931711 1.471672 0.683626 0.069908 -1.287828 -0.967199 0.311434 -0.791199 -0.989310 -0.154540 -0.010849 
5.085689 2.758201 1.325084 0.528521 -0.079652 -1.524188 -0.360630 0.238511 -1.014403 -0.974090 -0.179618 0.003542 
5.937248 2.692940 1.282571 0.001929 0.604402 -2.024396 -0.306787 0.562970 -0.818246 -1.187041 -0.471452 -0.008884 
5.357839 2.745938 1.474264 -0.109941 0.066903 -1.333301 -0.228019 0.357286 -0.857975 -1.239043 -0.319783 -0.025574 
4.935406 2.725922 1.021246 0.070254 -0.127834 -1.429936 -0.050326 0.185847 -0.845309 -1.068678 -0.284792 -0.027668 
5.441392 2.809779 0.763585 0.246704 0.088396 -1.318845 -0.015139 0.115847 -0.636827 -1.261557 -0.373395 -0.014568 
6.184786 2.206467 1.387226 -0.712273 1.240909 -2.832790 0.332050 -0.149906 -0.747451 -1.283835 -0.848382 0.062404 
5.800348 2.580255 0.997736 -0.516580 1.016947 -2.903517 0.218833 0.158633 -0.743802 -1.379162 -0.688905 0.049328 
6.012541 2.602842 0.971893 -0.675069 1.535641 -3.206123 0.255101 0.160628 -0.729278 -1.189736 -0.810165 0.078833 
6.226074 2.396523 1.038897 -0.854442 1.745350 -3.320761 0.378622 0.113222 -0.775832 -1.087698 -0.910657 0.103650 
5.262686 2.736565 0.624845 -0.504711 0.920515 -2.394249 -0.142684 0.201359 -0.636437 -1.298097 -0.459701 0.037364 
5.354433 2.811064 0.508080 -0.512620 0.472256 -2.547013 0.279665 0.150123 -0.571983 -1.397306 -0.476096 0.039339 
4.124246 2.249747 0.653794 -0.265870 -0.362091 -1.329807 -0.103234 0.025767 -0.845035 -0.977825 -0.134473 0.007051 
4.996924 2.527513 0.478073 -0.531734 -0.330225 -2.009801 0.018769 0.217971 -0.537519 -1.359665 -0.292992 0.014368 
5.267357 2.465365 0.249821 -0.403825 -0.003394 -2.020589 0.081320 0.203729 -0.654746 -1.421190 -0.395201 0.032052 
5.064474 2.261235 0.184994 -0.247543 -0.299755 -1.803872 0.196430 0.223989 -1.089628 -1.391797 -0.290012 0.050065 
4.209851 2.052536 0.424550 -0.369224 -0.581029 -0.604343 0.056022 0.023134 -1.164104 -1.201220 -0.126425 0.018845 
4.976535 2.079833 0.449400 -0.181386 -0.360030 -1.127022 0.636547 0.236551 -1.358332 -1.277069 -0.207855 0.048527 
5.760485 1.674376 0.250054 0.243717 0.387741 -1.866352 1.563392 0.242244 -1.519166 -1.251996 -0.292641 0.096922 
5.219487 1.644206 0.322309 0.370200 -0.006671 -0.735234 0.921441 0.318609 -1.578964 -1.076399 -0.209985 0.038801 
5.267980 1.922379 0.463302 0.584777 -0.095081 -0.926020 1.646855 0.488198 -1.974740 -1.092924 -0.165304 0.041128 
4.618150 2.435044 0.371136 0.711132 0.316566 -0.749385 1.409534 0.709477 -2.072797 -0.906873 -0.215799 0.066394 
4.490974 2.521208 0.777000 0.180990 0.728184 -0.907296 1.340381 0.818528 -2.543262 -0.676614 -0.181400 0.077631 
4.233232 2.449276 1.065207 0.318876 0.735890 -1.187575 1.424950 0.668730 -2.765026 -0.562676 -0.117884 0.062008 
4.111504 2.534512 1.142817 0.655765 0.817234 -1.364751 1.149979 0.513832 -2.750581 -0.522400 -0.043540 0.079901 
3.798862 2.562289 1.038033 0.710837 0.423099 -1.259559 1.249764 0.535547 -2.537346 -0.543675 -0.045022 0.048829 
3.960414 2.284118 1.636393 0.547710 0.617130 -0.891855 1.153594 0.507065 -2.553836 -0.737415 0.058181 0.007425 
4.152246 2.683937 1.602645 0.305096 1.407319 -1.008863 0.951823 1.054699 -2.694306 -1.049192 -0.068090 0.020269 
4.174576 2.711289 2.125054 -0.298263 1.922232 -1.183429 0.975714 1.078960 -2.400969 -1.129579 -0.046821 -0.004968 
3.364062 2.359434 1.526351 0.555628 1.204804 -0.271654 0.129541 0.073050 -1.277231 -0.530632 -0.112891 -0.039035 
3.977391 2.816207 2.162630 -0.146682 2.041726 -0.241972 0.593047 0.780344 -2.146212 -0.795116 -0.032358 -0.055171 
4.289765 3.385968 2.221787 -0.246980 3.423460 -0.547069 0.623836 0.711691 -2.141073 -0.940413 -0.113499 -0.028086 
4.198833 3.359852 2.241644 -0.564140 3.647597 -0.119715 0.603970 0.838801 -1.869422 -0.648432 -0.101852 -0.055815 
3.207116 2.745304 2.044234 0.353469 2.263253 0.535300 0.346683 0.643917 -1.200897 -0.328680 -0.034632 -0.074405 
3.643469 3.405397 2.554842 0.441223 2.754179 0.503616 0.944460 0.982037 -1.890502 -0.595379 0.118995 -0.071331 
3.901678 3.341360 2.583257 0.527022 3.441805 0.142775 0.890262 1.246488 -1.842527 -0.763853 0.139729 -0.048144 
3.911656 3.449280 2.484854 0.576013 3.209292 0.426042 0.903995 1.417395 -1.859698 -0.715508 0.119411 -0.056807 
3.492098 2.918116 2.329552 0.833813 2.838637 0.897532 0.723970 1.120937 -1.372337 -0.274350 0.112356 -0.052323 
3.496840 3.164746 2.392888 0.861759 2.942530 0.870929 0.766117 1.356710 -1.419478 -0.274267 0.093042 -0.068566 
3.686577 3.322238 2.639381 0.630856 3.307777 1.198399 0.872939 1.261891 -1.474128 -0.265109 0.067112 -0.079521 
3.685095 3.257022 2.592172 0.619896 3.155022 1.379765 0.750999 1.081399 -1.262734 -0.319918 0.101867 -0.074604 
3.572309 3.000415 2.379034 0.780262 2.731714 1.525185 0.618051 0.965392 -0.872567 -0.293407 0.064550 -0.069062 
3.699893 3.064383 2.007283 0.998953 3.029508 1.656880 0.292807 0.870212 -0.636072 -0.352496 0.101993 -0.063561 
3.698505 2.847232 1.891729 1.038153 3.094025 1.804812 0.583587 0.810051 -0.498742 -0.383993 0.072689 -0.049037 
3.702682 2.675714 1.803887 1.387940 2.669789 1.886270 0.635203 0.359147 -0.037179 -0.451554 0.081959 -0.036232 
3.797154 2.664233 1.491040 1.257491 2.769552 2.228417 0.611935 0.504610 0.095471 -0.340707 0.006353 -0.044845 
3.955179 2.496219 1.161376 1.339484 2.943121 2.286878 0.915789 0.572430 0.115043 -0.350982 -0.078690 -0.042879 
3.990758 2.524423 0.973121 1.282256 3.081426 2.482213 0.601202 0.719085 0.308677 -0.324032 -0.108447 -0.068676 
4.068671 2.239438 0.996680 1.336497 2.973157 2.422438 0.740820 0.536154 0.273542 -0.125370 -0.120234 -0.060218 
4.017982 2.340616 0.943841 1.294644 2.701020 2.297409 0.785067 0.361031 0.166408 -0.143221 -0.025966 -0.039566 
4.128927 2.473313 0.962714 1.121307 2.789597 2.228732 0.829904 0.144688 0.192265 -0.016958 0.029934 -0.032437 
4.486986 2.736316 0.780285 0.878482 3.118001 2.330612 0.773104 0.241737 -0.073188 0.015465 0.103045 -0.009100 
5.065571 2.704229 1.099578 0.377972 2.908197 2.223076 0.718775 0.567488 -0.206467 0.068031 0.099019 -0.007965 
3.882834 2.584225 1.373620 0.694781 1.427555 1.521085 0.966508 0.678208 0.189592 0.121067 0.122733 -0.004863 
3.980785 2.610556 1.282997 0.272469 1.155743 1.544700 0.728131 0.953394 0.533941 0.268676 0.101545 -0.023549 
3.892394 2.592120 1.605843 0.440070 1.153205 1.123222 0.490193 1.084923 0.824624 0.549694 0.086055 -0.031702 
4.112195 2.481161 1.252951 0.433155 1.720178 1.207188 0.520456 1.191946 0.653551 0.587944 0.093202 -0.038733 
5.023750 2.262101 1.363573 -0.187464 2.478632 1.713252 -0.085435 1.345676 0.557363 0.752077 0.207390 -0.100530 
3.967734 2.257981 1.073522 0.589659 1.479349 1.598504 0.760672 0.873612 0.621313 0.376138 0.149348 -0.017870 
