2.766132 1.405193 1.590889 1.491389 1.252609 1.414553 0.976547 0.254905 0.356697 -0.097026 0.340584 0.104658 
3.032166 1.889324 1.789697 1.422073 1.363399 1.225178 1.224902 0.320875 0.282400 -0.002868 0.280662 0.088689 
2.661495 1.759531 2.055506 1.529060 0.966638 1.394844 0.513879 0.208106 0.574237 0.096783 0.242228 0.086262 
2.643885 1.890040 2.034956 0.978299 0.843002 1.959656 0.219162 0.281105 0.423428 -0.108423 0.373327 0.105388 
2.544313 1.482026 2.090270 1.140651 1.098654 1.937726 0.637995 0.417493 0.384996 -0.057130 0.248114 0.102706 
2.566159 1.396743 1.945062 1.130025 1.418585 2.069412 0.562057 0.749684 0.320789 -0.345760 0.232411 0.113337 
2.506352 1.624676 1.657221 1.291779 1.449850 1.713526 0.726971 0.625682 0.341603 -0.031548 0.260191 0.093706 
2.603909 1.807734 1.373835 0.691297 1.217470 1.257057 0.552896 0.735203 0.271593 0.135224 0.244546 0.089897 
2.963580 1.959380 1.801879 1.242613 0.820109 1.349810 0.535193 0.327326 0.224267 -0.174331 0.237704 0.090264 
2.866404 1.886744 1.969325 1.012741 1.199857 0.901200 0.435900 0.323899 0.096496 -0.000284 0.438963 0.096775 
2.815587 2.023169 1.177527 1.182230 1.356155 1.071540 0.983213 -0.006053 0.483528 -0.461735 0.480974 0.097349 
2.486600 2.020739 1.138074 1.338297 1.263434 1.494360 1.495553 -0.078706 0.411690 -0.391035 0.483994 0.084233 
2.380237 1.836128 1.008897 1.200105 0.655015 1.049227 1.527224 -0.214755 0.618762 -0.360105 0.456693 0.084119 
2.172889 2.118607 1.097374 1.113742 1.365126 1.839026 1.450399 -0.312266 0.275646 -0.467721 0.625805 0.079143 
2.325849 2.278201 1.175826 1.389792 1.053023 1.488274 0.952981 -0.112368 0.560943 -0.462520 0.715519 0.055612 
2.218023 2.088781 1.118886 1.477910 0.819772 0.761719 1.117237 0.027705 0.724207 -0.256546 0.585818 0.058829 
2.232772 2.259053 0.972247 1.085101 0.941459 1.333171 1.668934 0.228426 0.914227 -0.187674 0.724718 0.039319 
2.295048 2.129058 1.554301 1.527107 1.024496 0.118558 1.215377 0.476707 1.132678 -0.142232 0.684764 0.062810 
2.268449 1.884415 1.295142 1.872888 0.907679 0.338098 1.435433 0.607953 1.055856 -0.538611 0.729735 0.059736 
2.478614 1.882168 1.226211 1.443112 0.699923 0.683269 1.086274 0.498655 1.077395 -0.152108 0.623178 0.069145 
2.874596 2.055151 0.855190 1.325228 1.286627 -0.331981 0.899538 0.423193 0.382969 -0.709874 0.849712 0.141356 
2.794348 2.342434 1.330305 1.071176 0.994647 -0.073122 1.248680 0.219053 0.013969 -0.309473 0.615519 0.106087 
2.967928 2.378210 1.295766 1.206172 1.337458 0.444828 0.732060 -0.105442 0.037050 -0.267390 0.629005 0.111542 
2.746474 2.367211 1.304744 1.351638 0.994518 0.303012 0.587654 0.556712 0.213926 -0.200368 0.535309 0.089947 
3.288969 2.870849 2.701518 1.494880 2.290979 1.128533 0.828700 0.589985 0.128243 -0.856551 0.099046 -0.003131 
3.824667 2.990910 2.474719 1.404725 1.275606 0.978813 1.071623 0.160443 0.359831 -1.089675 -0.126138 -0.033296 
4.415859 3.311907 2.436803 1.049044 1.097439 0.818120 1.202224 -0.013298 0.371578 -1.271562 -0.175702 -0.052708 
4.711790 3.904023 2.310870 1.043176 0.969020 0.987626 0.891742 -0.083424 0.251106 -1.569835 -0.148503 -0.089612 
3.881575 3.170592 1.919482 1.020577 0.876382 0.801709 0.484859 -0.537679 -0.538493 -0.804772 -0.230348 -0.062680 
3.761234 3.106837 1.863275 0.846201 0.703794 0.351185 0.236845 -0.299319 -0.674381 -0.741950 -0.286252 -0.084736 
3.429206 2.579432 1.625139 1.041955 0.850503 0.312050 0.063867 -0.530458 -0.692123 -0.695672 -0.333421 -0.080270 
5.109347 3.861388 1.981866 0.523543 0.805133 0.106125 0.851361 -0.574655 -0.705634 -1.525650 -0.418662 -0.114500 
4.374937 3.546553 1.872203 0.711103 0.474950 0.297243 0.447183 -0.455946 -0.978710 -1.157714 -0.310997 -0.108271 
3.899053 3.064932 1.719840 0.832766 0.360394 -0.022924 -0.207281 -0.686220 -0.930918 -0.890524 -0.260425 -0.097393 
3.883333 2.838034 1.747605 0.627218 0.377015 0.011375 -0.325287 -0.778923 -1.069482 -0.785931 -0.258178 -0.085677 
5.340384 3.709472 1.237357 0.057399 0.751999 -0.597602 0.442329 -0.694912 -1.487812 -1.203418 -0.463995 -0.060780 
5.299824 3.694467 1.157793 0.018601 0.541879 -0.770082 0.447496 -0.814920 -1.463203 -1.256787 -0.424128 -0.044102 
3.869449 2.732919 1.327271 0.361530 0.003156 -0.411474 -0.414640 -0.943028 -1.176822 -0.796601 -0.126294 -0.035121 
4.053657 2.782951 1.331643 0.096404 -0.193302 -0.140990 -0.362031 -0.830582 -1.430668 -0.931230 -0.087977 -0.017185 
4.116048 2.827476 1.285044 0.020452 -0.024621 -0.305355 -0.216078 -0.792406 -1.256958 -0.972151 -0.136936 -0.019348 
5.488904 3.372188 0.478239 -0.285284 0.725131 -1.136604 0.103581 -0.668138 -1.064936 -1.274052 -0.420749 -0.011826 
4.105876 2.721336 0.946422 -0.088143 -0.534602 -0.224244 -0.169099 -0.574328 -0.972842 -1.054943 -0.162629 -0.020715 
4.166562 2.661021 0.861775 -0.313789 -0.235278 -0.299003 -0.153394 -0.543233 -1.135040 -0.846806 -0.199366 -0.014563 
4.063829 2.446772 0.836674 -0.090473 -0.135029 -0.406777 -0.336418 -0.437463 -0.887320 -0.894878 -0.210275 -0.018998 
6.534373 2.763120 -0.004273 -0.525890 1.938692 -2.523540 0.356662 -0.528936 -0.906567 -1.032743 -0.812305 0.049924 
4.672023 2.628236 0.507189 -0.170786 0.333849 -0.723623 -0.497443 -0.579478 -0.891414 -0.970590 -0.257627 -0.019256 
4.782590 2.613426 0.485088 -0.041132 0.275244 -0.469025 -1.033175 -0.685608 -0.691606 -0.803948 -0.219113 -0.030342 
4.589464 2.724156 0.539599 -0.230672 -0.124993 -0.651553 -0.706199 -0.857280 -0.925215 -0.830253 -0.215949 -0.025944 
6.572819 2.334641 0.005293 -0.235742 2.193980 -1.888233 -0.643765 -1.151717 -0.945371 -0.619739 -0.499672 0.017275 
4.285477 2.399358 0.658731 0.112852 0.305589 -0.557053 -0.919838 -0.757519 -0.897991 -0.626331 -0.173789 -0.014353 
4.076624 2.427361 0.710557 0.024757 0.056490 -0.563269 -0.492737 -0.569245 -0.966196 -0.799031 -0.159291 -0.006569 
7.062355 2.478524 -0.831848 -0.083498 2.564748 -2.694414 0.230199 -0.568265 -0.873985 -0.722615 -0.680988 0.136040 
5.759427 2.617437 -0.122587 -0.340205 1.539089 -0.916597 -0.554342 -0.195532 -0.737437 -0.823727 -0.433616 -0.016029 
4.656599 2.611634 0.392551 -0.295023 0.249686 -0.181894 -0.177038 -0.325183 -0.768615 -0.874491 -0.287737 -0.023566 
4.229853 2.479752 0.522289 -0.079350 0.196978 -0.117810 -0.122816 -0.522213 -0.666052 -0.777565 -0.236899 -0.014116 
4.665944 2.576809 0.574790 -0.239940 0.407313 0.183392 -0.068011 -0.435278 -0.663902 -0.753896 -0.229821 -0.005748 
4.879376 2.781067 0.615078 -0.180969 0.501068 -0.485867 -0.242263 -0.109620 -0.292408 -0.966392 -0.178443 0.003660 
5.818323 2.505165 1.221393 -0.214958 1.571120 -1.093167 0.509286 -0.107688 -0.589280 -0.988854 -0.412543 0.063410 
5.955224 2.257845 1.860945 0.036014 1.756939 -1.534925 0.911783 -0.057252 -0.648779 -1.022149 -0.497947 0.117842 
4.102855 2.677685 1.312290 0.837953 0.523171 -0.317873 0.324972 -0.199874 -0.874078 -0.749648 -0.070556 0.021581 
4.381233 3.191519 1.141014 0.634963 0.365316 -0.562238 0.641208 0.285875 -0.607246 -0.965520 -0.102117 0.006374 
4.940041 3.301792 1.198857 1.086313 0.555275 -1.126365 1.205479 0.218631 -0.800765 -1.330717 -0.102581 0.063912 
5.276098 3.502667 1.064837 0.919570 1.159882 -1.655178 1.812237 0.102969 -0.416268 -1.624799 -0.284250 0.080885 
4.540870 3.070890 1.128558 0.770849 0.823121 -0.646873 1.088170 0.048553 -0.558216 -1.212747 -0.118918 0.035118 
3.456112 2.407333 1.221865 0.655513 0.635148 -0.134509 0.442236 -0.060521 -0.414044 -0.612103 -0.157393 0.014038 
4.555909 3.140851 0.922830 0.451428 1.237806 0.004243 0.977648 -0.392037 -0.285869 -0.967470 -0.225604 -0.007331 
4.942139 2.995106 1.105485 0.363079 2.140241 -0.509964 0.902206 -0.570670 0.010037 -0.962838 -0.314411 0.014215 
4.178993 2.843017 1.252113 0.776334 1.505655 -0.029324 0.489582 -0.550203 -0.025792 -0.879749 -0.251797 -0.033901 
3.227896 2.104658 1.359638 0.829059 0.676707 0.243682 -0.109747 -0.316818 -0.461948 -0.328138 -0.295050 -0.010293 
5.100421 3.255105 0.822270 0.480798 1.338920 -0.523744 1.274051 -1.031847 0.223438 -1.103421 -0.274273 -0.026504 
5.062373 3.325366 1.052327 -0.031470 0.811600 -0.517883 1.156090 -0.697041 -0.005586 -1.056044 -0.205013 0.012124 
5.096432 3.328442 1.343080 -0.450479 0.462601 -0.754646 0.995178 -0.190913 -0.125088 -0.956010 -0.209033 0.011700 
3.848971 2.696784 1.135683 -0.078104 0.066053 -0.255221 0.267343 -0.156601 -0.385074 -0.558144 -0.060162 0.010194 
4.052111 2.523059 1.086983 0.123325 0.024215 -0.065798 0.265169 0.171293 -0.452616 -0.523578 -0.124582 0.004357 
5.484036 3.873595 -0.161920 -0.263346 1.313103 -1.272663 1.031010 -0.538816 0.593538 -1.229587 -0.249202 -0.026717 
5.149012 3.746360 0.022303 -0.580248 1.110302 -1.034228 1.007340 -0.431182 0.371725 -1.103087 -0.184087 -0.013238 
5.131430 3.729556 -0.179928 -0.592407 1.555822 -1.236137 0.589684 -0.170727 0.368172 -1.087601 -0.249288 -0.035747 
3.810271 2.699445 0.693899 -0.088809 0.310710 -0.387408 0.576749 -0.327603 -0.204146 -0.695661 -0.108458 -0.015594 
4.561147 2.996078 0.353282 0.507448 0.431075 -0.783659 0.340899 -0.163426 0.301600 -0.831333 -0.109151 -0.040911 
4.794547 3.070774 0.480689 0.236803 1.700699 -1.258843 0.070423 -0.321241 0.587089 -0.953225 -0.165776 -0.027488 
4.698773 3.152529 0.616654 0.691483 1.894276 -1.332147 -0.198608 -0.659235 0.592088 -0.510865 -0.097974 -0.026199 
4.087123 2.623367 1.225754 1.112113 1.048045 -0.890298 -0.150181 -0.247346 0.034512 -0.388445 -0.053299 -0.014148 
3.979698 2.561364 0.987905 1.234525 0.906559 -0.612615 -0.299928 -0.003077 0.206579 -0.154200 -0.144346 -0.043060 
4.921965 2.449931 0.214618 1.230508 2.517438 -1.640298 0.021894 -0.419380 0.331507 -0.113070 -0.270694 0.000981 
5.087832 2.264855 0.004270 1.797733 2.447633 -1.213190 0.041057 -0.638419 0.901677 -0.188607 -0.191245 -0.034320 
