2.633595 2.104232 1.895295 1.576613 1.290460 1.130998 0.840278 0.572279 0.519758 0.369078 0.196554 0.079340 
2.840188 2.339732 2.102407 1.802734 1.554610 1.194421 1.153925 0.827739 0.460332 0.344108 0.092070 0.070473 
2.865446 2.196138 1.869873 1.486029 1.202059 1.149505 1.071533 0.844507 0.570529 0.318985 0.063764 0.067459 
3.174620 2.650492 2.351567 1.740550 1.563508 1.242809 1.130008 1.330560 0.824592 0.413898 -0.016369 0.058307 
3.046697 2.512624 2.158667 1.609849 1.337655 1.040019 1.294728 1.093359 0.804579 0.443599 0.041869 0.063726 
3.029711 2.427662 2.013974 1.638026 1.382451 1.179915 1.244101 0.991517 0.819016 0.361342 0.109538 0.068055 
2.816706 2.242891 1.932141 1.622737 1.410254 1.067334 1.062068 0.952200 0.691357 0.311380 0.088792 0.070738 
2.986122 2.398069 1.992167 1.368379 1.273282 1.134328 1.263751 0.995562 0.885692 0.310233 0.175325 0.073562 
2.831631 2.145593 1.760568 1.182004 0.771400 0.726740 0.773631 0.938555 0.746607 0.269792 0.149039 0.076437 
3.210206 2.556354 2.000495 1.121169 0.806805 0.441197 0.735875 1.047578 0.822962 0.552787 0.214506 0.081726 
3.141614 2.406747 1.498789 0.601628 0.123498 0.145654 0.571891 0.899247 0.825032 0.428975 0.172717 0.076936 
3.684808 3.037370 1.862024 0.764560 0.044863 -0.018750 0.952794 0.980884 1.009093 0.541677 0.132208 0.048546 
4.111169 3.286170 1.821895 0.405803 -0.045729 -0.121107 0.976550 1.023686 0.902516 0.384261 0.158321 0.032059 
4.577624 3.467728 1.711841 -0.047603 -0.523796 -0.103764 1.128370 1.293564 0.907643 0.180894 0.215103 0.022596 
4.192843 3.269922 1.682687 0.084590 -0.136599 -0.078301 0.961206 0.921860 0.732223 0.239495 0.162518 0.029483 
4.675525 3.495369 1.649181 -0.408240 -0.655986 -0.254137 1.156884 1.309291 0.777533 0.359888 0.218991 0.027017 
5.391128 3.820573 1.321000 -0.767979 -0.806768 -0.529610 1.449752 1.336279 1.121081 0.237712 0.247248 0.048841 
4.676036 3.484754 1.613960 -0.404608 -0.738730 -0.424214 0.899063 1.082423 0.703936 0.297740 0.237414 0.040860 
4.456159 3.481975 1.539914 -0.328426 -0.693016 -0.427304 0.882644 0.907914 0.870850 0.320979 0.246426 0.037036 
5.485226 4.069454 1.493043 -0.678088 -0.660936 -0.722916 1.048094 1.004326 0.996338 0.254416 0.158969 0.011201 
6.954898 4.418686 1.000953 -1.032788 0.206659 -1.865256 1.810814 0.395395 1.219489 0.371354 -0.019575 0.049703 
5.421156 4.014135 1.576688 -0.469018 -0.631215 -0.689343 0.719090 1.061924 0.748751 0.144751 0.054055 -0.034650 
5.212222 3.755615 1.490606 -0.168610 -0.719755 -0.408074 0.402521 0.973106 0.697435 -0.002853 0.021660 -0.045956 
5.604015 3.795388 1.061973 -0.328191 0.167010 -0.829528 0.459191 0.623558 0.719199 0.098235 -0.061095 -0.058772 
5.622559 3.676143 0.754548 0.365467 0.325600 -0.805104 -0.167947 0.483704 1.022872 -0.053505 -0.101696 -0.091166 
6.184267 3.575693 0.646561 0.295939 0.739507 -1.281139 -0.192135 0.372721 0.913963 0.045245 -0.168439 -0.081458 
5.413233 3.204708 1.070514 0.630026 0.338069 -0.680579 -0.461587 0.147861 0.657488 0.158300 -0.124950 -0.081784 
5.821890 3.127053 0.996210 0.753880 0.718113 -0.995400 -0.905768 0.404788 0.583414 0.037734 -0.180987 -0.074860 
5.487555 2.902211 1.214514 1.064815 0.034163 -0.792223 -0.898970 0.358347 0.386556 0.041807 -0.136755 -0.049655 
3.755257 2.716756 1.223173 0.253354 0.006846 -0.215945 -0.182994 -0.101676 0.023014 -0.035872 -0.143339 -0.033028 
5.303802 2.958680 0.749088 0.820501 0.798338 -0.903405 -0.588998 -0.085534 0.384817 -0.046566 -0.174704 -0.059396 
6.362906 2.770268 0.120403 0.664709 1.832652 -1.819935 -0.088909 -0.281353 0.386893 -0.046991 -0.307665 -0.024933 
5.574046 2.888645 0.607967 0.310166 1.016544 -0.891296 -0.240993 -0.301651 0.475165 -0.160236 -0.211802 -0.057400 
3.681954 2.390167 1.108824 0.593802 0.229754 -0.244895 -0.610128 -0.107505 0.085928 -0.118658 -0.241383 -0.014644 
5.920813 3.366726 0.093347 0.092374 1.162648 -1.101712 -0.596486 -0.331970 1.027001 -0.343467 -0.273556 -0.115102 
5.869284 3.264147 -0.034515 0.359464 1.012182 -1.155508 -0.538395 -0.364519 1.196150 -0.496227 -0.310281 -0.124444 
6.284189 3.242368 -0.420132 0.521538 1.512486 -1.718095 -0.220713 -0.554251 1.166384 -0.449504 -0.409125 -0.109733 
5.410749 2.930023 0.180195 0.297053 1.050266 -1.028437 -0.714420 -0.044500 0.701827 -0.413661 -0.304769 -0.081375 
4.803412 2.651205 0.704102 0.532991 0.477929 -0.867231 -0.550206 0.291055 0.416193 -0.503767 -0.255180 -0.038957 
3.908538 2.216911 0.818219 0.589943 0.423776 -0.208620 -0.306835 0.084259 0.082973 -0.228549 -0.365333 -0.037387 
5.849598 2.667943 0.029221 -0.082583 1.703478 -0.303299 -0.588550 -0.047416 0.789918 -0.516959 -0.414954 -0.113948 
5.596491 2.908586 -0.137214 -0.153011 1.506407 -0.102512 -0.526386 0.010841 0.677095 -0.601934 -0.337414 -0.108086 
4.559475 2.439766 0.478049 0.235047 0.623288 0.121815 -0.087381 0.240763 0.132150 -0.526131 -0.309263 -0.044080 
3.766056 2.500437 1.105812 0.187037 0.065421 0.013531 0.405256 0.217883 -0.197117 -0.636969 -0.202902 -0.005882 
4.705148 2.973682 0.725529 -0.200352 0.546562 -0.006966 0.188824 -0.084977 0.251912 -0.698242 -0.182203 -0.025636 
4.142214 2.686684 1.057385 -0.017062 0.531780 -0.042439 0.296365 0.090499 0.024662 -0.442545 -0.259849 -0.020740 
4.651967 3.023221 1.051902 0.251339 1.064218 -0.544353 0.171247 0.004442 0.691957 -0.693897 -0.211181 -0.037640 
4.293711 3.073151 1.569336 0.564627 1.034325 -1.317659 1.693553 0.161286 0.222872 -1.006709 -0.211611 0.019054 
3.394394 2.472771 1.464995 1.619878 1.374375 -0.130074 0.954188 -0.061062 -0.100235 -0.705312 -0.212140 0.017329 
2.938869 2.206494 1.785915 1.302810 1.375846 0.066823 0.389810 -0.061727 0.034654 -0.196640 -0.166178 0.048098 
3.621734 2.508246 1.822669 1.341711 1.684690 -1.155633 1.670559 0.393269 0.436751 -0.696433 -0.177687 0.067639 
3.361027 2.410614 2.036726 1.486891 1.002081 -0.181502 1.011834 0.353304 0.489420 -0.466216 -0.082642 0.041602 
3.244300 2.478162 2.267648 1.461400 1.962635 -0.070150 0.937059 0.296611 0.546626 -0.175957 -0.132921 0.047978 
2.900052 2.076431 1.641496 1.498336 1.530153 0.087185 0.310292 0.278234 0.271021 0.078413 0.001464 0.070603 
3.706509 2.475391 1.825592 1.400577 2.684024 -0.504986 0.920380 0.146723 1.289590 -0.003911 -0.233482 0.041250 
3.292254 2.402639 1.993265 1.952096 2.188798 0.253494 0.890128 0.750589 0.903054 -0.008985 -0.350388 0.018064 
3.172718 2.176585 2.008125 1.979925 1.635053 0.480985 0.758251 1.026369 0.777425 0.113416 -0.191048 0.041639 
3.037130 2.399639 1.753870 1.871658 1.697350 0.426292 1.057999 0.638081 0.791727 -0.014359 -0.053633 0.049034 
3.946640 2.871408 2.226130 2.348752 3.496372 -1.122288 0.962089 -0.081042 1.157787 0.014268 -0.216536 0.072080 
3.017809 2.318016 1.545221 1.420218 1.645577 0.150132 0.298479 -0.013935 0.530243 0.150655 -0.022112 0.059908 
3.253977 2.802325 2.115178 1.965221 1.942558 -0.070093 0.507768 -0.153368 0.457146 0.023658 -0.176064 0.027680 
3.492951 2.963267 1.923043 2.096117 2.034853 0.345516 0.205335 -0.160118 0.507710 0.053459 -0.170364 -0.001181 
4.045273 2.934208 2.110613 2.583760 2.701664 -0.645371 0.566224 -0.107095 1.109355 -0.099265 -0.225297 0.000550 
3.381174 2.624640 1.861547 1.908558 1.868615 0.931720 0.314981 0.044970 0.524144 -0.010558 -0.060471 0.012893 
3.798372 3.174843 2.140896 2.470541 2.779924 0.365927 0.538783 -0.063736 0.940714 -0.017217 -0.160647 -0.027759 
3.781951 3.278475 1.890621 2.456598 2.515458 0.612784 0.387228 0.085201 0.996303 0.018829 -0.076027 -0.027582 
3.678454 3.271198 1.804231 2.234827 2.616912 0.554582 0.623697 0.386739 0.644591 0.066577 -0.151660 -0.019213 
3.562414 3.109274 1.788177 2.139782 2.281382 0.766593 0.356086 0.250106 0.813576 0.226402 -0.160977 -0.019868 
3.575795 2.971078 1.791341 2.134824 2.547632 1.001427 -0.039343 0.454110 0.949871 0.204946 -0.118047 -0.027136 
3.919651 3.099868 1.549244 1.895682 3.016795 1.319004 -0.263894 0.690951 1.428933 -0.023832 -0.216900 -0.109673 
3.644410 2.715706 1.637430 1.961938 2.594058 1.254591 -0.056038 0.795368 1.288466 -0.041896 -0.233048 -0.054695 
3.502461 2.447850 1.484942 1.796035 1.932436 1.613361 0.215594 0.639043 1.005618 0.160209 -0.113543 -0.007073 
3.536356 2.509308 1.284477 2.183162 2.217437 1.268280 -0.098284 0.690209 1.087669 0.120157 -0.139611 -0.024677 
3.458330 2.504938 1.417451 1.949969 1.784422 0.950290 0.558503 0.759496 1.190446 0.303301 -0.109794 -0.003743 
4.139046 2.436053 0.967914 2.495126 2.991993 0.805020 -0.085616 0.820281 1.492035 0.309520 -0.163668 -0.061604 
4.056348 2.218263 0.790899 2.149651 2.767239 0.960329 -0.279492 0.824445 1.295564 0.404269 -0.056703 -0.043843 
4.322672 2.562700 0.361826 1.962301 2.646753 0.994579 -0.440701 0.615254 1.310309 0.293543 -0.003001 -0.061424 
3.788624 2.122616 0.893841 1.812177 2.145361 0.994469 -0.055495 0.634895 1.308991 0.379815 0.010447 -0.024635 
4.417964 2.403483 0.610199 1.834039 2.217681 1.068129 0.033276 0.753211 1.091576 0.227934 0.089686 0.002505 
5.263718 2.865149 -0.341365 1.079444 2.781154 0.794042 0.483198 0.754012 1.374957 0.178771 0.200936 0.040029 
4.773488 2.870322 0.545404 0.880248 2.394424 1.062962 0.885783 1.375935 1.403853 -0.061979 0.142105 0.019392 
3.539970 2.613134 1.640846 1.092184 1.289395 1.115097 1.171155 1.250067 0.933719 0.266516 0.185933 0.038742 
3.603660 2.385149 1.386659 1.421228 1.506397 1.355413 1.266223 1.317085 1.015274 0.257351 0.103673 0.031209 
5.183641 2.354150 1.063421 1.230977 2.106943 1.890767 1.426148 1.193990 1.887902 -0.033755 -0.082009 -0.009417 
3.560792 2.356025 1.236649 1.232231 1.705337 1.710631 1.745222 1.519341 1.135472 0.235754 -0.090908 0.008909 
