2.561288 1.870902 1.833602 1.342946 1.614986 1.449777 1.041442 0.984398 0.678860 0.088916 0.021628 0.081922 
2.581420 1.950301 1.626046 1.296256 1.049624 1.331722 0.799413 0.585770 0.437138 0.129124 0.201244 0.083851 
3.063167 2.569020 2.132805 1.668371 1.435859 1.352191 0.930287 0.106402 0.322971 -0.110848 0.183581 0.058677 
2.727175 2.238185 1.957296 1.460380 1.174697 0.780913 0.611045 0.465548 0.257019 0.191542 0.088001 0.067476 
3.491936 3.250649 2.760612 2.312130 2.819669 1.474285 0.961244 0.430004 0.280494 -0.067865 0.036648 0.004109 
3.477952 3.321914 2.709285 2.552024 2.153960 1.559831 1.029091 0.459254 0.012621 -0.173749 0.023000 -0.011259 
4.128018 4.502119 3.095305 2.509170 3.112384 1.824124 0.951720 0.593602 -0.303321 -0.761246 0.180655 -0.063036 
3.435453 3.107481 2.611092 2.306418 1.891773 1.175690 0.617079 0.156352 -0.051423 -0.275612 -0.105254 -0.041035 
4.293811 3.799176 2.810345 2.372641 2.579342 1.212391 0.098186 -0.463547 -0.242955 -0.601362 0.023316 -0.051307 
3.390897 3.042353 2.453425 1.904800 1.278597 0.549202 0.333726 -0.146388 -0.220773 -0.293763 -0.131188 -0.043122 
4.541958 4.584362 2.226272 1.781607 4.269383 1.363186 -0.679745 -1.112013 -0.597147 -0.525075 0.109628 -0.119592 
4.086861 3.868877 2.664194 2.085726 2.915115 1.103967 -0.627634 -1.037583 -0.494263 -0.616479 0.021546 -0.083991 
3.924651 3.308023 2.372328 1.774910 2.176106 0.750671 -0.487401 -0.785432 -0.607407 -0.381481 -0.135211 -0.068164 
3.558485 3.016109 2.047636 1.546921 1.823273 0.689212 -0.217445 -0.867705 -0.761779 -0.424039 -0.168816 -0.065505 
3.698853 2.947349 2.185691 1.852390 1.825828 0.449129 -0.473238 -0.905501 -0.782921 -0.515380 -0.162442 -0.084976 
3.827069 2.941750 2.243336 1.892166 1.483471 0.636747 -0.573318 -0.930211 -0.786942 -0.365800 -0.251036 -0.096497 
4.130398 3.370377 1.864187 1.549994 2.366869 0.613751 -0.602488 -1.298738 -0.900839 -0.426309 -0.220887 -0.104328 
4.064529 3.178891 2.105439 1.594068 1.911640 0.615443 -0.749087 -1.364115 -1.093714 -0.410744 -0.223720 -0.104258 
3.912482 2.960978 2.065431 1.555671 1.836990 0.419804 -0.827710 -1.199239 -0.915195 -0.311410 -0.271364 -0.113774 
3.979080 2.890021 1.838926 1.257238 1.659624 0.818794 -0.942048 -1.367563 -1.049358 -0.579948 -0.186796 -0.102756 
3.843317 2.861133 1.797521 1.247219 1.471983 0.472347 -0.635997 -1.125078 -1.307861 -0.585224 -0.193539 -0.095996 
3.856271 2.970534 1.395803 0.996266 1.019491 0.801642 -0.449626 -1.217829 -0.936649 -0.745044 -0.214602 -0.092397 
4.764892 3.199594 1.203012 0.706629 2.435619 0.708253 -1.056548 -1.556752 -0.996429 -0.935254 -0.141788 -0.100670 
4.040215 2.915114 1.603797 1.042849 1.412354 0.725923 -0.852622 -1.491953 -1.136837 -0.745241 -0.142102 -0.085499 
3.602843 2.513378 1.655234 1.209922 1.248947 0.379205 -0.859068 -1.229020 -1.049074 -0.612589 -0.161861 -0.100782 
3.931415 2.783058 1.536976 0.972719 1.378696 0.571829 -1.181248 -1.275260 -1.196785 -0.707484 -0.144798 -0.094218 
4.985473 3.479564 0.939543 0.499586 3.176051 0.410577 -1.507406 -1.586311 -1.317507 -0.747967 -0.128927 -0.123230 
3.437310 2.373470 1.650383 1.395088 0.909711 0.185353 -0.856430 -1.152211 -1.018058 -0.626117 -0.194609 -0.108449 
3.969755 2.732758 1.689694 1.091917 1.172449 0.265036 -0.922768 -1.552428 -1.171938 -0.820537 -0.130547 -0.090272 
4.602423 3.047012 1.626520 0.986789 1.880405 0.328965 -1.273299 -1.403955 -1.412072 -0.923191 -0.165581 -0.092583 
4.122770 3.010184 1.833043 1.087960 1.272061 0.486926 -0.788306 -1.355359 -1.349229 -0.769937 -0.179266 -0.090895 
3.610167 2.680096 2.086059 1.453180 1.041335 0.047238 -1.113736 -1.191452 -1.116321 -0.744143 -0.163483 -0.111617 
4.156312 2.997202 1.827696 1.347510 1.594170 0.459269 -0.866533 -1.468834 -1.568032 -0.879607 -0.112927 -0.089089 
3.961043 3.087289 1.834541 1.148169 1.306940 0.582235 -0.456078 -1.255306 -1.395073 -0.889770 -0.153924 -0.090341 
4.100193 3.012398 1.707115 1.036058 1.385026 0.462546 -0.509539 -1.322723 -1.397486 -0.867832 -0.168626 -0.083517 
4.976487 3.212304 1.226347 0.808721 1.811664 0.704861 -0.901033 -1.112970 -1.385668 -1.023816 -0.235222 -0.081444 
4.068721 2.910543 1.584034 1.098693 1.197439 0.588512 -0.347592 -1.288225 -1.414724 -0.889175 -0.169695 -0.081516 
4.123368 2.802961 1.439312 1.375497 1.452051 0.442828 -0.803623 -1.447837 -1.373003 -0.858327 -0.139101 -0.088384 
3.826624 2.690040 1.592661 1.065355 0.938990 0.169564 -0.754053 -1.194231 -1.135498 -0.881400 -0.168879 -0.101237 
4.987824 3.139421 1.120436 0.868979 1.728248 0.594525 -1.181862 -1.412899 -1.481413 -1.312961 -0.221771 -0.078583 
4.382282 2.968164 1.668891 1.237765 1.093447 0.442464 -0.925204 -1.756536 -1.398613 -1.171523 -0.149116 -0.087797 
5.605309 3.491358 0.848706 1.283046 1.863358 1.033515 -1.171736 -1.982812 -0.880353 -1.262500 -0.256284 -0.118926 
3.756808 2.792979 1.782141 1.373659 1.132752 0.162355 -0.888036 -1.328735 -0.989234 -0.567782 -0.225963 -0.110194 
3.951045 3.051567 1.933693 1.639450 1.262984 0.261272 -0.943204 -1.273381 -1.085533 -0.657299 -0.181828 -0.101369 
3.706583 2.854950 1.991501 1.329913 1.010750 0.489359 -0.687783 -1.144643 -0.930422 -0.474045 -0.239948 -0.095919 
5.015150 3.550670 1.541916 1.468772 2.102507 0.647996 -1.317420 -1.444708 -1.191397 -0.631432 -0.198254 -0.102264 
5.363918 3.690483 1.385182 1.109551 2.342285 1.005866 -1.701534 -1.489449 -0.763290 -0.926414 -0.160656 -0.128354 
3.788314 3.012177 1.950128 1.491892 1.010930 0.197359 -0.734287 -1.092994 -1.040855 -0.667475 -0.194625 -0.096932 
3.727473 2.887446 1.741599 1.054989 0.684602 0.167909 -0.641953 -1.302551 -1.109877 -0.788744 -0.143951 -0.087428 
4.130225 3.302348 1.846738 1.119770 0.923970 0.288716 -0.862153 -1.269263 -1.352061 -0.902454 -0.149256 -0.084877 
4.660843 3.348863 1.582314 1.312552 1.481457 0.441962 -1.463974 -2.034528 -1.164860 -1.188850 -0.141635 -0.100929 
4.178225 3.207322 1.925371 1.115232 1.337847 0.025604 -1.438042 -2.013455 -1.367949 -1.071007 -0.110137 -0.102487 
4.547954 3.225542 1.762122 0.906991 1.090599 0.206643 -1.348370 -1.823779 -1.239239 -1.084600 -0.156015 -0.082818 
3.893118 3.100070 1.785370 0.717582 0.819036 -0.047879 -1.266557 -1.787576 -1.528626 -0.978061 -0.078920 -0.089501 
4.661983 3.442878 1.828686 1.065608 1.465373 0.619097 -2.009646 -1.542448 -1.168634 -1.522675 -0.115830 -0.107691 
3.860355 3.354676 2.281352 1.275933 1.155000 0.123510 -1.103719 -1.438118 -1.139709 -0.922845 -0.141634 -0.111532 
4.450974 3.484661 2.319952 0.956766 1.445574 0.685048 -1.502524 -1.537771 -0.909045 -1.007983 -0.139973 -0.094755 
4.217782 3.336501 2.491515 1.194781 1.631597 0.801804 -1.259667 -1.391636 -0.975599 -0.857196 -0.125385 -0.095054 
5.259230 3.931985 2.105252 -0.016103 2.973773 1.486163 -2.102227 -1.789079 -0.565131 -1.195361 0.075489 -0.133585 
3.873326 3.179690 2.319383 1.384382 1.691793 0.557137 -1.369406 -1.204172 -0.974301 -0.820274 -0.098578 -0.112301 
3.462190 2.801594 2.297478 1.489359 1.234625 0.559934 -0.709328 -0.950099 -0.680113 -0.753065 -0.160258 -0.104127 
3.915170 3.173601 2.807273 1.628398 1.769089 0.803439 -0.922518 -0.936470 -0.696014 -0.772385 -0.146310 -0.108890 
4.688593 3.737757 3.162953 1.241834 3.018355 1.971766 -1.412073 -0.895745 -0.219798 -1.189019 -0.003825 -0.117249 
3.912072 3.302049 2.803417 2.010983 2.336569 1.033744 -0.608512 -0.434064 -0.222547 -0.610683 -0.219368 -0.119022 
3.305461 2.705304 2.194787 1.638742 1.042214 0.480696 0.010220 -0.389527 -0.416800 -0.385303 -0.381423 -0.102239 
3.964685 3.226563 2.594950 1.832705 2.573535 1.755490 -0.643523 -0.631457 -0.434854 -0.773619 -0.088316 -0.111024 
4.423216 3.466190 2.157375 1.598203 2.819612 2.268982 -0.669976 -0.388846 -0.412211 -0.978317 -0.023201 -0.097607 
4.082571 3.102663 2.333331 2.130161 2.567341 2.065399 0.281840 -0.338012 -0.487470 -0.890174 -0.005462 -0.048190 
3.775285 2.912807 2.297080 1.666017 2.286099 1.858003 0.414850 -0.039644 -0.287505 -0.529118 -0.114116 -0.035913 
4.480811 3.557626 2.121621 1.608137 2.720726 1.764394 0.711324 -0.391900 -0.288493 -0.746779 0.047718 -0.001610 
3.778672 3.186697 2.090933 2.121589 2.595782 2.079496 0.498729 -0.055716 -0.142330 -0.430055 0.062839 -0.009994 
3.195243 2.614002 2.430380 2.329599 2.222299 1.584364 0.868140 0.504800 -0.014323 0.007963 0.061587 0.024763 
3.039398 2.552152 2.335789 2.007096 1.943585 1.631880 1.113775 0.532476 0.166191 0.026505 0.070772 0.041647 
3.345409 2.807877 2.295768 2.117092 1.864424 1.632765 1.313171 0.688311 0.209471 -0.140058 -0.105171 0.012158 
3.281018 2.624326 2.194777 2.208513 2.134370 1.759994 1.170628 0.387500 -0.043651 -0.213389 -0.127241 0.012485 
3.095643 2.659300 2.498767 2.084071 2.236335 1.754774 0.904631 0.291258 -0.099203 -0.173453 -0.097246 0.010634 
2.959445 2.474430 2.092836 1.808765 1.468326 1.100173 0.764186 0.373224 0.038612 -0.132800 -0.109368 0.033871 
2.944731 2.384690 1.943652 1.526394 1.266881 1.005913 0.714646 0.438968 0.278670 0.060818 -0.004268 0.055948 
2.859044 2.283106 2.095501 1.663672 1.530815 1.112086 0.669216 0.414844 0.232924 0.138680 0.098023 0.061902 
2.967053 2.377239 1.959584 1.770352 1.656379 1.252555 0.799607 0.527891 0.460124 0.241002 0.084518 0.063188 
3.029604 2.414620 1.971134 2.053325 1.763859 1.420722 1.052457 0.728991 0.431840 0.262979 0.151083 0.068431 
2.865460 2.299572 2.080578 1.836424 1.498972 1.169286 0.712462 0.497859 0.459696 0.359557 0.161724 0.070903 
2.804158 2.171112 2.001344 1.799708 1.670431 1.350210 0.802598 0.629179 0.298639 0.215117 0.001292 0.064105 
2.848036 2.216533 2.184583 1.647566 1.765373 1.330985 1.049516 0.681010 0.382008 0.165279 0.071077 0.066477 
2.674641 2.113892 1.791648 1.238269 1.571173 1.388848 0.755917 0.512059 0.241314 0.092420 0.061546 0.075907 
