2.540427 1.990562 1.664661 1.429960 1.509876 1.116647 0.863958 0.809379 0.581067 0.404951 0.243812 0.079502 
2.507390 1.981767 1.826281 1.567871 1.391607 1.238925 0.979726 0.814660 0.565139 0.334998 0.211759 0.080729 
2.527414 2.007542 1.812857 1.451201 1.272014 1.087624 1.062436 0.865381 0.560116 0.399720 0.316436 0.080211 
2.536355 1.935103 1.771063 1.354226 1.369709 1.083358 0.880170 0.727170 0.751078 0.432757 0.269618 0.080254 
2.554327 1.942473 1.810199 1.288916 1.036500 1.260628 1.165308 0.707303 0.715732 0.335526 0.212638 0.078820 
2.497281 1.984632 1.641537 1.462146 1.228206 1.081420 0.882773 0.726855 0.623216 0.368983 0.290689 0.074969 
2.596092 2.044005 1.736242 1.169400 1.012964 1.141929 1.069700 0.758108 0.691844 0.527466 0.246501 0.078284 
2.574602 1.961905 1.841652 1.161386 1.266366 1.108826 0.857812 0.940902 0.596198 0.444646 0.225239 0.078976 
2.579428 1.841963 1.558010 1.477360 1.173046 0.678319 0.894862 0.759611 0.722285 0.346319 0.208701 0.083076 
2.520444 2.003078 1.650877 1.502902 1.205704 0.744032 0.704165 0.955226 0.803629 0.179892 0.174258 0.080809 
2.394420 2.082270 1.408807 1.933743 1.193343 0.972333 0.815927 0.744842 0.791733 0.252400 0.248584 0.075171 
2.446679 2.242784 1.266278 1.720361 1.306471 1.100160 0.752983 0.706860 0.960108 0.274888 0.247957 0.071056 
2.398643 2.112131 1.372283 1.760562 1.451010 1.189238 0.732554 0.628298 0.800445 0.362194 0.278835 0.074792 
2.394313 1.983637 1.597510 1.696037 1.293062 1.019796 1.175649 0.640472 0.861495 0.319306 0.275332 0.077341 
2.518588 1.934648 1.674378 1.670621 1.388715 1.048418 0.912355 0.829233 0.655954 0.437955 0.173849 0.080259 
2.552717 1.949039 1.758036 1.553215 1.328198 1.105981 0.965667 0.598494 0.533523 0.341547 0.232986 0.080457 
2.571917 2.057130 1.695618 1.612720 1.319181 1.124217 0.698370 0.679717 0.447158 0.340065 0.169967 0.080051 
2.559024 1.955025 1.644461 1.435555 1.236779 0.973422 0.894422 0.649876 0.616602 0.423619 0.281563 0.081042 
2.780005 2.291536 1.916910 1.593439 1.170332 0.877810 0.632408 0.460548 0.246885 0.136978 -0.009513 0.066171 
3.019550 2.503935 2.323377 1.920503 1.376635 0.845077 0.104364 -0.211831 -0.340868 -0.237107 -0.021091 0.026196 
3.272057 2.581981 1.905863 1.475024 1.156994 0.674988 0.238232 -0.232008 -0.458632 -0.178019 0.040416 0.048504 
4.164241 3.433990 2.193578 0.992875 0.715238 0.791467 0.658583 0.025436 -0.510743 -0.523480 -0.021071 0.011680 
4.240090 3.307442 2.016896 1.136655 1.076531 1.159483 0.723528 -0.182566 -0.928455 -0.615824 -0.020016 0.025258 
3.446719 2.862493 1.888421 0.839103 0.621538 0.699316 0.721075 0.053431 -0.501272 -0.528807 -0.219871 -0.013583 
4.071756 3.296113 1.852226 1.094280 1.182998 1.171854 0.803489 -0.278051 -0.984668 -0.756273 -0.113707 -0.001839 
5.460232 3.975194 1.478742 0.154902 1.539201 1.171324 0.922413 -0.441991 -1.029464 -0.809232 -0.241834 0.016575 
6.101495 3.973630 1.086993 -0.238810 2.529461 0.634080 0.682640 -0.518075 -1.182002 -0.797687 -0.285744 0.030986 
4.204957 3.188743 1.612639 0.520806 0.534399 0.556799 0.230476 -0.446040 -0.949251 -0.708312 -0.107439 0.003781 
4.514011 3.324222 1.449418 0.289475 0.631203 0.610242 0.034238 -0.539962 -1.080295 -0.841478 -0.068592 0.025903 
6.448915 3.762568 0.262550 -0.950698 3.638203 0.081793 -0.773712 -0.265473 -1.400440 -0.498295 -0.333080 -0.045065 
5.752809 3.472280 0.428084 -0.316296 2.279665 -0.073673 -0.663530 -0.292158 -1.171520 -0.716348 -0.185615 0.033632 
4.501258 2.859864 1.155968 0.218687 0.670176 0.161399 -0.412072 -0.685039 -1.117008 -0.727196 0.066749 0.077871 
4.999468 2.910749 0.749659 0.250236 0.998932 0.015414 -0.754609 -0.547370 -0.910759 -0.835199 0.017418 0.082756 
5.398276 2.843361 0.515751 0.251298 1.545197 -0.339872 -0.981986 -0.304142 -0.931387 -0.820434 -0.067904 0.085398 
5.891888 2.891097 0.178922 0.070362 2.244103 -0.373123 -1.493786 -0.128287 -1.007919 -0.711731 -0.190450 0.049040 
4.744313 2.664597 0.783920 0.249696 0.705569 -0.222228 -0.962564 -0.577178 -0.897307 -0.757799 0.076755 0.092924 
3.867120 2.407256 0.989134 0.295594 0.335470 -0.176518 -0.894225 -0.860810 -0.927529 -0.537448 0.178589 0.090116 
5.435802 2.853783 0.477798 -0.212860 1.244055 -0.447895 -1.169772 -0.422875 -0.955799 -0.747550 -0.033446 0.077884 
4.140380 2.705089 0.888324 0.032071 0.385692 -0.111922 -0.626550 -1.148005 -1.188785 -0.375879 0.178431 0.109449 
4.412429 2.554034 0.961079 0.577262 0.151614 -0.476208 -1.060310 -0.862021 -0.732752 -0.550591 0.145143 0.092482 
3.566439 2.169380 1.014590 0.454450 -0.009960 -0.468990 -0.907408 -0.938092 -0.742071 -0.338158 0.140421 0.083727 
6.268919 2.871328 0.064537 -0.100275 2.339128 -0.708081 -1.551455 -0.174643 -1.134073 -0.455732 -0.183211 0.057293 
4.152409 2.623042 0.988332 0.445533 0.493684 -0.427240 -0.928770 -1.022165 -0.983592 -0.442438 0.154211 0.083897 
4.327540 2.672251 0.986234 0.195555 0.610547 -0.442260 -0.837261 -0.865721 -1.035059 -0.534630 0.112652 0.080756 
3.912253 2.504872 1.215455 0.625215 0.578637 -0.578858 -0.970037 -0.952743 -0.959461 -0.354391 0.127862 0.068345 
5.723386 3.129252 0.133013 -0.270259 3.018809 -1.030643 -0.973987 -0.693150 -1.124291 -0.369500 -0.202160 0.071249 
4.873855 2.808411 0.849311 0.224188 1.688200 -0.549752 -0.885651 -0.796979 -1.014334 -0.305940 0.048267 0.077776 
5.296668 3.030099 0.352888 0.056447 3.213417 -0.902633 -0.657605 -0.491413 -0.946198 -0.499711 -0.152164 0.094875 
4.047057 2.509080 0.980752 0.444744 1.214974 -0.143389 -0.226187 -0.438926 -0.836344 -0.466179 0.017652 0.074143 
4.824493 2.624863 0.902816 0.009894 2.701720 -0.572618 -0.090945 -0.186206 -0.722424 -0.537936 -0.133585 0.075238 
3.986327 2.516345 1.006458 0.309422 1.500730 0.083057 0.167574 -0.310083 -0.764659 -0.507764 -0.052033 0.069151 
4.507815 3.159921 1.059853 0.449793 2.655474 -0.931118 0.032908 -0.375425 -0.715602 -0.399545 -0.068909 0.097799 
3.693710 2.936715 1.711624 0.752129 1.411139 -0.418466 -0.290644 -0.699917 -0.607862 -0.060146 0.020282 0.069213 
4.398901 3.080573 1.436698 0.344627 2.145830 -0.722262 -0.169606 -0.878423 -0.475074 -0.119903 0.036379 0.092751 
3.786256 2.840302 1.581989 0.847329 1.251666 -0.842756 -0.156799 -0.685819 -0.540361 0.035110 -0.001498 0.083240 
3.740771 3.078516 1.465006 0.988274 1.065510 -0.730419 -0.118285 -0.770346 -0.122854 -0.147402 0.029113 0.067944 
4.374044 3.570362 1.615590 0.448742 2.222400 -1.203840 0.317362 -0.531212 -0.655311 -0.232896 -0.010602 0.116534 
4.551275 3.680899 1.467466 0.419281 2.063749 -1.133511 0.166394 -0.728793 -0.386304 -0.172982 0.015075 0.110126 
3.718471 2.916871 1.699759 0.685592 0.834446 -0.160192 -0.194390 -0.695187 -0.442851 -0.005985 0.056868 0.078898 
3.942956 2.910999 1.118258 0.721616 0.736807 -0.007088 -0.060189 -0.651060 -0.292444 -0.188199 0.056093 0.069074 
4.873185 3.960994 0.468477 -0.294663 2.917450 -1.134058 0.494156 -0.686075 -0.393482 -0.328458 -0.101234 0.113532 
4.588430 3.608919 0.865556 -0.497834 2.488881 -0.712420 0.357759 -0.798009 -0.625361 -0.214435 -0.007109 0.120424 
4.074631 3.382868 1.033646 -0.244325 1.530609 -0.607491 0.324718 -0.573993 -0.592905 -0.138251 0.058202 0.113707 
4.018299 3.208109 0.915057 -0.301684 1.707774 -0.283212 0.078170 -0.313426 -0.725895 -0.142542 0.096333 0.098388 
3.684510 3.350111 0.560682 -0.319785 0.763837 -0.274162 0.744774 -0.259313 -0.356580 -0.116032 -0.058443 0.075568 
4.627631 3.535821 0.552318 -1.488546 3.123028 -0.825717 0.423363 -0.112517 -0.361681 -0.410245 -0.076332 0.062579 
4.372747 3.365400 0.526767 -0.679676 2.065586 -0.306245 0.438751 -0.019175 -0.352860 -0.572476 -0.052469 0.038407 
4.494561 3.338685 0.707399 -0.695465 1.858172 0.074723 0.494144 -0.203421 -0.530462 -0.573905 -0.050330 0.045474 
3.991940 2.900853 0.853768 0.017315 0.872631 0.131863 0.167867 0.211208 -0.525408 -0.365032 -0.089601 0.014828 
5.177670 3.535065 0.424667 -1.457624 3.794756 -0.544829 -0.361267 0.038990 -0.277119 -0.478807 -0.174774 -0.068345 
5.412902 3.187256 0.579373 -1.638382 4.123865 -0.502088 -0.608638 0.141543 -0.199330 -0.366234 -0.211379 -0.073356 
5.251476 3.068236 0.415581 -1.354279 3.739915 -0.285593 -0.516293 0.270909 -0.237848 -0.312439 -0.145168 -0.053301 
5.022869 2.989013 0.037064 -0.821843 2.759809 0.171572 -0.593368 0.483789 -0.093158 -0.339831 -0.074636 -0.050677 
5.333777 3.066392 -0.319275 -0.912739 2.909680 0.304992 -0.615022 0.613033 0.122999 -0.375890 -0.051030 -0.046433 
5.372213 2.896273 -0.286303 -0.673004 2.601301 0.259264 -0.560908 0.997072 0.132973 -0.303938 -0.045298 -0.003506 
5.333501 2.763163 -0.560179 -0.235974 2.384827 -0.105766 -0.222437 0.985478 0.242962 -0.029852 -0.050499 0.046943 
5.878767 2.370187 -0.863809 0.196149 2.801446 -0.635312 -0.037284 1.195864 0.301387 0.331040 -0.099063 0.112133 
5.847607 2.138049 -0.573193 0.565949 2.744393 -0.739492 -0.211034 1.422480 0.443133 0.465057 0.041354 0.145163 
5.055754 1.911038 -0.280556 0.794806 2.317313 -0.291666 -0.175725 1.259732 0.968835 0.371911 0.238480 0.133386 
4.841159 1.728109 -0.172564 0.950814 2.028904 0.252006 -0.370444 1.206428 1.069466 0.178200 0.299022 0.139450 
4.456944 1.792201 0.079595 0.968664 1.863243 0.186009 -0.081120 1.201951 0.830800 0.196367 0.329753 0.135894 
3.981738 1.786609 0.406086 1.112852 1.716856 0.286598 0.057728 0.736513 0.859571 0.245094 0.252383 0.089418 
3.229463 1.837294 1.064504 1.287476 1.432044 0.756959 0.341389 0.669995 0.537116 0.117866 0.097879 0.072444 
2.920293 1.977306 1.427360 1.513011 1.807939 1.549985 0.751598 0.266476 0.150609 0.105774 0.041351 0.073717 
2.873896 2.060629 1.486070 1.426171 1.416087 1.008302 0.482965 0.344516 0.382986 0.196132 0.054346 0.072891 
