2.733030 1.669712 1.480181 1.690900 1.705286 1.202061 0.578955 0.894974 1.032664 0.446399 0.098366 0.069423 
2.603720 1.858754 1.691918 1.825845 1.868058 1.348242 0.699971 0.691149 0.818439 0.450358 0.229002 0.074660 
2.581879 1.668559 1.722959 1.886431 1.628218 1.137465 0.703432 0.904487 0.936652 0.326172 0.154192 0.079206 
2.676190 1.772780 1.540726 1.636330 1.710006 1.266021 1.005620 1.192124 0.746876 0.255120 0.266414 0.083373 
2.727180 1.861751 1.664329 1.856473 1.876544 1.306234 0.801037 0.933495 0.947285 0.533790 0.223689 0.077636 
2.500539 1.876549 1.682172 1.671368 1.577321 0.937151 0.896705 1.081495 0.638442 0.300194 0.196372 0.080367 
2.595062 2.009904 1.952552 1.553347 1.599020 1.051370 0.922608 0.808724 0.560632 0.352523 0.192549 0.077758 
2.647911 1.923059 1.883607 1.559440 1.698563 1.259602 1.046402 1.290302 0.837461 0.240106 0.243976 0.083577 
2.690184 1.918091 1.738741 1.566842 1.329026 1.298652 1.021113 1.020647 0.735845 0.417278 0.171861 0.079511 
2.576736 2.075870 1.818932 1.418483 1.366187 1.213639 0.879671 0.871506 0.670296 0.280698 0.204573 0.077813 
2.513960 1.957039 1.881211 1.650727 1.346912 1.072344 1.039533 0.775839 0.605579 0.320578 0.209018 0.079470 
2.639954 2.078540 1.623023 1.380473 1.303772 1.347232 1.295162 1.205956 0.894264 0.137168 0.242939 0.075908 
2.598836 1.972242 1.600280 1.384125 1.056655 1.288869 1.322448 0.723335 0.559675 0.342896 0.209412 0.078049 
2.579372 1.783706 1.555041 1.431371 1.339460 1.376405 1.164098 0.684992 0.658111 0.393789 0.258435 0.079633 
2.520470 1.728089 1.574240 1.384711 1.363348 1.166748 1.144454 0.762872 0.423937 0.257122 0.205525 0.082855 
2.814608 2.267661 2.199806 1.731521 1.718297 1.500995 1.046228 0.852830 0.698798 0.216767 0.239071 0.079617 
3.333268 2.767154 2.846753 2.337134 1.774012 1.609758 0.850251 0.290667 0.592542 0.199025 0.274409 0.070288 
2.987789 2.535042 2.337918 2.090220 1.777087 1.314245 0.937047 0.533681 0.423497 0.225732 0.067117 0.049968 
3.199049 3.036795 2.846664 2.576637 2.008429 1.574739 1.019867 0.440680 0.036535 -0.008719 0.081696 0.009494 
3.619707 3.176730 2.978184 2.655981 2.135245 1.178867 0.605485 0.352592 0.113237 -0.175966 0.020919 -0.007655 
4.812467 3.739973 3.559217 3.965856 3.146895 1.049162 1.138334 0.672045 -0.529639 -0.812743 0.108852 0.009265 
3.679493 3.337485 3.155705 3.011311 2.159926 1.184390 0.450532 -0.060557 -0.460761 -0.230284 -0.027701 -0.056627 
3.387264 3.030895 2.657748 1.957045 1.365875 0.829180 0.532232 0.147948 -0.207606 -0.279095 -0.107418 -0.042380 
4.235197 3.515414 3.112091 2.697533 1.969213 0.984600 0.301570 -0.235678 -0.380937 -0.296103 -0.150299 -0.071011 
5.451578 3.722717 2.932988 3.742382 3.180365 1.143718 -0.499908 -1.136644 -0.942015 -0.042978 -0.214568 -0.145785 
3.860389 3.273709 2.857007 2.753620 2.204648 0.658543 -0.805854 -1.160198 -0.823425 -0.330214 -0.255653 -0.140511 
3.516379 2.839872 2.251144 1.908901 1.476304 0.323143 -0.672130 -1.089785 -0.736149 -0.417135 -0.274934 -0.119348 
4.100220 3.114178 2.354339 2.486615 2.080878 0.394544 -1.394031 -1.738499 -1.057479 -0.534334 -0.296496 -0.176437 
3.502672 2.692464 2.060631 1.748352 1.366230 0.284493 -1.181913 -1.621269 -1.066343 -0.573269 -0.248584 -0.151174 
3.362706 2.433577 1.744716 1.437830 0.975149 0.058548 -1.036471 -1.486717 -1.108719 -0.475237 -0.244916 -0.138717 
3.242290 2.366243 1.419961 0.896612 0.690138 0.174175 -0.606448 -1.157088 -0.982073 -0.572581 -0.326509 -0.131081 
3.602906 2.552220 1.757411 1.852437 1.440735 0.174553 -1.156348 -1.597912 -1.237967 -0.582873 -0.249167 -0.155440 
3.526991 2.455549 1.800489 1.762805 1.311975 0.028113 -1.235172 -1.674728 -1.163270 -0.528241 -0.270919 -0.159910 
3.373774 2.396024 1.562716 1.142856 0.819236 -0.009258 -1.011746 -1.475196 -1.176645 -0.595111 -0.239850 -0.137982 
3.257263 2.225606 1.360161 1.025513 0.618713 -0.240904 -1.082034 -1.420332 -1.067938 -0.553557 -0.259589 -0.141670 
3.739994 2.488032 1.757277 2.106166 1.881853 -0.034679 -1.757342 -2.165907 -1.227357 -0.382512 -0.268492 -0.196486 
4.631439 2.251568 1.320184 2.217733 2.259342 -0.444416 -1.852506 -1.979545 -1.364035 -0.511568 -0.280999 -0.175251 
3.695684 2.270646 1.340885 1.385237 1.438966 -0.212782 -1.624290 -1.704594 -0.998286 -0.381013 -0.315363 -0.166133 
3.081692 2.105958 1.521995 1.213085 0.713189 -0.506717 -1.233587 -1.261038 -0.814202 -0.448680 -0.414364 -0.152648 
3.080385 2.143747 1.561866 1.242180 0.658754 -0.448865 -1.142084 -1.374620 -0.992935 -0.528818 -0.341239 -0.152678 
4.749586 2.449803 1.514479 2.243431 2.455625 -0.608524 -1.487563 -1.765344 -1.118616 -0.329097 -0.390934 -0.189136 
3.870692 2.507678 1.683887 1.647881 1.270776 -0.304095 -1.545988 -1.536754 -1.057615 -0.596795 -0.348786 -0.161168 
3.203219 2.173014 1.686593 1.514921 0.619059 -0.521701 -1.271126 -1.237635 -0.903389 -0.654726 -0.339605 -0.148920 
3.144025 2.180610 1.418876 1.050194 0.584514 -0.279701 -1.116567 -1.342237 -0.984986 -0.560051 -0.324241 -0.140885 
4.700961 2.644003 1.785220 2.416750 2.002387 -0.459844 -1.463553 -1.686004 -1.358552 -0.424892 -0.352043 -0.169258 
3.923256 2.564385 2.077692 2.257612 1.700896 -0.015913 -1.138236 -1.513391 -1.329492 -0.556610 -0.290081 -0.158200 
3.565437 2.590010 2.097801 2.163320 1.612886 -0.057493 -1.290799 -1.494776 -1.047689 -0.546579 -0.342040 -0.167216 
3.961113 2.771196 2.081374 2.143688 1.601038 -0.075248 -1.252891 -1.346053 -1.023249 -0.559786 -0.372500 -0.158164 
3.660660 2.740060 2.187498 1.777305 1.050262 0.039281 -0.899156 -1.173505 -0.968486 -0.578258 -0.376469 -0.138474 
3.579080 2.816914 2.246976 1.593269 0.879272 -0.079457 -0.746055 -0.985184 -0.903616 -0.641925 -0.386933 -0.132395 
3.718382 2.908865 2.141679 1.606213 1.110782 0.087749 -0.719800 -1.032332 -0.977804 -0.665281 -0.352129 -0.129347 
3.385763 2.752627 2.150023 1.339804 0.851984 -0.019665 -0.685190 -0.942027 -0.811012 -0.551718 -0.436705 -0.126711 
3.582118 2.693292 2.001038 1.588049 1.155900 0.221792 -0.714527 -1.136894 -0.760535 -0.465556 -0.434725 -0.130729 
3.373545 2.507912 1.976807 1.575702 0.918684 -0.069548 -0.953097 -1.120469 -0.783937 -0.539234 -0.440824 -0.137050 
4.590555 3.083023 1.853307 1.515128 1.786537 0.320901 -1.554838 -1.937438 -0.866571 -0.164412 -0.359668 -0.165476 
3.492383 2.427685 1.681381 1.418603 1.001107 -0.058537 -1.221309 -1.491036 -0.984378 -0.475420 -0.374110 -0.143122 
3.844649 2.632320 1.698832 1.549991 1.379213 -0.052445 -1.403234 -1.687609 -0.946372 -0.435965 -0.368355 -0.152139 
3.566015 2.468836 1.634083 1.397348 1.180107 -0.253511 -1.576230 -1.680982 -0.744761 -0.346151 -0.441449 -0.157138 
5.123239 2.909156 0.843281 1.374679 2.457466 0.247266 -1.863415 -1.785022 -0.848585 -0.374536 -0.275256 -0.174500 
4.333012 2.637066 1.176504 1.233740 1.915464 0.325982 -1.371893 -1.548920 -0.775392 -0.342898 -0.324611 -0.146948 
3.993768 2.534184 1.226148 1.351999 1.714059 0.371442 -1.187017 -1.477645 -0.734483 -0.311923 -0.356892 -0.134547 
4.079198 2.434674 1.232489 1.292362 1.735103 0.597643 -0.983849 -1.265095 -0.826806 -0.438218 -0.333397 -0.117397 
4.284677 2.594233 1.106819 1.518841 2.016010 0.521474 -0.943616 -1.354303 -0.735936 -0.335576 -0.320199 -0.124000 
4.294736 2.548271 1.055760 1.182218 2.100415 0.690096 -1.144851 -1.425810 -0.689271 -0.440009 -0.287042 -0.125828 
5.334809 2.806217 0.519158 0.892143 2.803085 0.999775 -1.550373 -1.396819 -0.525863 -0.666401 -0.246775 -0.154492 
4.002150 2.475119 1.176539 1.105227 1.881247 0.711322 -0.995279 -1.371902 -0.795519 -0.366833 -0.312609 -0.110322 
4.066253 2.720584 1.170926 1.075234 1.712478 0.734252 -0.890340 -1.265065 -0.751149 -0.388347 -0.317090 -0.103805 
4.950516 2.981892 0.928271 1.003452 2.496832 0.887388 -1.154348 -1.357702 -0.626235 -0.383998 -0.195202 -0.120270 
3.708275 2.599265 1.680121 1.436868 1.435363 0.585446 -0.779389 -1.069494 -0.712157 -0.538579 -0.288816 -0.087774 
3.558430 2.632323 1.862195 1.465561 1.373570 0.290938 -0.971441 -1.126880 -0.732897 -0.376678 -0.309470 -0.093581 
4.445667 3.132574 1.411421 1.216738 1.954750 0.627570 -1.062050 -1.116836 -0.708961 -0.306580 -0.227807 -0.095795 
4.488902 3.052023 1.410777 1.253339 2.117794 0.831667 -1.417836 -1.142872 -0.773542 -0.233555 -0.192103 -0.103717 
3.704597 2.702507 1.550170 1.637532 1.200967 0.322949 -0.811949 -1.103571 -0.386714 -0.271654 -0.330483 -0.090310 
3.764745 2.647266 1.555628 1.397560 1.454352 0.392754 -0.464254 -1.050966 -0.653097 -0.275403 -0.308602 -0.080926 
4.238926 2.759567 1.415655 1.712824 2.211514 0.912701 -1.036679 -1.410160 -0.490739 -0.151795 -0.210823 -0.111833 
4.427383 2.894179 1.194144 1.782769 2.488781 0.991942 -0.985724 -1.235077 -0.586698 -0.150638 -0.180741 -0.108087 
4.444936 2.929199 1.174348 1.290975 2.437189 1.161515 -1.079544 -1.150311 -0.396146 -0.090408 -0.212983 -0.125257 
4.466356 2.799422 2.006346 1.894646 2.859001 0.857708 -1.238953 -1.149919 -0.286331 -0.133203 -0.204556 -0.130741 
4.016492 2.760738 2.103978 1.638079 2.253157 0.918699 -0.553556 -0.649324 -0.846215 -0.227369 -0.209314 -0.087230 
4.623190 3.409629 2.338008 2.469132 4.135427 1.618685 -1.655135 -0.243758 -1.029471 -0.275641 -0.013512 -0.147114 
3.758130 3.067539 2.637827 2.708503 2.873610 1.189981 -0.371158 -0.475123 -0.556936 -0.220424 -0.090347 -0.090174 
4.056920 3.419771 2.601452 2.401876 2.874980 1.228893 -0.169589 0.125116 -0.412195 -0.391028 -0.065602 -0.067549 
3.903280 2.941819 2.644559 2.565384 2.600310 1.509642 0.069340 0.018485 0.066509 -0.208685 -0.086724 -0.044203 
3.648210 2.799079 2.287553 2.486553 2.542939 1.544951 0.630980 0.256305 0.254990 -0.228826 -0.008219 -0.005235 
3.090759 2.555708 2.240628 2.057590 2.119345 1.268708 0.450837 0.368765 0.107099 -0.122102 -0.178331 0.005440 
