2.803108 2.116364 1.413800 0.887643 1.303768 0.864902 0.651694 0.676413 0.686508 0.541522 0.258308 0.082704 
2.950121 2.193664 1.404198 1.073257 1.064570 0.740278 0.618005 0.786190 0.858344 0.646522 0.176570 0.078052 
3.093041 2.143745 1.576297 0.867060 1.141853 0.870303 0.643282 0.986987 0.668214 0.677854 0.397339 0.091946 
2.837926 2.163862 1.732030 0.872287 1.212127 0.745691 0.946117 0.737115 0.462799 0.522092 0.369549 0.087217 
2.751778 2.177537 1.152565 0.862341 1.103001 0.893958 1.073757 0.498406 0.229441 0.161771 0.214660 0.088246 
3.015761 2.230966 0.971819 0.448014 1.142691 1.113791 1.556764 0.953959 0.066793 0.019007 0.194712 0.084314 
3.115348 2.186466 0.966868 -0.464407 1.202663 1.492505 1.571769 1.499801 -0.425649 0.035317 0.190957 0.080378 
3.056180 2.113972 1.309389 -0.294800 1.531183 1.216883 1.840661 1.636961 -0.278982 -0.014471 0.130835 0.057994 
3.123050 2.170123 1.043909 -0.293642 1.567780 1.328430 2.119460 2.193803 -0.003481 0.225287 0.006634 0.026181 
3.326632 2.479315 1.122949 -0.748555 1.299188 0.998487 1.762902 2.283805 -0.178245 0.206113 0.011060 0.000198 
4.010867 2.926657 1.112597 -1.952830 1.157529 1.338784 1.945032 2.228911 -0.546162 0.296067 -0.045960 0.005866 
3.603295 1.854467 0.127004 -1.262975 1.654727 1.688289 1.742805 1.397625 -0.380549 0.014381 -0.105794 0.046638 
5.061471 2.761960 -0.160821 -2.728245 2.945782 1.586279 1.518236 1.522710 -0.801886 0.064621 -0.117170 0.001027 
4.021840 2.454530 0.209133 -1.154980 1.534394 1.881651 2.058394 1.307992 -0.418010 -0.031297 -0.229492 0.038138 
5.251052 3.056574 -0.273534 -2.187931 2.035005 2.189872 1.938133 0.876685 -0.678951 -0.309189 -0.238355 0.027172 
5.134457 2.544933 -0.110719 -1.098497 1.060962 2.317086 1.902836 0.553697 -0.501636 -0.437116 -0.276954 0.010416 
5.796678 3.310679 -0.855134 -2.226568 1.243455 2.348664 1.756961 0.364562 -0.738099 -0.692575 -0.284506 0.002877 
5.239297 3.125107 -0.825236 -1.676060 0.936681 1.444945 1.807419 0.064844 -0.666568 -0.546635 -0.260031 0.014487 
5.876195 3.653147 -0.929856 -2.278049 1.427575 1.145728 1.739548 0.055186 -0.455239 -0.544378 -0.204486 0.014600 
5.956280 3.303569 -1.038229 -1.387946 1.529534 0.677778 1.357594 0.004266 -0.482422 -0.375496 -0.134709 0.042801 
5.120722 2.926169 -0.141535 -0.788813 0.473236 0.850784 1.030094 -0.303975 -0.508291 -0.289823 -0.006269 0.038963 
5.974159 2.783293 -0.909572 0.221623 0.846929 -0.112809 1.092983 -0.126751 -0.529332 -0.365975 -0.007609 0.068289 
5.171962 2.409939 -0.065114 -0.011141 0.650739 0.471972 0.175435 -0.059919 -0.463708 -0.284227 0.039713 0.037029 
4.212591 2.133911 0.526936 0.276293 0.553957 0.662079 0.264357 -0.075546 -0.388031 -0.292580 0.012391 0.000284 
4.402185 2.441219 0.651226 0.387390 0.651494 0.424342 0.357006 0.003256 -0.542830 -0.429413 -0.033685 0.003090 
4.740722 2.649242 0.675112 0.319852 0.666817 0.174615 0.408904 0.192794 -0.484415 -0.376984 -0.186711 -0.033617 
4.702656 2.723886 0.646517 0.563251 1.065956 -0.201885 0.143353 0.272813 -0.280444 -0.408999 -0.268131 -0.049192 
4.054198 2.430015 1.309776 0.690654 0.421577 -0.166948 0.215447 0.217284 -0.327442 -0.343809 -0.277064 -0.051530 
4.475835 2.832177 0.971648 0.187755 0.333271 -0.559053 0.511222 0.150545 -0.409387 -0.177806 -0.331243 -0.061937 
4.467348 2.681353 0.954542 0.304306 0.527217 -0.696267 0.323412 0.523420 -0.520011 -0.501343 -0.393477 -0.066895 
5.229618 2.697651 0.674796 -0.156074 1.023894 -1.179506 0.260500 0.684721 -0.695827 -0.363648 -0.452800 -0.073844 
5.861796 2.601179 0.252712 -0.561546 1.840856 -2.082353 0.265122 0.951561 -0.871699 -0.381644 -0.689624 -0.057488 
5.304531 2.676980 0.519133 -0.436315 1.215382 -1.683890 -0.027617 1.068027 -0.662586 -0.713442 -0.633498 -0.098989 
5.111272 2.754898 0.311302 -0.351365 1.140745 -1.266831 -0.052510 0.745909 -0.522965 -0.852658 -0.595305 -0.098689 
5.283443 2.484398 0.380953 -0.290568 1.222681 -1.205874 -0.209450 0.847655 -0.620258 -0.982578 -0.600006 -0.084284 
5.596423 2.605498 0.147416 -0.219539 1.364091 -1.531762 0.068417 0.654566 -0.561953 -1.103131 -0.675837 -0.048805 
4.585664 2.333558 0.493877 -0.191374 0.267904 -0.557477 0.046300 0.433175 -0.694404 -1.160559 -0.415296 -0.054918 
6.004204 2.479531 0.176908 -0.618368 1.621080 -1.964100 -0.015651 0.823087 -0.701803 -1.048194 -0.767485 -0.031569 
4.045327 2.111832 0.654602 -0.135442 0.142092 -0.321131 0.120296 0.434891 -0.670053 -1.005891 -0.349290 -0.036756 
4.914533 2.372171 0.839286 -0.515939 0.434883 -0.915291 0.136781 0.915376 -0.748306 -1.080952 -0.392338 -0.043951 
4.353440 2.236010 0.704398 -0.043724 0.476233 -0.448871 0.327158 0.456600 -0.680344 -0.874342 -0.373221 -0.032655 
5.640063 2.518516 0.153020 -0.298412 2.101981 -1.947001 -0.023799 1.021096 -0.833374 -0.783861 -0.671694 0.017999 
3.851050 1.993846 0.703192 0.211626 0.422196 -0.306878 -0.262765 0.146819 -0.584350 -0.795573 -0.220501 0.007693 
4.988834 1.932304 0.703851 0.067044 0.641828 -0.507668 -0.613602 0.829185 -0.572511 -1.087247 -0.269014 0.028266 
4.793569 1.962631 0.629664 0.401985 0.571772 -0.602244 0.093035 0.566404 -0.628350 -1.244103 -0.297668 0.041562 
5.415773 2.252249 0.108410 0.236536 1.677117 -0.798329 -0.304897 0.891204 -0.798742 -1.015387 -0.492110 0.015154 
4.776504 2.456734 0.798363 0.399641 1.032748 -0.356862 0.321205 0.763205 -0.883777 -1.089273 -0.306262 0.009201 
5.833961 2.686069 0.140110 0.729813 2.170357 -0.973647 0.135643 1.763354 -1.465977 -0.718708 -0.591217 0.054739 
4.407640 2.706388 0.720894 1.171855 1.591380 -0.321620 0.412789 0.400270 -0.536602 -0.792932 -0.282913 0.006144 
4.538238 2.738636 1.417147 0.662594 2.305044 -0.390465 0.404261 1.010022 -1.250632 -0.657270 -0.245118 0.016119 
4.426551 2.860635 1.725938 0.816991 2.727279 -0.403197 0.098450 1.179349 -1.412948 -0.598522 -0.139251 0.018259 
4.353207 3.150179 1.881746 0.960219 2.582309 -0.595569 -0.072050 1.286268 -1.254661 -0.282659 -0.169085 0.001782 
3.634087 3.266019 1.683840 0.847269 2.034455 -0.492951 0.577790 0.826724 -0.778799 -0.273471 -0.159120 0.014512 
3.952112 3.184574 2.382950 1.113975 2.588502 -0.120884 0.022576 0.928108 -1.274769 -0.241837 -0.100880 -0.023380 
3.936477 3.170453 2.409112 1.176816 2.487510 -0.270205 0.027813 0.973690 -1.229791 0.029712 -0.131418 -0.013060 
3.345574 2.940219 2.639717 1.503607 2.266784 0.138803 0.154710 0.652073 -0.827077 -0.051932 -0.045902 -0.010013 
3.687182 3.557429 2.690987 1.541176 3.322166 -0.487572 -0.500868 1.190676 -1.158558 0.028285 -0.050805 -0.033865 
3.287279 2.786864 2.856867 1.408230 2.603024 0.281284 -0.223809 1.129383 -0.878823 0.081091 -0.073390 -0.044557 
3.631325 3.357790 3.074554 1.310874 3.438815 -0.328880 -0.317713 1.520367 -1.058013 0.062513 -0.121694 -0.081883 
3.190200 3.115785 3.230726 1.151136 3.211688 -0.059405 -0.412287 0.747757 -0.827871 -0.021664 -0.065520 -0.086077 
3.592379 3.826572 3.088390 0.613699 3.654771 0.299894 -0.116765 1.082023 -1.118996 -0.004900 -0.042390 -0.118577 
3.350505 3.287663 3.184735 0.771524 3.131970 0.853559 -0.038581 0.978727 -0.991824 0.084846 0.027334 -0.093036 
3.500898 4.416331 3.382100 -0.023746 3.685946 1.182640 0.309682 1.109792 -1.077301 -0.018142 0.051677 -0.113003 
3.392218 4.140535 3.181069 0.060680 3.445135 1.392218 0.651477 1.464823 -0.939773 0.033371 0.036099 -0.102524 
3.133797 3.491295 2.998558 0.790215 3.237851 1.457608 0.468117 1.451865 -0.734476 0.061349 0.059147 -0.081907 
3.153027 3.641754 3.016087 0.737587 2.841726 1.250583 0.703951 1.291498 -0.751371 -0.144180 0.086910 -0.091579 
3.259243 3.763722 2.881856 0.995839 3.331717 1.348754 0.383931 1.457849 -0.683968 -0.189555 0.134301 -0.106380 
3.424746 4.425194 2.572786 0.599644 3.934687 1.911618 0.290561 1.127554 -0.855112 -0.185726 0.163614 -0.116376 
3.344414 3.649562 2.640975 0.793999 3.128753 1.615502 0.374241 1.089814 -0.750361 -0.312140 0.135483 -0.098144 
3.320064 3.255308 2.519431 0.845765 3.280878 1.717132 0.125638 1.083869 -0.477607 -0.146061 0.047932 -0.095196 
3.383622 3.147565 2.551206 0.701723 3.330718 1.885459 -0.121180 1.078512 -0.550983 -0.146256 0.058910 -0.108687 
3.320089 3.025433 2.470166 1.015170 3.234595 1.643150 -0.204010 0.945910 -0.525343 -0.189709 0.098064 -0.102228 
3.263699 2.897931 2.524080 1.111671 2.825408 1.537933 -0.088866 0.813537 -0.322519 -0.252167 0.071161 -0.088949 
3.184097 2.660026 2.302729 1.242627 2.808883 1.602472 -0.168181 0.765765 0.045291 -0.225741 0.000294 -0.085522 
3.160598 2.579835 1.936175 1.280029 2.316887 1.724236 0.094076 0.297782 0.191312 -0.237355 0.055619 -0.059470 
3.171033 2.463462 1.846505 1.422002 2.101411 1.744231 0.374565 0.427956 0.328378 -0.424058 0.051789 -0.051728 
3.198155 2.348351 1.762156 1.472175 1.921943 1.827374 0.620759 0.264075 0.382795 -0.321436 -0.009144 -0.042016 
3.306075 2.437709 1.637135 1.348036 2.082619 1.623240 0.721722 0.343007 0.412094 -0.221166 -0.017109 -0.040382 
3.436999 2.288168 1.526322 1.267901 1.746028 1.966180 0.743417 0.310061 0.212726 -0.034779 -0.043670 -0.030929 
3.614735 2.306046 1.278374 1.241801 1.748326 2.210669 0.570354 0.553779 0.216818 -0.090706 0.029187 -0.012730 
3.492488 2.329324 1.182384 0.989403 1.497822 1.543798 0.791603 0.355830 0.253532 -0.015214 0.161499 -0.003506 
3.464004 2.372622 1.306765 0.590687 1.147792 1.345798 0.930682 0.688035 0.253278 0.121732 0.161522 -0.002739 
3.825881 2.520015 1.138712 0.289414 1.079148 1.311505 0.807734 0.957450 0.406682 0.049999 0.235284 0.016203 
4.427905 2.895192 1.043306 -0.456431 1.534444 1.543857 0.241761 1.765870 0.776401 -0.099304 0.196710 -0.048631 
4.312925 2.714050 0.756350 -0.328438 1.991429 1.829780 0.408045 1.786610 0.751920 0.033560 0.109711 -0.069616 
