4.094460 2.828638 2.260078 1.462376 1.779397 2.152902 1.942022 1.151039 0.448772 -0.544273 -0.266633 -0.047967 
4.027551 3.066134 2.108093 1.594726 1.585588 1.843515 1.563877 0.647864 -0.090538 -0.295625 -0.039292 -0.012583 
3.941875 3.068944 2.206100 1.216540 1.192351 1.384706 1.128685 0.638886 0.148004 -0.087457 0.020235 -0.008209 
3.991834 3.240445 2.072091 1.227195 1.164290 1.070978 1.106317 0.575696 0.193140 0.065817 0.172475 0.034737 
3.695082 2.817446 1.810762 1.077442 1.332252 0.855569 0.916663 0.841910 0.439966 0.338938 0.296567 0.069863 
3.755260 2.693948 1.194308 0.632127 1.321447 0.642434 1.527064 0.720655 0.541581 0.317305 0.493803 0.130180 
3.638877 2.701354 1.369918 0.445171 0.981393 0.703766 1.345537 0.406191 0.494047 0.125337 0.337714 0.102354 
3.503664 2.241248 0.966730 0.391819 1.065175 1.295813 1.241469 0.099764 0.253824 -0.048562 0.334629 0.114608 
3.843360 2.538969 0.633098 -0.072000 0.977292 0.707832 1.279980 0.060276 0.169787 0.021742 0.246481 0.110119 
4.421993 2.601803 0.464605 -0.435185 0.759104 1.711715 1.490324 0.012715 -0.197579 -0.355696 0.060813 0.092136 
5.869952 2.702198 -0.018604 -2.232226 2.182846 1.254558 1.815701 -1.135496 0.095477 -0.503170 -0.069903 0.163637 
4.846851 2.512855 -0.091907 -0.956999 0.222563 1.148267 1.165520 -0.504800 -0.505681 -0.514932 -0.011067 0.062354 
4.676820 2.589776 -0.394414 -1.268895 0.197556 1.262623 0.661467 -0.464758 -0.477655 -0.677762 -0.003928 0.046667 
4.786958 2.391433 -0.062972 -1.109026 0.711020 0.511311 1.296472 -0.541622 -0.403094 -0.596575 0.018457 0.090147 
4.691694 2.430080 0.337757 -0.611928 0.557815 0.902493 1.287594 -0.022123 -0.021998 -0.337981 0.266041 0.158483 
4.273578 2.219934 -0.086040 -0.382067 0.900437 0.944873 1.053855 0.110412 -0.146810 -0.072525 0.221058 0.135424 
3.852975 2.212424 0.672154 -0.006089 0.611376 1.125369 1.042144 0.261184 -0.236440 -0.259989 0.180632 0.103161 
5.439907 2.954739 -0.102099 -0.592289 0.925764 0.893323 1.214503 0.589528 -0.198882 -0.399758 -0.026797 0.082419 
5.372931 2.701742 0.155029 -0.505851 0.598710 0.746658 1.052473 0.813427 -0.193976 -0.553295 -0.086666 0.058413 
4.846812 2.473930 0.192181 -0.288423 0.516124 0.836126 1.155384 0.823118 -0.047669 -0.780713 -0.159145 0.021356 
4.691775 2.510719 0.261772 -0.443702 0.409680 0.787224 1.278548 1.012531 -0.208625 -0.746804 -0.162060 0.006708 
4.695467 2.480588 0.194176 -0.118961 0.584191 0.710949 1.145411 1.029593 -0.260256 -0.865605 -0.178316 0.010862 
5.945280 2.499570 -0.275893 -0.046365 1.105879 -0.162261 0.929901 1.377343 -0.239725 -0.717046 -0.318810 0.045923 
5.241931 2.688416 0.062053 -0.131377 0.794497 -0.104681 0.801337 1.186834 -0.356079 -0.742150 -0.169922 0.045223 
5.416644 2.791582 0.134747 -0.137835 1.006721 -0.597092 0.790238 1.168049 -0.346568 -0.617711 -0.192509 0.054571 
5.074827 2.804550 0.183456 -0.087221 1.088819 -0.502677 0.492775 0.890358 -0.213479 -0.443324 -0.141333 0.021605 
6.528930 2.782703 -0.307496 -0.575060 2.676668 -1.922089 0.469180 1.152303 -0.501592 -0.045885 -0.551418 0.070279 
5.630001 2.933920 -0.104067 -0.732006 2.152002 -1.536080 0.336695 0.908294 -0.383215 -0.129357 -0.437226 0.003199 
5.635374 2.770158 -0.123522 -1.115614 2.182828 -1.737548 0.507266 0.841482 -0.488072 -0.196883 -0.547989 -0.017043 
6.281326 2.290338 0.164460 -1.844765 2.541770 -2.362721 0.625563 0.723654 -0.649426 -0.182476 -0.796950 0.005598 
6.268389 1.858466 0.644410 -2.219898 2.482712 -2.380401 0.373605 0.647651 -0.680551 -0.208006 -0.841228 -0.000534 
6.226329 1.693657 0.570525 -1.976157 2.374729 -2.204710 0.342956 0.457085 -0.733039 -0.325391 -0.785627 0.001340 
6.166202 1.824207 0.281348 -2.037685 2.447313 -2.151978 0.065164 0.232505 -0.674411 -0.401695 -0.766407 -0.002928 
6.129943 1.916407 0.195218 -2.255514 2.599255 -2.190811 -0.457135 0.113545 -0.643444 -0.374721 -0.728906 -0.020746 
5.556627 2.258950 -0.356322 -1.424452 1.643243 -1.504975 -0.422724 0.107010 -0.567555 -0.591893 -0.453025 -0.056793 
5.382434 2.528232 -0.338558 -1.446415 1.193435 -1.391243 -0.295769 0.265633 -0.581884 -0.657767 -0.433188 -0.070243 
6.385624 1.603030 0.660076 -2.291657 2.201452 -2.056021 -0.421620 0.364600 -0.746169 -0.344459 -0.710395 -0.045613 
5.929070 2.258885 0.193165 -1.853616 1.920589 -1.719061 -0.530770 0.384653 -0.524228 -0.580538 -0.595676 -0.084633 
4.099433 2.133343 0.489959 -0.509757 -0.232128 -0.203598 -0.360489 0.076520 -0.477012 -0.814979 -0.199805 -0.063513 
5.153068 2.633826 0.026713 -1.132090 0.675023 -1.128784 -0.423122 0.355976 -0.313590 -0.743993 -0.359104 -0.081789 
5.542647 1.999620 0.738772 -1.825332 1.489308 -1.713095 0.232629 0.123595 -0.528956 -0.687522 -0.606406 -0.020467 
5.131299 2.455088 -0.087839 -1.498322 1.094668 -1.657899 -0.217582 0.243852 -0.617920 -0.819241 -0.477958 -0.049899 
3.733860 2.011948 0.436737 -0.717332 -0.543484 -0.714013 0.066035 -0.139798 -0.766638 -0.769980 -0.160322 -0.036180 
5.129908 2.589549 0.316279 -1.809429 1.220427 -1.992294 -0.186292 0.271711 -0.564133 -1.005762 -0.411349 -0.009373 
5.514665 2.219194 0.820084 -1.687301 1.434660 -1.593393 -0.238159 0.147019 -0.443586 -1.198330 -0.505738 0.011673 
5.315321 3.149348 -0.050991 -1.459258 1.949122 -1.626021 -0.147210 0.285798 -0.768764 -0.975402 -0.555653 -0.051735 
4.755692 2.792888 0.547373 -0.562512 0.950498 -0.549462 0.631768 0.373160 -0.826910 -1.150298 -0.413018 -0.057955 
5.024672 2.931855 0.448521 -0.253051 1.496253 -0.320088 0.848495 0.358223 -0.819296 -1.138258 -0.481949 -0.043224 
4.432431 2.336107 0.889392 -0.219870 0.654460 0.836396 0.646465 0.205807 -0.692241 -0.983668 -0.388913 -0.059294 
5.471855 2.385375 1.196271 -0.972982 2.769491 -0.842244 0.747460 0.785894 -1.092795 -0.866780 -0.613955 -0.013756 
4.847749 2.270795 1.028800 -0.574810 2.156279 -0.374225 0.413191 0.701453 -0.958711 -0.973022 -0.453516 -0.041891 
4.373081 2.488491 0.776275 -0.272333 1.801996 -0.515638 0.403559 0.357102 -0.966392 -0.802825 -0.421850 -0.042902 
3.674007 2.133042 1.626819 0.249477 1.154743 0.151456 -0.385789 -0.091291 -0.733536 -0.529304 -0.258817 -0.063955 
4.940126 2.553055 1.556112 -0.427233 2.403445 -0.975119 0.153959 0.238692 -0.750689 -1.013052 -0.458118 -0.031978 
3.835927 2.598814 1.797633 0.637988 0.994454 0.052519 0.202879 0.368526 -0.641788 -0.613057 -0.224490 -0.053253 
4.547673 3.003624 2.002550 1.042339 2.410832 -0.384211 0.267327 0.423847 -0.587463 -0.574253 -0.241085 -0.037566 
4.195527 2.911566 1.976484 1.362227 2.010798 0.157952 0.177384 0.242994 -0.447119 -0.479304 -0.146571 -0.030328 
4.522096 3.019418 1.904403 1.374441 2.652201 -0.006347 0.273315 0.525012 -0.439094 -0.586128 -0.200445 -0.024781 
3.932484 2.807142 2.108003 1.264863 1.622983 0.391573 0.321790 0.465111 -0.515383 -0.343986 -0.132198 -0.019671 
4.345986 2.790276 1.601917 1.198702 2.500964 0.687056 0.473662 0.577274 -0.577311 -0.623015 -0.165361 -0.008625 
3.832471 2.616019 1.634507 1.183108 2.150845 0.375359 0.445192 0.727591 -0.495450 -0.148477 -0.344261 -0.034834 
4.625730 3.124838 1.183195 0.788297 3.941868 -0.170809 0.616391 1.217938 -0.669269 -0.417240 -0.366492 -0.001114 
4.143283 2.540284 1.838551 0.582806 2.889313 0.908382 0.867900 0.672608 -0.540499 -0.054989 -0.258039 -0.041558 
4.020772 3.017764 1.573866 1.038973 3.211359 0.290983 0.779523 0.878719 -0.842037 -0.183415 -0.265879 -0.025238 
3.776488 2.927543 1.981416 1.232329 2.090759 0.610866 1.094927 0.897389 -0.647520 -0.454235 -0.189787 -0.047867 
3.713932 2.970949 1.988817 1.097091 2.250900 0.622354 1.198607 0.815758 -0.835730 -0.198933 -0.187181 -0.037839 
4.014044 2.840717 2.167983 0.875893 2.307441 0.772296 0.893472 1.341163 -1.055328 -0.170727 -0.193467 -0.071575 
4.387925 3.314910 2.424705 0.487918 2.632586 0.135011 2.130141 1.481744 -1.536132 -0.427664 -0.200703 -0.019698 
4.297389 3.199823 2.167886 0.512018 2.807810 0.668591 2.097986 1.515253 -1.616590 -0.228078 -0.194198 -0.011004 
3.740754 2.943924 2.180983 0.903591 1.903391 1.139845 1.787456 0.977536 -0.920885 -0.415228 -0.074077 -0.038240 
4.073703 3.058230 2.034333 1.006940 2.439679 1.112309 1.918770 1.211406 -1.172099 -0.439219 -0.091837 -0.009677 
4.427871 3.003837 2.119738 0.995277 2.254657 0.839055 2.013236 1.691370 -1.524985 -0.577074 -0.080236 -0.001600 
4.489445 3.023173 1.872306 1.437332 2.290075 0.829312 2.055260 1.629113 -1.654154 -0.513088 -0.091642 0.031032 
3.987467 2.802176 2.051853 1.465930 1.401796 1.465961 1.996413 1.399067 -0.870287 -0.583961 -0.056045 -0.025025 
3.562196 2.443910 2.040035 1.693176 1.585325 1.688991 2.008434 0.916002 -0.749092 -0.397929 0.023571 -0.007857 
3.893473 2.513174 2.119234 1.752745 1.139207 1.793507 2.313997 0.972520 -0.621132 -0.493945 -0.012274 -0.020424 
4.772803 2.191443 1.698977 2.201290 1.462956 1.291776 2.441180 1.335675 -1.124079 -0.328436 0.056100 0.020548 
4.576714 2.229815 1.760353 1.652458 1.079984 1.300235 2.307054 1.054139 -0.903183 -0.401687 0.091726 0.024326 
3.888705 2.279424 1.422287 1.433958 1.047060 1.500304 1.639018 0.844537 -0.437695 -0.341974 0.120318 0.018906 
3.965954 2.345640 1.454027 1.117162 0.996318 1.630321 2.096995 0.804563 -0.559190 -0.156176 0.080831 0.015530 
5.061086 2.223214 1.114105 0.891289 0.775073 1.229867 2.246282 0.854208 -0.693174 -0.189546 0.169888 0.073955 
4.366561 2.613206 1.186611 0.350454 0.492069 1.303213 1.924420 0.874918 -0.464208 -0.202492 0.192546 0.061771 
4.286429 2.693193 1.030235 0.253214 0.718602 0.987438 1.778064 1.339024 -0.095864 -0.356618 0.199569 0.049106 
4.471761 2.793492 1.009466 0.110943 0.793201 1.448837 1.916198 0.932389 0.048671 -0.092060 0.184630 0.060351 
4.772445 3.010616 1.249195 0.166081 0.309685 1.189551 1.883649 1.820920 0.258271 -0.022751 0.066321 0.000278 
