2.703425 2.107504 1.798556 1.354749 1.157360 0.866822 0.870763 0.433235 0.369625 0.067910 0.108730 0.075668 
2.774885 2.112454 2.122266 1.377790 1.123106 1.082800 0.656561 0.358317 0.327084 0.085666 0.045245 0.072292 
2.708993 2.292700 2.057981 1.173840 1.269270 0.631332 0.681813 0.469975 0.556484 0.253660 0.236059 0.083165 
2.678257 2.011112 1.983443 1.391026 1.163754 1.227672 1.022900 0.641158 0.724104 0.281329 0.081295 0.077722 
2.578136 1.961545 1.933549 1.248031 1.027862 0.877996 0.836321 0.398379 0.566259 0.433537 0.154369 0.082990 
2.555610 2.092778 2.165139 1.246532 1.746802 1.252630 1.247981 0.787356 0.792762 0.562569 0.163301 0.085641 
2.492666 1.830962 2.175218 1.442508 0.998909 1.245684 1.003235 0.562563 0.455817 0.214193 0.263778 0.079262 
2.631596 1.943545 1.955872 1.754031 1.200979 1.070864 1.426841 0.739770 0.538234 0.200327 0.178441 0.074736 
2.691424 2.100004 2.237925 1.726760 1.012576 1.183641 1.057134 0.961275 0.577197 0.065007 0.300768 0.077305 
2.849992 2.116420 2.198569 1.854211 1.218974 0.995555 1.410791 0.674776 0.313754 0.025748 0.352065 0.076099 
2.690212 1.998279 1.912188 1.436736 1.293022 1.185098 1.083040 0.635439 0.486521 0.232700 0.189492 0.077834 
2.589515 1.942431 1.505768 1.527066 1.156466 1.263397 1.059092 0.698270 0.343210 0.213271 0.292401 0.082031 
2.563957 1.910283 1.783716 1.387145 1.342340 1.561423 1.325508 0.941231 0.689518 0.199812 0.278818 0.081680 
2.669514 2.008647 1.840490 1.391252 1.504412 0.897975 0.805393 0.896356 0.374448 0.131912 0.195287 0.077599 
2.661983 2.062127 1.822391 1.655730 1.427803 0.735351 1.273409 0.688482 0.510102 0.317796 0.326617 0.081862 
2.722292 1.970027 1.725404 1.495230 1.581943 1.066082 1.211133 0.728452 0.254705 0.099604 0.182282 0.079772 
2.835049 1.566617 0.786784 1.105183 1.377419 1.815563 1.968737 0.845122 -0.121861 -0.205387 0.127955 0.114287 
2.946436 1.930805 0.629214 0.300573 1.052612 1.583380 2.200244 1.211725 -0.038905 -0.383359 0.180901 0.093661 
2.866552 1.846336 0.159817 0.478411 1.559498 1.772326 1.996274 1.061634 0.191861 -0.208656 0.086246 0.098097 
2.506055 1.860408 -0.291783 0.920332 2.875809 0.962875 1.925552 0.644932 0.443704 -0.348596 -0.156095 0.124032 
2.191911 1.609266 0.035710 0.729548 3.493773 0.893334 0.840804 0.815692 0.605631 0.189784 -0.179033 0.088579 
2.252417 1.911927 -0.874768 0.077275 4.397195 1.289783 1.359237 1.164464 0.730519 0.112149 -0.106390 0.031412 
2.080761 1.465124 -0.792118 0.499850 4.077149 1.587572 1.552533 1.403976 0.860395 0.114950 -0.053680 0.042500 
2.799976 1.799141 -1.905864 -0.226004 4.107717 1.466947 1.507458 1.515181 1.318497 0.388296 0.224043 -0.091802 
2.878586 1.588774 -1.560691 -0.177784 3.203956 1.817128 1.562357 0.960995 1.259126 0.306231 0.141706 -0.049937 
3.530356 2.092351 -2.055325 -0.312238 4.324581 1.594190 1.742174 1.308676 1.374376 0.641648 0.219805 -0.067559 
3.698068 1.867848 -0.756218 0.303714 2.204385 1.594669 1.593160 0.884304 1.278957 0.765457 0.212098 -0.029937 
4.382511 3.753860 -2.476580 -0.757473 3.369728 0.834645 1.473728 1.331526 1.060078 1.021947 0.137572 -0.014359 
4.235088 3.312101 -0.412307 -0.771826 1.392791 0.178033 1.431455 1.472726 0.639742 0.911785 0.129557 0.053684 
4.173600 3.343054 -0.179559 -1.283599 1.179151 0.081594 1.466164 1.461623 0.482757 0.801726 0.215079 0.073300 
4.116870 3.421803 0.264411 -0.950493 0.333842 -0.416719 1.097704 1.694801 0.270140 0.707582 0.284539 0.077608 
4.217075 3.410641 0.765587 -0.847879 0.372467 -0.924555 0.661772 1.301070 0.179917 0.734576 0.279270 0.078854 
4.553762 3.622722 0.812753 -0.877930 0.406970 -1.602900 0.655196 1.198059 0.040028 0.429304 0.256197 0.107506 
5.077708 3.461958 0.592478 -1.183134 0.747269 -1.610552 0.404574 1.260615 -0.029343 0.336842 0.133358 0.100136 
4.526975 3.312700 1.140797 -1.045990 -0.342791 -1.028993 0.612613 1.027933 -0.077570 0.118739 0.257446 0.070852 
4.972860 3.459293 0.694726 -0.872484 0.069114 -1.071947 0.156289 0.874063 -0.098190 -0.151127 0.088526 0.051310 
5.368336 3.310991 0.309652 -0.575601 0.551006 -0.413350 -0.150870 0.077272 0.084065 -0.382413 -0.047849 0.001244 
6.288651 3.997088 -0.585909 -1.096187 2.680929 -0.655202 -0.850865 -0.304269 -0.195540 -0.056781 -0.290449 -0.117809 
3.880718 2.557986 1.319469 0.358698 -0.103049 -0.333985 -0.424716 -0.298924 -0.376103 -0.403146 -0.041490 -0.006202 
5.562758 3.053188 0.493239 -0.118428 2.124538 -0.071103 -1.056838 -0.719562 -0.388248 -0.418774 -0.132886 -0.052549 
6.338787 3.877130 -0.765778 -0.721601 4.469721 -0.798611 -0.560555 -1.359797 -0.838572 -0.028505 -0.537036 -0.084697 
4.977490 2.833697 0.344011 0.526055 2.211564 0.212273 -0.551172 -0.953632 -0.625444 -0.386169 -0.192102 -0.062099 
3.671289 2.269084 1.219692 1.053982 1.395470 0.207865 -0.418617 -0.753621 -0.566679 -0.319710 -0.289264 -0.069356 
5.149688 2.461561 0.748590 0.347729 3.149621 0.228944 -0.676566 -0.896680 -0.544418 -0.364609 -0.270036 -0.093475 
4.682648 2.585307 1.128234 1.178632 2.162631 0.559214 -0.583102 -0.576360 -0.370805 -0.574898 -0.268701 -0.088380 
4.653472 2.356672 0.764341 1.636296 2.497929 0.325686 -1.038396 -0.857793 -0.139354 -0.561764 -0.268277 -0.105503 
4.947344 1.971402 0.571232 1.744951 2.888723 0.525628 -1.263986 -0.703147 -0.131658 -0.639499 -0.323789 -0.098056 
5.781974 1.844181 0.370446 1.306394 4.248382 0.202944 -1.694806 -0.711257 -0.442633 -0.564491 -0.416669 -0.101469 
4.768778 1.775406 0.255829 1.568989 3.520171 0.172299 -1.644983 -0.562260 -0.285483 -0.600697 -0.359306 -0.109170 
4.647854 1.879999 0.258673 1.811212 4.131844 -0.337138 -1.920443 -0.402707 -0.460483 -0.282361 -0.443973 -0.136219 
5.030925 1.648127 0.575273 1.687222 5.106193 -0.917792 -2.511385 -0.239220 -0.902581 -0.011259 -0.467191 -0.161742 
6.334028 1.102551 0.760527 1.078155 6.286572 -1.229140 -2.555650 -0.378067 -1.155903 0.345716 -0.534621 -0.181238 
6.137668 1.158688 0.906864 1.230890 6.126638 -1.357825 -2.658693 -0.495044 -1.110585 0.357387 -0.499792 -0.179751 
4.727913 2.059877 0.254242 1.776477 4.650649 -0.736085 -2.248406 -0.661713 -0.645046 0.096707 -0.415300 -0.153954 
4.437923 1.910908 1.047430 2.464169 4.230982 -0.713592 -2.463492 -0.787751 -0.381233 0.061956 -0.357910 -0.179002 
5.490801 1.753203 1.017388 1.992402 5.144012 -1.195453 -2.870530 -0.545060 -0.741898 0.290003 -0.437922 -0.205000 
5.736553 2.099501 0.776133 1.765534 5.287398 -1.467350 -2.471175 -0.594638 -0.674060 0.473933 -0.515232 -0.168018 
5.906178 1.876813 1.496058 1.193976 5.295546 -1.778817 -1.962617 -0.732982 -0.646035 0.496909 -0.561587 -0.135013 
3.717702 2.515716 1.750405 1.584810 2.119804 -0.328685 -1.401663 -0.813798 0.028685 0.359267 -0.475144 -0.113524 
4.277017 2.994929 2.049584 1.900644 3.374123 -1.066401 -1.550425 -0.916689 -0.439686 0.530225 -0.428192 -0.119024 
4.440524 3.177515 2.111712 1.481763 3.179720 -1.170088 -1.246923 -0.807457 -0.792718 0.478042 -0.354744 -0.077091 
4.097755 2.989337 2.111667 1.613031 2.402877 -0.921327 -1.113759 -0.689262 -0.670512 0.271809 -0.272334 -0.055613 
4.055139 2.669459 1.614445 1.636818 1.681804 -0.665244 -1.379081 -0.785898 -0.204373 -0.004519 -0.166165 -0.050570 
4.418774 2.828762 1.501679 1.960992 2.520123 -1.057950 -1.517741 -0.790744 -0.225906 0.055430 -0.205797 -0.058048 
4.996058 2.619508 0.697169 1.706173 3.029193 -0.807072 -1.780994 -0.948940 -0.036357 -0.178715 -0.137640 -0.050514 
4.503675 2.278928 0.717223 1.753755 2.395977 -0.646856 -1.797236 -0.963847 0.011011 -0.140583 -0.052809 -0.043851 
5.422849 2.137169 -0.010895 1.131020 4.010647 -1.366896 -1.367026 -1.170416 -0.137421 -0.007151 -0.208907 0.023358 
4.791200 1.791039 0.485206 1.100105 2.363834 -0.845318 -1.620386 -0.708536 -0.087235 -0.103530 -0.007960 0.008224 
4.744348 2.239014 -0.157449 0.930269 3.003418 -0.885478 -1.509702 -0.922329 0.062447 -0.072350 0.046757 0.018580 
5.579713 1.915552 -0.408890 0.742929 3.686913 -1.365768 -1.219151 -0.928424 -0.020700 0.194845 -0.040760 0.099558 
5.666863 1.980738 -0.726549 0.993273 3.594007 -1.803035 -0.703619 -1.006798 0.032021 0.384390 0.041668 0.172730 
4.859230 1.753319 -0.028813 0.573628 2.610067 -1.394552 -0.326893 -0.589974 -0.223713 0.427280 0.227644 0.166251 
4.227843 1.953826 0.308778 0.623066 1.826611 -0.627346 -0.566031 -0.438351 -0.188160 0.426697 0.355661 0.123815 
5.271351 1.958739 -0.151093 0.012637 3.102803 -1.609510 0.238082 -0.178763 -0.322066 0.584286 0.152949 0.229835 
4.722365 2.241288 -0.119965 0.401776 2.376111 -1.268066 0.421764 0.197999 -0.020139 0.341716 0.273263 0.216203 
5.107117 2.425031 -0.193833 0.341819 2.747925 -1.339507 0.496816 0.455696 0.294945 0.436641 0.168815 0.212970 
3.762805 2.156451 1.032495 0.716790 1.033329 0.099148 -0.061608 -0.020094 0.069611 0.369444 0.495905 0.131775 
4.386229 2.370220 1.034264 0.791464 2.459717 -1.098171 0.357737 0.562453 0.285367 0.764668 0.413617 0.189947 
3.609376 2.278315 1.579806 1.064133 1.591441 -0.147374 0.259703 0.387558 0.274475 0.439986 0.410721 0.113815 
4.534965 2.285764 0.978290 1.104810 2.168574 -1.020531 1.145137 0.799687 -0.341022 0.455449 0.503539 0.264158 
3.190376 2.008310 0.938049 0.687236 1.249933 0.314628 0.484219 0.509575 0.249597 0.625836 0.542384 0.117650 
3.717145 2.313716 1.011923 0.974015 1.476843 -0.190521 0.826058 0.536236 0.194375 0.558849 0.703827 0.189353 
3.351132 2.051679 1.249924 0.851422 1.376870 0.525592 0.990755 0.650958 0.085691 0.236160 0.400566 0.108222 
4.745311 2.203135 1.425015 0.411144 2.728551 -0.764636 2.248672 0.529025 -0.156081 0.379933 0.369240 0.300329 
3.412255 2.588183 1.277100 0.865228 1.102560 0.964978 1.535682 0.487719 0.318790 0.299074 0.512410 0.114239 
