2.609704 1.901449 1.679534 1.567754 1.394099 1.113534 0.902780 0.713774 0.681042 0.441793 0.242510 0.079481 
2.617679 1.983705 1.637809 1.531787 1.484696 1.145655 0.758609 0.798671 0.672896 0.442393 0.183277 0.078013 
2.528977 1.827561 1.553284 1.570562 1.585805 1.345401 0.965846 0.773385 0.568106 0.356496 0.225193 0.081112 
2.611024 1.878672 1.513267 1.513912 1.638205 1.490431 1.102317 0.588870 0.341994 0.341088 0.279161 0.085178 
2.630823 1.935358 1.598145 1.429538 1.443535 1.357189 1.112054 0.695082 0.280135 0.222437 0.217465 0.083147 
2.697992 1.942455 1.476032 1.399308 1.559168 1.331789 1.043913 0.686024 0.462987 0.386701 0.187766 0.080139 
2.701127 1.999963 1.775038 1.640174 1.786036 1.411955 1.020908 0.767795 0.522062 0.387939 0.127261 0.077980 
2.752731 1.973641 1.679472 1.664154 1.809687 1.229237 0.646019 0.663249 0.797242 0.510867 0.144161 0.073015 
2.825850 1.914351 1.524084 1.559407 1.646858 1.171121 0.981783 0.572180 0.751351 0.652084 0.138701 0.072667 
2.741501 1.712752 1.177845 1.432630 1.624048 1.281602 0.805051 0.791603 0.816265 0.451103 0.064348 0.068137 
2.705821 1.694991 1.277616 1.236563 1.283513 1.092801 0.948178 0.910302 0.849952 0.535962 0.038774 0.067653 
2.929814 1.703466 0.920195 0.990798 1.400833 1.163975 0.928235 0.851828 0.992706 0.704865 0.195455 0.058752 
2.957556 1.959820 1.254905 0.838220 0.929394 1.031468 1.111121 0.973897 0.724842 0.462221 0.167908 0.068802 
3.442708 2.104678 0.914919 0.340374 0.448438 0.337176 0.987676 1.279174 1.175358 0.611535 0.154562 0.045792 
3.474016 2.334928 1.279419 0.388833 0.362830 0.553284 0.923067 1.210353 0.975527 0.512252 0.101392 0.043696 
4.022284 2.857076 1.241324 0.280935 -0.023950 0.228129 0.518666 0.993325 1.147131 0.668384 0.111322 0.032808 
3.918850 2.948078 1.601593 0.409111 -0.339118 -0.530692 0.091398 0.893835 0.963894 0.487409 0.186016 0.067226 
6.153064 3.777969 1.217355 0.164530 -0.605180 -0.409886 0.409913 0.604556 1.211880 0.357734 0.231549 0.046560 
5.286539 3.568621 1.501536 -0.006300 -0.416481 -0.350483 0.272966 0.759554 0.725023 0.308604 0.179361 0.034254 
5.257839 3.691679 1.222988 -0.055698 -0.255097 -0.102273 0.065829 0.324655 0.569963 0.321180 0.140857 0.017780 
5.086032 3.612411 1.310948 -0.056118 -0.284351 -0.079624 -0.038458 -0.084276 0.375185 0.403963 0.092775 0.008118 
6.771721 3.838814 0.403044 -0.853659 0.693873 0.526869 -0.503681 -0.649590 0.364238 0.301269 0.261820 0.009150 
6.097267 3.886789 0.779515 -0.417190 0.244541 0.191627 -0.457086 -0.662381 0.151256 0.316575 0.191761 0.018140 
5.231206 3.768539 1.256731 -0.398450 -0.279968 0.098689 -0.252324 -0.469867 -0.076884 0.256206 0.033858 0.016366 
4.989230 3.452744 1.199241 0.165310 0.016882 -0.253470 -0.635377 -0.507878 0.308647 0.387351 0.065849 -0.001549 
4.217820 2.998985 1.370929 0.216287 -0.102364 -0.088107 -0.225782 -0.127043 0.145892 0.208546 -0.027394 -0.003778 
4.550125 3.267617 1.573999 0.593284 0.285361 -0.407416 -0.849176 -0.357066 0.430946 0.501792 -0.070352 -0.015715 
4.620186 3.154056 1.587076 0.854760 0.294889 -0.642480 -0.990627 -0.262108 0.497338 0.441242 -0.121737 -0.026295 
4.282196 3.087769 1.549637 0.770142 0.432870 -0.459187 -0.913208 -0.388463 0.482247 0.422051 -0.142340 -0.011772 
4.073637 2.793479 1.329145 0.492892 0.480107 -0.079103 -0.737563 -0.414812 0.202201 0.328398 -0.118064 0.002537 
4.421243 2.921689 1.294631 0.535981 0.319159 -0.474961 -1.106088 -0.406914 0.426955 0.420506 -0.122772 -0.014691 
4.678628 3.010095 1.303548 0.640233 0.547066 -0.960767 -1.252328 -0.222392 0.454598 0.298457 -0.142357 -0.027566 
4.719355 2.910948 1.119320 0.484907 0.729805 -1.056370 -1.220921 -0.167893 0.336340 0.332309 -0.149237 -0.033090 
5.692112 3.113431 0.292874 0.047149 1.897150 -1.984613 -0.953095 -0.001548 0.456588 0.280212 -0.295499 -0.045443 
5.387538 2.832723 0.329500 0.054239 1.512006 -1.381660 -1.106389 -0.003379 0.259048 0.273470 -0.243068 -0.070506 
5.484290 2.863414 0.104085 -0.120612 1.674055 -1.178193 -1.131039 -0.194817 0.315501 0.140715 -0.257406 -0.091337 
5.801360 2.616270 -0.049147 -0.095634 1.890557 -1.217279 -1.035216 -0.276256 0.218484 0.030829 -0.310416 -0.084506 
5.694571 2.473848 -0.224861 0.215618 1.414137 -0.937029 -1.044203 -0.264463 0.153051 -0.178310 -0.302173 -0.075265 
4.205100 2.229486 0.677470 0.367848 0.116004 -0.753511 -0.817578 -0.208128 -0.007850 -0.294614 -0.202097 -0.027647 
4.089596 2.233388 0.375976 -0.208294 0.218128 -0.451162 -0.692308 -0.228171 -0.070525 -0.160691 -0.251558 -0.045671 
5.356543 2.361727 -0.103548 -0.295581 1.204902 -0.963084 -1.035545 -0.134266 0.139641 -0.288178 -0.277948 -0.062753 
5.614274 2.452709 -0.277954 -0.374759 1.526742 -1.148937 -1.165669 -0.252223 0.049351 -0.228343 -0.281102 -0.058194 
3.975901 2.175496 0.589499 0.096095 0.244953 -0.494710 -0.631240 -0.476770 -0.293232 -0.216354 -0.150592 -0.008556 
3.695919 2.240448 0.889120 0.423472 0.360099 -0.252149 -1.004375 -0.841410 -0.290642 -0.109037 -0.069411 0.004147 
4.323009 2.614258 1.366257 0.474782 0.246162 -0.603407 -1.066213 -0.353185 -0.465068 -0.243992 -0.091186 -0.003744 
5.332782 3.155525 1.213873 0.524630 2.307756 -1.084584 -1.172455 -1.118809 -0.534768 -0.023896 -0.127310 -0.014371 
4.769172 3.431646 1.277867 1.189427 1.733516 -0.879442 -1.171409 -1.457541 -0.397709 0.105869 -0.083970 -0.014845 
4.456491 3.041607 1.441159 0.900571 1.593180 -0.723427 -0.922968 -0.945923 -0.369816 0.110616 -0.117881 -0.012468 
3.957652 2.740983 1.872997 1.367345 1.635507 -0.423230 -1.166997 -1.069796 -0.435834 0.232249 -0.116232 -0.024615 
4.879394 3.240480 1.622430 1.550731 2.591286 -1.152404 -1.032245 -1.163342 -0.299502 0.281012 -0.157544 -0.018096 
3.819870 2.994738 1.817180 1.671637 1.474764 -0.411624 -0.980325 -0.906526 -0.019408 0.184790 -0.126170 -0.006540 
3.671349 2.660463 1.804343 1.593109 1.176307 0.175562 -0.744229 -0.703696 -0.232219 -0.090696 -0.026376 0.005654 
5.642826 2.771014 1.730547 1.891617 3.637018 -1.055779 -1.686234 -0.653990 0.028097 0.372087 -0.223822 -0.073588 
4.412532 2.935294 1.734848 2.190204 2.408345 -0.095243 -1.314325 -0.872839 0.383028 0.287516 -0.151665 -0.067212 
3.944645 2.543671 1.693881 1.780235 1.954762 0.515831 -1.116711 -0.684236 0.171409 0.327296 -0.097438 -0.030414 
3.995439 2.746084 2.076104 2.353833 2.470399 0.144988 -1.384311 -0.656967 0.298894 0.403233 -0.086966 -0.037968 
3.986654 2.699857 2.394557 2.782485 2.226216 0.194305 -1.447874 -0.415998 0.307136 0.418984 -0.095330 -0.026062 
4.505559 3.140623 2.281694 2.658134 3.335791 0.150131 -1.725805 -0.388388 0.146070 0.347435 -0.091882 -0.072832 
3.924270 3.095868 2.322641 2.573892 2.811716 0.276961 -0.970717 -0.545966 0.252401 0.387345 -0.132728 -0.051064 
4.297204 3.259809 2.519254 2.575816 3.576443 -0.217604 -1.233654 -0.343722 0.009976 0.450796 -0.168806 -0.065347 
3.599062 2.853997 2.757845 2.761397 2.626166 -0.174413 -0.909865 -0.247138 -0.010000 0.272923 -0.130262 -0.033485 
3.963076 2.948943 2.400392 2.581158 2.991034 -0.078687 -1.196648 -0.177836 0.085023 0.259580 -0.147201 -0.056094 
3.623776 2.803018 2.165395 2.563939 2.325741 0.321956 -0.898833 -0.362767 0.174495 0.127390 -0.098092 -0.040493 
3.529872 2.678788 2.258821 2.695882 2.493822 0.330231 -0.966065 -0.258304 0.213766 0.264654 -0.135039 -0.050098 
3.523632 2.572073 2.112160 2.630426 2.335787 0.561393 -0.531332 0.003963 0.337380 0.069886 -0.105392 -0.039850 
3.506207 2.516750 2.063519 2.599879 2.463769 0.784468 -0.552489 0.055757 0.638301 0.287790 -0.134811 -0.050922 
3.463982 2.266423 1.791849 2.436885 2.556290 1.213023 -0.008418 0.338178 0.747483 0.309296 -0.193240 -0.054274 
3.450011 2.331041 1.709080 2.307465 2.432345 1.179787 -0.107823 0.270712 0.878123 0.432085 -0.154624 -0.054538 
3.485490 2.304147 1.590045 2.203010 2.469568 1.048483 -0.055768 0.200917 0.956659 0.462100 -0.100391 -0.049468 
3.799378 2.280435 1.466215 2.068851 2.578329 1.025943 -0.118441 0.289211 0.896887 0.614751 -0.053026 -0.049700 
4.451775 2.434634 0.994756 2.061304 2.742885 1.003963 -0.592373 0.160911 0.985545 0.684846 0.133851 -0.039094 
4.896130 2.517771 0.560930 1.679767 2.856776 0.977706 -0.521791 0.180514 1.149405 0.683340 0.205485 -0.027676 
5.393186 2.416626 0.336380 1.666593 2.601169 1.029873 -0.632679 0.087558 1.254063 0.702349 0.301029 0.016502 
7.004617 2.439722 -0.424271 1.270001 3.117857 0.772982 -0.456537 0.109412 1.179900 0.843059 0.241629 0.031206 
5.088385 2.559897 0.823674 1.122820 1.875310 1.085879 0.008090 0.663879 1.204761 0.546760 0.340049 0.072154 
5.447290 2.885297 0.899042 1.163346 2.515594 1.030277 -0.107511 0.620502 1.265063 0.833281 0.277599 0.008926 
4.973325 2.993700 1.040087 1.176028 2.375974 1.569645 0.318885 0.667393 1.252023 0.897400 0.194149 -0.021102 
3.863960 2.568548 1.540637 1.649006 1.942129 1.517593 0.833129 0.756377 1.090511 0.798381 0.028971 0.016084 
3.606322 2.344236 1.437467 1.455074 2.013268 1.761571 0.904827 0.695488 0.930998 0.778756 0.159222 0.045635 
4.141854 2.549133 1.315819 1.529632 2.264199 1.841519 0.920475 0.642020 1.171980 1.034557 0.102957 0.009919 
4.604265 2.712111 1.024783 1.560053 2.869586 2.398863 1.030419 0.678054 1.128292 1.031725 0.063338 -0.035657 
3.302683 2.452187 1.874682 1.926325 1.958569 1.395462 0.799587 0.857801 0.991470 0.599463 0.031037 0.040700 
3.066555 2.261717 1.740391 1.741523 1.901761 1.658723 1.088042 0.807211 0.710595 0.473132 0.110256 0.050941 
3.652407 2.415711 1.786688 2.122096 2.623697 2.356151 1.587198 1.229660 1.052404 0.490518 -0.149462 0.024466 
4.152137 2.399654 1.518065 2.094997 3.268587 3.209618 1.909731 1.174153 0.964973 0.668764 -0.194738 -0.003539 
