2.200056 2.378683 1.258327 2.060062 1.037300 1.248994 0.616461 0.833970 0.585542 0.497802 0.154305 0.087316 
2.208095 2.318591 1.059210 2.157771 1.600289 1.220029 0.420881 0.694051 0.597466 0.367202 0.196247 0.075009 
2.034020 1.975227 1.132306 1.591935 1.927330 1.330422 0.603095 0.721207 0.736397 0.158095 0.126858 0.082281 
1.926196 1.692785 1.254101 1.093318 2.069258 1.777325 0.730668 0.624709 0.779216 -0.141982 0.337476 0.083485 
1.969439 1.515043 1.193613 0.819828 1.924055 1.995826 0.881802 0.722750 0.721615 -0.240227 0.257913 0.102262 
1.935727 1.592403 1.001609 1.030000 2.080596 1.906587 0.554739 0.525784 0.725163 -0.215648 0.189603 0.102075 
1.888556 1.626738 0.717239 0.699026 2.274570 1.971754 1.130600 0.927253 0.884744 -0.355316 0.174665 0.095066 
2.337240 1.544878 1.228232 1.105147 1.974525 1.356863 1.267099 0.218400 0.648567 0.075598 -0.030443 0.105386 
2.413522 1.422836 1.060254 1.192786 1.927182 1.570389 1.790572 0.637518 0.978374 0.076076 0.009267 0.095458 
2.836627 1.994853 1.805217 1.658448 1.808937 1.347043 1.182616 0.212676 -0.150180 0.049475 -0.096560 0.064834 
3.388319 3.417721 2.138661 2.089508 2.027032 1.165436 0.772149 -0.106985 0.227695 -0.031664 -0.294551 -0.023741 
3.972400 2.880315 2.083952 1.838693 2.047971 1.097761 0.501165 -0.372883 0.453172 -0.099055 -0.224038 -0.042776 
4.826638 2.972742 1.022032 1.366494 2.106417 0.933502 0.056632 -0.013270 0.475681 -0.379124 -0.187651 -0.071881 
5.588334 3.179254 0.340412 0.983339 2.692980 0.572816 -0.039277 -0.106498 0.681377 -0.816037 -0.252103 -0.069612 
6.368380 3.013530 -0.057517 1.317833 2.291053 0.767803 -0.222697 -0.345696 0.710534 -0.826350 -0.368879 -0.063602 
6.284218 2.847717 0.036131 0.919440 2.237418 0.455858 -0.368274 -0.096872 0.445577 -0.758001 -0.342085 -0.020983 
6.136957 2.761024 0.209923 0.938104 1.783663 0.497686 -0.526462 -0.075477 0.420780 -0.828389 -0.316757 -0.008946 
6.339849 2.592873 0.069734 1.043244 1.551040 0.525716 -0.925011 0.190783 0.076381 -0.638323 -0.341338 -0.007744 
6.668266 2.557801 -0.256967 0.839633 1.959737 0.055834 -1.194932 0.558352 -0.238314 -0.498015 -0.421848 -0.024383 
6.381335 2.477902 -0.199527 0.637398 2.098453 -0.131511 -0.971634 0.449189 -0.315403 -0.536801 -0.420530 -0.033265 
6.395310 2.476180 -0.462572 0.589068 2.067810 -0.224327 -0.922517 0.394294 -0.359428 -0.501326 -0.456659 -0.046558 
5.918207 2.262735 -0.183645 0.570642 1.703102 -0.145903 -0.739458 0.089269 -0.141520 -0.686462 -0.422085 -0.053384 
5.989934 2.153993 -0.160609 0.429796 1.751001 -0.262430 -0.976850 0.355625 -0.252763 -0.640843 -0.449191 -0.063758 
5.584679 2.348632 -0.116505 0.512764 1.296885 -0.311583 -1.051789 0.303490 -0.059857 -0.626346 -0.399822 -0.068954 
5.935961 2.131418 -0.138393 0.642631 1.292923 -0.315514 -1.358866 0.422175 0.061982 -0.506556 -0.413744 -0.069298 
5.664413 2.366672 0.009829 0.221945 1.289706 -0.423051 -1.498787 0.468159 0.235244 -0.439946 -0.334121 -0.082188 
5.185673 2.414418 0.090472 0.271097 1.104618 -0.438947 -1.339483 0.296663 0.345563 -0.381293 -0.239223 -0.074005 
4.977870 2.235010 0.245498 0.398343 0.771028 -0.212452 -1.243670 0.276639 0.357943 -0.400450 -0.194375 -0.055419 
4.908303 2.167868 0.099871 0.690928 0.674802 -0.482718 -1.063228 0.429821 0.422300 -0.446883 -0.219805 -0.041877 
5.310466 2.042258 -0.144599 0.762250 1.077993 -0.614470 -1.280200 0.557146 0.450058 -0.370534 -0.290720 -0.045549 
4.913702 1.944093 -0.155338 0.892125 1.172254 -0.726761 -0.978070 0.412202 0.420443 -0.335950 -0.223429 -0.033192 
5.064592 1.840377 -0.397707 1.065144 1.208192 -0.788358 -0.910756 0.434093 0.544787 -0.338829 -0.276805 -0.041503 
4.795112 1.818209 -0.250437 0.861261 1.193107 -0.855261 -0.957246 0.500417 0.634826 -0.408931 -0.247144 -0.046515 
5.175302 1.719061 -0.767438 0.955945 1.266791 -1.109654 -0.865112 0.631642 0.602409 -0.280180 -0.297082 -0.040109 
5.073282 1.519738 -0.566290 0.712808 1.051652 -1.021496 -0.941088 0.857415 0.599103 -0.274500 -0.270350 -0.045583 
4.414765 1.785177 -0.462258 0.416783 0.744467 -0.653821 -0.827222 0.689141 0.864302 -0.400121 -0.176014 -0.083670 
5.294644 1.417016 -0.717898 0.312099 1.050730 -0.842960 -0.907725 0.987105 0.409483 -0.187472 -0.267171 -0.056288 
5.556208 1.582855 -1.077965 0.272797 1.048952 -0.693750 -0.673139 0.861942 0.556321 -0.275651 -0.255155 -0.030078 
4.695362 1.725426 -0.552528 0.145985 0.931339 -0.536640 -0.202145 0.845836 0.514454 -0.326575 -0.225482 -0.075769 
4.778434 1.756462 -0.862662 0.172506 1.103662 -0.210014 -0.277497 0.673907 0.477218 -0.397704 -0.210292 -0.074568 
5.264620 1.529856 -0.457044 0.360902 0.961780 -0.165737 -0.144640 0.491567 0.387449 -0.344866 -0.259090 -0.075821 
5.726204 1.619120 -0.772404 -0.003859 1.396780 -0.185845 -0.568200 0.888221 0.165729 -0.308950 -0.353000 -0.096163 
4.512119 1.856359 -0.394593 -0.022849 0.966513 0.025422 -0.115710 0.533509 0.336982 -0.366943 -0.258426 -0.120170 
5.287321 1.710668 -0.795224 -0.185210 1.112627 0.404386 -0.372515 0.321855 0.570638 -0.363829 -0.270251 -0.121752 
5.082652 1.597557 -0.644140 -0.133711 1.014627 0.300398 -0.216376 0.563318 0.553598 -0.338077 -0.223577 -0.096566 
5.339742 1.708393 -1.099697 -0.021087 1.314135 0.312437 -0.281043 0.651658 0.660295 -0.206934 -0.220210 -0.091514 
5.038010 1.558290 -0.785462 -0.240934 1.363704 0.534374 -0.450334 0.758996 0.692824 -0.227916 -0.134656 -0.077340 
4.972176 1.645358 -0.949290 -0.069467 1.378824 0.448406 -0.218449 0.891161 0.639661 -0.161259 -0.123149 -0.062712 
4.682802 1.534414 -0.676741 -0.115383 1.276573 0.284631 -0.032963 0.714509 0.613156 -0.292284 -0.094577 -0.052170 
5.156093 1.660164 -1.038489 -0.326420 1.591752 0.487165 -0.432071 0.971929 0.553050 -0.215289 -0.151167 -0.068608 
4.721600 1.853258 -0.703529 -0.085165 1.144849 0.116128 0.150287 0.928804 0.416688 -0.242820 -0.169240 -0.061506 
5.216152 1.756791 -0.849153 -0.088453 1.152601 0.555309 0.108024 0.808146 0.573192 -0.217433 -0.163312 -0.061750 
4.697203 1.702451 -0.375340 0.140788 1.321904 0.097483 0.324973 1.055324 0.465876 -0.192506 -0.131931 -0.037840 
5.177857 1.709900 -0.652406 0.197022 1.814677 -0.074378 -0.102389 1.175488 0.738913 -0.231317 -0.229428 -0.040467 
4.848357 1.509765 -0.311857 0.559051 1.371641 0.280393 -0.170429 1.292276 0.819494 -0.482019 -0.238394 -0.028109 
5.016032 1.375290 -0.393918 0.768277 1.617810 -0.063314 -0.066688 1.104169 0.894793 -0.496214 -0.226209 0.008184 
5.096111 1.299130 -0.332204 0.755145 2.050254 0.183536 -0.248254 1.240671 0.629467 -0.473042 -0.236294 0.013058 
5.098009 1.321749 -0.405506 0.892613 2.153626 0.406225 -0.242182 0.938729 0.859722 -0.428673 -0.187339 0.017837 
5.221040 1.266066 -0.278903 0.641751 2.646997 0.151087 -0.150490 1.052359 0.641711 -0.186694 -0.160052 0.016314 
5.241343 1.114924 0.092123 0.172669 3.072314 -0.057528 0.125199 0.999768 0.703387 -0.092221 -0.143410 0.036001 
5.011722 1.197357 -0.094860 0.498361 2.991377 0.051952 0.127154 1.194304 0.828129 -0.142689 -0.071476 0.052508 
4.899127 1.346731 -0.266284 0.553030 3.039841 -0.075338 0.241356 1.507130 0.758899 -0.036446 -0.052324 0.057191 
4.851342 1.090761 0.038724 0.537929 2.828055 -0.053102 0.101222 1.634617 1.120324 -0.111429 0.055827 0.087835 
4.889970 0.988870 0.107278 0.646819 2.700968 0.084083 0.025426 1.652718 1.365604 -0.146144 0.084181 0.108977 
4.261419 1.071833 0.376460 0.948770 2.261026 -0.052119 0.163668 1.841836 1.460566 -0.072749 0.135980 0.075637 
4.249042 1.041406 0.015952 1.396875 1.745874 0.460634 0.078078 1.632827 1.788619 -0.241277 0.195046 0.100344 
4.821910 0.907472 0.054685 0.488530 2.855694 0.311440 0.162688 1.622823 2.057931 -0.108387 0.175587 0.144377 
4.768384 0.977685 0.409512 0.386054 2.905395 0.063369 0.226547 1.630132 2.225791 -0.188851 0.201079 0.183408 
3.689801 1.274806 0.422728 1.718796 2.144200 0.225438 0.151398 1.973806 1.791835 -0.166899 0.021478 0.044577 
3.516682 1.208500 1.100170 2.151172 1.634649 -0.025483 0.347473 1.942274 2.077620 -0.043709 -0.020531 0.068664 
3.810759 1.354022 0.782561 1.699913 2.324076 -0.385939 0.185875 2.036038 2.082718 -0.055152 0.143056 0.099367 
4.355712 0.968459 1.162263 1.813465 2.286792 -0.297085 0.530939 1.854665 2.304728 -0.033486 0.204781 0.193733 
3.043480 1.637652 1.732266 1.902945 1.282838 0.525203 0.699167 1.412897 1.079745 0.284213 0.091664 0.068678 
3.011241 1.903819 2.228059 2.171433 1.009555 0.757056 0.977717 1.290773 1.412502 0.206069 0.117264 0.089288 
3.003830 1.483976 2.111703 2.308350 1.248411 0.840899 1.328318 1.292702 1.133414 0.358838 0.066102 0.077910 
2.957162 0.775061 2.444719 2.822833 1.135929 1.077921 1.738456 1.596174 1.283724 0.438791 -0.057935 0.094613 
2.576836 1.332408 1.666331 2.173494 1.377102 0.779514 1.115222 1.174362 0.653985 0.231016 0.087179 0.085875 
2.645604 1.266551 1.858371 2.123284 0.934013 0.918659 1.170973 0.970246 1.236875 0.343243 -0.119816 0.076782 
2.748545 1.030491 1.848638 2.313768 1.437328 0.118848 1.422820 1.360909 0.425487 0.056439 0.099978 0.109007 
2.655866 0.768385 2.041988 2.675200 1.454493 -0.354118 1.704299 1.287363 0.415605 0.337498 0.057394 0.103583 
2.453237 0.865384 1.886780 2.677055 1.524982 -0.181060 1.839080 1.756773 0.611805 0.312493 0.110986 0.120140 
2.616391 0.608838 2.219453 2.940534 1.203936 -0.389317 1.654923 1.750802 0.558515 0.472611 -0.037402 0.102867 
2.627490 0.346103 2.197689 2.813826 0.499576 0.047467 1.865729 1.030088 0.550125 0.599117 0.104116 0.052648 
2.407768 0.458481 2.422069 2.974368 0.302495 -0.070486 1.640233 0.883831 0.550834 0.332059 0.119459 0.089962 
2.463382 0.227894 2.430586 3.019828 0.410570 0.030826 2.110637 1.434776 0.387994 0.369089 0.071066 0.088039 
