1.800383 2.322847 0.832388 2.522151 1.487836 0.911008 0.000842 0.670156 1.509124 0.295159 0.358882 0.025507 
2.068171 2.113696 0.538012 1.974207 1.697645 1.377726 -0.261237 1.124822 1.022857 0.505405 0.198353 0.053335 
1.925350 2.122942 1.128762 2.161344 1.337308 0.746699 0.002220 0.998071 1.507523 0.306765 0.287069 0.056506 
2.432415 2.291215 1.077512 2.234161 1.605713 1.562381 1.071492 0.423637 0.938608 0.260518 0.238279 0.063112 
2.670516 2.387249 1.577101 1.895717 1.799749 0.576910 0.221615 0.101694 0.371566 -0.248173 -0.036110 0.051589 
3.467635 2.459155 1.086302 1.356945 1.929213 0.906795 0.608183 -0.642792 0.844683 0.254288 -0.060393 0.015866 
4.643621 2.675244 0.588841 0.514690 2.485944 1.048074 -0.073356 0.378314 0.541355 0.093515 -0.130309 -0.070105 
4.427416 2.801163 0.626933 0.276262 1.948326 1.037068 0.258193 0.436666 0.339954 0.085164 -0.121528 -0.046487 
4.058082 2.259693 0.820253 0.787883 1.649772 1.111254 0.313318 0.131106 0.387179 0.050896 -0.139143 -0.026597 
4.629955 2.417232 0.725847 0.731033 1.782021 0.806785 -0.087798 0.260988 0.405571 0.027939 -0.115269 -0.045185 
6.119616 2.561768 -0.092709 0.602461 2.138855 0.938817 -1.036030 -0.028757 0.844688 -0.030542 -0.117688 -0.072000 
4.930896 2.523936 0.404573 0.509563 1.748109 0.358688 -0.712296 -0.287349 0.666058 0.142436 -0.038525 -0.060382 
4.668378 2.463111 0.424693 0.504128 1.290622 0.290150 -0.816743 -0.281646 0.440376 0.073164 -0.027215 -0.032783 
4.930142 2.311541 0.277162 0.422677 1.112961 0.437084 -1.071149 -0.237466 0.493960 -0.042071 -0.055742 -0.035407 
4.906406 2.428211 0.070498 0.232997 1.445165 -0.103160 -0.884321 -0.386885 0.500056 -0.063280 -0.084136 -0.047533 
4.746208 2.446230 0.066947 0.293404 1.152418 -0.146954 -0.999182 -0.360699 0.361575 0.032118 -0.102041 -0.052054 
4.970434 2.644463 -0.079234 0.186021 1.070125 -0.034079 -1.249943 -0.343491 0.463902 0.004817 -0.080003 -0.066635 
4.803124 2.612318 0.332521 -0.043561 1.023011 -0.325878 -1.172868 -0.235194 0.349552 0.100002 -0.104380 -0.062463 
4.751353 2.592723 0.519201 0.103565 0.721243 -0.436355 -1.019127 -0.182013 0.338116 0.032436 -0.134055 -0.054427 
4.725640 2.672346 0.444096 0.128132 0.741723 -0.290784 -1.127455 -0.073110 0.286697 0.073004 -0.155369 -0.066642 
4.824375 2.672540 0.283053 0.235123 0.812555 -0.203343 -1.104277 -0.263395 0.423998 0.031833 -0.167079 -0.084303 
4.866695 2.617864 0.257641 -0.021794 1.070192 -0.093814 -1.057170 -0.255134 0.264222 0.095949 -0.180929 -0.095366 
4.956858 2.563458 0.052545 -0.020266 1.182281 -0.134105 -1.001073 -0.216528 0.360489 0.058444 -0.189239 -0.102991 
4.990296 2.536655 0.139790 -0.201697 1.158355 -0.034026 -0.991870 -0.044333 0.284716 0.090919 -0.159975 -0.093084 
5.052988 2.500186 0.069799 -0.343944 1.256933 -0.050312 -1.093797 0.113385 0.252642 0.126091 -0.129319 -0.091103 
5.302604 2.513099 -0.366181 -0.219303 1.288901 -0.100822 -1.053727 -0.017202 0.495381 0.174248 -0.101035 -0.091515 
5.154228 2.564637 -0.435059 -0.367106 1.345701 -0.306044 -0.893019 0.046725 0.543355 0.199031 -0.074869 -0.078599 
5.157421 2.339086 -0.393952 -0.407681 1.047445 -0.017135 -1.025444 0.057453 0.720524 0.160668 -0.032831 -0.075626 
5.187512 2.310641 -0.537340 -0.533342 1.049803 -0.033851 -0.903321 0.200961 0.744000 0.182259 -0.009606 -0.067167 
5.744134 2.399676 -0.940432 -0.889522 1.554212 -0.147694 -1.005543 0.662406 0.556500 0.346264 -0.053183 -0.080511 
4.486746 2.092357 -0.142396 -0.511367 0.523669 -0.022623 0.054341 0.248988 0.485132 0.268834 -0.006283 -0.028624 
4.460374 1.956078 -0.389911 -0.427911 0.432544 0.322929 -0.007805 0.385609 0.380603 0.213179 0.022448 -0.022564 
5.624856 2.011181 -0.981925 -1.079693 1.512315 0.062800 -0.139858 0.427647 0.514274 0.259713 -0.003545 -0.041388 
5.612314 2.024918 -1.058553 -0.879101 0.918634 0.502266 -0.429082 0.651666 0.441753 0.220165 0.023931 -0.035749 
4.742759 1.935561 -0.613773 -0.796802 0.506902 0.438381 -0.022708 0.447300 0.526755 0.122209 0.055238 -0.018071 
4.577676 1.917905 -0.386766 -0.708796 0.356478 0.084950 0.275101 0.557372 0.353408 0.151656 0.055577 0.000792 
6.479409 2.083354 -1.355338 -1.628799 2.240582 -0.497987 0.038148 0.804916 0.182326 0.491354 -0.096141 -0.016507 
5.034708 2.067576 -0.694612 -1.249193 1.041216 0.355054 0.192958 0.701262 0.198665 0.213781 0.044948 -0.010969 
4.592219 1.904351 -0.781872 -0.501588 0.530913 0.498349 0.267833 0.548937 0.550099 0.080169 -0.035477 -0.034808 
5.118131 2.024948 -0.947928 -1.155430 1.418019 0.676767 -0.262659 0.599000 0.706587 0.185417 0.006219 -0.077406 
5.156370 2.428581 -1.342330 -1.098930 1.740091 0.369642 0.048406 0.464857 0.597976 0.297241 -0.015415 -0.075277 
4.946455 1.864785 -0.753876 -0.446270 1.009657 0.624813 0.031731 0.433596 0.733238 0.162160 -0.022671 -0.055303 
4.460783 1.857290 -0.427680 -0.425241 1.063904 0.491033 0.078796 0.559958 0.582870 0.225106 -0.090069 -0.068744 
4.933467 2.121672 -0.832018 -0.834921 1.592114 0.650056 0.128983 0.497856 0.470013 0.240119 -0.084529 -0.085843 
4.888603 2.032257 -0.915304 -0.655294 1.487359 1.074539 -0.102283 0.491596 0.717226 0.038968 -0.063655 -0.095403 
4.889717 1.703597 -0.801568 -0.399969 1.365523 0.927728 0.308690 0.442972 0.641949 0.099344 -0.087157 -0.073465 
5.627353 1.922097 -1.165179 -1.064780 2.231343 0.912802 -0.060284 0.827423 0.513389 0.246405 -0.068321 -0.092632 
6.298113 1.940766 -1.603870 -1.321725 2.907728 0.725589 -0.290699 1.011703 0.522818 0.506025 -0.118451 -0.123431 
5.563150 1.881308 -1.452261 -0.784694 2.431554 0.859270 -0.039350 0.758217 0.757187 0.306120 -0.086184 -0.102092 
5.223414 1.711020 -1.306687 -0.528486 2.092308 1.144374 -0.056592 0.700658 0.920106 0.211653 -0.042592 -0.095297 
4.835178 1.526857 -1.040552 -0.269545 1.975005 0.915039 0.079198 0.816009 0.896959 0.312328 -0.052453 -0.088008 
4.807508 1.429792 -0.923440 -0.282657 1.702856 1.034327 0.153478 0.805172 1.143063 0.280858 0.015109 -0.067289 
5.605859 1.971509 -1.803002 -1.157732 2.945054 0.728367 -0.069725 1.046298 1.035963 0.666382 0.032297 -0.090148 
4.760125 1.453711 -1.098804 -0.519498 2.071314 0.702819 0.117753 0.896329 1.069549 0.471722 0.056208 -0.056584 
4.498316 1.333908 -1.039884 -0.415862 1.618175 1.110365 0.309326 0.871936 1.101911 0.389498 0.089019 -0.041784 
4.121470 1.058144 -0.883632 -0.037573 1.552500 0.826064 0.583606 0.949681 1.041379 0.302697 -0.044741 -0.040280 
5.720405 1.771806 -2.348663 -0.616239 2.767712 0.947920 0.121795 1.093652 1.306186 0.561760 -0.032284 -0.064971 
4.682831 1.167613 -1.280011 0.122767 1.975814 1.041190 0.185943 0.885286 1.323922 0.278953 -0.007484 -0.050766 
4.858989 1.364856 -1.340882 0.198852 2.340456 1.105885 -0.108689 0.926551 1.308562 0.339096 -0.034158 -0.072749 
4.435305 1.153250 -0.658730 0.485710 2.112757 0.920705 0.353463 1.008236 1.212686 0.366202 -0.067694 -0.061978 
5.394855 1.615616 -1.623436 0.110258 3.060937 1.026012 -0.051592 1.148989 1.139315 0.536018 -0.058581 -0.068129 
4.890720 1.538312 -1.244084 0.486464 2.613402 1.126790 -0.088789 0.948378 1.315896 0.319817 -0.071038 -0.081840 
4.966013 1.188617 -1.180633 0.436542 2.676705 1.057829 0.048103 0.998825 1.403093 0.254889 -0.120019 -0.071463 
5.071312 1.119485 -1.478206 0.278159 2.856799 1.154944 0.182008 1.113650 1.548235 0.348921 -0.096985 -0.074104 
4.819983 1.057577 -1.398980 0.245378 2.506871 1.329909 -0.024173 1.234033 1.672661 0.318457 -0.070854 -0.074163 
4.837162 1.307495 -1.467903 0.075706 2.964379 1.064720 0.204806 0.991730 1.458403 0.325929 -0.108058 -0.079342 
4.623220 1.014998 -1.047146 0.422812 2.635516 1.268217 0.221190 1.255163 1.485659 0.375777 -0.062407 -0.061340 
4.094822 1.144747 -0.731341 0.719448 2.438270 1.147971 0.309075 0.980191 1.423299 0.421506 -0.079005 -0.069364 
5.181902 1.083099 -1.381283 0.487612 3.140863 1.196908 0.266545 1.080562 1.485359 0.518663 0.009724 -0.035577 
5.090896 1.252910 -1.352988 0.527071 2.999319 1.259904 0.221054 1.130737 1.785884 0.454680 0.054732 -0.031037 
4.792878 1.019636 -1.188132 0.803454 2.992277 1.365483 0.162771 1.164354 1.666897 0.419580 0.049661 -0.022918 
3.829661 0.980376 -0.648380 1.017116 2.419552 1.423994 0.392736 1.047803 1.458673 0.262856 -0.005827 -0.025494 
6.045228 0.892122 -2.201932 1.083739 2.965428 1.221948 0.215294 1.371102 1.633767 0.611049 -0.007535 0.024488 
4.566261 0.766692 -1.327812 0.649324 2.488915 0.922279 0.114517 1.310692 1.736358 0.289966 0.042421 0.007969 
4.144017 0.990471 -0.879536 0.859892 2.290266 1.017137 0.104840 1.315224 1.709892 0.285434 0.036669 -0.015905 
4.707366 1.195945 -1.182410 0.707172 2.519064 1.001989 -0.010140 1.672763 1.997938 0.404257 0.147680 0.010197 
5.699205 1.338869 -2.021504 0.986414 2.979043 0.517056 0.469004 1.576579 2.063568 0.652334 0.093205 0.065114 
4.245852 1.212919 -0.475291 1.416380 2.127546 0.896525 0.035435 1.547585 1.755328 0.290151 0.106438 0.023048 
3.880612 1.419467 -0.286234 1.015671 2.025578 0.636646 0.412055 1.373919 1.603041 0.180371 0.074430 0.005724 
3.918774 1.403952 -0.162772 1.486411 2.549852 1.064285 0.294896 1.267068 1.504353 0.177110 0.018002 0.002508 
4.193604 1.767807 0.130320 1.794465 2.342315 0.791621 0.226945 1.372469 1.788622 0.178709 0.003872 0.001632 
4.127027 1.847513 0.002540 1.837176 2.527695 1.257806 0.381843 1.289899 1.553681 0.177599 0.091452 0.015851 
3.890152 1.660941 0.587906 1.738886 2.597054 0.915468 0.248442 1.092109 1.343236 0.316719 0.073842 0.019225 
3.578699 1.730882 0.600454 1.854567 2.378337 1.139235 0.487645 1.124561 1.185138 0.098446 0.100113 0.041938 
3.474598 1.691154 0.745783 1.989438 2.315350 1.303247 0.796652 1.174330 0.924144 -0.117831 0.067362 0.066551 
