2.536121 2.591078 1.111314 2.094431 1.585716 0.974704 1.100510 -0.101533 1.202864 0.054917 0.259505 0.042637 
2.571162 2.768431 0.958505 1.667679 1.810746 1.108625 1.648989 -0.020109 1.391007 -0.122428 0.227895 0.039407 
2.350785 2.489598 0.690599 1.712117 1.620542 1.026282 1.340898 0.602546 1.051264 0.143300 0.270964 0.056396 
2.563259 2.521280 0.678658 1.598456 1.223472 1.067757 1.334381 0.160370 0.982607 0.210809 0.296030 0.058652 
2.386564 2.241823 0.794908 1.652301 1.596436 1.041294 1.688625 0.245630 0.800560 0.101041 0.332271 0.070306 
2.550081 2.614837 0.635130 1.458646 1.324896 1.139638 1.277832 0.280947 1.033047 0.278046 0.304686 0.060104 
2.521626 2.278760 0.977521 1.332687 1.306148 0.884854 1.072011 0.419381 0.908086 0.328346 0.249080 0.071460 
2.765484 2.770011 0.828686 1.470498 1.115333 0.806453 1.378267 0.224685 1.316240 0.107963 0.242123 0.039840 
2.549910 2.426369 0.939591 1.766246 1.842781 1.115313 1.508123 0.048901 1.278568 0.183797 0.075501 0.048010 
2.741908 2.796251 0.804735 1.466646 1.909999 0.834770 2.136628 -0.208548 1.054303 0.089121 0.191398 0.054408 
2.653930 2.670269 1.043181 1.517014 2.027226 0.965629 1.761107 0.023323 1.293507 -0.238789 -0.112529 0.021599 
3.023995 2.419503 0.983762 1.637747 2.997217 0.874180 1.905568 0.056064 1.112300 -0.280478 0.005050 0.044506 
2.988915 2.154859 1.002842 1.557077 1.941985 0.906142 1.785888 0.007793 1.067826 0.010194 -0.081393 0.020984 
3.229063 2.032290 0.677144 1.750355 2.022107 1.210815 1.730635 0.048033 1.020192 0.265497 -0.084859 0.015506 
2.985809 1.977361 1.075335 1.524316 2.242898 1.542011 1.250058 0.290378 1.114632 0.193459 -0.214783 0.031017 
3.654983 2.865847 1.304515 1.529336 2.799738 1.672467 1.183180 -0.302141 1.638100 -0.299964 -0.182774 -0.054522 
3.610074 3.291041 1.679217 1.579760 2.408479 1.286327 0.679834 -0.313103 1.152827 -0.422233 -0.211313 -0.068457 
3.489980 3.046381 2.172042 1.760540 1.051331 0.623043 0.517680 0.150589 0.299885 -0.303471 -0.341257 -0.040574 
5.056617 3.851707 1.462347 0.917355 1.866900 0.064980 1.054937 -0.686264 0.631649 -0.701168 -0.195052 -0.067609 
4.564600 3.581305 1.322729 0.998951 1.688028 0.409549 0.375635 -0.783262 -0.137926 -0.127836 -0.203436 -0.043803 
4.340674 3.466068 1.339699 0.772678 1.215360 -0.281236 0.561173 -0.322101 -0.128469 -0.294552 -0.298519 -0.048759 
4.869291 3.751498 0.771609 0.123860 1.748942 -0.258001 0.629768 -0.657474 -0.140764 -0.257577 -0.238214 -0.029996 
5.492368 4.366604 0.112344 -0.414419 2.791676 -1.279515 0.999308 -0.492654 -0.199116 -0.403244 -0.523973 -0.013738 
5.129222 3.839192 0.646979 -0.102959 1.624617 -0.994988 0.874055 -0.146980 -0.545130 -0.742723 -0.400974 -0.007394 
4.460524 3.422135 0.864520 0.040524 0.948708 -0.679550 0.622796 -0.443412 -0.600447 -0.608612 -0.271709 -0.008608 
5.802779 3.370961 0.503547 -0.620302 2.508645 -2.006319 0.801983 -0.439407 -0.885305 -0.560488 -0.643072 0.068604 
4.493752 3.310930 0.906488 -0.567730 0.619753 -0.760836 0.180461 -0.495415 -0.885832 -0.352831 -0.283946 -0.004563 
3.818667 2.439867 0.961816 0.008587 0.707497 -0.439371 -0.154577 -0.689805 -0.863034 -0.348767 -0.269856 -0.004202 
5.021724 3.337263 0.688793 -0.746478 1.434890 -1.008474 0.526382 -0.792545 -1.004667 -0.383942 -0.323046 0.039887 
4.332691 2.952867 0.813903 -0.194425 0.847276 -0.344037 0.158106 -0.759076 -0.893518 -0.461581 -0.228090 0.013571 
4.177036 3.046982 1.128535 -0.251848 0.384434 -0.294554 -0.015987 -0.517603 -0.886710 -0.433577 -0.225920 -0.005907 
4.107141 2.772910 1.239407 -0.101614 0.420636 -0.238750 -0.158946 -0.614103 -1.034324 -0.539923 -0.187475 -0.000396 
5.676553 3.164481 0.415811 -1.076888 2.430968 -1.686076 0.248554 -0.714562 -1.116504 -0.314499 -0.491179 0.051261 
4.373854 2.921188 0.774924 -0.296031 0.780436 -0.515330 -0.022881 -0.800887 -1.097083 -0.459283 -0.243654 0.006756 
4.577822 2.892286 0.701824 -0.574297 0.698277 -0.623077 -0.091450 -0.591955 -1.173113 -0.566247 -0.251625 0.003746 
4.871702 3.342835 0.536614 -0.648046 0.646986 -0.822458 0.104435 -0.689033 -1.153134 -0.786471 -0.294333 0.002839 
4.408273 2.810048 0.716703 -0.291690 0.100691 -0.637399 -0.011063 -0.679170 -0.997397 -0.860047 -0.224960 -0.012406 
5.888625 3.328707 -0.443826 -0.837921 2.069882 -1.893228 -0.117084 -0.979600 -1.149473 -0.815444 -0.609117 0.024492 
4.031449 2.496206 0.713657 -0.319543 0.009517 -0.343926 -0.497886 -1.015647 -1.327362 -0.696194 -0.148567 0.000105 
5.088208 2.993942 0.043740 -0.767593 0.688040 -0.634872 -0.305436 -0.554760 -1.038990 -0.937230 -0.326327 -0.017047 
4.596951 2.713057 0.462220 -0.418478 0.246849 -0.475721 -0.032097 -0.534880 -0.885115 -0.936619 -0.256522 -0.007849 
5.432645 2.740348 0.043114 -0.675711 1.239098 -0.533377 -0.183059 -0.466408 -0.695909 -0.856520 -0.350154 -0.014139 
4.279835 2.501660 0.650959 -0.331869 0.093749 0.051138 -0.110298 -0.468459 -0.859625 -0.727880 -0.221275 -0.002149 
5.056486 2.859864 0.298509 -0.323477 0.817692 -0.323958 -0.253948 -0.457106 -0.728439 -0.722936 -0.247255 -0.010162 
7.002127 2.949793 -0.615719 -0.709868 3.402089 -1.737045 0.342026 -0.843455 -0.531992 -0.237915 -0.721074 0.030296 
5.023174 2.815023 0.548249 0.092469 1.163826 0.010115 0.024776 -0.252340 -0.602079 -0.684277 -0.274035 -0.019268 
4.698767 2.916558 0.746238 0.131479 0.890494 0.167515 0.427490 -0.433441 -0.588783 -0.637875 -0.248773 -0.011575 
4.764040 2.789875 0.580898 0.328291 1.271389 0.001014 0.070001 -0.310780 -0.433007 -0.590739 -0.209415 -0.004672 
6.537099 3.347659 -0.353582 -0.080790 3.278191 -1.706161 0.966007 -0.388191 -0.515342 -0.388196 -0.672405 0.096085 
4.946822 3.008144 0.786059 0.404470 1.469227 -0.694870 0.415349 -0.288334 -0.583230 -0.383708 -0.217643 0.029377 
4.095746 2.729221 1.165501 0.915722 1.122510 -0.103897 0.380704 -0.603306 -0.475754 -0.397948 -0.146780 0.019220 
3.650943 2.473182 1.393602 0.830039 0.733279 -0.061415 0.444172 -0.022553 -0.417729 -0.456770 -0.182131 0.020488 
4.897536 3.087211 0.671604 0.855931 1.883439 -1.124949 0.682530 -0.318216 -0.445970 -0.460445 -0.227030 0.065916 
4.693694 3.172368 0.846944 1.408110 1.646084 -1.231447 0.670359 -0.547503 -0.356153 -0.452969 -0.145246 0.060806 
4.146632 3.092532 1.619975 1.092613 1.192456 -0.651236 -0.211353 -0.586240 -0.230644 -0.030423 -0.137348 0.018204 
3.291684 2.681243 1.764786 1.116173 0.639930 -0.343469 -0.245198 -0.418795 -0.129415 -0.085722 -0.153836 0.035900 
4.600650 3.753536 1.320251 0.548011 1.819618 -1.270223 0.571952 -1.198721 -0.163969 -0.019034 -0.160859 0.063225 
4.789798 3.910736 0.998792 0.666287 1.760971 -1.671095 0.628807 -1.324591 -0.196322 -0.095600 -0.152337 0.074584 
4.109709 3.205442 1.559531 0.617941 0.721854 -0.853370 -0.359801 -0.811361 -0.257588 -0.021840 -0.113818 0.012758 
4.938585 3.989833 1.309339 0.540592 1.578328 -2.127405 -0.019005 -1.278708 -0.592074 -0.333048 -0.241412 0.044366 
5.223542 4.551744 -0.299199 0.819879 1.095528 -2.276245 0.241136 -1.292439 -0.300648 -1.004028 -0.298621 -0.008477 
4.795546 3.856773 0.691024 -0.410535 0.285604 -1.370137 0.002364 -0.965520 -0.369719 -0.992515 -0.167037 -0.044662 
4.462007 3.189010 0.764536 -0.024562 -0.008489 -0.916682 -0.213276 -0.870055 -0.402017 -0.787786 -0.142797 -0.045157 
5.407084 4.504523 -0.960480 -0.570069 1.808473 -1.946803 -0.117005 -1.004384 -0.418316 -1.019548 -0.547571 -0.088535 
5.856340 3.773904 -0.334996 -1.273905 2.293120 -2.294089 0.020778 -0.389361 -0.913461 -0.657749 -0.794588 -0.026784 
5.216667 3.270678 0.640058 -1.059771 0.933382 -1.266436 0.269153 -0.154861 -1.068862 -0.560950 -0.389784 -0.025263 
4.944504 3.139843 0.896410 -0.781904 0.619983 -1.061008 0.607124 0.017198 -0.925290 -0.696728 -0.341647 -0.028079 
5.664630 3.643006 0.142175 -0.664293 1.701188 -1.488597 0.635355 0.126644 -0.818537 -0.479535 -0.505156 0.015742 
5.887164 3.349789 -0.172818 -0.251341 2.099126 -1.358904 0.468221 0.026788 -0.299730 -0.390760 -0.420162 0.029429 
5.344067 3.072257 -0.115727 -0.041263 1.492526 -0.688280 0.466993 0.195258 -0.258430 -0.433109 -0.248669 0.023046 
5.911098 2.939974 -0.519358 -0.091298 2.120895 -1.109999 0.732748 0.196541 -0.124958 -0.267770 -0.311092 0.070359 
5.737207 3.055990 -0.418606 -0.356742 1.966511 -0.723464 0.598429 0.130922 0.112815 -0.293267 -0.215421 0.046160 
5.246305 3.121799 0.006492 -0.502718 1.744574 -0.495616 0.648329 0.070620 0.205298 -0.309179 -0.069898 0.053068 
5.068373 3.264043 -0.143278 0.179142 1.820235 -0.555941 0.535113 -0.268167 0.700955 -0.308779 0.052802 0.034254 
4.595781 2.842656 0.497943 0.330415 1.656385 -0.275580 0.219901 -0.381968 0.692117 -0.007943 0.181870 0.055401 
4.625737 2.963531 0.152470 0.371953 2.008925 -0.935513 0.062018 -0.299126 1.024736 0.051041 0.160406 0.057627 
4.460731 2.602089 0.176969 0.340379 1.940085 -0.562834 -0.045478 -0.392489 1.390090 0.180482 0.193020 0.036304 
4.284621 2.528670 0.342411 0.356359 1.612178 -0.365186 -0.191555 0.047171 1.033638 0.286149 0.121829 0.036807 
3.291129 2.047507 0.859271 0.594836 0.957964 0.298572 0.551809 0.320271 0.863080 0.433714 0.114917 0.065032 
3.446460 2.224547 1.398468 1.280142 0.915299 0.400022 0.026792 0.136611 0.764741 0.484440 0.287983 0.091546 
3.404425 2.399975 1.302585 0.946008 0.617335 0.699382 0.557658 0.146173 0.927838 0.406113 0.140873 0.070942 
3.191569 2.262896 1.281797 0.725908 0.969616 1.044302 0.978406 0.100360 0.360927 0.153870 -0.069325 0.063947 
3.037427 1.925290 1.306731 0.889731 0.778255 0.931801 0.826787 0.531602 0.334028 0.110568 -0.036432 0.071194 
3.203383 2.028021 1.262567 0.992925 1.270404 0.845481 0.937074 0.235740 0.574827 0.263872 -0.014395 0.062754 
3.220595 2.352101 1.267680 1.011452 1.088633 0.893725 0.786520 0.239972 0.370011 0.095995 0.048352 0.067025 
