2.238969 1.267587 2.581058 0.378438 1.415894 1.310966 0.553174 1.868891 0.284050 0.511300 0.404099 0.016688 
2.164893 1.370662 1.981820 0.127763 1.173362 1.535194 1.097992 1.555493 0.750820 0.642134 0.394691 0.023633 
2.372880 1.811228 1.684487 0.946978 1.174585 1.442426 0.733573 1.170669 0.867139 0.269232 0.371491 0.059811 
2.153660 1.840604 1.517411 1.398272 0.955697 1.359129 0.836279 1.098904 0.960733 0.309221 0.389039 0.062479 
2.239559 1.991759 0.825853 1.401193 0.933111 1.386981 1.318022 0.209361 1.637015 0.320052 0.391384 0.035321 
2.127708 2.428748 0.458683 1.602556 1.336496 1.234830 1.279215 -0.055067 1.674890 0.238339 0.536091 0.010178 
2.016594 2.331850 0.384672 1.241377 1.243054 0.593445 1.649031 -0.213741 1.571748 0.167867 0.562965 0.011589 
1.376904 2.425116 0.323221 1.495920 0.568337 0.458870 1.494353 0.354132 1.433262 0.122021 0.547852 -0.055852 
1.013216 2.155492 0.044495 1.509002 0.226855 0.018347 1.091265 0.223948 1.055766 0.080755 0.393881 -0.103647 
0.947070 2.235830 -0.492039 2.379507 0.592542 0.533468 0.602070 0.315129 1.193759 0.511514 0.404398 -0.089302 
0.975919 2.208077 -0.308142 2.469432 0.599101 0.669639 0.584957 0.381800 1.219769 0.742445 0.518652 -0.066835 
1.265494 2.378702 -0.362234 2.748489 0.746535 0.647725 0.326681 0.028056 1.013822 0.968509 0.516579 -0.020925 
1.286207 2.239963 -0.337512 2.027270 0.659933 0.603677 0.131812 0.088560 1.193556 0.987984 0.606986 -0.016759 
1.763147 2.344559 0.573136 1.393100 0.771663 0.328556 1.065545 -0.303180 0.995504 0.704792 0.722922 0.028681 
2.281386 2.418510 1.031898 0.978555 0.522179 0.596422 0.640334 0.020120 0.349723 -0.095336 0.202651 0.075594 
3.196649 3.093355 1.600757 2.206586 0.630788 0.309000 -0.115872 -0.713300 0.141511 -0.214054 0.292311 0.033871 
3.197713 2.479922 1.186842 0.149185 -0.065222 -0.031056 0.647635 0.314365 0.172215 -0.094372 0.123295 0.043452 
3.139198 2.051797 1.218706 1.019837 0.696556 0.190780 -0.043803 -0.070298 0.070918 -0.013727 0.055680 0.033823 
4.556437 2.821744 0.962840 0.758085 0.342646 0.304330 -0.483003 -0.614475 0.217739 -0.131233 0.091944 0.024773 
4.745728 2.867631 0.722515 0.278028 0.379840 0.210354 -0.734427 -0.613846 -0.053831 -0.207524 0.053283 0.011669 
4.332859 2.554145 0.692542 0.303498 0.308990 -0.355602 -0.904258 -0.833945 -0.270199 -0.026973 -0.015853 -0.013161 
4.199477 2.253196 0.517918 0.388378 0.305412 -0.585532 -1.340418 -0.902290 -0.234410 -0.284948 -0.069476 -0.037370 
6.042827 2.309007 -0.867521 0.288531 0.841290 -0.513880 -2.160480 -1.235712 -0.035925 -0.439542 -0.275959 -0.106107 
5.414042 2.336007 -0.558207 -0.085306 0.790756 -1.058349 -2.114209 -1.394704 0.051026 -0.451887 -0.219459 -0.121960 
5.154242 2.228611 -0.217960 0.101114 0.627919 -0.821179 -2.396061 -1.333955 -0.117168 -0.380563 -0.198774 -0.120427 
5.562752 2.296704 -0.382714 -0.014345 0.901830 -0.971274 -2.264285 -1.307892 0.056696 -0.367008 -0.281175 -0.151129 
5.328033 2.283166 -0.465771 0.074992 0.661155 -0.788408 -2.236173 -1.151196 0.027982 -0.322307 -0.272321 -0.156661 
6.583317 2.428350 -1.547170 -0.334196 0.983446 -1.084915 -2.053297 -1.472399 0.079468 -0.373141 -0.416051 -0.196758 
4.675962 2.082873 -0.451788 -0.459402 0.216251 -0.813371 -1.904865 -1.090677 -0.097864 -0.337945 -0.211815 -0.145142 
5.025182 2.180705 -0.857299 -0.806209 0.111855 -0.850010 -1.932692 -1.192053 -0.033689 -0.525108 -0.164001 -0.130689 
5.152407 2.275782 -0.967101 -0.919489 -0.015168 -0.897172 -2.050287 -1.121097 -0.123832 -0.404458 -0.128631 -0.123615 
5.519993 2.471898 -1.202237 -1.194382 0.057715 -0.989518 -2.146469 -1.257350 0.016032 -0.388593 -0.108689 -0.131995 
4.838673 2.327139 -0.618635 -0.892678 -0.454683 -0.988876 -1.867164 -1.156009 -0.185035 -0.265427 -0.055796 -0.100446 
5.333325 2.431225 -0.977954 -0.937591 -0.325565 -0.881635 -2.142496 -1.100127 -0.091333 -0.237879 -0.068059 -0.110537 
5.285931 2.432295 -1.004197 -1.217306 -0.165197 -0.951200 -1.912134 -1.004929 -0.119980 -0.297378 -0.069332 -0.108637 
4.725458 2.284779 -0.779117 -1.163598 -0.512006 -0.691611 -1.499805 -0.963038 -0.420798 -0.197236 -0.051489 -0.090564 
5.725811 2.272758 -1.509036 -1.190298 -0.157971 -0.700250 -1.591654 -0.808732 -0.071801 -0.401428 -0.189106 -0.120005 
4.915645 2.184326 -1.054504 -1.162592 -0.517420 -0.331651 -1.258430 -0.558317 -0.354028 -0.379214 -0.151903 -0.105703 
4.554893 2.019982 -0.840880 -1.179817 -0.371706 -0.246802 -1.065125 -0.553558 -0.223132 -0.325886 -0.209127 -0.136077 
4.689490 2.083662 -0.912689 -1.333781 -0.237610 -0.196358 -0.797643 -0.484482 -0.159730 -0.530698 -0.202794 -0.122293 
5.823523 2.391467 -2.055334 -1.287926 0.119505 0.419796 -1.537268 -0.131607 -0.130714 -0.326627 -0.271044 -0.145118 
4.841004 2.023538 -1.145679 -1.347123 -0.050944 0.275230 -0.808171 -0.051963 -0.235949 -0.467529 -0.191642 -0.109865 
4.639942 2.116202 -1.126541 -1.444830 -0.161180 0.206603 -0.535039 -0.070708 -0.252894 -0.475279 -0.182012 -0.107356 
5.372318 2.067998 -1.875314 -1.460160 0.410235 0.411382 -1.127199 -0.063744 0.138856 -0.516396 -0.212049 -0.139004 
6.084696 2.243265 -2.405707 -2.189950 0.957000 0.852110 -1.940706 0.100468 -0.025853 -0.236604 -0.196556 -0.204276 
4.995266 1.765552 -1.610286 -1.575532 0.751744 0.160771 -0.804321 -0.162572 0.000485 -0.443960 -0.184035 -0.133750 
4.171077 1.468969 -1.147237 -0.892297 -0.011616 0.235343 -0.476014 -0.246562 -0.173156 -0.361605 -0.178827 -0.115881 
3.988249 1.406156 -0.695253 -0.935029 -0.166121 0.154214 -0.448060 -0.193114 -0.198760 -0.318065 -0.169460 -0.113922 
3.905602 1.450127 -0.376162 -1.047040 -0.095925 -0.024792 -0.240257 -0.213930 -0.097032 -0.269500 -0.154205 -0.116989 
3.722358 1.346325 -0.422072 -0.801085 -0.010904 -0.074601 -0.219764 -0.218964 0.036393 -0.163988 -0.115562 -0.118924 
3.335634 1.192694 -0.310794 -0.734384 -0.172309 0.039784 -0.185113 0.050932 0.045480 -0.177810 -0.089840 -0.131039 
3.159105 1.109417 -0.511121 -0.732941 -0.124044 0.167298 -0.019175 0.099461 0.127660 -0.191978 -0.059858 -0.136274 
3.356652 1.063897 -0.805148 -0.760234 0.032154 0.305421 0.021766 0.089534 0.280792 -0.174550 -0.049683 -0.134212 
3.529765 1.139319 -0.958313 -0.804316 0.153384 0.393369 0.055802 -0.002354 0.254619 -0.141430 -0.072218 -0.145706 
3.653562 0.987672 -0.927632 -0.786945 0.313980 0.363369 0.006450 -0.079553 0.314981 -0.163827 -0.114180 -0.159372 
3.759985 0.951638 -0.881113 -0.755198 0.438252 0.241007 -0.126338 -0.076398 0.361826 -0.100414 -0.141447 -0.173655 
4.034654 1.201666 -1.166337 -0.770434 0.391801 0.421993 -0.464130 0.063517 0.339067 0.034110 -0.122169 -0.180461 
4.437537 1.610902 -1.745486 -0.984043 0.663202 0.641252 -0.854180 0.268374 0.454379 0.017692 -0.085200 -0.190804 
4.691804 1.668709 -1.871230 -1.263924 0.911221 0.833411 -0.863869 0.150406 0.796579 -0.078546 -0.011866 -0.199683 
5.451725 2.124219 -2.810878 -1.713201 1.053783 1.463064 -1.205641 0.421959 0.825337 0.037230 -0.022117 -0.240324 
5.664412 2.073560 -2.789956 -1.889985 1.118321 1.693498 -1.086911 0.504472 0.835075 0.042224 -0.011836 -0.223687 
5.850000 2.410338 -3.339560 -1.911184 1.168303 1.747202 -0.964620 0.680505 0.787047 0.142504 -0.070169 -0.243337 
5.659499 1.913473 -2.886759 -1.493193 0.697130 1.951649 -0.982907 0.697634 1.008770 -0.091357 -0.140834 -0.202511 
5.463887 1.794036 -2.702162 -1.471073 1.123776 1.445230 -0.856121 0.785027 0.760421 -0.080914 -0.166859 -0.199581 
5.800397 1.848931 -3.266902 -1.573815 1.328948 1.328819 -0.844046 0.880525 0.628247 0.041998 -0.294049 -0.224290 
6.092885 1.887752 -3.844563 -1.245253 0.823873 1.602770 -0.684182 0.665053 0.804331 0.049718 -0.356639 -0.243583 
5.979286 1.760535 -3.616258 -1.398357 1.003286 1.572342 -0.504921 0.400792 0.987568 -0.103957 -0.286207 -0.255781 
5.642181 1.745214 -3.351218 -1.174161 1.029531 1.646441 -0.584818 0.296887 1.047317 -0.219254 -0.215904 -0.246570 
6.210903 1.958722 -4.031653 -0.555863 1.200047 1.150498 -0.080067 -0.018098 0.986819 -0.044692 -0.232675 -0.247945 
6.121079 1.940517 -3.779547 -0.492197 1.319921 1.298431 -0.308120 -0.119357 0.897495 -0.009423 -0.205287 -0.238972 
5.876777 1.765692 -3.289029 -0.555276 1.456466 1.421556 -0.486380 -0.215431 0.959731 -0.053548 -0.165392 -0.233653 
6.307260 1.432933 -3.356284 -0.296818 1.796954 1.121264 -0.411158 -0.121761 0.783831 0.127827 -0.234760 -0.206517 
5.627193 1.482585 -2.854624 -0.519015 1.844321 1.287942 -0.547309 -0.093717 0.966864 -0.029223 -0.178601 -0.219299 
5.582394 1.701044 -3.011204 -0.449954 1.702670 1.569170 -0.742753 0.221677 0.974706 0.096553 -0.176680 -0.228996 
5.736433 1.652332 -3.313552 -0.271447 1.515923 1.844499 -0.546598 0.406094 1.059156 0.157143 -0.209304 -0.223488 
5.710275 1.613404 -3.505551 -0.068536 1.191535 1.973328 -0.323110 0.327726 1.166750 0.124864 -0.185663 -0.231010 
5.113623 1.301707 -2.786879 -0.650027 1.761667 1.783729 -0.029494 0.376801 1.183884 -0.105110 -0.122574 -0.212867 
5.028440 1.000730 -2.434448 -0.511558 1.490570 1.515150 -0.028801 0.407636 0.943154 -0.090743 -0.139639 -0.160742 
4.974299 1.124428 -2.577775 -0.711598 1.695162 1.672193 0.158500 0.436821 1.139727 -0.126951 -0.083057 -0.176230 
5.227069 1.267314 -2.864184 -0.850028 1.706074 1.636760 0.090805 0.450934 1.190658 -0.164786 -0.109019 -0.186459 
5.450592 0.956784 -2.846638 -0.599963 1.919163 1.635926 0.261533 0.577777 1.332052 -0.131504 -0.174174 -0.168927 
5.491716 0.961350 -2.502690 -0.203336 1.633258 1.697497 0.204467 0.605199 1.429673 -0.096660 -0.137564 -0.125312 
5.190316 0.883530 -2.246542 -0.619847 2.432847 1.892208 0.150522 0.851150 1.455436 -0.048811 -0.065951 -0.130487 
5.268375 1.072401 -2.494246 -0.541961 2.631388 1.820368 0.181118 0.640947 1.387969 -0.020481 -0.060193 -0.137350 
5.468150 0.820286 -2.647034 -0.304390 2.414601 2.080782 0.320825 0.718618 1.537599 -0.014397 -0.094099 -0.115839 
