3.238889 1.402223 2.821540 1.507568 1.817399 0.533654 0.121046 0.639442 0.102887 -0.594447 0.360168 0.094597 
3.210566 1.070134 2.831144 1.910059 2.246960 0.633438 -0.749052 0.804646 0.112492 -0.229196 0.462895 0.067653 
2.997587 1.159908 2.335617 1.401036 2.667047 0.425070 -0.041342 0.641198 0.439931 -0.117932 0.649730 0.107149 
2.705190 1.326568 2.272320 1.467381 2.711153 0.183411 0.722870 0.713057 0.365736 -0.152905 0.668455 0.100393 
2.672182 1.211367 2.190299 1.210280 2.741368 0.290209 1.052758 0.503872 0.281637 0.014355 0.586516 0.100469 
2.707144 1.760068 2.482696 1.294598 2.160290 0.104080 1.906141 0.681279 0.286122 -0.147948 0.597117 0.088884 
2.728745 1.871857 1.718517 1.881272 1.600768 0.398540 1.183747 1.032389 0.520437 0.222141 0.328747 0.064335 
2.780102 1.970902 2.028635 1.965435 1.470216 0.480532 1.088402 1.165903 0.368248 0.423406 0.228016 0.080334 
3.118052 1.326224 1.764674 1.938668 1.353783 0.027350 1.435029 0.826357 0.482983 0.769347 0.587366 0.102288 
3.276049 0.792237 1.141735 1.522230 1.646552 -0.049679 2.117200 0.659609 0.142883 0.827947 0.739667 0.124769 
2.868959 1.067738 0.837033 2.020557 1.724291 1.032270 1.679746 0.465873 0.144121 0.580347 0.506827 0.090638 
2.773462 1.165449 -0.119311 2.076481 1.858375 1.770908 1.280537 0.471072 0.189567 0.399791 0.645318 0.106154 
1.552137 1.532563 -1.782744 1.171606 2.571523 3.154299 1.328524 -0.516380 0.539180 0.299119 0.155187 0.100677 
1.172858 1.346242 -2.318777 0.668093 2.795646 3.167924 2.045310 -0.348436 0.636799 -0.141929 0.192532 0.070461 
0.856925 1.150664 -2.358631 0.652382 2.645664 2.788099 2.233845 -0.648297 0.345042 -0.413851 0.102201 0.060701 
0.621160 0.949345 -1.990459 0.481054 2.886694 3.446742 2.296082 -0.355652 0.676385 -0.382734 0.251157 0.100201 
0.568303 0.918921 -1.527303 -0.165864 2.527583 3.418493 1.760013 -0.160212 0.925378 -0.726963 0.301940 0.130360 
0.935063 1.162541 -1.693972 -0.930056 2.291435 2.893149 1.391748 -0.354939 1.154562 -0.694206 0.387214 0.129789 
1.675429 1.631904 -1.277915 -1.820395 2.199498 2.910989 1.138757 -0.469715 1.633943 -0.569111 0.498070 0.069175 
2.125479 2.146321 -1.163179 -2.447104 2.742252 2.441377 0.920274 -0.474541 1.804405 -0.184035 0.373773 -0.005685 
2.923818 1.631311 -1.666303 -2.837904 2.951809 0.555390 0.999388 -0.212666 1.700589 0.631840 0.301118 -0.028136 
3.177658 2.163028 -2.064096 -2.317990 2.574276 0.718527 1.141627 -0.276940 1.190287 0.750979 0.206949 -0.011442 
3.633176 2.325866 -1.957791 -3.133631 3.436001 -0.370268 0.774063 -0.213581 1.145301 1.070411 0.273253 -0.007051 
4.094371 2.737639 -2.336338 -2.334691 3.782739 -1.103427 0.820810 -0.481407 1.032942 1.256418 0.176767 0.039404 
3.788379 2.552156 -1.556090 -1.060861 2.603372 -1.187329 0.131262 -0.808504 0.995347 1.259713 0.271614 0.072976 
3.810196 2.971504 -1.127071 -0.782820 2.035220 -1.089451 -0.519821 -1.285039 0.799472 1.173792 0.382521 0.074953 
4.110510 3.559226 -1.054954 -0.945592 2.507584 -1.468665 -1.071804 -1.396947 0.841691 1.025615 0.472240 0.035101 
4.185986 3.500095 -0.895266 -0.862971 1.817301 -1.049363 -1.677150 -1.561944 0.864064 0.592538 0.555950 -0.029379 
4.100963 3.371684 -0.289998 -0.621619 1.278674 -0.766971 -1.714789 -1.695545 0.916401 0.179098 0.526239 -0.013733 
4.312203 3.907986 -0.779267 -0.629242 1.915347 -1.326711 -1.391910 -1.675810 0.600588 0.178860 0.384000 -0.048271 
4.306926 3.753827 -0.688703 -0.212707 2.016131 -1.751937 -1.142868 -1.864911 0.625431 0.030847 0.185113 -0.046139 
4.050099 3.668697 0.004737 0.095325 1.803699 -1.936182 -0.958499 -1.622599 0.193845 -0.054461 -0.032481 -0.015207 
3.853212 2.946706 0.860214 0.255477 1.237747 -1.738895 -0.228341 -1.428123 -0.201116 -0.095387 -0.201837 0.018760 
4.864684 4.350594 -0.655960 0.687746 2.700609 -2.649707 0.071266 -1.414319 -0.324477 -0.461201 -0.502438 0.077569 
3.673476 3.569929 1.268748 0.387282 0.175851 -0.833607 0.300958 -1.226276 -0.560290 -0.386779 -0.122232 0.004147 
4.620490 3.871389 0.740065 0.405197 2.391235 -1.464695 0.351323 -1.949440 -0.464606 -0.327822 -0.169411 0.065178 
3.902277 3.051071 1.475896 0.698319 1.412918 -0.565386 -0.281688 -1.591803 -0.436293 -0.164307 -0.154475 -0.000047 
4.687753 3.996621 0.637590 0.205694 3.348523 -0.877961 -0.099105 -2.526783 -0.242197 -0.144554 -0.094303 0.004981 
3.374311 2.672380 1.122346 0.627340 0.852906 -0.229046 -0.369174 -1.501659 -0.439276 -0.367538 -0.229844 -0.047210 
4.754708 3.825939 0.635950 0.500899 3.603140 -1.291644 -0.205909 -2.564119 -0.376148 -0.350750 -0.280237 -0.044001 
3.748385 2.825781 1.644005 0.940590 1.745440 -0.535072 -0.458996 -1.934902 -0.903707 -0.505148 -0.223924 -0.069166 
4.458059 3.524988 1.633801 0.845219 2.615703 -0.540450 -0.263487 -2.479582 -0.806135 -0.481038 -0.244406 -0.047247 
3.330921 2.576185 1.737579 1.015943 0.918819 -0.443220 -0.618166 -1.264435 -0.838543 -0.461676 -0.247217 -0.070950 
3.963565 3.125258 1.696372 0.825292 1.499516 -0.175153 -0.494086 -1.793279 -0.812441 -0.269914 -0.270761 -0.057995 
4.073121 3.159373 1.780317 1.511419 2.220096 -0.426880 -1.384628 -2.113242 -0.530242 -0.212916 -0.277913 -0.115243 
4.927477 3.289133 1.416767 1.675214 3.300060 -0.941899 -1.294996 -2.122319 -0.550291 -0.094922 -0.310438 -0.121700 
3.538142 2.481252 1.654768 1.693882 1.245654 -0.355685 -1.420399 -1.330249 -0.475258 -0.224692 -0.311085 -0.094821 
3.752958 2.529594 1.483033 1.421324 1.677994 -0.148755 -1.377448 -1.532584 -0.452846 0.107587 -0.323622 -0.099129 
4.599802 2.696674 1.489046 2.144633 3.110289 -0.411913 -1.583441 -1.758968 -0.418446 0.149503 -0.246375 -0.142697 
4.106278 2.620422 1.466019 2.081319 2.646174 -0.311959 -1.308429 -1.824105 -0.411402 0.188806 -0.267460 -0.128836 
4.076283 2.515734 1.754033 2.591144 2.985847 -0.382779 -1.529619 -1.651371 -0.497306 0.101357 -0.245793 -0.139271 
4.209982 2.622826 1.784106 2.558230 2.484893 -0.397012 -1.637929 -1.599020 -0.479782 0.067185 -0.241517 -0.124759 
4.503971 2.722262 1.904349 2.108661 3.025965 -0.130420 -1.548127 -1.801887 -0.350976 -0.044593 -0.223695 -0.131851 
4.377555 3.006911 1.604917 2.094315 2.394900 0.133103 -1.958422 -1.733009 -0.234148 -0.037229 -0.180305 -0.126163 
4.642825 2.895246 1.674805 2.212748 2.237077 -0.199212 -1.714424 -1.676001 -0.267560 -0.003217 -0.195826 -0.110225 
4.291633 2.853984 1.730976 1.944443 2.091845 -0.382259 -1.870788 -1.542295 -0.260204 0.076735 -0.187298 -0.096215 
4.735522 2.808333 1.518164 1.729939 2.479191 -0.540089 -1.545711 -1.743544 -0.250952 0.090533 -0.183114 -0.102430 
5.510593 2.663734 1.358732 1.110618 3.440439 -0.996735 -1.194965 -1.803862 -0.504866 0.051394 -0.190703 -0.048000 
4.374132 2.715489 1.500271 1.589640 1.890659 -0.385996 -1.270025 -1.743001 -0.614189 -0.109387 -0.012436 -0.042890 
4.255534 2.866773 1.484512 1.007505 1.008497 -0.365621 -0.953085 -1.301555 -0.983853 -0.263037 0.065252 0.010904 
5.464806 2.709834 1.535612 0.695216 1.927386 -1.073016 -0.580138 -1.960108 -1.039424 0.101933 0.026566 0.043901 
5.823520 2.538906 1.676647 1.144646 1.655714 -1.176044 -0.589275 -2.280772 -0.413893 0.326638 0.112988 0.053200 
4.777893 2.816610 1.855276 1.189990 1.147099 -0.488313 -1.392415 -1.601884 -0.072237 0.607670 0.202587 0.062115 
4.759930 3.276960 1.288961 0.744710 0.823924 -0.151091 -0.972763 -1.587331 -0.052100 0.651463 0.303157 0.100500 
6.017195 3.208894 0.813735 0.556305 1.822377 -1.117316 -0.363019 -2.258446 0.379169 0.692905 0.423916 0.136061 
4.771229 2.934120 0.966381 0.435811 1.084316 0.022668 -0.435310 -1.046078 0.151915 0.438139 0.473096 0.153085 
5.778645 3.122470 -0.082948 0.495244 1.477313 -0.619277 0.397338 -1.138484 0.185537 0.371647 0.448144 0.167870 
4.801745 3.019522 0.603145 0.124456 0.901534 0.384933 0.103359 -0.281509 0.015653 0.293437 0.483038 0.170632 
5.617750 2.990775 0.501208 0.102518 1.286133 -0.319336 0.777880 -0.196952 0.241609 0.067972 0.362397 0.197400 
4.043003 2.504259 1.488587 0.424083 0.376104 0.002551 0.113123 0.227832 -0.145080 0.396109 0.461950 0.108716 
4.112498 2.545323 1.593096 0.721959 0.639100 -0.097099 0.155918 0.467744 -0.100248 0.274747 0.363544 0.096680 
3.879064 2.846151 1.764745 0.706219 0.561175 0.141103 0.809699 0.685442 0.055639 0.470937 0.526316 0.133763 
4.873882 2.288563 2.282885 0.115557 1.601501 0.570178 0.950531 0.941503 -0.229639 0.406882 0.450077 0.134423 
4.394274 2.503323 2.127820 0.288414 1.544593 0.945802 1.100075 1.039054 -0.606147 0.603920 0.520692 0.134041 
3.362435 2.142157 1.968223 1.538057 1.979589 1.492348 0.936037 1.035226 0.218465 0.344031 0.452716 0.086150 
3.408571 2.355534 1.562819 1.491681 1.687912 1.347375 1.108106 0.536511 0.201918 0.463292 0.290329 0.067425 
4.517776 1.878295 1.660223 0.779162 2.047642 1.314272 0.558500 1.451385 -0.093818 0.507598 0.329698 0.047072 
3.722990 2.391189 1.397379 1.313624 1.806611 1.480832 0.667010 0.758463 0.521749 0.166217 0.320318 0.079548 
3.952676 2.201138 1.444097 1.449977 1.366662 0.950093 1.259444 0.891587 0.440490 0.530697 0.286975 0.080284 
4.020825 2.235651 1.928567 0.968972 0.879610 0.567312 1.382570 0.672862 0.366058 0.467356 0.385383 0.105260 
4.124361 2.289771 1.774637 1.341564 1.255925 -0.096825 1.846425 0.834249 0.006971 0.651894 0.560846 0.156952 
3.267854 2.166009 1.772598 1.363102 0.876362 0.643410 1.120858 1.096407 0.383648 0.546715 0.472647 0.080738 
3.808949 2.132006 1.826136 1.045532 1.378716 -0.086135 0.989197 1.288181 -0.026987 0.531221 0.633319 0.148868 
3.609562 2.252971 1.936100 1.191530 1.358108 0.265739 0.728187 1.564150 0.204556 0.491296 0.565550 0.116606 
3.886610 2.678063 2.097571 0.824887 1.941016 -0.225055 0.364629 1.913175 -0.307658 0.773396 0.428075 0.100655 
