2.568085 2.014031 1.718632 1.514214 1.436328 1.162782 0.909890 0.723758 0.582984 0.430520 0.224559 0.080055 
2.532228 1.978245 1.697015 1.526701 1.430844 1.128474 0.927237 0.739756 0.564947 0.434571 0.227327 0.080015 
2.564060 1.992871 1.730967 1.569759 1.422851 1.194163 0.959282 0.745662 0.573720 0.358204 0.213899 0.080123 
2.554094 1.972731 1.722180 1.564852 1.387453 1.151962 0.830785 0.725188 0.573658 0.385798 0.240106 0.080068 
2.568563 2.000407 1.727071 1.492847 1.331641 1.150987 1.006753 0.775328 0.539802 0.432768 0.245503 0.080222 
2.552716 2.035086 1.776281 1.561782 1.345679 1.088824 0.977448 0.755586 0.548677 0.393281 0.229617 0.079912 
2.552490 1.973714 1.730795 1.610080 1.366754 1.137930 0.920751 0.732830 0.546867 0.370043 0.215367 0.080117 
2.554328 1.980816 1.707810 1.504862 1.323467 1.117652 0.925383 0.777706 0.559746 0.379849 0.223960 0.080107 
2.572143 1.991637 1.690941 1.555314 1.335675 1.174644 1.027579 0.822844 0.592997 0.376359 0.232053 0.080137 
2.529643 1.943224 1.753703 1.620031 1.350896 1.168611 0.976936 0.740064 0.567663 0.386803 0.226154 0.080253 
2.578713 2.002609 1.749036 1.528657 1.336555 1.140878 0.976059 0.720978 0.568521 0.419791 0.199892 0.079929 
2.542286 2.014186 1.703579 1.498047 1.412452 1.130478 0.962049 0.774750 0.575838 0.442330 0.238149 0.079954 
2.544898 1.999889 1.744152 1.512864 1.280859 1.176528 1.030811 0.723979 0.541243 0.412392 0.239189 0.080051 
2.502808 1.998700 1.781056 1.544662 1.386995 1.151419 0.912881 0.718417 0.559399 0.396869 0.258596 0.079976 
2.550291 1.982557 1.741791 1.532813 1.358630 1.057771 0.871406 0.775418 0.576069 0.467174 0.236060 0.080105 
2.635088 1.864197 1.423959 1.250450 1.553817 1.528460 1.071986 0.634632 0.260951 0.379554 0.332160 0.087698 
2.408253 1.676257 1.282873 1.472096 2.287858 1.509597 0.992843 0.237983 -0.033591 0.545204 0.334989 0.089493 
2.469700 1.695350 1.204340 1.172204 2.210191 1.901219 0.954119 0.274858 -0.375373 0.446481 0.481322 0.105129 
2.529810 1.716097 0.980334 0.936866 2.431521 1.891197 1.171689 0.369221 -0.296434 0.376993 0.482750 0.117400 
1.869911 2.099017 1.370010 -0.328749 3.763114 1.260390 1.114295 0.897858 -0.993194 0.601438 0.458919 0.074758 
1.266438 1.867067 1.980343 -0.663329 4.516001 0.903101 1.098785 0.583756 -0.561147 0.609317 0.295236 0.090645 
1.489978 1.392393 2.062676 -1.210659 4.532145 0.424274 1.505456 0.788888 -0.561002 0.636686 0.385908 0.097553 
1.334411 1.392091 1.718893 -1.072973 4.258182 0.815524 1.640238 0.960565 -0.355916 0.755043 0.332284 0.078009 
1.564199 1.452009 1.355482 -1.129148 3.954365 1.106509 2.109057 0.933805 -0.178721 0.802749 0.325123 0.089452 
2.076014 1.152051 0.925094 -0.587990 2.947215 1.746198 1.850765 1.234643 -0.045190 0.736436 0.359891 0.055705 
2.899692 1.213123 0.891153 -1.335213 2.862217 1.681536 1.664535 1.778842 0.381464 0.605288 0.272916 0.022895 
3.403959 1.620963 0.600990 -1.114485 2.747619 2.338963 2.328033 1.315314 0.623005 0.969404 0.010304 0.035301 
3.820693 2.006221 0.110613 -0.307630 3.025046 2.113991 1.119854 2.085772 0.802381 0.531420 0.079162 -0.038647 
4.180664 1.961696 0.076647 0.369999 2.715091 1.477825 1.453559 1.625558 0.716869 0.478863 -0.074227 -0.021257 
4.019220 2.093065 0.306356 0.738677 2.006627 1.098666 1.291442 1.030672 0.895576 0.467952 0.044657 0.000101 
4.086601 2.237489 0.403745 0.544123 1.766609 0.502266 0.509397 0.716063 0.793720 0.514728 0.386459 0.080216 
4.638839 2.295552 0.064463 0.610104 2.348764 0.184162 -0.184345 0.287120 0.825476 0.650309 0.463239 0.110172 
4.766816 2.835980 -0.085567 0.727360 2.553379 -0.061484 -0.543548 -0.201234 0.418794 0.812459 0.439731 0.118302 
4.437103 2.661592 0.367241 0.855499 1.885437 0.020446 -0.252524 -0.408186 0.230383 0.562160 0.215412 0.067876 
4.491692 2.732195 0.742191 0.713259 1.506232 0.515314 0.175272 -0.777460 -0.032537 0.120327 0.133343 0.060656 
3.903252 2.577788 1.087783 0.814731 0.835009 0.520969 -0.191552 -0.378702 -0.036257 0.048203 0.009068 0.044061 
5.598263 3.636269 -0.293649 0.371872 2.641417 -0.642135 0.282542 -0.392382 -0.072657 -0.110792 -0.231701 0.020446 
5.339843 3.305034 0.289649 0.475676 2.565374 -0.582493 0.176499 -0.430478 -0.413161 -0.085020 -0.255128 0.010013 
3.703761 2.643012 1.281996 0.853572 0.711387 0.437168 0.420149 -0.268474 -0.553052 -0.525681 -0.143043 0.017567 
4.009739 2.728706 1.184576 0.637768 1.205954 0.605400 0.336421 -0.110547 -0.627393 -0.472565 -0.266824 -0.010219 
4.853387 3.055220 0.715321 0.119730 2.217241 0.722673 0.590625 -0.167858 -1.031963 -0.451647 -0.302627 -0.005465 
4.456689 2.888162 0.802700 0.427742 1.707762 0.920455 0.737144 -0.103252 -0.838821 -0.621518 -0.321799 -0.011138 
3.620999 2.541852 1.195298 0.837117 1.511050 1.013253 0.554839 -0.505773 -0.814924 -0.371052 -0.267968 0.011337 
4.351856 2.817428 0.911648 0.440517 1.919468 1.107114 0.429220 -0.411643 -0.815783 -0.285428 -0.295093 -0.017051 
4.715904 2.704068 0.765815 0.497102 2.328507 0.933497 0.168992 -0.365302 -0.787411 -0.256290 -0.258703 -0.028931 
4.090939 2.624765 1.151311 1.118551 2.013682 0.923319 -0.076881 -0.663627 -0.535667 -0.166300 -0.219649 -0.020875 
4.523828 2.665031 1.015272 1.349995 2.343455 1.143683 -0.471168 -0.930329 -0.445999 -0.171250 -0.080159 -0.023944 
4.194449 2.666841 1.235318 1.179554 2.232813 0.985799 -0.391713 -0.903867 -0.501774 -0.114630 -0.090208 -0.009259 
4.193742 2.856595 1.052832 0.925012 2.066462 1.119064 -0.081235 -1.060191 -0.519292 -0.062660 -0.084475 0.008573 
4.322583 2.650615 1.320641 1.466202 2.404137 0.842284 -0.562670 -0.942649 -0.385372 -0.115184 -0.070509 -0.018362 
3.782685 2.568385 1.619325 1.613931 1.983784 0.764687 -0.472106 -0.802042 -0.538551 -0.129787 -0.051200 0.006729 
4.534497 3.014961 1.318489 1.491490 2.819053 0.063519 -0.556609 -0.917504 -0.602798 0.163308 -0.088930 -0.005973 
3.735773 2.759883 1.754086 1.583323 1.791471 0.289782 -0.858405 -0.810541 -0.292438 0.105756 -0.119702 0.003301 
5.623383 3.137793 1.255654 0.737880 5.073197 -0.804989 -1.377601 -0.319488 -0.753051 0.440238 -0.258643 -0.049811 
3.525405 2.641329 2.079706 1.846369 2.208808 0.045067 -1.157721 -0.851833 -0.397894 0.284979 -0.141306 -0.007314 
3.903971 2.811866 1.860263 1.930558 2.369753 -0.136737 -1.163689 -0.748233 -0.349775 0.251742 -0.101903 -0.006122 
3.876182 2.697994 1.817678 1.950711 2.240479 0.208466 -1.075983 -0.884583 -0.211708 0.140197 -0.051498 -0.005366 
4.109386 2.564370 2.041887 2.011304 2.800641 -0.071378 -1.438371 -0.649097 -0.263597 0.353848 -0.037944 -0.022380 
3.360031 2.375783 1.726900 1.546156 1.634203 0.423407 -0.675487 -0.492790 -0.195096 0.143313 -0.052475 0.036893 
3.769496 2.526701 1.707941 1.870241 2.094147 0.516650 -0.728181 -0.716444 -0.130409 0.135089 0.025709 0.017274 
3.886799 2.578999 1.579146 1.575220 2.095475 0.539020 -0.847356 -0.702008 -0.302205 0.184095 0.131238 0.043406 
3.892558 2.539322 1.714121 1.761239 1.766495 0.429647 -0.749428 -0.819485 -0.237721 0.276212 0.207844 0.065931 
3.567477 2.297534 1.232740 1.017533 1.373630 0.740922 -0.682158 -0.815042 -0.250067 0.327009 0.313582 0.111205 
3.892188 2.343517 1.400412 1.540463 1.973513 0.674525 -0.924474 -0.733007 -0.350702 0.147684 0.381572 0.098674 
3.809414 2.264370 1.224889 1.294121 1.722475 0.545156 -0.573776 -0.615909 -0.181769 0.334112 0.322611 0.100451 
3.817732 2.273190 1.154787 1.332939 1.782610 0.669143 -0.447270 -0.748638 -0.284384 0.389341 0.424094 0.120251 
3.758843 2.307141 1.137801 1.111217 1.813498 0.971429 -0.156191 -0.406033 -0.356498 0.296703 0.459297 0.131603 
3.462128 2.246822 1.336644 1.282928 1.432616 0.945472 -0.146608 -0.456676 -0.189608 0.201660 0.479182 0.124735 
3.425838 1.946148 1.395213 1.519340 1.557106 0.611507 0.066817 0.155651 -0.080064 0.369506 0.652742 0.142043 
3.102478 2.006275 1.399885 1.360469 1.401208 1.006303 0.492142 0.101052 0.017046 0.283605 0.500627 0.110229 
3.006031 2.145131 1.544359 1.356564 1.288662 0.972510 0.651726 0.525765 0.401685 0.332761 0.352884 0.090988 
2.749762 2.008586 1.600057 1.429369 1.387442 1.068133 0.790486 0.592558 0.327482 0.251384 0.231635 0.081495 
2.777615 2.060407 1.809853 1.627635 1.354460 0.842247 0.524201 0.521759 0.489852 0.473634 0.314248 0.083591 
2.623464 1.906734 1.603569 1.411436 1.187828 0.900961 0.611844 0.509545 0.443442 0.383080 0.297980 0.083599 
2.726625 2.111201 1.687173 1.340341 1.167807 1.005507 0.869766 0.661751 0.444289 0.372710 0.340514 0.083979 
2.716629 2.037905 1.639080 1.497034 1.225479 0.907820 0.735319 0.570562 0.418599 0.222466 0.185164 0.080957 
2.632916 1.918881 1.549857 1.514403 1.488543 1.260257 0.811376 0.567378 0.452410 0.350840 0.259153 0.081295 
2.681708 2.049080 1.710916 1.384509 1.169609 1.043685 0.816812 0.455146 0.278015 0.298038 0.290294 0.083156 
2.609223 1.970706 1.661072 1.485196 1.236147 1.052776 0.872842 0.614782 0.413148 0.319383 0.230594 0.080974 
2.634961 2.081779 1.739201 1.567639 1.360252 1.244577 1.084030 0.829159 0.592282 0.388020 0.235281 0.080042 
2.596133 1.964021 1.677832 1.488249 1.308932 1.018195 0.776958 0.561810 0.438780 0.389808 0.253021 0.081021 
2.585521 2.048568 1.775049 1.591650 1.454760 1.355979 1.173829 0.792418 0.483470 0.353732 0.221652 0.079984 
2.580230 1.973456 1.737613 1.649845 1.472712 1.339015 1.004280 0.667140 0.441991 0.342546 0.247939 0.080256 
2.599752 2.029723 1.687923 1.457717 1.360324 1.252054 1.052339 0.617060 0.388692 0.285553 0.266636 0.081438 
2.566189 2.014657 1.756559 1.555817 1.413500 1.225594 0.999217 0.795379 0.557294 0.410010 0.230657 0.079936 
