2.078033 0.768274 1.912012 3.050492 0.929623 1.068212 0.708028 0.529415 0.697425 0.845717 0.333790 0.012655 
2.122474 0.791760 1.382634 3.437411 0.697213 0.985086 0.965903 0.514022 0.344237 0.877933 0.587981 -0.003090 
1.781125 0.607163 1.908097 3.694886 0.614013 1.493282 0.888899 0.964568 0.507074 0.853501 0.684472 -0.016680 
2.089609 0.379212 2.392920 3.856660 0.886791 1.069724 1.718973 1.002281 0.062455 0.833870 0.483939 0.011591 
1.714474 0.516076 2.755129 3.754351 0.434976 0.791531 1.600748 0.595788 0.133060 0.899626 0.429015 -0.025426 
1.527634 0.404390 2.783290 3.994142 0.364788 1.150689 1.391914 0.589294 0.481266 0.840938 0.457328 -0.028651 
1.326660 0.950858 2.872913 3.588768 0.129564 0.916983 1.288848 0.412715 0.583776 0.859299 0.462638 -0.036817 
1.208849 0.975038 2.671586 3.586730 0.060440 1.047521 1.407522 0.697336 -0.160223 0.685068 0.619222 -0.045458 
1.355311 1.185074 2.884509 3.356072 -0.229552 0.517132 1.104449 0.787168 -0.023859 0.585260 0.620880 -0.018520 
1.192304 0.882451 2.540158 3.772817 -0.104269 0.324679 0.955108 0.773750 0.083173 0.728925 0.553221 -0.031168 
1.371264 0.868575 2.512051 3.724133 -0.010031 -0.083847 1.069665 0.359629 -0.188766 0.653315 0.420798 -0.007201 
1.610747 0.870093 2.455545 2.754314 0.059676 0.451986 0.266271 0.371748 0.727525 0.624906 0.082760 0.079963 
1.906986 1.047929 2.067651 2.627692 0.372996 0.179088 0.537601 0.249445 0.055320 0.759030 0.102881 0.062980 
3.503693 1.438675 1.209615 0.839286 0.399289 1.366431 1.407553 0.126441 0.105134 0.148564 0.146326 0.062945 
4.621896 1.419646 0.951800 0.657889 0.530430 1.003270 1.120632 0.002587 0.287645 -0.300973 0.118315 0.073148 
4.958207 1.610528 0.168947 0.646873 0.808233 0.463478 0.323443 0.013258 0.521970 -0.538506 0.056672 0.063200 
5.997887 1.306383 -0.904805 1.045761 0.071429 0.492045 -0.186579 -0.270060 0.531033 -0.298931 -0.064198 0.037173 
5.623173 1.579766 -1.002638 0.120004 0.772517 0.074455 -0.423440 -0.090212 0.341238 -0.355461 -0.047674 0.015693 
6.050035 1.444683 -1.477050 -0.078230 0.642775 0.135665 -0.584014 -0.226204 0.203975 -0.388592 -0.125751 0.007663 
6.048371 1.260103 -1.434538 -0.329232 0.847291 -0.189682 -0.642313 -0.385783 0.078596 -0.466813 -0.160082 0.011662 
5.624675 1.661417 -1.426741 -0.743483 0.828711 -0.225554 -0.706920 -0.504263 -0.166450 -0.588847 -0.159890 -0.008579 
5.562272 1.276358 -0.895618 -0.924596 0.347238 0.287700 -1.135468 -0.634504 -0.096927 -0.686818 -0.141641 0.004368 
5.918210 1.212478 -0.847997 -1.140686 0.659817 -0.201452 -0.831826 -0.844054 0.038704 -0.632745 -0.247397 -0.018003 
5.074298 1.740858 -0.874268 -0.976379 0.138503 0.003326 -0.509786 -0.817414 -0.235208 -0.692136 -0.103145 -0.022288 
4.267299 1.544779 -0.196512 -0.661120 -0.141543 -0.120887 -0.573171 -0.696067 -0.549476 -0.578837 -0.038848 -0.018188 
5.146529 1.864612 -0.896759 -0.852743 0.626000 -0.743551 -0.977378 -0.552256 -0.670410 -0.554627 -0.107965 -0.002514 
5.632311 1.835687 -1.147208 -0.801972 0.601975 -1.022581 -0.974970 -0.789360 -0.381492 -0.521358 -0.156265 -0.006938 
5.126813 2.146823 -0.875320 -0.953430 0.323655 -0.947087 -1.058875 -0.995861 -0.328340 -0.336982 -0.033597 -0.018609 
4.461919 1.748711 -0.277861 -0.729446 -0.261025 -0.836645 -1.339891 -0.769696 -0.527747 -0.360022 0.036108 -0.001378 
5.495106 2.020717 -1.051683 -1.498298 0.569598 -0.924772 -1.797379 -0.809816 -0.434684 -0.493069 -0.060125 -0.017231 
5.720134 2.153830 -1.385690 -1.701755 1.057819 -1.749157 -1.650536 -1.131980 -0.406525 -0.542879 -0.200763 -0.011117 
6.363771 2.109905 -1.563058 -2.172372 1.739107 -2.159508 -1.807749 -0.862195 -0.833868 -0.302190 -0.406021 -0.022182 
5.384522 2.095533 -1.157694 -1.415061 0.468428 -1.540859 -1.664847 -0.967352 -0.503306 -0.681710 -0.109804 0.012167 
6.385126 2.247165 -1.738551 -1.946113 1.851598 -2.308327 -1.570640 -0.968020 -0.661960 -0.248758 -0.452256 -0.007943 
5.897316 2.094912 -1.428762 -1.656738 0.989271 -1.658584 -1.706354 -0.818043 -0.459117 -0.517321 -0.248385 -0.007564 
5.962076 2.164565 -1.485359 -1.847871 1.099113 -1.634739 -1.874650 -0.598306 -0.530223 -0.461834 -0.279424 -0.026327 
5.626912 2.253192 -1.334530 -1.740705 0.706364 -1.557002 -1.536148 -0.771725 -0.219612 -0.582524 -0.189959 -0.012368 
6.228715 2.404372 -1.563673 -2.541782 1.767478 -1.995126 -1.614360 -0.917055 -0.484056 -0.280388 -0.388259 -0.051797 
4.579615 2.048362 -0.613578 -1.312468 -0.300264 -1.280770 -1.250820 -0.702473 -0.580682 -0.443833 0.026766 0.027166 
5.580496 2.129271 -1.220077 -1.645240 0.537060 -1.468649 -1.678759 -0.708735 -0.293709 -0.516780 -0.159753 -0.019041 
5.063155 2.038225 -1.106161 -1.357602 0.090870 -1.081963 -1.744230 -0.886218 -0.283405 -0.580987 -0.043600 -0.017129 
5.671638 1.983585 -1.224026 -1.470145 0.481455 -1.367448 -1.798371 -0.715377 -0.259720 -0.528497 -0.192752 -0.039407 
4.671355 1.869096 -0.715390 -0.919790 -0.538030 -1.022681 -1.462092 -0.753943 -0.303758 -0.554494 -0.029639 -0.022249 
5.142489 2.024021 -0.923213 -1.084937 -0.116960 -1.241574 -1.382035 -0.661239 0.029573 -0.495066 -0.117005 -0.056850 
5.166487 2.078503 -0.921754 -1.204962 0.068966 -1.022950 -1.395547 -0.776509 -0.181564 -0.275029 -0.058897 -0.059132 
3.935051 1.674998 -0.031897 -0.642351 -0.652183 -1.089276 -1.243436 -0.637856 -0.222644 -0.200190 -0.023376 -0.063941 
5.669018 1.903998 -0.853126 -1.088245 0.270901 -1.340603 -1.502473 -0.566239 0.111047 -0.185427 -0.148571 -0.078050 
4.740613 1.943345 -0.640851 -0.819396 -0.332361 -1.060500 -1.403187 -0.505972 0.214448 -0.224511 -0.071878 -0.084992 
4.930396 1.932648 -1.027337 -0.988195 -0.215655 -0.879718 -1.403277 -0.560855 0.300089 -0.177774 -0.026636 -0.084508 
3.800056 1.440985 -0.388300 -0.880775 -0.642644 -0.956857 -0.910870 -0.271566 0.027134 -0.107105 0.059680 -0.061870 
5.689323 1.509818 -1.690529 -1.273903 0.461824 -0.818572 -1.140575 -0.314637 0.695776 -0.177777 -0.125043 -0.082180 
5.006560 1.715030 -1.540526 -1.311221 0.127911 -0.689877 -0.672174 -0.123406 0.546395 -0.210317 0.005595 -0.063287 
4.632794 1.502840 -1.409687 -0.981547 0.246732 -0.731336 -0.911373 -0.049071 0.682054 -0.188398 0.038237 -0.069400 
5.379073 1.347810 -1.851396 -0.929381 0.523401 -0.178405 -0.844369 -0.191017 0.776368 -0.176563 -0.026916 -0.067426 
5.619072 1.306853 -2.013024 -1.204938 1.212032 -0.231888 -0.856272 0.248298 0.652796 -0.138732 -0.127891 -0.071633 
6.166081 1.137390 -2.223582 -1.144179 1.658611 -0.419509 -0.120988 -0.353012 0.922126 -0.032144 -0.187348 -0.065808 
5.444344 1.299181 -1.813460 -1.058303 1.274464 0.198225 -0.601379 -0.050449 0.631925 -0.128201 -0.067605 -0.079255 
5.661268 1.458408 -1.924093 -1.151975 1.612314 0.096492 -0.574204 -0.126453 0.660918 -0.049177 -0.067109 -0.080722 
5.950996 1.530856 -1.842543 -0.810376 1.255553 0.424179 -0.736452 -0.440745 0.867067 0.036065 -0.017561 -0.087909 
6.177730 1.755206 -1.761100 -0.814092 1.690003 -0.122959 -0.499501 -0.764948 1.021962 0.207779 -0.005087 -0.093821 
5.734951 2.017171 -1.062412 -0.663435 1.511385 0.456110 -1.043232 -0.475462 1.151948 0.246846 0.129111 -0.089009 
5.997061 2.351443 -0.706932 -0.295167 1.515070 0.799071 -1.063443 -0.680996 1.386792 0.243360 0.119686 -0.098667 
5.452985 2.350548 -0.272968 -0.051051 1.784381 1.355884 -0.681739 -0.122648 1.084633 0.045320 0.105488 -0.059802 
4.934823 2.396621 0.813714 -0.108043 1.229936 1.530921 0.205591 0.629877 0.729743 -0.108664 0.084452 0.003560 
4.574469 2.476271 0.617141 0.038265 1.213832 1.451619 0.783031 1.010591 0.734533 -0.256816 0.090869 0.009089 
4.552156 2.409292 0.802439 0.131520 0.917628 1.384926 1.263917 0.931041 0.695716 -0.333121 0.137826 0.042287 
5.103306 2.647178 0.652975 -0.245987 1.687831 0.952033 0.832342 0.870884 1.063714 -0.277235 0.155835 0.046138 
5.397606 2.548371 0.531715 -0.448446 1.962857 1.003243 0.637412 0.447050 1.313649 -0.371609 0.166800 0.076213 
5.132112 2.579877 0.589557 0.061462 1.935737 1.133221 0.356072 0.590551 1.106833 -0.266463 0.190970 0.044464 
4.669793 2.764986 0.556739 -0.068263 1.927080 1.190695 0.752707 0.580064 0.853412 -0.106642 0.159701 0.006297 
4.978847 2.692469 0.491240 -0.066502 1.963591 0.754620 0.904846 0.619286 0.685328 -0.195210 0.074141 0.028115 
4.999391 2.709837 0.612820 -0.157799 1.883045 0.902777 0.769828 0.493157 0.740715 -0.115027 0.102142 0.024600 
4.842262 2.869801 0.628705 0.010132 1.538968 0.632885 1.200493 0.711252 0.375268 -0.238232 0.073025 0.048031 
4.688656 3.003663 0.749533 0.408640 0.765027 0.563226 1.387667 0.537045 0.052521 -0.204881 0.150016 0.072512 
4.417412 2.932694 1.140651 0.357049 0.528683 1.038963 1.231953 0.485967 -0.084937 -0.171230 0.109252 0.046419 
4.923751 3.088436 1.176422 0.360934 0.849365 0.584301 1.534771 0.442475 -0.141490 -0.360774 0.067828 0.062493 
4.623886 2.949179 1.364333 0.331346 0.884628 1.056527 1.166869 0.188480 -0.043804 -0.158867 0.043682 0.033169 
4.638335 2.782811 1.146502 0.622566 1.145959 1.277613 0.911157 0.347493 0.051315 -0.241889 0.061586 0.035075 
4.383858 2.776995 1.182881 0.578997 0.827384 1.154053 1.265772 0.397991 -0.180791 -0.085874 0.046251 0.035144 
4.643795 2.381425 0.967710 0.658966 0.899395 1.062576 1.021635 0.431184 0.047984 -0.130375 0.096289 0.050055 
3.626909 2.247215 1.069077 0.570586 0.979133 1.075818 1.078264 0.732347 0.191738 -0.094053 0.151292 0.032466 
3.705391 2.550003 1.234699 0.614677 0.673449 0.893722 1.086756 0.737333 0.316913 -0.052338 0.130412 0.015169 
3.706038 2.563964 1.321150 0.902860 0.932852 0.928021 0.740397 0.265823 0.018449 -0.193345 -0.021283 -0.006161 
3.991366 2.679281 1.445226 0.767736 0.839087 0.947635 0.711023 0.322276 -0.175568 -0.263683 -0.026993 -0.011150 
3.871214 2.529829 1.011563 0.689496 1.448886 1.146841 0.585559 -0.166601 -0.571065 -0.405586 0.007426 0.009417 
