4.175859 2.967669 1.470417 1.120765 0.192786 -0.361237 0.119663 0.107238 0.013990 -0.504533 -0.126413 -0.003756 
5.134139 3.340134 1.164890 0.556225 1.524132 -0.981552 -0.004288 0.363987 -0.405816 -0.437765 -0.216240 0.017434 
3.851335 2.713731 1.678051 0.698513 0.430054 -0.454167 -0.154295 0.082606 -0.272972 -0.249001 -0.167488 -0.000996 
5.368349 3.415166 0.947722 -0.356850 2.418832 -1.333239 -0.437470 0.781740 -0.288170 -0.416845 -0.395833 -0.053980 
5.508399 3.489677 0.730301 -0.358578 2.448778 -1.591816 -0.579807 1.049878 -0.410864 -0.402928 -0.512030 -0.068240 
5.947767 3.396323 0.823881 -0.926653 3.012294 -2.210554 -0.540460 1.292831 -0.496712 -0.359786 -0.745329 -0.079614 
6.102044 3.059721 0.759293 -0.815402 2.619145 -2.019619 -0.875120 1.537752 -0.615017 -0.446375 -0.674105 -0.089051 
5.165443 2.924219 0.483097 -0.418240 1.518992 -1.203732 -0.591355 1.015819 -0.587425 -0.568425 -0.423690 -0.055294 
5.468399 2.657712 0.797166 -0.652058 1.632446 -1.247082 -0.529419 1.184416 -0.574823 -0.732831 -0.454228 -0.064013 
5.477498 2.711920 0.500023 -0.264236 1.339489 -0.959174 -0.589087 1.037023 -0.557157 -0.765727 -0.431390 -0.046310 
6.565931 2.020654 1.148399 -0.960276 1.964539 -1.399844 -0.415048 1.347336 -0.871475 -0.747373 -0.481193 -0.046979 
4.676708 2.750211 0.751048 -0.057143 0.650931 -0.416497 -0.100805 0.534370 -0.517346 -0.654960 -0.229211 -0.022229 
5.500753 2.451970 1.009199 -0.005872 0.892870 -0.536469 -0.182549 1.215137 -0.783945 -1.009223 -0.300188 0.002771 
5.070774 2.240239 0.857079 0.564814 1.174294 -0.434985 0.005280 1.133098 -0.681519 -0.900036 -0.318942 0.006863 
5.781184 1.660443 1.338325 0.261770 1.963243 -0.571371 -0.117326 1.784220 -1.042791 -0.844028 -0.282369 -0.025572 
3.987653 2.169570 0.936226 1.037738 1.232678 0.123043 0.401715 0.487302 -0.560681 -0.660937 -0.201190 0.016739 
4.465319 2.323667 1.430839 1.282983 1.765014 -0.452801 0.110852 0.813021 -0.584350 -0.877156 -0.178287 0.032020 
5.034855 2.703357 1.620529 0.440665 2.250208 -0.337105 0.291945 1.181118 -1.048691 -1.134000 -0.230178 0.029168 
4.224190 2.727790 1.615619 1.076929 0.892031 0.110012 0.391883 0.245062 -0.442772 -0.969997 -0.049452 0.010068 
4.450932 3.132963 1.051514 0.837784 1.587249 0.140139 0.013268 0.282287 -0.529928 -0.765126 -0.122294 -0.000698 
4.136415 2.844820 1.597599 1.266567 1.384331 0.084722 -0.063944 0.194607 -0.518300 -0.546896 -0.100111 0.000535 
4.918191 2.772192 1.635972 1.980175 2.427317 -0.053412 -0.475481 0.522515 -0.460998 -0.445911 -0.148620 0.009531 
3.633693 2.736058 2.409745 1.836445 1.707855 0.297929 -0.208043 0.297561 -0.027911 -0.330906 -0.178001 -0.024229 
4.762140 3.036181 1.811343 2.039159 3.208108 -0.108519 -0.335607 1.111310 -0.574328 -0.296786 -0.281343 -0.030620 
4.054508 3.095866 1.879298 1.818920 2.904798 0.342455 0.035734 0.679961 -0.159840 -0.617307 -0.115023 -0.032514 
4.087630 3.334534 2.191440 1.490109 3.076864 0.741785 -0.091857 0.680766 -0.378559 -0.637855 0.031068 -0.039987 
3.912518 3.378647 2.450783 2.108025 3.011788 0.867846 -0.248611 0.693549 -0.007747 -0.801961 0.233865 -0.024050 
4.028422 4.026226 2.218316 1.741145 3.484126 1.072416 -0.475045 1.007027 -0.353947 -0.880061 0.313232 -0.077981 
3.860014 3.591443 2.469858 1.672096 3.288554 0.931238 -0.404516 0.662386 -0.398918 -0.476750 0.265913 -0.038289 
4.104201 3.877693 2.186325 1.279402 3.754587 1.107363 -0.808310 0.960087 -0.384567 -0.635230 0.334209 -0.087033 
4.566075 3.722691 2.427500 0.771606 4.178896 1.098694 -0.678409 1.085263 -0.508700 -0.724076 0.246078 -0.098162 
4.826449 3.765296 2.182919 0.765353 4.321206 1.391348 -0.730021 1.242908 -0.399968 -0.888948 0.174245 -0.127728 
3.819035 3.238519 2.864123 1.140409 2.654136 1.802513 0.113118 1.201935 -0.417671 -0.719771 0.247071 -0.063496 
3.495773 3.085084 2.864055 1.410206 2.202933 1.677498 0.241281 0.919783 -0.181888 -0.449456 0.121156 -0.058618 
3.423807 3.073013 2.782377 1.601323 2.107708 1.697186 0.479088 0.882823 -0.087736 -0.526834 0.069684 -0.060012 
3.713921 3.230886 2.695216 1.415579 2.252248 1.809040 0.220766 1.089804 0.091751 -0.601471 0.066609 -0.068822 
4.043227 3.391377 2.566910 1.310079 2.544279 1.963891 0.012717 0.888772 0.256435 -0.858232 0.131018 -0.070238 
3.623542 2.959750 2.395807 1.735718 2.043161 1.656464 0.160319 0.614848 0.228846 -0.566955 0.054284 -0.053319 
3.263116 2.685772 2.071300 1.372989 1.532802 1.200403 0.453817 0.599662 0.080037 -0.352453 0.007856 -0.060422 
3.708011 2.740725 2.243417 1.459630 1.688557 1.480703 0.042664 0.850584 0.155426 -0.677612 0.060322 -0.052269 
4.477224 2.881255 1.716046 0.717565 2.013083 1.299110 -0.107909 1.075584 0.401346 -1.178459 0.019005 -0.058235 
3.835496 2.526741 1.424284 0.994289 1.856555 1.547414 0.841130 1.108904 0.186050 -0.886656 -0.141000 -0.074684 
3.540165 2.358527 1.188568 0.805605 1.601045 1.426055 0.948018 0.634119 -0.085174 -0.338964 -0.111412 -0.063687 
3.946583 2.279035 0.898222 1.082946 1.846302 1.693341 1.316959 1.060592 0.053941 -0.633888 -0.172492 -0.045244 
4.153782 2.679745 1.243028 0.522458 1.337204 1.688188 1.274610 1.078041 0.315497 -0.670135 -0.094512 -0.048576 
3.560296 2.719427 1.714338 0.650769 0.686931 0.965751 1.078778 0.961125 0.267889 -0.196468 -0.018998 -0.042909 
3.325886 2.489322 1.657539 0.940908 0.943682 0.734007 0.618398 0.784979 0.789067 0.479908 0.090873 0.015493 
3.909304 2.903188 1.685908 0.662743 0.788405 0.859175 0.852355 1.336572 0.805200 0.417642 0.194861 0.025756 
4.097573 2.974141 1.617214 1.022737 1.158465 1.026054 0.861051 1.299916 1.421827 0.367699 0.018496 -0.024437 
4.013741 3.112628 1.799100 0.925193 1.149545 1.309761 0.745216 1.215899 1.086521 0.315774 0.014003 -0.016547 
4.056776 2.914811 1.748777 0.890006 1.497428 1.700686 1.092571 1.445941 1.200192 0.145761 -0.051615 -0.030434 
4.360562 3.205237 1.590871 0.448606 1.886618 1.878498 0.771838 1.872034 1.106425 0.054544 -0.043178 -0.069809 
4.138586 3.031081 1.833949 0.463029 1.729180 1.843844 1.144002 1.664190 0.992438 0.140873 -0.084235 -0.045138 
4.023357 2.817569 1.721107 0.589807 1.544533 1.639667 1.117685 1.695544 1.012178 0.218882 -0.087195 -0.034437 
4.107098 3.010147 1.641771 0.348201 1.824911 1.591129 1.138507 1.492823 1.218813 0.333431 -0.084469 -0.042043 
3.830324 2.872368 1.617018 0.958855 1.336876 1.317947 1.122705 1.397500 0.894506 0.393523 -0.033023 -0.003304 
3.800837 2.784211 1.517309 0.986962 1.482046 1.414984 1.422914 1.262594 0.876171 0.362629 -0.088710 -0.010365 
3.627174 2.781057 1.767086 1.087503 1.390436 1.711298 1.811741 1.497985 0.671243 0.057575 -0.148473 -0.016274 
3.877343 2.859264 1.670796 0.849916 1.596706 1.981120 1.748076 1.334549 0.812870 -0.005442 -0.121419 -0.016826 
3.775732 2.917275 1.811032 1.038901 1.505138 1.843125 1.749167 1.733691 0.833189 -0.059966 -0.197033 -0.033880 
3.716212 2.860664 1.718452 0.881632 1.377030 1.659114 1.586909 1.762053 0.811931 0.044459 -0.114036 -0.016857 
3.542816 2.509806 1.674952 1.087615 1.324737 1.338799 1.551361 1.550410 1.011867 0.267125 -0.137021 0.001762 
3.231708 2.222803 1.437788 1.055738 1.195323 1.308447 1.215188 1.152567 0.967663 0.430278 0.048444 0.044536 
3.239998 2.366531 1.466136 0.945448 1.076009 1.302901 1.180843 1.058519 0.974461 0.594286 0.193619 0.064771 
3.213474 2.665164 2.177571 1.520915 1.115914 1.204456 0.987238 1.028182 0.881754 0.416872 0.199206 0.071502 
3.280778 2.543866 2.041111 1.554128 1.506195 1.377031 1.262718 1.132985 0.866382 0.370417 0.204268 0.068591 
3.184246 2.529672 2.165610 1.695885 1.864644 1.773690 1.439515 0.794760 0.595650 0.278724 0.100091 0.059587 
3.212660 2.619309 2.174865 1.648698 1.492809 1.575435 1.133883 0.973599 0.583176 0.363484 0.193634 0.066192 
3.198575 2.591943 1.910048 1.523790 1.532755 1.445045 1.330178 0.746485 0.661614 0.249743 0.277090 0.074991 
3.051597 2.391217 1.871720 1.329046 1.369538 1.576351 1.352199 0.906281 0.667268 0.325579 0.231502 0.074973 
3.002044 2.250642 1.711076 1.216056 1.289374 1.206410 1.036346 0.760084 0.800935 0.479013 0.337691 0.085248 
2.834017 2.043649 1.418664 1.391695 1.086407 1.175494 0.732025 0.553704 0.746500 0.415799 0.295649 0.081682 
2.829252 2.216786 1.750127 1.260856 1.220206 0.880529 0.847684 0.613120 0.736670 0.332695 0.196251 0.079181 
2.865946 2.101475 1.552114 1.370585 1.349697 1.223935 0.953757 0.574681 0.516351 0.324648 0.242380 0.081130 
2.748475 1.986204 1.718498 1.554604 1.576510 1.301100 1.053001 0.577475 0.610914 0.451513 0.392167 0.084694 
2.711313 2.072478 1.779285 1.502247 1.149936 1.306352 1.158599 0.921146 0.466342 0.328092 0.269280 0.078446 
2.616811 2.059048 1.562340 1.524282 1.109525 1.102794 1.362172 0.931853 0.764681 0.349533 0.164726 0.074960 
2.777818 2.144754 1.831660 1.383023 1.325983 1.277131 1.131172 0.656810 0.549019 0.319512 0.306539 0.082073 
2.733403 2.055060 1.541685 1.456236 1.394936 1.219590 1.024013 0.451255 0.466820 0.367552 0.315754 0.084055 
2.644875 1.985682 1.452653 1.428270 1.286808 1.100110 1.044449 0.619542 0.485502 0.395771 0.366363 0.083549 
2.637266 2.089100 1.619968 1.254783 1.151699 1.088762 0.890312 0.747497 0.559297 0.383724 0.295838 0.080520 
2.647733 2.015815 1.540898 1.396776 1.334087 1.102313 0.840104 0.548190 0.625566 0.427952 0.246451 0.080578 
2.602757 2.001034 1.819333 1.520052 1.524298 1.242465 0.854369 0.689644 0.505224 0.379988 0.211940 0.079035 
2.668348 2.046449 1.770126 1.608024 1.437475 1.561288 1.066359 0.712161 0.416051 0.370926 0.225751 0.082173 
2.665514 2.010871 1.641094 1.563000 1.369509 1.136734 0.822728 0.660760 0.594396 0.404692 0.234721 0.080364 
