2.936983 2.299857 1.043331 0.717168 1.204657 -0.620658 0.610969 -0.800976 1.429049 -0.243946 -0.159741 0.063212 
2.477412 2.940832 0.481734 1.391991 0.810475 -0.489546 0.353080 -0.650153 1.769281 -0.414884 -0.073480 0.013719 
2.446669 2.827130 1.069959 1.778206 1.044997 -0.570607 0.610510 -0.709627 1.841256 -0.430990 0.037269 0.027855 
2.205303 2.807729 0.861346 1.580698 1.264694 -0.436224 0.916520 -0.446059 1.865900 -0.304011 0.107170 0.041833 
2.237649 2.386433 0.459478 2.325647 0.663336 0.166308 1.642731 -0.314167 1.891754 -0.140358 0.119332 -0.003432 
2.215151 2.608117 0.606760 2.933779 0.288488 -0.536072 1.768597 0.030593 1.746676 0.370939 0.011432 0.041159 
2.170641 2.414406 0.291691 2.758307 0.497641 -0.897113 1.721021 -0.156385 2.004392 0.446120 -0.008150 0.039418 
2.021911 2.364531 -0.015192 2.360279 0.448358 -0.570688 2.007030 0.035426 1.904321 0.394163 0.028374 0.024863 
1.742649 2.605760 0.053627 2.052970 0.912927 -0.884636 2.202289 0.477648 2.070102 0.486462 0.172759 0.051688 
1.375376 3.147535 0.503018 1.572398 1.713564 -1.134540 2.042838 0.650172 1.730831 0.345813 0.252358 0.075374 
1.105635 3.124336 1.318779 0.984953 1.506918 -0.785451 1.826260 0.750346 1.168931 0.256155 0.331986 0.053546 
0.758616 2.969294 1.456728 1.893890 2.167261 -1.398740 1.125976 1.187851 0.607399 -0.199254 0.442408 0.034216 
0.353527 2.980209 1.447290 2.325762 2.072472 -2.057274 1.093461 1.267982 0.430553 -0.443123 0.557095 0.032962 
0.216319 2.403044 1.409713 1.678258 1.840528 -1.945661 0.700844 1.276880 0.563181 -0.567203 0.754432 0.002930 
-0.138818 2.481007 1.241150 1.673724 2.043721 -1.912925 0.864030 1.353759 0.935435 -0.489747 0.541095 0.037178 
-0.259688 2.579588 1.504965 1.428041 2.556494 -2.091415 0.316338 1.586386 1.113343 -0.297347 0.475878 -0.000721 
-0.790639 2.152243 1.331364 1.394840 2.403451 -1.668585 0.828658 1.791441 0.964275 -0.267302 0.555408 -0.012024 
-0.560487 1.607739 1.024788 1.543974 1.913455 -1.827284 1.298424 1.588092 1.208957 0.137937 0.496078 -0.061695 
-0.860877 1.246833 1.358930 1.467145 1.060891 -2.185031 1.443835 1.142955 0.968773 0.406727 0.612884 -0.051385 
-0.976878 0.866826 1.709196 1.443740 0.136887 -1.205425 2.401294 0.822771 0.867318 0.668812 0.451413 -0.110596 
-1.279489 0.094325 1.961829 1.205816 -0.861199 -1.223218 2.518667 0.506631 0.941074 0.760627 0.525330 -0.081940 
-1.437358 -0.084553 2.917232 1.039001 -1.430963 -0.283403 2.629999 0.268672 0.791705 0.559910 0.449413 -0.028104 
-1.332405 -0.910805 3.086323 1.477482 -1.745180 0.329822 2.568463 0.210187 0.853027 0.405380 0.372441 -0.052508 
-0.915314 -1.500864 3.310797 1.733084 -0.960822 0.353248 2.650124 -0.184894 1.011254 0.290084 0.305711 -0.010031 
0.001307 -0.662968 4.093127 2.815085 -0.375597 1.179491 2.235679 -0.504192 0.925668 0.302823 0.215247 -0.030180 
1.396743 0.223360 3.510051 3.281934 -0.941769 1.238646 1.195186 -0.965585 0.221296 0.378486 0.082339 -0.109900 
2.738575 1.286441 2.456112 2.711040 -0.459240 0.263063 0.694058 -0.942638 -0.105175 0.009051 0.206459 -0.074739 
3.688163 1.740875 2.476966 2.129351 -0.034450 -0.416128 0.390211 -1.419994 0.052993 -0.061653 -0.040675 -0.057881 
4.327255 2.164804 1.817675 1.022369 1.225345 -0.588436 -0.828882 -1.212540 0.613972 -0.600374 -0.130177 -0.025282 
4.859794 2.048987 1.353795 0.986736 1.313218 -0.635578 -0.957954 -1.489965 0.748011 -0.701973 -0.208346 -0.029830 
5.055559 2.134097 0.986159 0.701668 1.414955 -0.613171 -1.012570 -1.546199 0.608613 -0.628907 -0.219015 -0.054727 
5.038269 2.252931 0.648821 0.425059 1.111227 -0.585990 -1.228390 -1.217245 0.130377 -0.731905 -0.181950 -0.054638 
5.624002 2.133193 0.407000 0.477647 0.663244 -0.473651 -1.326423 -1.469774 0.202055 -0.911026 -0.304730 -0.048070 
6.213413 2.264481 0.075850 0.232381 0.783053 -0.939386 -0.532537 -2.247943 0.371002 -1.034945 -0.437997 -0.062745 
5.992773 2.679355 0.119366 -0.232003 0.613136 -0.865258 -0.716717 -1.682300 0.012812 -1.177543 -0.378517 -0.051530 
5.392943 2.776807 0.519519 -0.359912 0.057837 -0.778684 -0.509594 -1.295786 -0.534777 -1.058049 -0.250989 -0.027528 
5.325620 2.781968 0.344810 -0.469430 -0.191508 -0.697553 -0.452056 -1.093553 -0.764663 -0.997922 -0.270453 -0.037872 
4.797471 2.856812 0.404369 -0.579804 -0.675466 -0.569714 -0.364452 -0.917140 -0.960054 -0.946817 -0.261530 -0.051187 
4.527364 2.640994 0.636368 -0.754444 -0.767283 -0.407363 -0.481458 -0.864499 -0.908409 -0.869161 -0.274444 -0.063654 
4.812471 2.698007 0.268384 -0.801745 -0.670353 -0.544920 -0.331943 -0.854389 -0.860399 -0.907679 -0.312179 -0.069376 
4.885984 2.686882 0.252611 -1.089014 -0.876106 -0.487373 -0.344714 -0.708406 -0.946628 -0.969587 -0.323718 -0.067220 
4.623371 2.616894 0.064550 -1.028108 -0.984302 -0.558585 -0.110435 -0.800545 -0.953271 -0.833642 -0.283173 -0.063232 
4.495597 2.490232 0.062462 -1.260569 -0.893231 -0.338811 -0.387894 -0.697907 -0.804214 -0.619028 -0.245646 -0.066732 
4.742022 2.577072 -0.248390 -1.345661 -0.769329 -0.406964 -0.316318 -0.761627 -0.413245 -0.479088 -0.228815 -0.082615 
4.974577 2.411971 -0.527718 -1.547181 -0.657037 -0.430735 -0.322659 -0.275808 -0.278763 -0.575999 -0.217727 -0.081841 
5.177373 2.352738 -0.736461 -1.701481 -0.646214 -0.334956 -0.284661 -0.121961 -0.182783 -0.471562 -0.173669 -0.073306 
5.096931 2.202729 -1.040538 -1.759558 -0.575305 -0.319024 -0.123073 0.096367 0.024074 -0.525401 -0.136008 -0.062915 
5.108288 2.056417 -1.173575 -1.907010 -0.314774 -0.348277 0.139393 0.309040 0.094711 -0.485060 -0.104642 -0.043082 
5.084869 2.077753 -1.070649 -1.846504 -0.243692 -0.242946 0.304056 0.434160 0.258507 -0.398834 -0.053613 -0.033351 
4.949521 2.069576 -1.218472 -1.759458 -0.071741 0.122251 0.287615 0.708211 0.283494 -0.336376 -0.025893 -0.029727 
4.741371 1.957429 -1.064343 -1.401243 -0.353536 0.292864 0.573225 0.756866 0.362945 -0.367531 0.021474 -0.009379 
4.598284 1.850119 -0.725711 -1.421110 -0.440747 0.328673 0.791331 0.860980 0.237822 -0.378282 0.044776 0.004222 
4.781707 2.006483 -1.039268 -1.378477 -0.234896 0.370935 0.647589 1.004701 0.428577 -0.440685 0.023799 -0.002214 
4.576220 1.979421 -0.892321 -1.335097 -0.232195 0.510030 0.675911 0.637243 0.580282 -0.347511 0.099883 -0.004881 
4.451328 2.049494 -0.759570 -1.290886 -0.183764 0.344296 0.607273 0.590872 0.483103 -0.116591 0.162724 0.001573 
4.435167 2.062652 -0.604535 -1.061395 0.012205 0.221852 0.265200 0.502539 0.628925 0.145717 0.244760 0.004338 
4.310959 2.135670 -0.320768 -0.875304 0.112693 0.214064 -0.013190 0.349825 0.705011 0.372140 0.310151 0.004489 
4.255020 2.176174 -0.023971 -0.713403 0.140913 0.140571 -0.080874 0.163612 0.603153 0.576892 0.303075 0.004437 
4.136288 2.394102 0.300932 -0.484791 -0.038333 -0.081420 -0.153303 0.117413 0.667604 0.539405 0.216161 -0.002666 
3.926378 2.711383 0.794786 -0.268467 0.162623 0.084473 -0.173698 -0.156133 0.361248 0.331100 0.183072 0.026950 
3.652026 2.516784 1.432900 0.763490 0.505398 -0.039691 -0.079826 -0.268402 0.113788 0.377501 0.147410 0.037634 
3.784327 2.751019 1.751267 1.157996 0.730662 0.160015 0.038269 -0.296432 -0.140385 0.210217 0.362495 0.085373 
4.079353 2.844101 1.941200 1.035217 0.763879 0.426093 0.432175 -0.419429 0.187196 0.318486 0.334221 0.090373 
3.967836 2.914524 1.637493 0.903712 0.716705 0.658156 0.791076 0.411706 0.215754 0.115164 0.258484 0.053415 
3.964928 2.903607 1.804342 1.073125 0.610447 0.924679 0.876040 0.515173 0.254674 -0.063051 0.256389 0.042436 
4.127212 2.980167 1.779778 1.038531 0.818341 0.959155 0.995012 0.702781 0.352880 -0.157538 0.201087 0.031987 
4.179219 2.891014 1.730195 1.108881 1.089124 1.002798 0.833977 0.727177 0.210242 0.029066 0.197357 0.040462 
3.916536 2.783465 1.978190 1.351768 1.022342 1.074252 0.897316 0.262933 0.330916 0.257126 0.225356 0.044701 
3.914945 2.973799 2.197446 1.150169 0.894288 0.692219 0.727465 0.204129 0.147750 0.080573 0.387625 0.077296 
4.185717 3.095596 2.083922 1.071300 0.531113 0.355428 1.039669 0.524383 -0.020415 -0.038790 0.342648 0.071902 
3.982485 3.123421 1.842607 0.825994 0.843146 0.412050 1.048728 0.530385 0.159675 -0.076057 0.267869 0.047499 
3.893540 3.157384 1.904210 0.503562 0.614042 0.685601 1.043749 0.138269 0.090474 0.045446 0.230512 0.054500 
3.951644 3.027673 1.856284 0.789429 0.496087 0.460708 0.931999 0.333581 0.046113 -0.091987 0.255134 0.053698 
4.021520 3.082985 1.912020 0.450813 0.363930 0.305828 0.581517 0.031851 -0.181306 -0.036864 0.238300 0.070622 
4.127213 3.023966 1.657685 0.605409 0.387720 0.072066 -0.101954 -0.207448 -0.231638 -0.079179 0.242000 0.078172 
3.878214 2.766328 1.497474 0.874584 0.233553 -0.145378 -0.593738 -0.569099 -0.181634 -0.083700 0.302608 0.085284 
3.948776 2.759254 1.394931 0.306111 -0.030133 -0.291407 -0.538176 -0.523134 -0.476818 -0.115142 0.257746 0.082904 
4.411445 3.004543 1.214140 0.080552 0.142025 -0.467728 -0.567343 -0.719077 -0.595073 -0.235510 0.226906 0.091117 
5.018998 2.977477 0.708601 0.175105 0.140762 -0.359780 -0.754655 -0.983119 -0.491202 -0.352243 0.195008 0.095251 
4.223366 2.716629 0.802906 -0.008921 -0.046830 -0.503657 -0.826162 -0.973708 -0.532958 -0.239617 0.214018 0.074205 
3.835520 2.308287 0.839201 -0.044523 -0.155393 -0.558138 -0.741331 -0.750723 -0.476779 -0.214543 0.188822 0.057805 
4.020500 2.212615 0.585391 -0.101161 -0.013897 -0.278228 -0.633468 -0.714111 -0.452443 -0.212366 0.133648 0.047485 
4.509821 2.194777 0.200114 -0.029016 0.333407 -0.090512 -0.789566 -0.662072 -0.213844 -0.322010 0.091581 0.036358 
4.866058 2.084569 -0.331013 -0.097462 0.714505 0.086789 -0.906927 -0.603660 0.039057 -0.295454 0.041647 0.009726 
4.118899 1.658866 -0.167257 -0.011398 0.640748 -0.041356 -0.752623 -0.468673 0.041735 -0.061321 0.011190 -0.008013 
