2.766302 2.065229 2.010165 1.776597 1.317825 1.097190 1.431317 0.845804 0.723254 0.577593 0.117273 0.077906 
2.746392 2.180737 1.920341 1.685835 1.450054 1.122376 1.129320 0.863215 0.507097 0.409545 0.230811 0.078541 
2.752231 2.125316 1.769124 1.594655 1.216624 1.225734 0.911905 0.795982 0.590560 0.467190 0.256415 0.079296 
2.776062 2.141782 2.067576 1.468988 0.991690 1.218191 1.527395 0.836884 0.603874 0.502277 0.205103 0.075950 
2.708454 2.154766 1.799042 1.145034 0.854937 1.476908 1.842517 1.331853 0.726235 0.332263 -0.023020 0.060194 
2.662331 2.001335 1.773896 1.322796 1.275091 1.379238 1.103472 1.177368 0.664366 0.178731 0.141726 0.074430 
2.749252 2.022008 1.612792 1.324324 0.970043 1.240841 1.290821 1.034956 0.657810 0.204139 0.107235 0.067879 
2.703810 1.899048 1.358464 1.113060 1.438209 1.555027 1.400945 1.465232 0.644551 0.187232 0.185037 0.072467 
2.666036 2.001752 1.691687 0.918363 1.272010 1.546174 1.671599 1.280382 0.633747 0.275416 0.074819 0.068076 
2.646335 1.771453 1.631461 0.979556 1.009745 1.472382 2.014758 1.680826 0.479111 0.294668 0.086288 0.057488 
2.857392 1.806837 1.518786 0.937511 0.721515 1.414443 1.875675 1.283940 0.522354 0.410411 0.036240 0.050978 
2.765606 1.579762 1.494744 1.148696 1.005160 1.289894 1.930908 1.283757 0.406184 0.419719 0.098079 0.061784 
2.811224 1.691729 1.193393 0.978908 0.864986 1.483280 1.666645 1.250418 0.578720 0.281766 0.135907 0.062297 
2.953923 1.848029 0.989299 0.550498 0.855316 1.576637 1.915099 1.439804 0.623967 0.192721 -0.093673 0.040506 
3.422923 2.119031 0.762122 -0.000055 0.869520 1.216345 2.085959 1.625551 0.618957 0.186109 0.041404 0.033195 
3.658265 2.376826 0.662850 -0.251239 0.416033 1.258130 2.054191 1.363508 0.546411 -0.058891 0.007354 0.028207 
3.561275 2.115786 0.528626 -0.143490 0.370390 1.093631 1.501032 1.042388 0.274601 -0.012682 0.094917 0.063906 
4.878746 3.024709 0.414683 -0.883703 0.111714 1.090983 1.441316 1.130408 0.370274 0.036185 0.114497 0.070463 
4.155546 2.256353 0.704050 -0.481029 0.200919 0.737310 1.362765 1.147962 0.213129 0.047986 0.099916 0.043035 
4.759737 3.377557 0.502997 -0.796351 -0.043346 0.784547 1.685317 1.103161 0.274694 -0.026161 -0.001259 0.020272 
4.477688 3.104511 0.843506 -0.658726 0.002676 0.531702 1.782616 0.856219 0.193992 -0.120238 0.003661 0.008017 
4.896452 3.321879 0.628658 -0.609704 0.204561 0.168083 1.675807 0.870288 0.289456 -0.203951 -0.007809 0.010739 
4.412966 2.746281 1.064537 -0.230006 0.341719 0.609969 1.148376 0.777156 0.001171 -0.137337 0.015883 -0.003233 
4.957222 3.200455 0.689038 0.041517 0.054186 0.064818 1.206617 0.708815 0.167675 -0.279558 -0.016969 -0.006127 
5.191284 3.003296 0.732342 0.276659 0.390639 -0.188935 1.046248 0.844730 0.038638 -0.453901 -0.139391 -0.019231 
5.125178 2.819220 0.604470 0.442855 0.484665 -0.276044 0.895126 0.988938 -0.232040 -0.714500 -0.198202 -0.008223 
5.310400 2.612881 0.518001 0.429249 0.881449 -0.366982 1.039259 1.011347 -0.414181 -0.816359 -0.328664 -0.011595 
5.261035 2.598017 0.516904 0.591842 1.031004 -0.486259 1.302961 0.924786 -0.502056 -0.981800 -0.411877 -0.013832 
5.351462 2.841987 0.502948 0.414714 1.491576 -0.906941 1.427023 0.955636 -0.709898 -0.984687 -0.508274 0.006613 
5.351190 2.954457 0.859253 0.053259 1.769855 -1.260969 1.787603 1.014543 -0.943566 -0.840159 -0.579593 0.014825 
5.760045 3.016489 0.771182 -0.185372 2.437425 -1.730999 1.758104 0.867828 -0.987921 -0.750270 -0.735513 0.056175 
5.772831 3.125235 0.394510 -0.024274 2.361529 -1.769193 1.706703 0.596292 -0.855434 -0.788729 -0.713574 0.070030 
5.315273 2.922527 0.391332 0.181040 1.979671 -1.214053 1.165811 0.628200 -0.661791 -0.930721 -0.555292 0.020322 
5.815716 2.582791 0.515224 0.102424 2.293606 -1.464797 0.813925 0.946983 -0.624977 -0.905284 -0.652862 0.024134 
6.189995 2.403984 0.154277 0.087659 2.864341 -1.868263 0.774007 0.703735 -0.338357 -0.724578 -0.808773 0.035563 
5.725237 2.389503 0.102617 0.374599 2.562397 -1.633858 0.584423 0.751228 -0.210537 -0.749425 -0.703260 0.010629 
5.746615 2.098079 0.082989 0.426884 2.270444 -1.430067 0.466624 0.755394 -0.211788 -0.640375 -0.623700 -0.014506 
5.436578 2.544819 -0.393737 0.409607 2.227666 -1.770006 0.678356 0.676696 -0.198607 -0.572235 -0.667991 0.010091 
4.083850 1.979933 0.721066 0.180589 0.837148 -0.155891 0.192265 0.440975 -0.512316 -0.514171 -0.262921 -0.019723 
5.643458 2.249716 0.207462 -0.315198 1.677410 -1.613133 0.781183 0.948541 -0.579920 -0.547885 -0.492585 0.028778 
5.266414 2.200474 0.594328 -0.358905 1.604729 -1.461389 0.947959 0.923203 -0.588132 -0.610222 -0.459114 0.034008 
4.494968 2.488582 0.485980 0.091010 0.630500 -0.442490 0.494292 0.681503 -0.311026 -0.723987 -0.318160 -0.013023 
3.753051 1.974668 0.675495 0.222348 0.487596 0.382212 0.270080 0.169338 -0.414626 -0.563917 -0.304269 0.008657 
5.749516 2.063396 0.183947 0.086945 2.098465 -1.308856 0.987704 0.850894 -0.727938 -0.645510 -0.500590 0.062475 
4.817551 1.957971 0.902929 0.353124 1.310366 -0.132490 0.902863 0.774161 -1.049647 -0.747634 -0.287354 0.020229 
4.297808 2.270539 0.800287 0.640534 1.092932 -0.275681 0.831256 0.542760 -0.683979 -0.790045 -0.255663 0.029215 
4.287756 2.571004 1.072830 0.627595 1.453194 -0.202954 1.355652 0.556847 -1.151465 -0.552327 -0.252874 0.030154 
4.590279 2.871665 1.576481 0.843032 2.454239 -1.304846 1.228921 0.763893 -1.168543 -0.270573 -0.311352 0.072615 
3.421855 2.649309 1.940314 0.950064 1.849966 0.075484 0.261794 0.139265 -0.822173 -0.128339 -0.082228 0.023157 
3.676422 2.824658 2.231587 0.465529 2.071791 -0.186465 0.469581 0.643693 -0.919754 -0.104568 -0.145161 -0.000936 
3.909788 2.908388 2.370212 0.852723 2.859398 -0.796725 0.702702 1.089696 -0.957569 -0.229031 -0.073926 0.036573 
4.108080 2.635094 2.937331 1.113270 2.855135 -0.378830 0.662382 1.239075 -0.855111 -0.298163 -0.032928 0.004975 
3.273590 2.567643 2.047710 1.960846 1.466309 0.542862 0.446960 0.068666 -0.122228 -0.180258 -0.081856 0.016720 
3.677275 2.622663 2.369685 2.041799 2.072720 0.328975 1.094046 0.719706 -0.162928 -0.049183 0.077390 0.045083 
3.613076 3.091436 2.338556 1.470724 2.649066 0.382849 0.687039 0.349179 -0.200104 0.381826 -0.084353 0.029392 
3.151295 2.789078 2.154808 1.497189 1.804857 0.289142 0.583268 0.497857 -0.019025 0.298100 -0.120563 0.041707 
3.282631 3.049244 2.434727 1.011017 2.576434 0.611665 0.608602 0.599048 -0.325000 0.249650 -0.159203 0.010978 
3.210612 2.986860 2.590146 0.973453 3.231688 0.410921 0.320733 0.931700 -0.569184 0.359377 -0.165068 -0.011236 
3.190745 3.326069 2.707083 0.840592 3.647507 0.594087 1.012930 1.188034 -0.652025 0.118511 -0.067574 -0.012897 
2.927395 2.946153 2.622347 1.360174 2.416460 0.745073 0.840585 1.216853 -0.342840 0.234671 -0.094338 0.008505 
3.020184 2.637667 2.997872 1.386505 2.779475 1.122502 0.308611 1.341361 -0.546836 0.312362 -0.019715 -0.024641 
3.106998 2.770760 3.182377 1.009430 2.480791 1.221220 0.409342 1.337722 -0.747971 0.314969 -0.035481 -0.042476 
3.282971 3.183210 3.383435 1.105454 3.057805 0.874265 0.436251 1.737202 -0.725074 0.260055 0.055224 -0.057601 
3.280723 3.253562 3.195550 0.867802 2.906599 1.056553 0.467383 1.659228 -0.604457 0.250603 0.110111 -0.046321 
3.211932 2.896997 2.981520 1.334820 2.818775 1.701903 0.863222 1.482178 -0.539481 0.367262 -0.050697 -0.027038 
3.300936 2.793802 3.243026 1.534867 2.826289 1.880595 0.481444 1.291969 -0.294452 0.024948 0.152792 -0.031999 
3.554268 3.375570 3.141045 1.281887 3.434154 1.737759 0.433868 1.440284 -0.473275 -0.001271 0.148791 -0.060676 
3.802701 3.205701 3.202511 1.211210 3.326980 2.289547 -0.098953 1.287348 -0.294022 -0.098089 0.194802 -0.068138 
3.627763 3.312874 2.829847 1.450947 3.521464 2.355906 0.216532 1.223165 -0.305913 -0.301477 0.219706 -0.060114 
3.735391 2.897691 2.651610 1.817512 3.272584 2.451202 -0.116681 1.424434 -0.103427 -0.310592 0.165287 -0.048908 
3.822552 2.907116 2.155279 1.538061 3.348703 2.402213 0.168094 1.461032 0.330329 -0.336610 0.016087 -0.063048 
3.858848 2.741700 1.910340 1.546095 3.051687 2.699571 0.665036 1.386302 -0.158674 -0.349587 0.021158 -0.018081 
3.752847 2.381501 1.833366 2.116201 2.679386 2.166287 0.718766 0.581470 0.478956 -0.203741 -0.032930 -0.019669 
4.258359 2.541144 1.296674 1.073289 3.351410 2.551297 0.896678 1.203494 0.255950 -0.392808 -0.057336 -0.030793 
4.490892 2.667475 1.101868 1.108533 3.425387 3.089439 0.827584 1.205160 0.326233 -0.559917 -0.025618 -0.020005 
3.669859 2.342646 1.414128 1.368621 2.655733 2.535866 1.301680 0.973431 0.066463 -0.387902 0.015417 0.019942 
3.478492 2.309829 1.568081 1.068198 1.925482 2.359838 1.723490 0.788736 -0.031472 -0.186119 0.009303 0.026804 
4.147579 2.750485 1.377781 0.617382 1.552329 1.793317 1.052192 1.313803 0.050864 -0.102161 0.223249 0.051365 
4.877572 2.624520 1.218310 -0.450725 2.549102 1.470162 0.054792 1.814703 0.346275 0.033574 0.356497 0.023084 
4.111545 2.644595 1.840260 0.416686 1.206182 0.957353 0.328479 1.845684 0.876766 0.278233 0.244050 0.012585 
3.971589 2.839666 1.553346 0.343397 1.723503 1.153099 0.379146 1.572070 0.691508 0.389471 0.157244 -0.009781 
4.585254 2.735740 1.389037 0.395877 1.577942 1.502501 0.234625 2.275040 1.084732 0.058852 0.058503 -0.047834 
4.133035 2.742983 1.192211 0.592519 1.673479 1.361922 1.045718 1.693177 1.186837 0.215039 -0.045682 -0.052674 
3.907716 2.616432 1.395576 0.689387 1.260574 1.338845 1.178801 1.696408 1.150228 0.151332 -0.007535 -0.034938 
5.386031 3.099477 0.630031 -0.501836 2.727162 1.132464 -0.292215 2.423274 1.188091 0.111439 0.102004 -0.120155 
