1.744457 2.100143 -0.060403 -0.031730 3.645985 0.732498 -0.089344 -1.452889 1.624823 0.116598 0.602543 -0.006866 
1.541027 1.611728 0.090578 0.330709 3.660408 0.164472 0.054733 -1.388743 1.736763 0.085945 0.645603 0.008654 
0.989945 1.973007 -0.249030 0.693147 3.756530 0.356122 -0.061384 -1.354821 1.681586 0.188044 0.591619 -0.024031 
0.479519 2.119739 -0.710348 1.444107 3.527086 0.594319 0.451581 -1.309297 1.472207 -0.056916 0.590192 0.004420 
0.450610 2.202506 -1.067704 2.670843 3.023356 0.170550 0.529275 -1.408283 1.259465 0.144773 0.601991 -0.022295 
1.062825 2.373933 -1.233261 2.110099 1.974974 -0.396778 0.455365 -1.360076 1.369814 0.387113 0.741511 -0.015179 
1.354575 2.739651 -1.207864 1.550083 1.608456 -0.673846 0.525087 -1.349626 1.089795 0.307161 0.760934 0.058693 
2.028048 2.459553 -0.856337 1.127326 0.843707 0.209082 -0.331862 -0.583118 1.126722 -0.016774 0.855831 0.026101 
2.286967 2.753589 -0.582109 0.397934 0.398648 0.535310 -0.425259 -0.331609 1.029716 -0.223437 0.814845 0.054124 
2.457645 2.768800 -0.426145 0.338560 0.215394 0.673054 -0.420469 -0.399632 1.091775 -0.336767 0.793131 0.052029 
2.639858 2.601252 -0.292038 0.466470 0.285127 1.023499 -0.479391 -0.225773 0.994296 -0.285940 0.779559 0.044299 
3.504932 3.052589 0.497331 0.291884 0.705715 0.793334 -0.573223 -1.591308 0.754084 -0.529883 0.235946 -0.020128 
4.428234 3.270457 0.301309 -0.309607 0.713217 0.257832 -0.074412 -1.286099 0.339950 -0.876451 -0.049034 -0.077322 
4.025070 2.718769 0.774102 -0.204434 -0.209142 -0.148965 -0.159961 -0.405547 -0.732068 -0.622931 -0.087035 -0.026379 
5.310912 2.777193 0.105888 -1.067112 0.859308 0.005791 -0.987476 -0.589327 0.082750 -0.704695 -0.098852 -0.062649 
4.397746 2.474547 0.343046 -0.185496 -0.278667 -0.137973 -0.709711 -0.526931 -0.230035 -0.441412 -0.103067 -0.048535 
3.723779 1.870692 0.163249 -0.090952 0.075941 -0.014442 -0.831356 -0.859168 -0.367600 -0.276967 -0.086657 -0.057814 
3.630229 1.885129 0.446140 0.382431 0.288747 -0.440415 -1.199503 -0.907127 -0.408181 -0.113516 -0.077566 -0.062729 
5.315267 2.535585 -0.319009 -0.820779 1.482481 -0.129555 -2.192575 -0.895526 -0.004703 -0.275786 0.017157 -0.105423 
4.868663 2.387807 -0.320054 -0.621669 1.053850 -0.116265 -2.020000 -0.769093 0.082925 -0.203475 -0.003308 -0.101784 
4.167560 2.089651 0.100265 -0.422354 0.406128 -0.305969 -1.510657 -0.782188 -0.177106 -0.167589 -0.014854 -0.057672 
4.264544 2.119141 -0.022661 -0.453471 0.428349 -0.691862 -1.529317 -0.714767 -0.200717 -0.114517 -0.046107 -0.062235 
5.570886 2.463104 -0.805412 -1.174802 1.229118 -0.262787 -2.281486 -0.735820 0.047479 -0.193494 -0.036631 -0.127064 
5.781277 2.740037 -1.004734 -1.544651 1.387727 -0.417126 -2.581871 -0.632390 -0.090628 -0.176684 -0.047003 -0.162406 
5.653923 2.600224 -0.931716 -1.577018 1.289911 -0.573842 -2.241768 -0.861938 -0.057763 -0.255331 -0.062105 -0.142959 
5.587851 2.500540 -0.953372 -1.817702 1.269549 -0.434355 -2.304438 -0.737050 -0.169638 -0.246087 -0.051230 -0.158103 
5.706802 2.358099 -1.172561 -1.777726 0.903184 -0.268204 -2.281965 -0.706260 -0.180414 -0.312111 -0.117441 -0.162812 
5.791253 2.420653 -1.588263 -1.724412 0.786809 -0.128276 -2.029250 -0.740140 -0.125135 -0.350279 -0.157156 -0.164932 
5.757064 2.209411 -1.695944 -1.684645 0.535360 0.042925 -2.020784 -0.808296 0.016650 -0.388217 -0.145885 -0.158235 
5.784238 2.301025 -1.741474 -2.034265 0.964516 -0.001590 -2.064212 -0.570498 -0.097051 -0.370076 -0.131655 -0.172914 
6.299801 1.897316 -1.572990 -2.345165 1.003759 0.390321 -2.549620 -0.243157 -0.160794 -0.309922 -0.117992 -0.183855 
4.333660 1.711524 -0.648305 -1.211407 0.053017 -0.270992 -1.074777 -0.526570 -0.149426 -0.361152 -0.082750 -0.094241 
3.789464 1.363196 -0.409067 -0.753678 -0.250025 -0.358926 -0.823350 -0.399029 -0.174837 -0.266249 -0.077867 -0.092431 
4.427547 1.549280 -0.992565 -0.977203 0.234855 -0.311955 -0.983755 -0.345321 0.047312 -0.325250 -0.079070 -0.094482 
6.140635 1.430417 -1.501188 -2.073001 1.272702 0.114813 -2.106628 0.280924 -0.037879 -0.174103 -0.143264 -0.166225 
4.601269 1.469426 -1.092388 -1.145219 0.253095 -0.236210 -0.915530 -0.305791 0.159717 -0.230833 -0.062593 -0.096621 
3.792671 1.380955 -0.578509 -0.912998 -0.342341 -0.239945 -0.578958 -0.075696 -0.057013 -0.252469 0.005604 -0.086671 
4.341813 1.628296 -0.813542 -1.325872 0.055066 -0.245651 -0.691928 -0.183592 0.053368 -0.162278 0.018285 -0.086836 
4.495018 1.724917 -1.174977 -1.257906 0.137142 -0.078129 -1.105122 -0.259401 0.308709 -0.110039 0.011437 -0.123180 
4.867794 2.005327 -1.573835 -1.802119 0.812386 -0.142058 -1.444229 -0.126393 0.143124 -0.006517 0.064350 -0.147522 
5.182680 1.630037 -1.653835 -1.746215 0.821727 0.021480 -1.659417 -0.364950 0.532528 -0.091441 0.042565 -0.158279 
5.704485 2.084526 -2.407120 -2.698338 1.417339 0.504974 -2.310234 0.217408 0.241355 0.045319 0.053699 -0.260287 
4.381200 1.439919 -1.169173 -1.287975 0.461966 -0.215058 -1.169291 -0.256228 0.396784 -0.048606 0.025493 -0.147024 
4.669044 1.695660 -1.756921 -1.391700 0.870782 0.254394 -1.300360 -0.119104 0.339926 -0.061647 0.028775 -0.164245 
5.142239 1.589401 -1.913417 -1.709053 1.227223 0.563816 -1.501455 -0.099242 0.504615 -0.136082 0.019088 -0.177190 
5.621666 2.052603 -2.560958 -2.783896 2.033804 0.854552 -1.773488 0.022781 0.244534 -0.045197 0.105730 -0.254172 
5.217862 1.486088 -1.890522 -1.833529 1.280429 0.975056 -1.568329 -0.213125 0.550028 -0.229981 0.058727 -0.168730 
5.106331 1.417469 -1.855929 -1.811715 1.505618 0.889306 -1.509536 0.092346 0.440647 -0.202096 0.027641 -0.179353 
5.347219 1.489855 -2.150095 -2.094739 1.717050 1.094280 -1.546445 0.095478 0.489874 -0.229556 0.030879 -0.197864 
5.581333 1.968597 -2.645246 -2.519439 1.860637 1.475460 -1.760824 0.284649 0.354276 -0.158905 0.090233 -0.249296 
5.420788 1.833678 -2.589561 -1.953192 1.562551 1.486429 -1.553758 0.202189 0.440640 -0.209786 0.011037 -0.215420 
5.479640 1.906440 -2.816707 -1.898817 1.810129 1.239967 -1.261479 0.198655 0.324636 -0.099437 -0.053925 -0.221041 
5.409520 1.616573 -2.517039 -1.788367 1.720053 1.279560 -1.068229 0.066523 0.454189 -0.239358 -0.082415 -0.210876 
5.839518 2.016009 -3.416498 -2.245342 1.901466 1.540268 -1.246800 0.375173 0.140222 0.051148 -0.153218 -0.261668 
5.600394 1.644657 -2.975235 -1.945230 1.544267 1.610673 -1.062290 0.183851 0.493073 -0.270550 -0.169399 -0.248571 
5.512402 1.581114 -2.934493 -2.099169 1.690758 1.370198 -0.876181 0.152065 0.492972 -0.350439 -0.197658 -0.258010 
5.625008 1.447898 -3.003135 -1.955528 1.358174 1.588091 -1.043509 0.111424 0.686308 -0.379386 -0.231502 -0.259977 
5.535582 1.419900 -2.988125 -1.747644 1.163615 1.659286 -1.007122 -0.040998 0.790936 -0.421874 -0.208741 -0.248920 
5.329030 1.319483 -2.851448 -1.700098 1.520226 1.292844 -0.891945 0.060551 0.612357 -0.373418 -0.206882 -0.239564 
5.361847 1.148037 -2.768578 -1.462551 1.315596 1.249693 -0.747232 -0.072869 0.756130 -0.353775 -0.206276 -0.220102 
5.375982 1.119997 -2.664957 -1.552630 1.272807 1.332454 -0.699123 -0.067865 0.858661 -0.334041 -0.158839 -0.208232 
5.376885 1.038822 -2.538643 -1.660163 1.460061 1.275374 -0.788605 0.111937 0.795885 -0.236282 -0.140445 -0.206852 
5.293311 1.149156 -2.517339 -1.553495 1.694476 1.122217 -0.714406 0.198843 0.858288 -0.100770 -0.091094 -0.209637 
5.346799 1.099778 -2.504986 -1.471443 1.715687 1.293550 -0.740675 0.277439 0.912857 -0.057130 -0.078834 -0.202029 
5.651064 1.058435 -2.722541 -1.724856 1.984196 1.573243 -0.545363 0.185290 1.027222 -0.058722 -0.095206 -0.205595 
5.729635 0.988338 -2.851668 -1.497776 1.844959 1.782130 -0.522704 0.332463 0.994220 -0.086282 -0.142084 -0.187372 
6.214693 0.903796 -3.037487 -1.556063 1.552218 2.381293 -0.934426 0.619874 0.849784 0.017469 -0.233836 -0.192697 
5.854092 0.924723 -2.868005 -1.605928 1.829439 2.182628 -1.011064 0.712729 0.841827 -0.117989 -0.232119 -0.210345 
5.341672 0.810344 -2.570952 -1.201074 1.735352 1.856840 -0.809864 0.351042 1.063235 -0.326738 -0.219811 -0.196616 
5.382686 0.995863 -2.691118 -1.258499 2.029303 1.975056 -1.299185 0.697909 0.741205 -0.133978 -0.212214 -0.228512 
5.250972 0.787620 -2.274413 -1.187013 2.089916 2.013961 -1.125830 0.512630 0.996471 -0.195328 -0.171127 -0.219998 
5.124262 0.710341 -2.191631 -0.812368 1.986651 1.837794 -0.776271 0.475612 1.003478 -0.190861 -0.211792 -0.201556 
4.684207 0.606528 -1.905505 -0.361444 2.033227 1.671868 -0.360739 0.688951 0.923365 -0.189698 -0.242301 -0.188462 
5.208987 0.460335 -2.086975 -0.632759 2.243990 1.497646 -0.381070 0.602137 1.192106 -0.077765 -0.226128 -0.164585 
5.073257 0.729856 -2.551940 -0.399317 2.254257 1.888846 -0.329784 0.769614 1.373020 -0.005243 -0.163399 -0.173748 
4.996813 0.525353 -2.392786 -0.351390 2.365259 1.551812 -0.303431 0.658102 1.334181 -0.010018 -0.155730 -0.159316 
4.934849 0.561715 -2.309544 -0.291710 2.201876 1.630613 -0.373736 0.626469 1.346817 -0.054761 -0.163644 -0.173462 
5.142385 0.598150 -2.122706 -0.102778 2.271314 1.267323 -0.331102 0.327571 1.402293 0.061053 -0.159445 -0.166974 
5.712423 0.970526 -3.059395 -0.487404 2.545102 1.916524 -0.079114 0.357455 1.467379 0.218874 -0.091907 -0.179665 
5.415356 0.607539 -2.643393 -0.188722 2.458875 2.183846 -0.071920 0.372117 1.594970 0.105955 -0.093708 -0.155131 
6.088299 0.224204 -3.094376 0.351488 2.272897 2.026817 0.336049 0.363964 1.479513 0.299857 -0.158458 -0.142372 
5.157135 0.915492 -2.919424 -0.554194 2.867198 2.143957 -0.164270 0.723647 1.318768 0.062195 -0.075487 -0.173887 
6.265431 0.411936 -3.342994 -0.409626 3.042385 1.879331 0.016814 1.000712 1.089688 0.387697 -0.227004 -0.143157 
5.438144 0.015455 -2.484589 0.121605 2.391642 1.685934 -0.050846 0.494200 1.522096 0.083176 -0.231662 -0.135393 
5.352590 -0.145090 -1.973951 0.076295 2.300534 1.224293 -0.156653 0.505084 1.350633 -0.020446 -0.291656 -0.123751 
