2.581993 1.957656 1.628386 1.648220 1.169696 1.142333 0.917665 0.673138 0.505848 0.451511 0.238898 0.080548 
2.542736 1.909762 1.668767 1.591058 1.359724 1.125917 0.880393 0.655286 0.543755 0.374893 0.237216 0.080311 
2.552110 1.967242 1.719811 1.537294 1.504870 1.162412 0.984893 0.654995 0.589388 0.377668 0.278373 0.080027 
2.522634 1.999017 1.603890 1.481968 1.153565 1.119142 0.843975 0.837358 0.626036 0.328718 0.215214 0.080186 
2.422227 1.808998 1.812816 1.815888 1.332740 0.757906 0.926270 0.777754 0.655961 0.296227 0.223679 0.083294 
2.546162 1.800838 1.615275 1.658682 1.518148 1.028169 0.871803 0.569609 0.683924 0.376032 0.223840 0.078967 
2.593848 1.811754 1.543470 1.664433 1.386447 1.144790 0.760721 0.562212 0.517782 0.456477 0.234391 0.079060 
2.502972 1.727318 1.392352 1.956618 1.481401 0.903641 0.532415 0.601887 0.577824 0.531767 0.157146 0.076181 
2.517469 1.638612 1.489554 1.745511 1.734701 1.114170 0.541775 0.620036 0.462737 0.422955 0.252159 0.076855 
2.638347 1.792195 1.119800 1.789182 1.644625 1.311393 0.289451 0.678135 0.537124 0.600610 0.255203 0.074888 
2.528469 1.719136 1.337862 1.689069 1.601672 0.897391 0.550972 0.564553 0.593228 0.753074 0.192770 0.071892 
2.494573 1.801801 1.435567 1.835836 1.571251 0.943453 0.588385 0.745386 0.653666 0.434045 0.185791 0.077851 
2.596793 2.041454 1.280656 1.738286 1.286985 1.115965 0.455933 0.607893 0.733782 0.471960 0.250676 0.077081 
2.723529 1.909955 1.572423 1.426556 1.765912 1.183784 0.942698 0.356621 0.587216 0.495704 0.238839 0.079905 
2.938371 2.138512 1.721584 1.639531 1.602979 0.479871 -0.022463 0.497853 0.438758 0.306772 -0.011961 0.065102 
4.006947 2.614580 1.615238 1.375509 1.236667 0.503459 -0.412301 0.193206 0.193843 0.243005 -0.029656 0.031326 
4.412840 2.933527 1.413383 1.165185 1.499130 0.249496 -0.538651 -0.371772 0.527158 0.336697 0.001794 0.008873 
4.091186 2.700005 1.355784 0.878993 1.543692 0.430659 -0.255579 -0.278497 0.029509 0.274297 -0.086885 0.013468 
4.427626 2.850939 1.362789 1.033809 1.267548 -0.093098 -0.993806 -0.167228 0.659262 0.171190 -0.171814 -0.036912 
4.151607 2.664218 1.401821 1.363944 1.083785 -0.439473 -0.993893 -0.191449 0.495496 0.307595 -0.186528 -0.006780 
4.315274 2.650772 1.263352 0.884880 0.944019 -0.364521 -1.140885 -0.011609 0.739859 0.448277 -0.243356 -0.049435 
5.066063 2.803140 0.476777 0.440606 1.517713 0.183919 -0.900185 -0.366292 0.621751 0.203555 -0.114210 -0.086388 
4.733961 2.626541 1.131743 0.873435 1.149141 -0.320248 -0.874645 -0.332389 0.643899 0.334745 -0.257940 -0.088075 
4.493864 2.739676 0.917741 0.837887 0.932913 -0.100473 -0.776283 -0.205569 0.543015 0.180322 -0.294929 -0.087013 
4.472346 2.707485 1.014420 0.668529 0.551587 -0.230628 -0.841295 -0.148326 0.505522 0.125301 -0.270901 -0.078507 
5.093765 2.765448 0.531603 0.306702 0.784496 -0.310602 -1.080575 -0.349792 0.484113 0.200105 -0.183204 -0.108215 
5.945831 2.526022 0.135721 0.095814 0.724458 -0.517898 -1.344626 -0.115870 0.534994 -0.012670 -0.216421 -0.109459 
5.831418 3.018958 -0.256331 -0.213664 0.499737 -0.433295 -1.046158 -0.270138 0.568719 -0.047025 -0.116029 -0.095578 
5.091777 2.878148 0.276692 -0.314362 0.032776 -0.110197 -0.638663 -0.182166 0.175786 -0.012518 -0.056019 -0.036409 
5.038715 2.867440 0.317249 -0.388129 0.065603 -0.294598 -0.572995 -0.037753 0.202389 0.057322 -0.057563 -0.040340 
7.680467 3.032533 -1.458714 -0.621718 1.942626 -1.103505 -1.328147 0.848063 -0.128169 0.357130 -0.378715 -0.068677 
5.722830 2.800596 -0.233085 -0.369815 0.576539 -0.437577 -0.871172 0.074967 0.329119 -0.074557 -0.163302 -0.087448 
5.103498 2.692247 -0.017043 -0.321989 0.225715 -0.330789 -0.695052 -0.137714 0.226550 -0.113779 -0.169472 -0.092632 
4.961666 2.625150 -0.000031 -0.440161 0.225065 -0.200689 -0.709746 -0.182579 0.035585 -0.211942 -0.215312 -0.101904 
7.450038 2.705762 -1.760941 -0.488591 2.033036 -1.286212 -0.940690 0.279609 -0.098188 0.075190 -0.518915 -0.109523 
5.653683 2.592790 -0.431485 -0.375080 0.574336 -0.328525 -0.876932 -0.139657 0.098382 -0.185547 -0.290391 -0.141258 
5.131577 2.632501 -0.039465 -0.254102 0.638706 -0.237233 -0.711980 -0.347087 0.292122 0.074326 -0.234644 -0.142390 
5.068268 2.534154 0.176871 0.037337 0.479375 -0.253700 -0.828751 -0.193524 0.486406 0.154607 -0.225267 -0.132099 
4.696926 2.663997 0.282307 -0.098780 0.373513 0.120816 -0.606810 -0.385285 0.456503 0.396451 -0.226824 -0.122398 
5.609539 2.488688 -0.061193 -0.102718 0.769231 -0.250588 -0.590734 -0.043222 0.528787 0.174577 -0.157883 -0.107566 
6.144264 2.706596 -0.759191 -0.265595 1.146001 -0.116805 -0.480980 -0.149170 0.380025 0.250129 -0.113530 -0.109135 
5.648068 2.411821 -0.301222 -0.255951 0.973076 -0.044265 -0.388417 -0.015928 0.409133 0.216145 -0.133875 -0.103883 
4.510055 2.374460 0.124643 -0.061018 0.537714 0.071882 -0.193549 -0.031187 0.475775 0.297796 -0.189448 -0.089927 
4.993618 2.322691 0.265997 0.182587 0.671978 -0.099407 -0.354160 0.127113 0.627587 0.350573 -0.179927 -0.106563 
4.948430 2.428877 0.043073 -0.012500 0.991473 0.053904 -0.321911 0.224697 0.699650 0.395551 -0.120147 -0.092958 
5.048604 2.364465 -0.194951 0.099097 1.092933 -0.031215 -0.209397 0.355941 0.855209 0.481699 -0.083078 -0.083844 
5.099916 2.173607 -0.192393 0.193174 0.908023 0.012473 -0.132091 0.395673 1.154752 0.457988 -0.038289 -0.071274 
5.019357 2.042674 -0.350665 0.099725 1.162277 0.108593 -0.248021 0.649088 1.220326 0.554906 -0.008120 -0.068478 
4.792279 2.112505 -0.302365 -0.251226 1.075373 0.440754 -0.095742 0.512013 1.136104 0.578608 0.033373 -0.062419 
4.771553 2.232896 -0.205112 0.169863 0.685247 0.004628 -0.331816 0.579276 1.440565 0.609272 0.009566 -0.067000 
4.884570 2.233018 -0.421403 -0.172111 0.893666 0.162433 -0.059604 0.493784 1.132756 0.607905 0.081757 -0.041886 
4.988471 2.156081 -0.451857 -0.173640 1.052560 0.089591 -0.286872 0.638853 1.194166 0.660312 0.025826 -0.072431 
5.546935 2.196301 -0.912660 -0.245364 1.451854 0.023806 -0.504629 0.797053 1.416483 0.661716 0.042417 -0.082411 
5.434997 2.082444 -0.869039 -0.124627 1.302190 0.004513 -0.513177 0.717297 1.346703 0.641219 0.042090 -0.078682 
5.094627 1.998923 -0.613043 -0.042392 1.185014 -0.120484 -0.528317 0.677066 1.310455 0.622356 0.017846 -0.081039 
5.164512 1.978589 -0.634377 -0.152109 1.228634 0.076006 -0.691459 0.688169 1.333549 0.504602 0.000793 -0.085571 
5.574105 2.076611 -1.143062 -0.165780 1.445887 0.072632 -0.570338 0.716881 1.339137 0.436802 -0.033881 -0.078095 
5.967581 1.900014 -1.279556 -0.174535 1.666819 0.196103 -0.476227 0.942996 1.186989 0.339191 -0.152039 -0.078063 
7.107709 1.660975 -1.774969 -0.259967 2.581017 -0.111504 -0.418460 1.152545 0.751525 0.393452 -0.290541 -0.067951 
5.798330 2.059112 -1.251763 -0.007857 1.986129 0.363214 -0.197413 0.654741 0.828489 0.123326 -0.235732 -0.080336 
5.136254 1.858482 -0.629463 0.153018 1.645477 0.502877 -0.106909 0.691748 0.674922 0.037248 -0.241286 -0.072996 
5.705692 1.944341 -0.848768 0.232653 2.322048 0.082061 0.030475 0.658035 0.768867 0.207273 -0.281339 -0.088535 
4.899450 2.079585 -0.248189 0.466107 1.808910 0.280414 -0.049191 0.565561 0.939951 0.271080 -0.231092 -0.101519 
5.874301 2.373989 -1.203700 0.465045 2.678070 -0.381760 -0.076605 0.769291 1.015444 0.425529 -0.308886 -0.086307 
4.616610 1.879170 -0.037736 0.531977 1.610350 0.362928 -0.243684 0.847560 1.064411 0.245966 -0.245773 -0.100341 
6.492746 1.425179 -0.711786 0.237743 2.831589 -0.746117 0.028710 0.968984 1.147320 0.411512 -0.348587 -0.068704 
4.725606 1.703637 -0.318393 0.419610 1.506829 -0.132797 -0.292592 1.073720 1.310167 0.268237 -0.196251 -0.077912 
4.905700 1.652114 -0.504891 0.548699 1.776288 -0.135115 -0.071754 1.072539 1.340796 0.288217 -0.169288 -0.067902 
4.682625 1.638178 -0.611841 0.340492 1.823711 0.069426 -0.137570 0.959860 1.340338 0.327897 -0.054731 -0.041239 
4.878494 1.784508 -0.828579 0.479869 2.028304 -0.009872 -0.056647 1.145167 1.470286 0.278345 -0.073463 -0.030402 
5.137993 1.652346 -1.016721 0.513242 2.294340 0.014034 0.004601 1.144442 1.390521 0.175828 -0.101574 0.002940 
4.424536 1.325324 -0.550846 0.669809 1.980160 0.356786 0.095756 1.189719 1.321385 0.055620 -0.045349 0.014471 
5.763998 1.831565 -1.763462 0.650504 3.094842 -0.382152 0.304018 1.292223 1.304175 0.456282 -0.140761 0.076892 
4.787330 1.459932 -0.970638 0.765289 1.785322 0.305525 -0.018135 1.236089 1.680123 0.167841 0.060561 0.035773 
4.698452 1.532131 -0.606008 0.808306 2.061933 0.289338 0.062230 1.363050 1.639908 0.282525 0.095114 0.034635 
4.471375 1.582710 -0.437159 0.716114 2.099522 0.308557 0.153135 1.517232 1.439539 0.326112 0.186557 0.057211 
4.320772 1.660073 -0.160006 0.697273 1.938113 0.161441 0.430846 1.573642 1.148381 0.208930 0.164081 0.075413 
5.904076 1.615315 -1.077297 0.662109 3.542973 -1.135220 1.345554 1.560368 1.183298 0.518668 -0.019846 0.243286 
4.163072 1.739125 0.060331 0.823035 2.081334 0.354104 0.729005 1.474909 1.099968 0.229983 0.304127 0.101442 
4.123239 1.912570 0.446236 1.013354 2.116209 0.521921 0.938028 1.485831 0.837899 0.302686 0.339727 0.112880 
3.946220 2.047563 0.910725 1.155935 1.931073 0.802202 1.036961 1.331225 0.603259 0.209568 0.309922 0.101355 
4.250465 2.270519 0.748342 1.433654 2.584241 0.319179 0.965964 1.400543 0.804948 0.224723 0.234146 0.112864 
4.108590 2.580636 1.183881 1.171691 2.207863 0.787513 1.428286 1.439181 0.504653 0.248850 0.263158 0.103387 
4.253401 2.568107 1.255260 1.287926 2.192623 0.253386 1.291557 1.277787 1.082485 0.658220 0.229465 0.086948 
4.741142 2.735044 1.310428 0.835643 2.583118 -0.089669 1.609741 1.598997 0.756100 0.712243 0.152629 0.102839 
