3.540688 -0.027841 1.050779 2.394423 1.999377 0.689182 1.636390 -0.284925 1.422407 0.753194 0.387786 0.051765 
3.505439 -0.240913 0.648044 2.334295 2.251205 0.210272 1.126110 -0.296756 1.464685 0.855572 0.349350 0.024181 
3.383026 -0.622405 0.552545 1.833938 3.078348 -0.043648 0.447911 -0.306001 1.540469 0.583139 0.320946 0.103164 
2.788300 0.050983 0.109076 1.855340 3.799638 0.124171 0.125193 0.369894 1.213776 0.617279 0.393506 0.038309 
2.603947 -0.530907 0.029546 1.240545 4.559752 -0.423419 0.612088 0.935235 1.121397 0.742864 0.224423 0.054705 
2.329799 -0.311088 0.008237 1.107703 4.846938 -1.545727 1.081678 1.210563 0.701455 1.038009 -0.038522 0.107023 
2.205866 -0.466070 0.431223 0.980852 5.079720 -1.501887 1.485608 1.420598 0.704584 1.109137 -0.082852 0.098822 
2.314628 -0.238187 -0.406831 1.252475 4.976585 -1.711084 1.285320 1.736960 0.832848 1.045461 -0.210338 0.074801 
2.112313 0.094278 -0.547185 1.413458 4.940724 -1.985284 1.425638 2.025484 0.960908 0.914873 -0.203985 0.097527 
2.191462 0.377307 -0.357747 1.891723 4.779822 -1.630203 1.586782 1.962377 0.892194 0.741782 -0.126971 0.131738 
2.127078 0.451644 -0.125361 1.994259 4.520465 -1.344187 1.450272 2.077801 0.696633 0.810273 -0.099387 0.122622 
1.827299 0.772952 0.337840 2.720669 4.536681 -1.436587 1.036363 2.097770 0.460665 0.898492 -0.078143 0.141798 
1.586152 0.749372 0.341757 3.438666 4.621336 -1.572927 0.442816 2.121576 0.420140 0.917493 -0.201796 0.156464 
1.188166 0.221549 0.277066 3.689395 4.993908 -0.909281 0.430505 2.016977 0.245252 0.969957 -0.299753 0.181349 
0.965955 -0.090598 0.486433 3.504358 4.625650 -1.366801 0.690803 2.552664 0.289945 0.687341 -0.164612 0.168132 
0.861614 0.072012 0.335547 3.431828 4.174871 -1.553173 0.618178 2.428030 0.362075 0.735113 -0.260272 0.161471 
0.715983 -0.097854 0.332610 2.775670 4.494527 -1.665435 0.309421 2.566257 0.340412 0.475776 -0.095605 0.116152 
0.479408 -0.416242 0.669935 3.464537 4.956022 -1.421277 0.678417 2.706525 0.330403 0.425003 -0.046559 0.147379 
0.197497 -0.207779 0.954278 3.307317 4.568825 -1.283934 0.568681 2.521933 0.042644 0.562290 -0.109923 0.154395 
0.125412 -0.250238 1.298178 3.146149 4.182900 -1.035489 0.156123 2.342210 -0.159944 0.497906 -0.014869 0.129316 
0.113420 -0.084595 1.452212 3.048469 4.102009 -1.192387 0.383312 2.156278 -0.140834 0.501080 0.000145 0.111314 
-0.379287 -0.343790 1.392446 2.566858 3.639158 -1.170250 0.318200 2.020502 -0.264682 0.647326 0.134503 0.082842 
-0.208053 -0.555172 1.841475 2.320849 3.370984 -1.017869 0.828147 2.078775 0.059430 0.534401 0.173675 0.033402 
0.239123 -0.701159 2.240682 1.501643 2.908860 -1.155227 1.113142 2.048619 -0.009109 0.378745 0.157387 0.095426 
0.217272 -0.911566 2.111369 1.711510 3.157591 -0.950201 1.004796 2.110688 -0.007596 0.440905 0.149072 0.077387 
0.220394 -1.038697 2.267186 1.859729 3.636264 -1.160450 0.875023 1.743602 0.107779 0.350094 0.101023 0.136934 
0.685392 -0.661372 1.907326 1.814682 3.068870 -1.194698 0.753245 1.490075 0.090569 0.269344 0.087082 0.162951 
1.578199 -0.163971 1.807852 1.275258 3.559599 -1.483252 0.966291 1.573470 -0.166799 0.182853 0.011898 0.180286 
3.291337 0.569750 1.017442 0.078461 2.419162 -2.046721 1.222319 1.331300 -0.377768 -0.143273 -0.114270 0.159550 
4.301891 0.539095 0.317068 -0.709664 2.617662 -1.482683 0.948564 1.048524 -0.698086 -0.408856 -0.221553 0.113513 
4.192013 0.487252 0.710573 -1.839983 2.888814 -1.396701 0.129742 0.529369 -0.094790 -0.781164 -0.226629 0.143768 
4.092233 0.943934 0.000908 -1.263875 2.292243 -1.256055 -0.002801 0.289473 -0.099730 -0.790820 -0.083557 0.067579 
4.408386 1.025691 -0.121890 -1.567418 2.231316 -1.327218 -0.127950 0.208037 0.103556 -0.853140 -0.177518 0.073134 
4.584420 1.176290 -0.382837 -1.494589 2.080779 -1.284806 -0.472200 0.007747 -0.060204 -0.752904 -0.153823 0.050193 
5.903521 1.366131 -1.664556 -0.553714 1.931636 -2.175455 0.029311 -0.609045 -0.061666 -0.544299 -0.375682 0.096228 
5.032340 1.475746 -1.192201 -0.552731 0.741573 -1.266699 -0.733874 -0.486439 -0.097115 -0.794776 -0.155488 0.032492 
4.962310 1.514348 -1.023256 -0.956563 0.556755 -1.289303 -0.842777 -0.401218 -0.451470 -0.713059 -0.137958 0.023687 
5.065441 1.650538 -1.125568 -1.177075 0.491834 -1.108777 -1.060104 -0.518507 -0.635065 -0.589020 -0.105152 0.013593 
4.727357 1.725476 -0.960773 -1.343608 0.128412 -1.066948 -1.028659 -0.210855 -0.634774 -0.536507 -0.084932 0.000612 
5.433693 1.980866 -1.457580 -1.818037 0.834281 -1.407208 -0.862174 -0.454228 -0.845015 -0.414029 -0.164320 0.032361 
4.213701 1.582961 -0.843306 -1.360702 -0.497585 -0.626754 -1.052480 -0.594362 -0.656794 -0.498535 0.087135 0.034020 
3.826217 1.432876 -0.425586 -1.366888 -1.038384 -0.820276 -0.750390 -0.675095 -0.822796 -0.433340 0.157964 0.052583 
4.554875 1.692568 -0.923046 -1.799621 -0.894787 -0.871513 -1.009005 -0.565866 -0.568829 -0.538817 0.096081 0.056222 
5.625287 1.806926 -1.744545 -1.783965 -0.095374 -1.646202 -1.081762 -0.241441 -0.720214 -0.392307 -0.071828 0.072780 
4.211710 1.751459 -0.975589 -1.849549 -1.073180 -1.041234 -0.951461 -0.390031 -0.608889 -0.339222 0.178688 0.053940 
3.987443 1.455930 -0.784144 -1.514739 -1.257634 -1.006468 -0.626473 -0.388823 -0.536036 -0.330347 0.259535 0.066339 
5.827604 1.578775 -1.699067 -1.698215 -0.254371 -1.429285 -0.737269 -0.041778 -0.417533 -0.289724 -0.008634 0.070415 
6.295550 1.859717 -2.123394 -2.179933 -0.040692 -1.422478 -0.713303 0.146389 -0.512866 -0.124564 -0.058960 0.058020 
6.826903 1.369506 -1.912194 -2.738209 0.814394 -2.095328 -0.741079 0.566258 -0.669192 -0.039194 -0.172494 0.057174 
6.984926 1.559591 -2.568553 -2.610941 1.210795 -2.361637 -0.740507 0.550522 -0.562330 0.094021 -0.302632 0.074866 
6.797845 1.651946 -3.065060 -2.279922 1.115817 -2.287205 -0.702478 0.511516 -0.426303 0.096348 -0.323735 0.095802 
6.424482 1.565544 -3.167707 -2.157943 1.002729 -1.776522 -0.779949 0.460812 -0.323407 0.104138 -0.256320 0.061444 
6.361863 1.549142 -3.332415 -1.920395 0.938498 -1.584698 -0.419619 0.228926 0.025071 0.015477 -0.225791 0.049080 
6.230250 1.711637 -3.457365 -1.978518 1.227304 -1.570718 -0.259809 0.195834 0.056595 0.033839 -0.296074 0.035188 
6.046173 1.237740 -2.481998 -2.226842 1.117367 -0.972546 -0.097349 0.257693 0.227897 -0.117115 -0.172469 0.009073 
4.510239 1.483150 -1.606244 -1.850939 -0.117923 -0.248299 0.218940 0.404426 -0.027529 -0.379030 0.127543 0.032101 
4.900678 1.404352 -1.890558 -1.624774 0.544270 -0.204517 0.126932 0.267198 0.263860 -0.406584 0.052534 0.019560 
6.190677 1.654676 -2.695896 -1.957307 2.283263 -0.971410 0.546137 0.167244 0.238301 0.160899 -0.237753 0.038367 
5.531611 1.516140 -2.093243 -1.708384 1.902001 -0.441640 0.120560 0.550706 0.295096 0.045136 -0.052257 0.019426 
4.238887 1.189792 -1.035539 -0.712494 0.182710 0.310575 0.189824 0.530015 0.277546 -0.253512 0.215189 0.030422 
4.430043 1.665689 -0.869436 -0.874957 0.315794 0.747209 0.187686 0.101198 0.206453 -0.110428 0.224976 0.022434 
5.625968 1.753886 -1.256126 -0.767178 1.643721 0.375084 -0.304135 0.040666 0.322911 0.118667 0.114371 0.008249 
5.523543 2.042137 -0.915930 -0.611803 2.037387 0.868838 -0.614241 -0.317833 0.182846 0.046940 0.223842 0.027902 
4.470772 1.975292 0.088178 0.304389 1.298269 0.348229 -0.548072 -0.266641 0.361530 0.312135 0.223475 0.007295 
4.460157 2.328919 0.243735 0.246877 1.116511 0.444498 -0.324378 -0.451216 0.130412 0.402537 0.223503 0.022473 
4.226595 2.243075 0.735602 0.810926 1.510310 0.056666 -0.313321 -0.578922 0.124802 0.370572 0.236870 0.033689 
5.530450 2.935851 -0.013208 0.004436 2.689192 -0.563850 0.143623 -0.052944 0.318915 0.053565 0.047287 0.084728 
5.696578 2.891015 -0.064212 -0.013958 2.425019 -0.506021 0.621870 0.255449 0.548550 -0.023585 0.003246 0.090094 
5.328205 2.903585 0.203143 -0.080712 1.914442 0.366731 0.375956 0.340687 0.842365 -0.140674 0.158110 0.051034 
5.264331 2.926022 0.425875 -0.278992 1.706581 0.311896 0.620839 0.539945 0.651146 -0.204864 0.189349 0.088715 
5.563753 2.898201 0.451281 -0.142010 1.500905 -0.037104 0.487206 0.463798 1.133418 -0.343554 0.146093 0.098216 
5.970925 2.619748 0.899068 -0.897703 2.166850 -0.153068 0.592360 0.237915 1.146362 -0.299471 -0.009298 0.154794 
6.141539 2.645784 0.911366 -1.041528 2.288872 -0.539782 0.934035 0.317024 0.917310 -0.191276 -0.101009 0.178503 
5.875647 2.785961 0.483038 -0.631411 1.875991 -0.217291 0.914897 0.205893 0.706762 -0.325436 0.039590 0.147600 
4.804506 2.812012 0.559139 -0.291150 0.880498 0.374550 0.796317 0.538465 0.041931 -0.343454 0.197302 0.106151 
5.397061 2.822964 0.437153 -0.524347 1.163380 0.042486 0.901418 0.315613 0.186421 -0.378401 0.106025 0.121504 
6.404185 2.651914 0.114732 -0.964048 2.094143 -0.394730 1.314862 -0.390887 0.718273 -0.231768 -0.135633 0.153845 
4.489702 2.861213 0.802063 -0.112721 0.058031 0.364205 0.930775 0.375743 -0.025673 -0.421072 0.248962 0.104525 
5.019240 2.998689 0.654594 -0.568803 0.490905 -0.109764 0.321416 0.009233 0.038536 -0.271459 0.111033 0.080850 
5.667078 2.885607 0.205738 -0.474830 1.070046 -0.009466 -0.405217 -0.768207 0.057074 -0.058808 0.188301 0.079640 
6.624661 2.805567 -0.241320 -1.204954 2.066313 -0.587026 -0.419514 -1.179832 0.202100 0.123032 0.057629 0.067429 
4.991531 2.599635 0.019717 -0.132658 0.395156 -0.301302 -0.680001 -0.854579 -0.216638 -0.092888 0.244002 0.094782 
6.374148 2.613821 -0.929504 -1.309341 2.089651 -0.543356 -1.078622 -0.978223 0.042084 0.043098 0.075487 0.040340 
6.423379 2.397647 -1.300717 -1.419711 2.155749 -0.646046 -1.163502 -1.142513 0.123671 0.032617 0.040239 0.036298 
6.676088 2.334004 -1.474107 -2.113651 2.773719 -0.985002 -1.270484 -1.031260 -0.164913 0.309250 -0.063471 0.009606 
