2.713498 2.069708 1.572128 1.330313 1.272244 1.148929 1.085657 0.665997 0.399276 0.055154 0.056644 0.075688 
2.785866 2.044371 1.541973 1.221395 1.194663 0.787330 0.762511 0.885060 0.666254 0.212037 0.061485 0.074326 
2.772933 1.954458 1.680372 1.400510 1.206678 1.177880 1.079218 0.875473 0.532457 0.157967 0.071838 0.074444 
2.636648 2.022798 1.560419 1.511709 1.360198 1.041294 1.233725 0.935829 0.504138 0.244382 0.134291 0.079245 
2.549938 1.904889 1.555326 1.224515 1.350939 1.153398 1.249280 0.676144 0.668887 0.233714 0.119174 0.079977 
2.627383 2.083540 1.638343 1.111733 0.978953 1.489145 1.252126 0.571106 0.724847 0.100794 0.111771 0.077030 
2.377975 1.805910 1.687570 1.211731 1.059632 1.082727 1.739482 0.084266 0.660448 0.334683 -0.007068 0.088089 
2.430421 1.974224 1.874818 1.099009 0.891351 1.102609 1.663589 0.163759 0.674050 0.415721 0.014772 0.084170 
2.183633 2.129600 1.248838 1.683242 0.440335 1.377066 1.829375 0.124112 1.036526 0.186211 0.010282 0.065008 
2.158602 2.414150 1.353637 1.545937 0.461549 0.720629 1.956790 0.058478 1.322975 0.360213 -0.084077 0.075424 
2.089464 2.229126 0.986557 1.684537 1.094821 1.007613 1.750893 0.338432 0.977493 0.139001 0.184163 0.066849 
2.126012 2.172241 1.164469 1.396306 0.801303 0.717307 1.821872 0.307988 0.935198 0.060816 0.033301 0.079017 
2.140281 2.218349 0.825947 1.912197 1.061190 1.027337 1.925306 0.168082 0.765266 -0.041622 0.222456 0.062523 
2.450779 2.412544 0.892424 1.781235 0.936223 1.118892 1.771366 0.227639 1.444492 -0.154832 0.072682 0.032873 
2.326669 2.011352 1.028947 1.605917 1.512054 1.122959 1.983146 0.247710 1.319106 -0.097539 0.141207 0.066221 
2.237022 2.311685 1.006234 1.601898 1.285230 1.477331 1.801878 0.578527 1.226443 -0.268137 0.194754 0.053286 
2.338654 2.058220 1.074991 1.662497 0.840655 1.102658 1.498869 0.586338 0.895406 -0.171517 0.146861 0.067209 
2.425386 2.031831 0.974809 1.498047 1.240427 1.166143 1.690879 0.507483 0.922129 -0.032537 0.009979 0.072785 
2.640207 2.068540 1.135778 1.089160 1.016320 1.143345 1.290369 0.820147 0.772176 -0.000306 0.087633 0.070182 
3.081244 2.558124 1.537086 1.764293 1.157993 1.324734 1.081256 0.491045 0.340972 -0.464761 -0.106933 0.026494 
3.775335 2.948829 2.058460 1.860257 1.391082 0.614925 1.033822 0.111022 0.167515 -0.472283 -0.173655 -0.021823 
3.449497 2.677815 1.939116 1.438486 1.473680 1.135989 0.837270 -0.183290 -0.311439 -0.528514 -0.128192 0.002061 
3.401744 2.431242 1.920847 1.805808 1.516937 1.157654 0.783719 -0.055400 -0.437026 -0.516899 -0.304314 -0.020520 
4.824396 2.997360 1.557276 1.249261 1.655460 0.824893 1.240106 -0.366929 -0.162339 -0.922404 -0.300009 -0.043386 
4.872819 3.032579 1.565045 1.154059 1.476831 1.109474 0.769273 -0.221117 -0.373870 -0.891467 -0.318209 -0.056597 
3.850921 2.856443 1.855257 1.263914 1.148719 0.820686 0.327727 -0.172481 -0.569344 -0.709067 -0.331415 -0.067527 
4.241015 2.854458 1.649236 1.563689 1.473083 0.929776 0.191038 -0.794528 -0.641427 -0.685968 -0.272805 -0.068696 
4.986604 2.993269 1.314601 1.140072 1.407143 1.297387 -0.080323 -0.949886 -0.495881 -0.547549 -0.287820 -0.082225 
5.127096 3.109843 1.278508 0.858043 1.561600 1.238792 -0.165846 -1.176961 -0.639480 -0.563065 -0.247615 -0.072660 
4.340197 3.036917 1.558290 1.156491 1.239078 0.690663 -0.393764 -0.940975 -0.733290 -0.655257 -0.264923 -0.072364 
5.041915 3.366767 1.347831 0.973112 1.312954 0.385339 -0.651778 -1.121696 -0.839042 -0.708188 -0.225633 -0.063406 
5.433110 3.249576 1.304224 1.066431 1.020344 0.204062 -0.938442 -1.140447 -0.815346 -0.799313 -0.254585 -0.062587 
5.071127 3.129459 1.169173 0.950660 1.129468 0.191443 -1.175091 -1.150669 -0.787314 -0.718704 -0.194386 -0.054742 
4.753453 3.059694 1.297148 0.817305 0.836502 -0.019850 -0.990152 -1.145927 -0.746458 -0.626574 -0.204202 -0.055961 
4.775094 2.886323 1.052923 0.889583 0.964409 -0.252102 -1.445811 -1.040015 -0.436313 -0.615291 -0.226895 -0.074136 
3.761275 2.526700 1.211748 0.586740 0.358409 -0.237622 -0.920476 -1.208331 -0.869726 -0.550773 -0.181090 -0.047811 
4.052794 2.550938 1.339769 1.118070 0.430483 -0.783162 -1.511012 -1.138090 -0.756058 -0.595194 -0.201107 -0.060840 
4.716751 2.780623 0.862417 0.623346 0.601393 -0.796312 -1.963250 -1.406004 -0.539828 -0.545350 -0.188843 -0.072958 
3.680410 2.375485 1.088149 0.538810 -0.049355 -0.785005 -1.491145 -1.479882 -1.176340 -0.607911 -0.065323 -0.047107 
3.753574 2.314311 0.988278 0.533288 0.139963 -1.042319 -1.843224 -1.632089 -0.924734 -0.485147 -0.113018 -0.057897 
3.861336 2.387763 0.795422 0.257722 -0.286408 -0.943466 -1.561545 -1.323905 -1.047429 -0.728454 -0.075140 -0.037655 
4.582593 2.677260 0.647340 0.367235 0.303167 -0.944798 -1.881294 -1.650164 -1.010480 -0.933483 -0.088058 -0.026336 
3.836824 2.328953 0.975587 0.598087 -0.039477 -0.992554 -1.668362 -1.356257 -1.085811 -0.781030 -0.031508 -0.024403 
6.333640 2.754842 -0.320823 0.379720 1.799713 -0.972936 -1.396117 -1.444216 -0.777927 -1.272891 -0.524353 -0.035477 
4.486169 2.767364 0.682771 0.247646 0.295027 -0.518299 -1.030805 -0.865122 -0.898146 -0.893592 -0.091917 0.004903 
4.813786 2.631392 0.436628 0.406879 0.870182 -0.320185 -0.968650 -0.846443 -0.836339 -1.205507 -0.117313 0.027319 
5.906519 3.274213 -0.754704 0.631721 2.420836 -0.859054 -1.053351 -0.640936 -0.689053 -1.019400 -0.529430 -0.011841 
5.566921 3.174847 -0.348342 0.418063 2.748814 -0.946436 -0.874258 -0.426621 -0.748392 -0.948319 -0.456614 0.014294 
5.566321 3.450160 -0.684155 0.625227 3.281664 -1.475045 -0.749103 -0.078671 -1.007676 -0.550723 -0.655018 0.074606 
4.290470 2.496499 0.843272 0.498402 1.304125 -0.722110 -0.605816 -0.492044 -0.525046 -0.465177 -0.111929 0.032949 
4.196761 2.366594 1.057082 0.530769 1.595749 -0.701404 -0.283490 -0.337151 -0.849859 -0.418216 -0.123302 0.049669 
4.668387 3.069427 0.633838 0.277008 2.290774 -1.238352 -0.198872 -0.369424 -0.647540 -0.587782 -0.184009 0.067150 
4.458886 3.097694 0.854585 0.674623 1.812314 -1.026557 -0.178853 -0.358236 -0.569305 -0.647483 -0.139424 0.042976 
4.493848 3.201493 1.107030 0.655193 2.034008 -1.061764 -0.295773 -0.100963 -0.472082 -0.630782 -0.139699 0.028767 
3.617923 2.525712 1.714626 0.747817 1.178916 -0.401255 -0.560308 -0.288827 -0.826994 -0.296377 -0.015092 0.029620 
3.538376 2.565836 1.377153 0.627924 1.346467 -0.162623 -0.431705 -0.179245 -0.493679 -0.404643 -0.092347 0.024457 
3.882592 2.931450 1.584287 0.673016 1.419445 -0.473117 -0.419495 0.115376 -0.607575 -0.540645 0.094487 0.054055 
4.339803 3.216836 1.289455 0.277977 2.070200 -0.790835 -0.314120 0.416569 -0.688847 -0.719312 0.044838 0.061420 
3.664188 2.634648 1.479238 0.795422 1.099999 -0.221528 -0.419158 -0.084249 -0.722213 -0.270572 0.022301 0.056318 
3.844223 2.661354 1.562635 0.834601 1.081077 -0.531248 -0.396366 -0.896539 -0.295352 -0.177620 -0.012020 0.052427 
4.020536 2.731607 1.342496 0.784659 1.068476 -1.125075 -0.419155 -0.029433 -0.517107 -0.397141 -0.030228 0.061290 
4.682029 2.852667 1.009019 0.278275 2.564780 -1.713444 -0.777499 0.095617 -0.338230 -0.399857 -0.184707 0.055153 
4.460188 2.731042 0.949217 0.343546 2.555704 -1.527953 -0.740321 0.136943 -0.568655 -0.549938 -0.121104 0.069332 
4.650023 2.603679 1.120548 -0.308410 3.206162 -1.855559 -0.690421 0.236390 -0.598461 -0.583465 -0.195378 0.084479 
4.153640 2.615248 0.838863 0.027573 2.027109 -1.053830 -0.657955 -0.005935 -0.651959 -0.411181 -0.046154 0.047613 
5.075868 2.649219 0.695338 -1.092674 3.518932 -1.585728 -0.436726 0.260847 -0.377595 -0.594824 -0.354876 0.053970 
4.894783 2.924059 0.144866 -0.535468 3.172126 -1.432873 -0.341931 0.221386 -0.297826 -0.802163 -0.337844 0.032979 
4.593760 2.302038 0.490388 -0.022636 1.840754 -0.535413 -0.285377 0.383299 -0.429479 -0.830732 -0.185402 0.029989 
5.167358 2.729916 -0.007402 -0.411829 3.255642 -0.888473 -0.482235 0.445282 -0.172460 -0.891826 -0.418773 -0.011939 
5.117286 2.709986 0.104941 -0.182528 2.892346 -0.956167 -0.421940 0.609407 -0.065412 -1.003158 -0.400796 -0.001140 
4.626594 2.469946 0.075897 0.351816 2.353327 -0.637094 -0.371635 0.524418 -0.011144 -0.991288 -0.270283 0.002172 
4.185236 1.928409 0.381244 0.466544 1.764712 -0.382271 -0.184694 0.215997 0.110593 -0.764426 -0.192634 0.002990 
4.876061 2.546362 -0.164967 -0.011758 3.296859 -1.092977 -0.370236 0.412639 0.098440 -0.850326 -0.314182 0.029434 
4.655895 1.916906 0.091985 0.367368 2.788616 -0.684787 -0.429765 0.517680 0.095378 -0.784979 -0.168579 0.050091 
4.203132 1.755428 -0.083181 0.840102 2.048999 -0.263993 -0.271220 0.483846 0.166694 -0.595729 -0.068291 0.026636 
3.887978 1.543768 0.340056 0.627177 1.939046 0.162653 0.159665 0.631114 0.292254 -0.585738 -0.078722 0.014794 
4.925716 1.612419 0.151648 -0.204781 3.267219 -0.553941 -0.048622 1.221632 0.481667 -0.341250 -0.093984 0.087738 
4.585436 1.257228 0.270147 0.421642 2.738847 -0.527765 0.152674 1.027789 0.657960 -0.039109 0.012812 0.092593 
3.994452 1.517450 0.112729 1.056201 2.433177 -0.135060 -0.048731 0.590680 1.087369 0.103301 0.120900 0.052387 
3.353565 1.397340 1.106467 1.855432 1.591782 -0.260116 -0.369602 0.910780 1.164758 0.347344 0.191090 0.063465 
4.186891 1.613519 0.623282 1.759760 2.438219 0.111782 -0.402944 0.891902 1.421181 0.135239 0.128290 0.060781 
3.995793 1.879209 0.844436 2.021625 2.462872 0.161797 -0.180488 0.547889 1.405000 0.252376 0.090915 0.036310 
3.653142 1.881422 1.072244 1.630599 1.527309 0.101004 0.363530 0.806446 1.102518 0.173472 0.137386 0.070886 
3.443867 1.859662 1.214532 1.169087 1.607263 0.573148 0.309731 0.781796 0.779416 0.281730 0.028248 0.048943 
3.231367 2.066941 1.452267 1.185718 1.472953 0.504187 0.501619 0.991020 0.995667 0.306228 0.036293 0.053509 
