2.294896 2.244236 1.156799 1.637315 1.696873 1.055345 0.744271 0.710475 0.593729 0.535692 0.301502 0.076621 
2.168328 2.235547 1.276532 1.556118 1.725382 1.047427 0.619424 0.827102 0.771838 0.386613 0.372167 0.064793 
1.907179 2.499042 1.012479 1.980209 1.514815 1.135441 0.507339 0.711645 0.795353 0.536365 0.198993 0.077883 
1.784625 2.563988 1.442860 1.804233 1.574562 0.860844 0.614185 0.759532 0.551691 0.361887 0.318924 0.066304 
1.847983 2.939925 0.932419 1.632722 1.497902 0.782528 1.383327 0.578393 0.356151 0.437850 0.368767 0.076115 
1.789852 2.747451 0.894162 1.544352 1.354828 1.072539 0.969670 0.982215 0.790981 0.424805 0.373715 0.056736 
1.835232 2.572037 1.121648 1.605776 1.342452 0.646738 1.103522 1.170105 0.689233 0.600250 0.404092 0.064592 
2.041894 2.401704 1.237501 1.358417 1.367988 0.482568 1.512029 0.318224 1.106464 0.370421 0.413143 0.064871 
2.020981 2.438242 1.211642 1.465166 1.399097 0.680237 1.304646 0.612508 0.969576 0.131088 0.520553 0.047917 
2.180015 2.171082 1.221253 1.824009 1.423811 0.998554 1.313048 0.584048 0.998261 0.159546 0.370400 0.062628 
2.305414 2.241231 1.529491 1.597194 1.269392 0.952981 0.884190 0.330665 0.783199 0.057925 0.310843 0.070832 
2.722446 2.153800 1.799082 1.443571 1.273458 0.782376 0.249974 0.166948 0.372781 0.166858 0.105314 0.077468 
2.995209 2.454402 1.743101 1.811060 1.307914 0.708090 0.349939 0.027866 0.341147 0.147137 0.033933 0.056812 
3.342319 2.605052 1.882857 1.727838 1.526360 0.755010 0.278271 0.056918 0.310296 0.116568 -0.055870 0.032010 
3.540896 2.617293 1.716586 1.632708 1.530011 0.778152 0.177925 -0.126076 0.281331 0.140688 -0.064328 0.020343 
3.723002 2.715640 1.680963 1.513298 1.371405 0.739818 0.030930 -0.092321 0.254838 0.171106 -0.089904 0.007944 
4.054466 2.848167 1.449040 1.284627 1.326132 0.654577 -0.207644 -0.261571 0.383742 0.191540 -0.107862 -0.016241 
4.497177 2.948246 1.178705 1.071720 1.301949 0.365549 -0.286877 -0.328175 0.414691 0.186829 -0.106430 -0.041559 
4.671232 2.903443 0.962210 0.759683 1.072423 0.287835 -0.455463 -0.237321 0.333992 0.046748 -0.079736 -0.037324 
4.921936 2.914773 0.696258 0.470171 0.934528 0.163068 -0.683226 -0.081272 0.319341 -0.057995 -0.091900 -0.047362 
4.986383 2.948846 0.579459 0.276166 0.805702 -0.062686 -0.721572 -0.088636 0.327140 -0.090133 -0.059242 -0.034439 
5.257804 2.984863 0.381160 0.100969 0.783934 -0.092411 -0.842357 -0.051202 0.361269 -0.059074 -0.038247 -0.031682 
5.139372 3.002257 0.488185 0.119544 0.462621 -0.065510 -0.819518 -0.102536 0.384382 -0.036679 -0.000208 -0.015160 
5.077368 2.989584 0.435614 0.157524 0.379154 -0.137252 -0.768744 -0.096901 0.433020 0.035692 0.018024 -0.009721 
5.068559 2.971953 0.379545 -0.006778 0.336986 -0.137806 -0.681531 0.048304 0.458748 -0.001453 -0.003006 -0.015393 
5.139919 2.968865 0.217899 -0.112781 0.393252 -0.061082 -0.671559 0.016538 0.508666 0.060577 0.016999 -0.016808 
5.016197 2.806809 0.153725 -0.173962 0.363475 0.044826 -0.529336 0.056830 0.479896 0.087789 0.020013 -0.008802 
4.956185 2.652019 0.169500 -0.246393 0.490076 0.080415 -0.333678 0.041513 0.432334 0.115517 0.021529 -0.002364 
5.091596 2.665828 -0.000428 -0.294022 0.567899 0.223574 -0.332728 0.046361 0.506386 0.154202 0.059516 0.000195 
4.806943 2.668894 0.099421 -0.325677 0.362942 0.346494 -0.245804 0.072032 0.405084 0.301167 0.063388 0.004013 
5.014825 2.595252 0.102283 -0.446828 0.463633 0.324759 -0.279477 0.121680 0.508928 0.404067 0.090813 -0.005916 
4.956734 2.690158 0.039846 -0.309972 0.067439 0.135567 -0.167689 0.321080 0.675395 0.441997 0.092619 -0.007526 
4.533433 2.355093 0.291120 -0.423860 -0.138063 0.100508 0.219938 0.452060 0.616098 0.429551 0.118188 0.012213 
5.325473 2.531888 -0.350866 -0.740928 0.090087 0.444395 0.082181 0.408172 0.640378 0.439718 0.179195 0.012990 
5.094073 2.386788 -0.441562 -0.623329 0.151614 0.526103 -0.046210 0.417073 0.729938 0.468910 0.200760 0.010577 
5.562042 2.398884 -0.733171 -0.815285 0.305717 0.536013 -0.095655 0.603622 0.775474 0.424895 0.195309 0.010301 
4.752186 2.144146 -0.238901 -0.604278 0.032729 0.312931 0.232955 0.620140 0.739893 0.399928 0.192843 0.019646 
6.080043 2.283299 -1.110801 -0.643810 0.383929 0.519686 0.032681 0.640724 0.838104 0.487112 0.185476 0.009926 
4.303726 2.012589 -0.153909 -0.526145 -0.010085 0.313446 0.419708 0.781521 0.759464 0.344857 0.156042 0.007211 
4.839164 2.286885 -0.553652 -0.781753 0.478922 0.559566 -0.006585 0.508580 0.929070 0.452085 0.151552 -0.029234 
5.113832 2.258448 -0.584575 -0.710654 0.452159 0.451219 0.138833 0.606894 0.887550 0.374139 0.153361 -0.013077 
5.468455 2.126232 -0.885253 -0.641524 0.808511 0.430390 -0.010080 0.647241 1.033760 0.284700 0.099212 -0.025163 
4.489465 2.035929 -0.335696 -0.478182 0.326486 0.445032 0.410511 0.668970 0.751015 0.256867 0.084696 -0.016104 
4.699429 2.224119 -0.564439 -0.726457 0.540834 0.697634 0.422747 0.634542 0.782508 0.235222 0.081630 -0.028533 
4.991423 2.100410 -0.761535 -0.676164 0.859213 0.749362 0.293947 0.593209 0.841023 0.292249 0.083759 -0.037841 
5.359141 2.074238 -0.862054 -0.563226 0.914028 0.775940 0.163866 0.664298 0.915269 0.330174 0.084176 -0.041731 
7.219103 2.428386 -2.420011 -0.307989 1.920326 0.384201 -0.147332 0.864669 0.860399 0.684808 -0.086956 -0.078408 
5.782035 2.152332 -1.199588 -0.415855 1.268846 0.811808 0.076541 0.593394 1.115225 0.407113 0.033134 -0.085839 
6.537672 2.148382 -1.637942 -0.552082 1.781156 0.766144 0.000270 0.762517 0.960478 0.548783 -0.019581 -0.095066 
6.322632 2.162653 -1.632508 -0.690282 1.911278 0.885630 0.048809 0.750480 0.996406 0.503098 -0.011271 -0.094188 
5.432238 1.961719 -1.028121 -0.432270 1.407322 0.941908 0.244868 0.864816 0.980850 0.318397 -0.004066 -0.072902 
5.569272 2.172434 -1.253849 -0.662232 1.614440 1.015987 0.209470 0.808418 0.989170 0.360540 0.028894 -0.079095 
6.429872 2.169795 -1.814455 -0.735219 2.162996 0.638615 0.208812 0.969977 0.949751 0.563720 -0.057884 -0.081915 
5.967776 2.242223 -1.525190 -0.687648 1.806869 0.967051 0.176761 0.852343 1.068170 0.449171 0.007510 -0.089677 
5.029272 1.868309 -0.821737 -0.274406 1.351085 0.965841 0.393416 0.905879 1.071584 0.313202 0.000632 -0.072961 
5.665952 2.042745 -1.437536 -0.547393 1.862291 1.142615 0.110456 0.964342 1.257229 0.404181 0.016725 -0.091831 
6.571832 1.992301 -2.195382 -0.480390 2.321080 0.941184 0.143560 1.116330 1.226110 0.646655 -0.080846 -0.095350 
5.614532 1.810493 -1.592999 -0.527593 2.050373 1.297858 0.305869 0.960036 1.332241 0.363579 0.011556 -0.084576 
5.454217 1.701632 -1.438166 -0.415615 1.967723 1.310996 0.408244 0.987388 1.304080 0.320760 -0.004683 -0.082408 
6.722395 1.920811 -2.475483 -0.490239 2.511205 1.162925 0.207007 1.217726 1.198514 0.696115 -0.108584 -0.104644 
6.044520 1.718669 -1.839883 -0.327942 2.092876 1.393943 0.261760 1.007021 1.353397 0.451844 -0.053352 -0.101284 
5.492888 1.680959 -1.482268 -0.167433 2.025629 1.406464 0.224442 0.967336 1.397862 0.324062 -0.067062 -0.111187 
5.403266 1.690233 -1.514764 -0.228478 2.137634 1.359425 0.234301 0.973986 1.404892 0.325180 -0.072188 -0.119049 
5.421473 1.727636 -1.627990 -0.305153 2.176636 1.500876 0.149651 1.032439 1.392560 0.306177 -0.060507 -0.116804 
5.485268 1.563130 -1.678297 -0.398732 2.293451 1.408757 0.215657 1.027935 1.458937 0.314347 -0.068795 -0.113524 
5.184577 1.426358 -1.680989 -0.195268 2.120650 1.447234 0.165866 1.076034 1.423887 0.286407 -0.075894 -0.111638 
5.161159 1.469273 -1.737871 -0.246285 2.134233 1.389048 0.041885 0.977684 1.524471 0.282009 -0.085104 -0.130524 
4.847715 1.377391 -1.603522 -0.196572 2.145963 1.360009 -0.024006 0.901392 1.501264 0.241193 -0.084159 -0.130543 
4.973243 1.336669 -1.760681 -0.199798 2.146190 1.533618 0.014321 0.906127 1.563010 0.218103 -0.033970 -0.103999 
4.883032 1.244649 -1.682299 -0.102074 2.254520 1.538492 0.091566 0.979472 1.432001 0.267577 -0.021002 -0.084165 
4.821364 1.262974 -1.595213 -0.121261 2.386310 1.687580 0.213075 0.951834 1.364097 0.222074 0.010933 -0.069937 
4.621513 1.278751 -1.306773 0.043981 2.340659 1.647095 0.375443 0.948918 1.280442 0.239445 0.000814 -0.066906 
4.449535 1.254621 -1.144923 0.246063 2.343878 1.580863 0.418061 0.987569 1.356833 0.322048 -0.007612 -0.076501 
4.540551 1.281212 -1.173978 0.329125 2.439318 1.646749 0.340848 1.043210 1.439175 0.259925 -0.041888 -0.081310 
4.533517 1.217393 -1.181206 0.377854 2.561429 1.625414 0.301075 1.123202 1.561515 0.246357 -0.079413 -0.089404 
4.463164 1.170243 -1.233775 0.434162 2.605776 1.581860 0.236357 1.191473 1.624317 0.284322 -0.106106 -0.099602 
4.329852 0.918028 -1.333632 0.630592 2.719637 1.784366 0.376490 1.213577 1.652578 0.267991 -0.064233 -0.076753 
4.286566 0.824505 -1.313677 0.616300 2.676940 1.636786 0.414359 1.429719 1.878809 0.304468 -0.082148 -0.087498 
4.760490 0.941117 -1.751181 0.360888 2.866998 1.743341 0.217118 1.627005 2.143416 0.438795 -0.012735 -0.093773 
4.663996 0.989629 -1.808062 0.226491 2.801475 1.612490 0.219839 1.624265 2.131678 0.439525 0.045457 -0.086675 
4.019281 0.597137 -1.251254 0.689706 2.334784 1.264645 0.302146 1.651209 2.020529 0.464919 -0.014205 -0.081796 
4.731060 0.460094 -1.767013 0.522833 2.898295 1.773017 0.481742 1.588147 2.171071 0.444575 0.051656 -0.047695 
5.358569 0.880253 -2.324066 0.447968 3.200195 1.863568 0.684849 1.667272 2.242650 0.575926 0.046094 -0.038741 
4.363888 0.995565 -1.256689 0.988545 3.028628 1.571745 0.307026 1.588967 1.984423 0.331753 -0.091000 -0.081129 
3.871681 0.593518 -0.922043 1.229736 2.774682 1.492212 0.516897 1.702469 1.906726 0.333323 -0.125533 -0.070722 
