3.017568 1.895345 2.892225 0.910225 0.560048 0.503371 0.826369 1.135339 0.592285 -0.370546 0.088148 0.073384 
3.178366 1.607802 2.818841 1.257014 0.285816 0.760052 1.141586 1.014212 0.600128 -0.220197 0.139759 0.082931 
2.997480 1.648547 2.531390 1.612960 0.777180 0.847616 1.719356 1.333088 -0.228043 0.255483 0.261024 0.048601 
2.799465 0.987493 1.915867 1.820344 1.121337 0.561376 1.191187 1.482385 0.709993 0.678004 0.195683 0.061895 
2.462969 0.532033 1.977321 1.455390 1.203322 0.844914 1.524123 1.926084 1.222123 0.762180 0.317805 0.031656 
2.699406 0.454110 2.159814 1.636427 1.288412 0.659114 1.413693 1.444732 1.240917 0.593860 0.240494 0.068960 
2.613100 0.693348 2.233361 1.516168 0.924587 1.023182 1.072597 0.932080 1.126869 0.347107 0.156569 0.086181 
2.446344 0.428557 3.056123 1.648401 1.135567 0.798884 1.128213 1.101728 0.426588 0.202798 0.195847 0.090319 
2.398877 0.308363 3.754760 2.060873 1.485308 0.622820 0.956873 0.856784 0.835026 0.324725 0.235070 0.102710 
1.753836 0.527021 3.553968 3.055937 1.743264 0.328142 1.340988 0.262092 1.209733 -0.048082 0.388059 0.103428 
1.662946 0.184481 3.411342 2.955739 1.753995 -0.057871 1.679701 0.595887 1.642971 -0.023287 0.521587 0.123651 
1.669963 -0.244916 3.388309 3.425862 1.511400 -0.583751 1.255430 0.438333 1.528082 0.033831 0.477028 0.091709 
1.502138 -0.292980 3.707412 3.759026 1.400640 -1.293557 0.986077 0.759767 1.296436 -0.106411 0.591997 0.080654 
0.938538 -0.546108 3.544359 3.990889 0.587425 -1.220125 0.858213 1.101555 0.486397 0.106072 0.434393 0.049608 
0.529467 -0.745278 4.139836 3.956886 0.251960 -1.397385 1.212476 0.352539 0.423664 0.264292 0.252749 0.034306 
0.259866 -0.896312 3.848025 3.694005 0.552488 -0.420638 1.204736 -0.077046 0.724692 0.334574 0.264510 0.000318 
-0.034974 -0.870068 4.307927 4.130472 0.174178 -0.533348 1.715723 -0.644534 0.836554 0.097659 0.301696 0.000576 
-0.499693 -0.753000 4.524995 3.270519 0.438905 -0.140289 1.946566 0.020656 0.786109 0.053916 0.547794 -0.014742 
-0.837772 -0.798961 4.424789 3.245190 0.344770 -0.005955 1.832164 0.092486 0.979657 -0.150628 0.676105 -0.033412 
-0.996920 -0.120388 4.411819 2.895637 -0.845839 0.120276 2.185122 0.080970 0.990837 -0.107899 0.769409 -0.073372 
-1.120388 0.284395 4.239057 3.018990 -1.352134 0.311216 1.623859 0.345080 0.953852 -0.068010 0.794645 -0.102926 
-1.274076 0.554903 4.304164 2.714607 -1.169234 -0.294015 1.880818 0.172712 0.752398 0.093637 0.683718 -0.055034 
-1.345307 0.384723 3.795583 2.565528 -0.848522 -0.081694 1.908127 0.424866 0.923387 0.111481 0.612073 -0.057896 
-1.466489 0.175684 4.140593 2.735418 -0.549049 -0.203011 1.468861 0.327169 0.607299 0.081488 0.590495 -0.026979 
-1.124115 -0.163909 4.389067 2.478922 -0.192732 -0.455263 1.530438 0.383190 0.763222 0.038454 0.529900 0.008350 
-0.673909 -0.562333 4.033243 2.743904 -0.535487 -0.025214 1.042596 0.441195 1.085412 -0.036891 0.541186 0.003582 
-0.269862 -1.310444 4.030503 2.795924 -0.279977 -0.085777 0.962984 0.672279 1.023267 0.058127 0.414486 0.048882 
0.383744 -1.261242 3.365799 2.587234 0.139543 0.116677 1.314656 0.535251 1.012846 0.115950 0.356370 0.072225 
2.397528 -0.213133 3.035436 2.631932 0.374286 0.088498 1.440806 -0.179802 -0.484983 -0.044041 0.041269 0.033617 
4.004325 -0.024052 2.068300 2.156483 1.059611 -0.709850 0.990206 -0.381716 -0.024603 -0.153412 -0.222165 -0.014409 
5.024920 0.702059 0.865607 1.530423 1.587296 0.055791 -0.052383 -0.379610 0.666922 -0.679826 -0.489308 -0.040828 
5.464386 1.195233 0.322715 0.973977 1.622163 0.181963 -0.852213 -0.679854 0.750586 -0.943623 -0.479487 -0.032311 
5.505546 1.190559 -0.060946 1.036816 1.427693 -0.234558 -0.972546 -0.653124 0.508936 -0.890915 -0.439078 -0.036623 
6.144898 1.178694 -0.514955 1.029022 1.480191 -1.047741 -0.262242 -1.569242 0.431264 -0.924385 -0.530435 -0.049498 
4.335972 1.653643 0.109770 0.763649 0.896181 -0.564003 -1.211471 -0.483926 -0.302920 -0.846978 -0.291987 -0.073654 
4.405317 1.694154 -0.096315 0.755629 0.733210 -0.800557 -1.400125 -0.735979 -0.162314 -0.905704 -0.366584 -0.097867 
5.131200 1.867126 -0.356072 0.442737 0.658170 -1.011881 -1.867812 -1.102067 -0.097925 -0.988654 -0.378697 -0.091538 
6.431305 1.811005 -1.026722 0.523618 0.236404 -1.125018 -1.534562 -2.056179 0.231655 -1.128040 -0.608743 -0.144831 
4.029334 2.028918 0.310290 0.096036 -0.133220 -1.159824 -1.612758 -0.755319 -0.329200 -0.490618 -0.271336 -0.106405 
3.920789 1.921740 0.157185 -0.388662 -0.276245 -0.699431 -1.082761 -0.826165 -0.604806 -0.620700 -0.239296 -0.093216 
5.549868 2.365838 -0.614252 -0.591104 0.036199 -1.006045 -1.566202 -0.914767 -0.123877 -1.096342 -0.407985 -0.103750 
7.011954 1.923548 -0.914881 -1.208950 -0.041343 -0.935584 -1.825640 -1.565336 0.095747 -0.896232 -0.664705 -0.152891 
4.415345 2.288990 -0.203918 -1.094205 -1.031885 -0.874126 -0.866955 -0.598659 -0.604978 -0.846449 -0.197455 -0.074390 
3.991118 2.171455 -0.008214 -1.199816 -1.070029 -0.856458 -0.670092 -0.647572 -0.725023 -0.756093 -0.151869 -0.076637 
6.301962 2.315245 -1.341689 -1.897755 -0.322014 -0.531006 -1.617149 -1.453067 0.397919 -0.979823 -0.400858 -0.142208 
6.560095 2.319195 -1.782961 -1.898210 -0.135460 -1.199368 -1.048002 -1.809370 0.575546 -0.851347 -0.423718 -0.162811 
5.560823 2.404257 -1.514096 -1.700532 -0.143754 -0.844311 -1.300299 -0.721191 0.190989 -0.916823 -0.294861 -0.136029 
4.803580 2.097598 -1.026364 -1.474730 -0.481384 -0.701098 -0.928514 -0.451229 -0.137565 -0.784072 -0.195568 -0.100566 
6.244662 2.123714 -2.207897 -1.705530 0.193035 -1.027299 -1.145092 -1.132335 0.517167 -0.655956 -0.372415 -0.172157 
5.372945 1.871080 -1.709032 -1.411215 0.144244 -0.868542 -1.287118 -0.419909 0.283291 -0.819505 -0.345770 -0.140045 
6.529700 1.742371 -2.799392 -0.254530 -0.041759 -1.202386 -0.424451 -1.249014 0.753065 -0.784809 -0.383352 -0.203631 
4.811258 1.671263 -1.359285 -0.805690 0.270938 -0.535911 -0.798800 -0.129358 0.219205 -0.821807 -0.347013 -0.134318 
5.526351 1.793367 -2.108191 -0.299170 0.625369 -0.581696 -0.285820 -0.327572 0.557364 -0.757873 -0.418623 -0.151070 
4.883953 1.490783 -1.352020 -0.329825 0.390295 -0.390244 0.077753 -0.053081 0.443389 -0.703504 -0.302844 -0.102671 
6.073707 1.070741 -2.408175 0.500340 0.793920 -1.007646 0.915441 -0.359395 0.996715 -0.763496 -0.338448 -0.120953 
4.769632 1.130269 -1.312655 -0.084207 0.956428 -0.127720 0.192515 0.430157 0.721966 -0.633892 -0.336375 -0.100330 
5.595375 1.220919 -2.062947 0.200742 1.095639 -0.220113 0.234103 0.408284 1.020986 -0.525775 -0.405935 -0.116780 
6.192936 0.956443 -1.998974 0.504959 1.435841 -0.580559 0.551752 0.268547 0.982304 -0.456533 -0.471201 -0.116250 
4.856324 1.193037 -0.926950 -0.022297 0.958768 0.180682 0.069099 0.677039 0.695566 -0.313849 -0.335612 -0.124020 
5.127800 1.263672 -1.034230 0.114839 1.142522 -0.143369 0.020840 0.688282 0.906192 -0.140160 -0.285452 -0.111398 
5.801356 1.542796 -1.298463 0.205276 1.352314 -0.427162 0.104434 0.569088 1.244537 -0.007537 -0.292576 -0.113895 
5.135266 1.709442 -0.591687 0.087478 1.274199 -0.001068 -0.177743 0.901958 1.082755 0.196894 -0.127297 -0.090813 
3.915316 1.725571 0.213220 0.388982 1.025003 0.640059 0.387506 0.600805 0.773948 0.016805 -0.072148 -0.043874 
4.064577 2.524355 0.908728 0.039734 0.287372 0.498077 0.971084 0.786286 0.163222 -0.229895 0.091693 0.018249 
4.209462 2.635210 1.007300 0.624913 0.900188 0.993741 0.795003 0.274073 0.156590 -0.285045 0.040426 0.024039 
3.864924 2.478807 1.501680 0.903612 0.713981 0.782670 1.201895 0.683129 0.159847 -0.288355 0.121595 0.034678 
5.024434 2.676713 1.149003 0.879428 1.269370 0.460659 1.454444 0.526367 0.570426 -0.386540 0.057099 0.064441 
3.793496 2.534306 1.686535 0.768801 0.823589 1.199979 1.462688 0.953869 0.321746 -0.044165 0.098089 0.021441 
4.098659 2.820576 1.723253 1.303860 0.704941 0.950933 1.176721 0.559930 0.135844 -0.094821 0.260252 0.062559 
4.631971 2.887892 1.652911 1.095044 1.082950 1.065604 1.266152 0.221188 0.235656 -0.197598 0.173610 0.065648 
4.831273 2.887272 1.701270 1.125075 1.349678 0.861203 1.203279 0.444206 0.127520 -0.354574 0.242111 0.105457 
4.920111 2.837213 1.716650 1.462505 1.054202 0.690889 0.996224 0.034766 0.379461 -0.178221 0.301339 0.111511 
4.170805 2.684315 1.484318 1.579501 1.031564 0.980736 0.751019 0.533129 0.353892 -0.081908 0.307073 0.074588 
5.001728 2.788909 1.576574 1.233207 1.216982 0.173239 1.379845 0.108036 1.058010 -0.382729 0.174153 0.088029 
5.039158 2.781340 1.373485 1.337338 1.430376 0.130011 1.164185 -0.121067 1.136969 -0.389967 0.138726 0.068798 
4.785782 3.054166 1.096618 1.388478 1.658439 0.509460 0.458344 0.383640 0.992552 -0.472735 0.144646 0.029240 
3.943709 2.903556 1.636478 1.562495 1.379584 0.689856 0.360203 0.247726 0.234818 -0.075716 0.260588 0.044665 
4.597643 3.021472 1.483521 1.573169 1.620966 0.135240 0.685211 -0.055737 0.518019 -0.037981 0.165930 0.045448 
4.094423 2.902728 1.891890 1.251697 1.097243 0.295009 0.248934 -0.016886 -0.053616 0.120914 0.160666 0.042712 
4.790659 3.496604 1.773902 0.998326 0.675254 -0.357762 -0.072642 -0.208456 0.165264 -0.453004 0.111745 0.037016 
5.455427 3.581768 1.462457 0.252788 1.515096 -0.640707 -0.616397 -0.942366 0.549721 -0.507845 0.020467 0.015480 
5.327670 3.426917 1.272393 0.356962 1.581875 -0.795037 -1.250144 -0.738334 0.245759 -0.274058 0.020498 -0.005206 
4.892412 3.251006 1.303110 0.711092 1.128490 -0.727165 -1.212490 -0.791650 0.162661 -0.197728 0.048686 0.006108 
5.356356 3.152967 0.917707 0.517064 1.398173 -0.635951 -1.746007 -0.589251 0.351120 -0.231706 0.038202 -0.008937 
6.672100 3.094914 0.869622 -0.962904 2.765674 -0.852879 -1.846955 -0.471957 0.554883 -0.021370 -0.195809 -0.092650 
