2.701424 2.034056 1.631500 1.560210 1.274082 0.580275 0.824450 0.609250 0.340469 0.229241 0.159927 0.081920 
2.692560 2.141846 1.577974 1.549035 1.369189 0.589243 0.826686 0.844273 0.667801 0.449402 0.341312 0.085594 
2.582856 2.037269 1.572117 1.518920 1.325201 1.182707 1.123566 0.735777 0.607164 0.286353 0.170119 0.078805 
2.567820 1.924970 1.421418 1.410730 1.221868 0.921760 0.991501 0.953240 0.783437 0.593566 0.247763 0.076433 
2.571598 2.135796 1.302172 1.374190 1.208611 1.002667 1.164330 0.728959 0.571839 0.292900 0.214262 0.079444 
2.679373 2.184845 1.308742 1.253948 0.960854 1.284095 0.863378 0.635235 0.588984 0.506987 0.202031 0.082378 
2.731219 1.966727 1.332793 1.481047 1.268365 0.914964 0.723905 0.539694 0.459297 0.453425 0.161167 0.081236 
2.606253 2.078883 1.305834 1.479199 1.353063 0.695845 0.430883 0.476517 0.394842 0.586319 0.119967 0.085328 
2.589859 2.057967 1.029698 1.530566 1.418328 0.607773 0.696139 0.207233 0.556919 0.446479 0.112047 0.083780 
2.618356 2.116378 1.032101 1.737407 1.583433 0.502224 0.761714 0.152427 0.723883 0.459617 0.063917 0.075925 
2.584361 2.105475 1.095363 1.834647 1.483016 0.488566 0.531674 0.313128 0.434294 0.546740 -0.049088 0.083544 
2.575054 1.860278 1.111986 1.775316 1.479756 0.421783 0.862787 0.806409 0.684875 0.464674 0.038112 0.082333 
2.518804 1.912708 1.101718 1.844472 1.896104 0.790531 0.772441 0.601716 0.790439 0.385005 0.043551 0.074635 
2.539543 1.882196 1.139502 1.722389 1.536067 0.616629 0.881200 0.327221 0.742451 0.370472 0.219616 0.078122 
2.635682 2.018077 1.211398 1.346449 1.364944 0.842916 0.805718 0.308998 0.568542 0.295774 0.136169 0.082443 
2.602017 2.243166 1.621539 1.531453 1.347831 0.960336 0.807672 0.302915 0.247150 0.164056 0.130654 0.077138 
2.877160 2.463933 2.017347 1.650979 1.569375 0.875813 0.717370 0.084053 0.139044 -0.042546 0.127490 0.058480 
3.690715 3.387554 2.841273 2.177270 1.767361 0.171555 0.127378 -0.358187 0.088748 -0.077593 -0.030888 0.017732 
3.645134 3.166750 2.619939 1.817479 0.726219 -0.094100 -0.003398 0.217690 0.006408 -0.171676 -0.125043 0.011162 
3.580119 2.825215 2.421088 1.908297 0.800759 -0.230700 -0.350077 0.211342 0.060423 -0.282232 -0.250215 0.002717 
4.476196 3.145760 2.272713 2.151522 1.046151 -0.658479 -0.814794 0.094910 0.496276 -0.371835 -0.214614 -0.016826 
6.112418 2.883537 1.732382 2.573344 1.170321 -0.519962 -0.479784 0.341967 0.712603 -0.836657 -0.428809 -0.018320 
3.275597 2.387006 1.933078 1.832996 1.132299 0.299118 -0.133261 -0.027949 -0.118593 -0.428077 -0.355289 -0.021011 
4.255429 3.000550 2.219374 2.323522 1.323549 -0.712477 -0.642459 0.199539 0.210325 -0.544314 -0.314389 -0.038337 
5.378592 3.164634 1.812542 2.418695 1.847977 -0.967042 -1.118608 0.182911 0.488666 -0.683859 -0.400474 -0.055194 
4.955197 3.042821 2.164065 2.327337 1.447836 -1.053379 -1.297504 0.058679 0.236050 -0.597348 -0.334526 -0.042222 
3.778136 2.931294 2.280391 1.939578 0.849313 -0.607104 -0.968506 -0.443354 -0.245166 -0.424084 -0.230213 -0.031607 
5.546959 3.582076 1.329150 2.050072 1.601731 -1.253576 -1.870912 -0.080288 0.427590 -0.643872 -0.385125 -0.072168 
6.282781 3.732340 1.200402 1.069303 1.881277 -1.525155 -1.804751 0.091579 0.652706 -0.701466 -0.516705 -0.115072 
3.989204 2.848585 2.125597 1.576136 0.318462 -1.119291 -1.328251 -0.468064 -0.175881 -0.395128 -0.153821 0.013098 
3.923829 2.773400 1.853200 1.336329 0.270643 -1.013518 -1.108385 -0.614929 -0.291980 -0.364282 -0.113332 0.012434 
3.896477 2.700581 1.842884 1.225504 0.438718 -0.969279 -1.304985 -0.670870 -0.271876 -0.327125 -0.161947 0.004079 
5.470688 3.270367 1.700755 1.472292 0.990730 -1.652339 -1.866148 -0.453663 0.174164 -0.615990 -0.235369 -0.003989 
4.183055 2.993144 2.017323 1.193111 0.134563 -1.109003 -1.063206 -0.693211 -0.476751 -0.505063 -0.081023 0.012482 
3.964689 2.938349 2.000890 1.220256 -0.056658 -1.110595 -1.139233 -0.657209 -0.447705 -0.501114 -0.078238 0.013816 
3.667591 2.776181 1.914416 1.071104 0.142559 -0.804342 -1.127799 -0.859663 -0.613553 -0.384889 -0.084770 0.011349 
5.458280 3.535889 2.092985 1.719482 0.740487 -1.751004 -2.222981 -0.624374 -0.007611 -0.570541 -0.219213 -0.000555 
4.086090 3.125291 2.480222 1.589858 0.178519 -1.168948 -1.405492 -0.911930 -0.537624 -0.506840 -0.099074 0.011520 
3.918996 3.042857 1.986371 1.155922 0.211933 -0.908666 -1.318702 -0.950648 -0.444545 -0.334867 -0.103072 0.009117 
4.064660 3.088966 2.058771 1.142081 0.235346 -0.944123 -1.400836 -0.881671 -0.486166 -0.422455 -0.109841 0.004201 
5.666157 3.465157 1.697759 1.281497 1.193283 -1.731933 -1.826423 -0.534838 0.093770 -0.699272 -0.278921 -0.021976 
4.130000 2.966594 1.985024 1.265891 0.171765 -1.137345 -1.275378 -0.719645 -0.410536 -0.504579 -0.118918 0.002691 
3.895364 2.777984 1.713247 1.062788 0.196452 -1.039568 -1.255188 -0.668560 -0.416055 -0.422316 -0.140659 -0.003792 
5.386922 3.120149 1.576552 1.251342 0.773776 -1.318144 -2.086826 -0.336282 0.209451 -0.800014 -0.262589 -0.020529 
5.634040 3.201188 1.359645 1.279565 0.869874 -1.340154 -1.979797 0.046067 0.069450 -0.905247 -0.331035 -0.017270 
5.076553 3.074621 1.461826 1.109444 0.894010 -1.262994 -1.849870 -0.179188 0.067497 -0.746777 -0.206199 -0.011395 
4.337460 2.963364 1.618912 1.209857 0.299031 -1.127681 -1.335788 -0.437416 -0.168498 -0.517040 -0.128911 0.007984 
5.285755 3.340136 1.460604 1.269120 0.622239 -1.110752 -1.609936 -0.023365 0.108215 -0.787515 -0.204990 -0.006418 
4.541363 3.213972 1.797434 1.125496 0.362791 -0.959058 -1.122967 -0.496870 -0.219817 -0.474627 -0.127514 -0.003835 
4.346610 3.074510 1.806193 1.172325 0.222666 -0.700238 -0.848518 -0.480499 -0.354017 -0.553913 -0.125497 -0.008164 
4.498018 3.277419 1.627474 0.939601 0.512860 -0.790146 -0.647114 -0.213650 -0.572570 -0.604147 -0.149177 -0.014468 
3.905418 2.848505 1.712924 0.701616 0.149220 -0.320196 -0.542751 -0.240775 -0.442595 -0.451216 -0.176836 -0.014612 
4.309832 3.150545 1.663482 0.810086 0.370623 -0.632616 -0.468281 -0.212238 -0.266532 -0.527269 -0.098611 0.000707 
3.959931 3.105580 1.897640 0.754948 0.199293 -0.464476 -0.290841 -0.417422 -0.409732 -0.334122 -0.042071 0.022078 
5.539188 3.601689 1.411252 0.354542 2.372117 -2.024828 -0.218617 0.248711 -0.152065 -0.450918 -0.322695 0.058740 
3.479556 2.447768 1.517743 0.978053 0.530381 -0.561644 -0.735444 -0.361895 -0.127777 -0.147972 -0.047722 0.037563 
5.106321 2.830922 1.522072 0.930890 1.401472 -1.466815 -1.024456 0.582471 0.271930 -0.757189 -0.233077 0.024578 
4.613594 2.729296 1.483425 1.197466 1.012069 -1.327607 -0.769198 0.417440 0.300983 -0.722207 -0.199480 0.022125 
4.937576 2.939517 1.248880 1.072495 1.270389 -1.474647 -0.945439 0.469655 0.233577 -0.782598 -0.228926 0.020550 
3.886123 2.702811 1.433768 0.883988 0.573637 -0.439257 -0.563411 -0.372643 -0.284789 -0.353832 -0.076252 0.023379 
3.708669 2.666505 1.615411 0.638330 0.140903 -0.671236 -0.530596 0.067392 -0.296002 -0.333347 -0.102348 0.011436 
5.062457 3.278160 1.708967 1.005000 0.543602 -1.268849 -0.817071 0.402488 -0.249365 -0.810843 -0.094379 0.032727 
5.046342 3.347740 1.284822 0.697306 0.641890 -1.168159 -0.725650 0.647711 -0.323037 -0.821891 -0.129912 0.023909 
4.433033 3.076556 1.511097 0.636825 -0.010187 -0.757060 -0.530965 0.044919 -0.370538 -0.625735 -0.025077 0.020276 
3.934441 2.891358 1.517289 0.628591 -0.432206 -0.704052 -0.448449 -0.230344 -0.402007 -0.362656 -0.020108 0.023962 
4.583227 3.016921 1.168734 0.557068 -0.020492 -0.563486 -0.637528 -0.154823 -0.429977 -0.661929 -0.020971 0.031770 
6.040972 3.864135 0.511852 0.896500 0.144252 -0.942660 -0.985991 1.034412 -0.213976 -0.889074 -0.421226 -0.006398 
4.778357 3.332935 1.200813 0.193986 -0.311089 -0.664081 -0.360385 0.251871 -0.484988 -0.722444 -0.054321 0.021925 
5.505306 3.240014 0.832309 0.614028 -0.238069 -0.702858 -0.517777 0.613368 -0.245848 -0.975791 -0.220729 0.022534 
4.664080 2.988954 0.984155 0.223900 -0.114115 -0.555791 -0.397001 0.047705 -0.335363 -0.659807 -0.043595 0.027170 
5.325777 2.950471 0.927386 0.373332 -0.151167 -0.655322 -0.764152 0.234487 0.242663 -0.925288 -0.163476 0.012288 
6.419164 3.115789 0.307738 0.815465 0.479217 -1.008092 -1.208989 0.567285 0.631529 -0.702922 -0.442165 -0.041314 
6.115214 2.888739 0.775694 1.003721 0.190614 -0.728670 -1.339427 0.489957 0.644058 -0.803705 -0.353258 0.001613 
5.363882 2.872810 1.020102 0.747058 0.497049 -0.810351 -0.945283 0.309202 0.410273 -0.669612 -0.118864 0.021111 
5.205327 2.699489 0.850775 0.965229 0.928375 -0.535220 -0.694188 0.230920 0.088310 -0.645517 -0.120340 0.027344 
6.260718 2.292268 0.505747 1.203156 1.336873 -0.786241 -0.492312 0.698931 0.278529 -0.697398 -0.296159 0.068260 
6.040423 2.272878 0.674628 1.369692 1.392969 -1.089082 0.019884 0.662879 0.633914 -0.884830 -0.318476 0.097317 
4.530558 2.304294 0.922735 1.392811 1.339767 -0.661910 -0.369846 1.058120 0.442168 -0.669622 -0.133249 0.050009 
5.216062 2.290624 0.764693 1.674201 1.646258 -0.709344 -0.628276 1.195916 0.852669 -0.707834 -0.104403 0.129591 
4.640295 2.064917 1.185463 1.596406 1.609970 -0.755674 -0.751653 1.158374 1.081283 -0.643298 0.030211 0.137404 
4.237229 2.090295 1.098373 1.940510 1.400633 -0.792161 -1.370397 0.794193 0.950461 -0.537818 0.193583 0.166197 
3.355499 2.065125 1.613023 1.643533 0.962434 -0.635251 -0.856790 0.890280 0.655734 -0.172087 0.075023 0.108158 
3.616832 2.571376 1.521520 1.438686 1.490911 0.025792 0.040260 0.422465 0.578075 -0.048017 0.058864 0.053281 
3.688851 2.530760 1.837428 2.040173 1.537691 -0.097414 0.144290 0.374557 0.343052 0.037117 0.037992 0.057065 
3.196302 2.397859 1.818265 2.100177 1.329157 0.434237 0.479680 0.472630 0.555263 -0.103572 -0.093170 0.039329 
