2.143980 1.822546 2.025126 1.570816 1.166204 1.078711 1.065288 0.746156 0.462325 0.417826 0.240377 0.077619 
2.133236 1.744753 2.043821 1.418416 1.278518 1.123402 1.099470 0.881582 0.427289 0.443379 0.306903 0.072001 
2.082912 1.698726 2.019211 1.542019 1.276258 1.101708 1.158183 0.681933 0.531902 0.350332 0.188402 0.083350 
2.769901 1.932099 2.056932 1.242762 1.204870 0.676099 0.769556 1.053721 0.772427 0.541749 0.129167 0.073568 
3.062292 1.691982 2.214805 1.472815 0.503905 1.574562 0.577538 1.059560 0.309990 -0.031601 0.168760 0.065591 
2.627079 1.505416 1.498651 1.671550 1.538790 0.745934 0.695240 0.212600 0.213310 0.097532 0.305357 0.068526 
2.820184 0.895645 1.372200 2.113544 1.580391 0.414909 0.823312 0.641896 0.907475 0.361561 0.295181 0.068312 
2.666136 0.764862 1.558653 2.326416 1.348916 -0.158988 0.725130 0.940707 0.895530 0.212501 0.163532 0.092080 
2.955930 0.664442 1.590733 2.277935 0.657059 -0.690026 -0.287101 0.362088 0.698836 0.329550 0.127254 0.114514 
2.905300 0.876115 1.846856 1.825639 0.695109 -0.332670 -0.920624 0.319381 0.608395 0.307408 0.156590 0.117796 
2.781566 0.656837 2.098625 1.484468 0.612357 -0.610081 -0.584925 -0.118577 0.346881 0.464343 0.172609 0.125851 
2.635459 1.044538 2.431867 1.013872 1.067531 -0.747630 -0.754510 0.175942 0.604918 0.403406 0.223641 0.132056 
2.441205 1.339912 2.922365 0.920001 0.867100 0.035138 0.118222 -0.030457 0.236699 0.340868 0.257270 0.095464 
2.551115 1.359037 2.636461 0.318850 1.008450 0.514657 0.846595 0.474967 0.405573 0.446710 0.156700 0.078708 
2.584009 1.192811 2.613353 0.056702 0.797517 0.572330 1.374388 0.945882 0.593534 0.313040 0.120771 0.069863 
2.682620 1.420079 1.970923 0.104033 -0.312069 0.260664 1.495302 1.155111 0.814192 0.303610 -0.017092 0.046285 
2.660314 1.298867 2.000747 -0.108532 -0.008163 -0.052881 1.378027 1.316472 0.525353 0.200124 -0.150115 0.045027 
2.805320 1.367411 1.972150 0.920284 0.414181 -0.182713 2.145958 1.176442 0.473780 0.469635 -0.234591 -0.004776 
2.926100 1.045622 1.209766 0.989342 0.992911 0.411983 2.075230 0.487240 -0.054306 0.137061 -0.098136 0.005288 
2.477102 1.418763 1.136402 1.980697 1.340083 0.679212 2.384576 -0.366562 0.071393 -0.387562 0.090835 0.020837 
2.296572 1.734207 0.742528 2.314095 1.106800 0.762629 1.983071 -0.521017 -0.210837 -0.481951 0.128146 0.002442 
2.129636 1.739434 0.468292 2.174315 1.471409 0.726868 2.131308 -0.537897 -0.082423 -0.658013 0.216092 0.028180 
1.987457 1.920179 0.493207 1.848712 1.695719 0.721414 1.948916 -0.304168 0.016239 -0.703657 0.140072 0.039672 
2.093992 2.000776 0.480886 1.474680 1.907073 0.752520 1.465432 -0.091844 -0.083664 -0.809532 -0.063219 0.059796 
2.442549 2.105415 0.698411 1.108593 1.903889 0.401793 0.953147 0.011197 -0.091367 -0.942563 -0.153949 0.040374 
3.426644 2.508302 1.346990 0.668985 1.072855 -0.115026 0.558195 -0.010775 -0.978741 -1.091192 -0.164678 -0.029964 
3.801180 2.834820 1.260890 0.655972 0.203066 -0.540318 0.113980 -0.255893 -0.978571 -0.964728 -0.339723 -0.111485 
3.972741 2.860552 1.693062 0.473720 -0.653014 -0.210353 -0.112872 -0.841184 -1.115219 -0.916609 -0.331779 -0.131610 
4.050319 2.867332 1.984869 0.581598 -0.484359 -0.531183 -0.995279 -1.244551 -1.339408 -0.950215 -0.245682 -0.111746 
3.851825 2.970247 1.979944 0.931568 -0.422229 -1.089501 -1.493353 -1.368304 -1.167781 -1.107211 -0.152959 -0.107319 
3.623971 2.815794 1.912323 0.809658 -0.287040 -1.046075 -1.290396 -1.346174 -1.084716 -0.649580 -0.216318 -0.107988 
3.962534 3.238547 1.943526 0.889244 -0.146598 -1.052137 -1.704427 -1.371639 -1.411541 -0.954901 -0.216986 -0.111210 
3.988805 3.249907 2.140681 1.154897 -0.225082 -1.222907 -1.795759 -1.688855 -1.482411 -1.051866 -0.222781 -0.112798 
3.924635 3.094686 2.005137 0.938789 -0.398656 -1.326212 -1.569979 -1.435210 -1.423462 -0.928444 -0.187647 -0.099597 
3.575897 2.770238 1.794210 0.663487 -0.378295 -1.158424 -1.334761 -1.294994 -1.168544 -0.747990 -0.159606 -0.097660 
3.992869 3.309162 1.927067 0.710456 -0.481106 -1.094173 -1.344888 -1.532525 -1.396048 -0.895716 -0.200878 -0.092177 
4.724668 3.823343 2.161062 0.245298 -0.979254 -1.581753 -1.280499 -1.188806 -1.526683 -1.224479 -0.265709 -0.101034 
3.981571 3.222581 2.092663 0.543407 -0.553117 -1.662071 -1.766100 -1.572977 -1.546220 -0.831643 -0.156376 -0.065999 
3.302435 2.504961 1.512447 0.206439 -0.686604 -1.549578 -1.668035 -1.621470 -1.129604 -0.520794 -0.082925 -0.051734 
4.284339 3.338706 1.676630 0.028866 -0.978796 -1.851460 -1.572159 -1.476860 -1.449334 -1.004312 -0.129012 -0.043450 
4.934440 3.833347 1.881430 -1.033733 -1.157979 -2.421452 -1.258158 -0.807708 -1.613921 -1.248262 -0.276789 -0.090419 
4.342571 3.438308 1.619159 -0.779133 -1.272494 -1.882671 -1.163452 -1.179275 -1.544150 -0.865790 -0.173534 -0.049467 
3.390983 2.388661 1.083320 -0.257131 -1.020028 -1.678439 -1.418564 -1.189568 -0.976635 -0.555630 -0.132897 -0.037203 
5.501717 3.830202 0.980613 -1.626691 0.734599 -3.964673 -0.784250 -0.527254 -1.546264 -0.872611 -0.716856 -0.016008 
4.381590 3.358969 1.143772 -0.811789 -0.678153 -2.778287 -1.071442 -1.041375 -1.736332 -0.876579 -0.223165 -0.017264 
5.201514 3.602244 1.305873 -2.014521 0.814578 -3.678523 -0.964048 -0.599633 -1.511888 -0.928414 -0.583270 -0.026147 
3.319992 2.307798 0.855246 -0.294405 -0.919541 -1.846506 -1.437220 -1.344422 -1.071613 -0.471501 -0.153071 -0.026116 
5.250748 3.586683 1.134533 -2.048152 0.584708 -4.453336 -0.973327 -0.182757 -1.680762 -0.957072 -0.685970 -0.013718 
4.187121 3.068584 1.113516 -1.015060 -0.625883 -2.709116 -1.061358 -1.022930 -1.609992 -0.685010 -0.184739 -0.012972 
4.253486 3.049342 1.239438 -0.788781 -0.596589 -2.798461 -0.849222 -0.815998 -1.161307 -0.792170 -0.172531 -0.021219 
3.498325 2.523121 0.897807 -0.300965 -0.831340 -1.817972 -1.378184 -1.335024 -1.103102 -0.591181 -0.084098 -0.032156 
4.362655 3.107198 1.152092 -0.333060 -0.622476 -2.902437 -1.425875 -0.893012 -1.192759 -1.128639 -0.119859 -0.017748 
3.870662 2.716545 1.423645 -0.286545 -1.015137 -2.086827 -1.407661 -0.755397 -0.924576 -0.680993 -0.123490 -0.046648 
4.247037 2.785561 1.323854 -0.394923 -1.119509 -2.089143 -1.396737 -0.849864 -1.199819 -0.950885 -0.107727 -0.036346 
4.309530 2.852477 1.265065 -0.505572 -0.729310 -2.181791 -1.552529 -1.124482 -1.403781 -0.914570 -0.125691 -0.030592 
4.178829 3.051711 1.376822 -0.655711 -0.821530 -2.062852 -0.973761 -0.906218 -1.478603 -0.846068 -0.174888 -0.055413 
3.878746 2.861875 1.548119 -0.229141 -1.032579 -1.710776 -1.299035 -1.168880 -1.195776 -0.685512 -0.126165 -0.050077 
4.110233 2.977136 1.081876 -0.543822 -0.765913 -1.506897 -0.968793 -0.984851 -1.358576 -1.059077 -0.105960 -0.046829 
4.259877 3.097349 1.001607 -0.973767 -0.544302 -1.670227 -0.393823 -0.692257 -1.407562 -0.920527 -0.249504 -0.056496 
4.956616 3.241204 0.349552 -1.277577 0.594838 -2.943277 -0.642550 -0.233219 -1.346399 -1.205283 -0.512883 -0.024107 
4.766364 3.199144 0.241393 -1.186129 0.492359 -2.913365 -0.423942 -0.310553 -1.171051 -1.306491 -0.470601 -0.023091 
4.058350 2.624418 0.590999 -0.384422 -0.400698 -1.682507 -0.751852 -0.493540 -1.088733 -1.036675 -0.189187 -0.048481 
4.104423 2.839390 0.904385 -0.692577 -0.658957 -1.312968 -0.942246 -0.478287 -1.099931 -0.901205 -0.136499 -0.049417 
4.765063 2.892372 1.192235 -1.082145 0.718667 -2.813358 -0.328595 -0.353776 -1.060519 -1.104720 -0.387552 0.000210 
4.832373 2.786020 1.295689 -0.846609 1.091714 -2.832469 -0.208285 -0.351261 -1.136637 -1.008852 -0.406645 0.029002 
4.575738 2.885230 1.495303 -0.622119 0.517057 -2.124679 -0.160057 -0.590070 -1.083831 -0.886231 -0.258721 -0.009040 
4.003965 2.621642 1.368463 -0.246203 -0.084788 -1.542395 -0.517731 -0.562929 -0.988793 -0.683395 -0.176408 -0.045841 
4.016913 2.695919 1.220824 0.053027 -0.428179 -1.344398 -0.620742 -0.619914 -0.885444 -0.944540 -0.095781 -0.040728 
5.022749 3.163038 1.145026 -0.987316 0.654731 -2.935593 -0.295326 -0.187541 -1.062717 -1.280759 -0.452917 -0.015179 
4.907461 2.987649 0.659392 -0.664277 0.612171 -2.760871 -0.525161 -0.326241 -0.805196 -1.215527 -0.403054 -0.012807 
5.168836 3.021860 0.581459 -0.520694 0.618673 -2.826759 -0.353373 -0.153462 -0.532366 -1.254816 -0.475569 -0.012568 
4.079860 2.569424 0.637622 -0.357239 -0.302611 -1.283195 -0.516580 -0.320864 -0.819550 -0.902041 -0.188949 -0.047934 
5.433480 3.048794 0.499230 -1.014866 0.773772 -2.564189 -0.635438 0.138142 -0.650867 -1.220655 -0.529653 -0.036716 
5.808479 3.382162 0.165041 -1.054835 1.566930 -2.930557 -0.664764 0.538986 -0.802509 -0.943520 -0.799902 -0.049629 
5.662475 3.003910 0.362971 -0.819826 0.861520 -1.976273 -1.218639 0.422559 -0.776337 -0.964526 -0.487301 -0.071969 
5.324841 3.028428 0.138626 0.090044 0.656125 -1.936016 -1.287095 -0.391078 -0.243820 -1.144949 -0.373283 -0.056775 
5.811734 2.792400 0.210585 -0.020711 1.078165 -2.463500 -1.282143 -0.535490 0.027940 -1.171268 -0.554739 -0.044853 
5.755263 3.328858 -0.106997 0.029176 1.287016 -2.831096 -1.427429 -0.030320 -0.110930 -0.969374 -0.643150 -0.063380 
4.119690 2.640832 1.077386 0.375006 -0.227882 -1.313846 -1.168759 -0.148767 -0.135454 -0.692307 -0.143290 -0.070610 
5.747167 2.867413 0.423026 -0.079969 1.238254 -2.840244 -0.845269 -0.017787 0.090755 -1.095372 -0.600482 -0.025553 
5.326624 2.434931 0.697468 0.121300 1.154080 -1.594877 -1.063516 0.334988 0.052185 -1.004797 -0.409685 -0.058092 
4.883655 2.177885 0.740662 0.672844 0.732806 -1.025329 -0.767659 0.281465 0.179958 -1.081987 -0.303754 -0.043721 
3.553824 1.935891 0.936947 0.942410 0.524377 -0.778098 -0.504658 0.293818 0.308930 -0.465363 -0.278421 -0.091397 
5.128676 2.080003 0.249241 0.404539 2.259747 -1.381780 -0.492587 0.437460 0.382781 -0.917361 -0.420573 -0.010153 
4.770677 1.880277 0.356957 0.772533 1.944920 -1.118205 -0.712000 0.453763 0.661704 -0.846119 -0.294003 -0.016729 
