3.411066 1.245189 1.361292 1.045613 0.586040 0.662110 1.004901 0.991241 0.345919 0.577791 0.522655 0.076265 
3.334264 1.677926 1.375799 -0.073421 0.590982 0.339638 1.266843 0.916537 0.187098 0.566918 0.273225 0.067061 
3.462433 2.330417 1.726949 -0.208163 0.536827 0.469800 1.577245 0.818339 0.095773 0.339427 0.319657 0.088947 
3.330635 2.300480 1.659798 0.087013 0.811604 0.284507 1.421480 0.302493 0.152319 0.324410 0.280517 0.105443 
3.176325 2.353113 0.952910 0.456185 0.757906 0.299009 0.888667 0.547514 0.194879 0.424485 0.299389 0.104120 
3.036854 2.000727 1.389127 0.900922 0.583445 0.123751 1.210061 0.391019 -0.005488 0.310648 0.450017 0.108563 
3.079317 1.631049 1.278537 0.664491 0.096148 -0.030910 1.153947 0.916545 0.125705 0.073852 0.478782 0.119537 
2.959585 1.842835 1.630459 1.135887 0.346230 0.268658 1.207649 0.962347 0.050901 0.334406 0.352427 0.085769 
2.900370 1.543956 1.387628 1.449119 0.800928 0.793813 1.188586 0.997832 0.565523 0.288089 0.359523 0.086251 
2.843546 1.709658 1.325753 1.358860 1.083312 1.062470 1.063921 0.720269 0.663743 0.586311 0.344242 0.078630 
2.846850 1.422624 1.208873 1.013200 1.525641 1.278919 0.919226 0.802667 0.719237 0.553175 0.361012 0.076860 
2.879063 1.764854 1.386500 1.269474 1.109244 1.242164 1.064210 0.544655 0.564493 0.666548 0.398381 0.084951 
2.906233 1.824164 1.412496 1.086931 1.132322 1.006905 1.078730 0.549597 0.676288 0.263715 0.328822 0.087488 
2.906462 1.975063 1.336144 1.381092 0.994458 1.287105 1.003678 0.031173 0.506401 0.486256 0.416827 0.090790 
2.766019 2.033951 1.357622 1.348781 1.013101 1.029676 0.896553 -0.431035 0.418982 0.409711 0.406223 0.088872 
2.969684 2.491241 0.292519 1.428784 0.832138 2.071428 0.567821 0.257227 0.383412 0.213382 0.494502 0.097921 
2.197576 3.065612 -1.417528 1.958044 0.236051 3.526795 0.573801 0.426646 -0.216778 -0.440754 0.156470 0.080129 
2.051640 2.880221 -2.376717 1.803678 0.818858 3.883932 1.637433 0.032680 0.256434 -0.252421 0.155073 0.066591 
2.037095 2.641395 -2.845060 1.172627 1.869773 4.394456 1.846101 0.079936 0.498858 -0.183839 0.153561 0.053530 
1.858418 2.179922 -3.206679 1.431081 1.821260 3.704909 2.357416 -0.221644 0.598502 -0.104573 0.267640 0.012633 
1.948914 1.999776 -3.164808 1.088471 2.292983 3.999342 2.848470 -0.396138 0.816335 -0.058996 0.357110 -0.017623 
2.522687 2.084117 -3.391052 0.383966 1.702661 3.275774 2.378552 -0.161343 1.059538 0.041974 0.375337 -0.095367 
2.966121 2.594667 -3.984130 0.520444 1.308364 2.544391 2.250682 -0.195201 1.328737 0.211397 0.451968 -0.137303 
3.573468 2.021413 -2.794727 -0.105863 1.758345 2.186643 1.881680 0.232279 1.555664 0.339291 0.415565 -0.141629 
3.699198 2.332128 -2.210090 -0.221429 1.734085 1.952812 1.599282 -0.052117 1.819681 0.315406 0.399016 -0.175957 
3.517273 2.561013 -1.239097 -0.241728 1.520056 1.003727 1.253246 -0.313788 1.859012 0.497295 0.316494 -0.142659 
3.925206 3.055888 -1.249527 0.354105 1.742041 0.615703 0.931517 -0.547121 2.125992 0.558387 0.358421 -0.190701 
4.341912 4.319747 -2.253306 0.199337 2.850230 -0.222628 0.357339 -0.654970 1.862004 0.821885 0.452392 -0.187287 
3.973909 3.394686 -0.424249 0.548836 2.089636 -0.481542 -0.034096 -1.158150 2.010411 0.966189 0.472845 -0.094547 
3.699238 2.832471 0.126510 0.659443 1.675388 -0.315101 -0.395479 -0.959238 1.516853 1.019406 0.388661 -0.054622 
4.252427 3.497658 -0.279527 0.706942 1.998359 -0.719672 -0.439505 -1.288996 1.756117 0.919682 0.449024 -0.073237 
4.243968 3.745502 -0.162816 0.939044 2.158485 -1.201599 -0.533141 -1.614182 1.580755 1.017977 0.397323 -0.036535 
4.318613 3.476015 0.337991 1.012590 1.737231 -1.156916 -0.684748 -2.051175 1.108214 0.717738 0.295164 -0.028188 
4.108804 3.217310 0.994585 1.108187 1.112861 -1.108098 -0.903746 -1.997212 0.732595 0.307247 0.204649 -0.009334 
4.344579 3.368012 1.066563 0.942285 0.988094 -1.349768 -0.973524 -2.168538 0.361427 0.220359 0.080238 -0.011063 
4.842740 4.286440 0.570540 0.699260 1.305262 -1.312457 -0.907001 -2.930584 0.178396 0.154080 0.184554 -0.010646 
4.173027 3.268007 1.023916 1.071939 0.410834 -0.663521 -1.407494 -2.021537 -0.144872 -0.035954 0.073423 -0.026923 
4.701694 3.661089 1.038660 0.698903 0.632521 -0.736473 -1.380375 -2.272408 -0.389179 -0.013085 0.003351 -0.023205 
3.961563 2.892483 1.523955 0.698993 0.457770 -0.649070 -1.231091 -1.419005 -0.673466 -0.162297 -0.036237 -0.018530 
5.720554 4.572711 0.447068 -0.177319 2.209914 -0.822970 -1.181076 -2.457473 -0.308056 -0.323916 0.105380 -0.044232 
4.295540 3.447758 1.635814 0.932517 0.524615 -0.477666 -0.919612 -1.161739 -0.806035 -0.555264 -0.140256 -0.042345 
4.623834 3.546528 1.755429 0.800241 1.286752 -0.241884 -0.721657 -1.580560 -1.088841 -0.418827 -0.184162 -0.037334 
3.687951 2.897228 1.811961 0.973909 0.460589 -0.354708 -0.661604 -1.011085 -0.833510 -0.511911 -0.137162 -0.045449 
5.248751 4.227048 1.319868 0.279043 1.855786 -0.014158 -0.405431 -1.489045 -0.864767 -0.973777 -0.180092 -0.045243 
4.528872 3.433367 1.625020 0.600253 1.198862 -0.223014 -0.554926 -0.967092 -1.106483 -0.808072 -0.192124 -0.042308 
5.028842 3.520288 1.876543 -0.010334 1.324013 -0.051504 -0.588383 -0.880076 -1.110840 -0.612343 -0.241473 -0.049772 
3.855979 2.992959 1.735155 0.947400 0.594754 -0.491708 -0.680104 -0.943594 -0.681177 -0.424652 -0.243686 -0.050218 
5.059368 3.358286 1.649314 0.372917 1.372413 -0.200406 -0.952912 -0.801191 -0.976613 -0.319104 -0.241616 -0.067871 
4.307173 3.293957 2.052437 1.701432 0.932911 -0.368463 -0.443400 -1.292617 -0.848803 -0.419881 -0.216590 -0.053030 
4.671471 3.405255 2.308096 0.905244 1.169286 -0.050813 -0.798410 -1.348612 -0.981372 -0.227252 -0.233521 -0.049756 
3.979772 3.011353 2.099681 1.323994 0.718415 -0.338627 -0.856079 -1.261575 -0.807936 -0.357792 -0.239147 -0.054221 
5.266172 3.061505 2.501896 1.159157 1.442156 -0.550903 -0.978960 -1.334621 -1.107036 -0.136392 -0.232440 -0.072683 
4.701326 3.248675 2.440704 1.098170 1.266766 -0.071757 -1.452457 -0.994510 -1.037268 -0.440066 -0.214735 -0.068443 
5.034161 3.424454 2.446188 0.952507 1.598566 -0.153551 -1.688821 -0.843937 -1.196035 -0.435171 -0.214774 -0.084688 
4.266198 3.178532 2.341384 1.369309 1.044864 -0.467267 -1.325325 -1.253670 -1.008970 -0.424512 -0.251048 -0.070244 
5.009018 3.629490 2.300770 0.970735 1.132325 -0.271866 -1.842541 -1.145440 -0.802371 -0.410072 -0.242606 -0.079997 
4.786030 3.373295 1.955722 1.042608 0.636608 -0.562589 -0.788393 -1.179916 -0.852117 -0.427024 -0.244548 -0.052618 
4.681364 3.562232 2.104069 0.810253 0.746084 -0.178126 -1.232135 -1.367884 -0.748933 -0.236715 -0.219951 -0.042345 
3.613381 2.864143 1.746768 0.716867 0.215058 -0.289076 -0.587897 -0.806575 -0.619747 -0.457911 -0.222272 -0.043951 
4.800789 3.553723 2.219639 1.058924 0.834101 -0.454510 -1.282307 -1.001904 -1.075169 -0.235913 -0.204256 -0.045745 
5.064020 3.351585 2.243501 0.765355 0.745310 -0.836803 -1.502022 -1.038038 -0.688586 -0.127965 -0.152333 -0.038961 
5.144581 3.355646 1.665914 0.493339 1.080535 -0.773171 -1.701333 -1.405620 -0.801075 0.203902 -0.046698 -0.017405 
3.765315 2.678346 1.542795 0.724208 0.470096 -0.492798 -1.210252 -1.182132 -0.534365 0.117119 -0.019169 0.008532 
5.620713 3.411112 1.194003 0.320650 2.099260 -0.798839 -2.131364 -1.938353 -0.293771 0.457576 0.128534 -0.028342 
5.828734 3.266106 0.824820 -0.174537 2.523560 -0.788676 -1.822170 -1.769188 -0.454558 0.429292 0.159356 -0.005070 
6.078179 2.955419 0.513111 -0.419976 2.325609 -0.531401 -1.327817 -1.376370 -0.668957 0.253713 0.155340 0.031369 
5.418819 3.031183 0.649582 -0.197696 1.405771 -0.080332 -1.051854 -1.109196 -0.787904 0.123229 0.203645 0.065477 
6.040028 3.092111 -0.087391 -0.350376 1.439270 -0.093531 -0.112084 -0.777375 -0.679301 -0.349170 0.023970 0.081366 
6.251276 2.850093 -0.127202 -0.415013 1.273175 0.109330 0.078564 -0.685354 -0.263909 -0.289919 0.055275 0.076087 
5.606282 2.757930 0.077481 -0.451429 1.067176 0.559967 0.073637 -0.222610 0.100054 -0.334218 0.114580 0.062939 
5.899780 2.606891 -0.087147 -0.672489 1.500582 0.364430 -0.125180 -0.094394 -0.102659 -0.265223 0.036578 0.040173 
5.233403 2.723072 0.556650 -0.407724 1.167793 0.352320 -0.504192 0.053927 0.006147 0.143876 0.254481 0.043070 
4.886378 2.488020 0.650862 -0.453998 1.336242 0.820726 -0.135936 -0.089218 -0.094026 -0.047242 0.171453 0.021403 
4.737015 2.336166 0.527626 0.100598 0.981519 0.606210 -0.103952 -0.045092 -0.398452 0.026724 0.187088 0.046522 
5.266917 2.231062 0.836302 -0.173781 1.132678 0.520183 0.396073 0.182729 -0.418364 -0.140171 0.116541 0.066757 
4.339818 2.446863 1.106532 0.179473 0.853376 0.566685 0.160738 0.373564 -0.054028 -0.160034 0.170350 0.050686 
4.357174 2.387830 1.378726 0.768667 1.052229 0.066448 0.364013 0.661250 -0.229787 0.092051 0.283497 0.077353 
4.540517 2.313616 1.484959 0.557996 1.286379 0.373086 0.943956 0.900707 -0.160530 0.058236 0.165260 0.055762 
4.857232 2.367239 1.394126 0.406097 1.378585 0.298359 0.995802 0.891609 0.123221 0.310039 0.285186 0.098373 
3.354029 2.324445 1.406777 0.758462 1.038883 0.721377 0.507231 0.492181 0.209565 0.307498 0.310745 0.070825 
4.269943 2.634136 1.246463 0.892328 1.367085 0.859920 0.679627 0.491217 0.113697 0.326752 0.205001 0.069807 
4.612030 2.728435 1.602954 0.236673 1.621964 0.325359 0.925269 0.430902 0.297233 0.528313 0.326978 0.118286 
4.841339 2.526918 1.397498 0.188095 1.908359 0.011682 0.737850 0.436808 0.322705 0.724547 0.329755 0.116097 
3.550823 2.089387 0.887092 0.540411 0.645725 0.904465 1.016186 0.801377 0.700388 0.321627 0.151112 0.028004 
4.819524 2.202300 0.310548 -0.630428 0.399135 1.141606 0.718749 0.656345 0.593267 0.225644 0.169644 0.063473 
