2.628970 1.963553 1.958546 1.642428 1.252423 1.227111 1.226872 0.815488 0.598340 0.414015 0.265532 0.080144 
2.608075 2.060378 1.830260 1.447955 1.452073 1.188846 1.055938 0.965221 0.549464 0.359925 0.195517 0.078621 
2.606047 1.963348 1.752221 1.540490 1.511193 1.056558 1.267165 0.871491 0.581757 0.514587 0.291775 0.080159 
2.642397 1.858573 1.701599 1.327682 1.442517 1.336054 0.921074 0.597664 0.696325 0.332887 0.268393 0.081480 
2.555600 1.835808 1.625885 1.238044 1.278507 1.156184 1.116007 0.900014 0.650207 0.425868 0.194920 0.077310 
2.634618 1.900318 1.586717 1.215833 1.072405 1.187483 1.267067 0.674503 0.589213 0.467162 0.118460 0.077089 
2.634444 1.946468 1.813052 1.123746 0.960730 1.052921 1.369943 1.241266 0.602688 0.322284 0.229225 0.071956 
2.764783 1.977747 1.694993 1.126353 0.896076 0.849453 1.596227 1.327309 0.703565 0.217231 0.249133 0.069873 
2.661419 1.877911 1.344497 0.999693 1.019593 1.164949 1.266899 1.084919 0.556496 0.289150 0.130412 0.073449 
2.714556 1.822943 1.358700 0.980150 1.045213 1.057583 1.481140 1.248332 0.630369 0.218992 0.155557 0.069917 
2.759491 1.679562 1.082677 1.141328 0.975992 1.294896 1.421959 1.243561 0.750683 0.283390 0.092457 0.065736 
2.681766 1.860508 1.186019 1.087102 1.227329 1.358539 1.296654 0.853206 0.695347 0.313874 0.088162 0.074169 
2.672221 1.840288 1.463243 1.443684 1.315918 1.156614 0.998007 0.894857 0.781501 0.375768 0.159005 0.075852 
2.401213 2.082909 0.977473 1.465166 1.434157 1.331643 1.619613 0.624522 0.650852 0.432902 0.149691 0.081776 
2.437631 2.020522 0.224735 1.618258 2.048247 1.696881 0.757748 0.190596 0.450158 0.787438 0.314072 0.082356 
2.123883 1.825604 -0.446297 1.328342 2.793693 2.293231 1.703431 -0.420934 -0.070999 0.301305 0.255300 0.171936 
2.107879 1.977856 -0.916138 1.272367 2.569445 2.453627 2.207782 -0.036943 0.353461 -0.021552 0.203050 0.143856 
2.316084 2.138850 -1.234557 1.123921 2.519013 2.741633 2.155246 -0.231145 0.466400 -0.053819 0.093789 0.130511 
2.557892 2.186075 -1.793097 0.871432 2.187916 2.306669 2.860141 0.077942 0.774093 -0.051268 0.140865 0.077226 
2.742882 1.660874 -0.870549 0.577713 2.331938 2.638631 2.486114 0.466839 0.805836 -0.006600 0.136206 0.076088 
3.087973 1.355671 -1.747323 0.583817 2.214440 2.144737 1.898752 0.095800 1.252229 0.218207 0.257372 -0.006443 
3.216256 1.336822 -1.281927 0.537565 2.386194 1.470478 1.747939 0.090017 1.432192 0.069744 0.319328 0.017315 
3.761059 1.719684 -2.495546 0.543038 3.608385 0.817162 1.963000 0.052977 1.694219 0.341463 0.307635 0.006710 
3.468375 1.845970 -0.865130 0.830790 2.969809 0.979021 1.680523 -0.180316 1.541628 0.376136 0.335856 0.020553 
3.439480 2.470161 -0.530564 1.110058 2.442126 0.220635 1.281002 -0.516292 1.258796 0.500429 0.229739 0.036128 
3.106727 2.856425 0.396592 1.217196 1.981333 -0.140655 0.991136 -0.645404 1.469638 0.985339 0.204622 0.069661 
3.943057 3.954116 -0.716870 1.213963 2.448093 -1.230463 1.144647 -0.804647 1.097612 0.747519 0.473865 0.209358 
3.390787 2.971065 0.685212 0.444082 1.455672 -0.731110 1.016796 -0.765185 0.889700 0.539519 0.532152 0.168109 
3.826988 3.670392 0.006606 0.529858 1.565087 -0.882517 1.046566 -1.049679 0.774637 0.408722 0.502696 0.181036 
3.763782 3.670960 0.303143 0.419154 1.101945 -0.977052 1.231798 -0.955794 0.680125 0.193458 0.460890 0.172897 
3.860252 3.846126 0.073115 0.868338 1.149457 -0.950590 1.588375 -1.154371 0.551681 0.083137 0.456127 0.174007 
3.495176 3.261778 1.366838 0.563440 1.109473 -0.451506 1.230386 -1.011533 0.431273 -0.082024 0.365532 0.128322 
4.427432 3.962635 0.193604 0.969561 2.822362 -1.050461 0.863179 -1.765846 0.538131 -0.088664 0.259520 0.122645 
5.086761 4.053282 -1.206768 1.480470 3.802914 -0.951895 0.354872 -1.872139 0.489894 -0.100319 0.085302 0.069059 
4.040826 2.458187 0.982938 1.563173 2.195767 -0.465911 -0.204093 -1.322150 0.209020 0.157778 0.036249 0.019979 
3.896229 2.798167 0.462996 1.235150 2.628946 -0.126533 -0.451436 -1.763255 0.186390 0.208682 -0.010578 -0.025038 
4.065725 2.677738 0.442040 1.627124 2.886879 -0.277698 -0.595407 -2.035585 0.127049 0.159894 0.014020 -0.042834 
4.421672 2.897669 -0.048798 1.685506 3.736128 -0.841481 -0.528180 -2.172111 0.119497 0.153853 -0.064491 -0.043438 
3.498166 2.273406 0.836772 1.475299 1.912040 -0.382432 -0.733368 -1.593933 0.166843 0.186719 -0.119993 -0.028307 
4.051625 2.708876 0.606042 1.288574 2.865931 -0.317054 -0.910521 -1.845789 -0.115171 0.275995 -0.069502 -0.045171 
4.123603 2.567024 0.743272 1.548956 3.008265 -0.546195 -0.662229 -2.082127 -0.068166 0.287522 -0.105225 -0.045382 
4.492028 2.945143 0.449493 1.810895 3.681654 -1.045314 -0.586579 -2.181872 0.065356 0.162756 -0.100261 -0.032767 
3.549536 2.554500 1.171847 1.933128 1.644238 0.008276 -1.079775 -1.471808 0.173266 0.109964 -0.152601 -0.048082 
4.323509 2.815742 1.033487 1.903690 2.737857 -0.190313 -0.676758 -1.990792 0.265106 -0.011442 -0.060220 -0.068531 
4.749436 3.593478 0.842069 2.055064 3.577149 -0.793476 -0.556488 -2.218645 0.319411 0.042955 -0.061248 -0.064813 
5.151445 4.175014 0.364747 2.147241 4.225333 -1.190599 -0.359056 -2.347642 0.586593 -0.040307 -0.110793 -0.072875 
4.364941 3.571576 1.399021 1.941040 2.806059 -0.550741 -0.452052 -2.040953 0.461294 -0.041555 -0.087316 -0.059807 
3.686606 3.046879 1.947008 2.188699 1.965827 -0.518708 -0.587083 -1.479822 0.303091 -0.063782 -0.214555 -0.040576 
3.771948 3.222747 2.140443 2.113585 2.010523 -0.116750 -0.291940 -1.360507 -0.163419 -0.255063 -0.137600 -0.036258 
4.514348 3.857362 2.035005 2.581747 2.804478 -0.803257 -0.757532 -1.968051 0.336166 -0.109544 -0.220052 -0.083063 
4.451191 3.555547 2.003927 1.979964 2.072070 -0.180439 -0.880035 -1.367272 -0.027023 -0.154112 -0.171907 -0.059910 
3.621206 2.821431 2.089112 1.560005 1.141298 -0.210333 -0.492099 -0.730942 -0.282547 -0.175003 -0.200791 -0.020508 
3.779487 3.318070 2.467369 2.066550 1.456870 0.137165 -0.569673 -1.006793 -0.331985 -0.287712 -0.137506 -0.035267 
4.311756 3.477767 2.536384 1.989352 1.875489 -0.059390 -0.912604 -1.223064 -0.320776 -0.065873 -0.180250 -0.041507 
4.810299 3.714564 2.404878 2.130298 1.987008 -0.008056 -1.228721 -1.822733 -0.226102 0.232114 -0.158820 -0.056137 
3.805982 3.024820 2.259121 1.626347 1.095101 -0.050350 -0.758264 -0.963768 -0.466150 -0.129303 -0.093206 -0.014602 
3.783239 2.970968 2.300745 2.153154 1.463794 0.045904 -1.205597 -1.076830 -0.248684 -0.143842 -0.152328 -0.042091 
4.533675 3.539713 2.355265 1.981366 2.283784 -0.394919 -1.771101 -1.533566 0.031584 0.230551 -0.172832 -0.060990 
5.384875 3.924288 2.037959 1.960678 2.739472 -1.104616 -1.694645 -1.908605 0.400644 0.333170 -0.104738 -0.058650 
5.126506 3.609815 1.823917 2.198020 2.040190 -0.512388 -1.768070 -1.497079 0.359132 0.451498 -0.031517 -0.043867 
3.785107 2.773938 1.915637 1.691819 1.238316 -0.176153 -1.025210 -0.942317 0.207078 0.264397 -0.025441 0.026656 
4.906087 3.198090 1.104260 1.657624 2.263507 -0.014415 -1.310247 -1.465193 0.438615 0.272808 0.144072 -0.013826 
5.448417 3.200747 0.563216 1.495811 2.793877 -0.223625 -1.176902 -1.585410 0.622012 0.245352 0.197399 -0.005816 
5.243638 2.841726 0.774801 1.408786 2.647592 -0.387016 -1.002271 -1.673221 0.682615 0.244352 0.199480 0.026548 
4.098947 2.623420 1.332023 1.100811 1.237485 -0.202802 -1.107619 -0.857294 0.155450 0.446449 0.145716 0.069268 
4.502186 3.038526 1.354827 1.352346 1.879507 -0.371648 -1.344813 -1.238299 0.137843 0.816387 0.197348 0.058422 
4.446600 2.998748 1.293339 1.480426 1.727962 -0.387643 -1.313836 -1.452454 0.481248 0.902110 0.196038 0.046312 
4.893850 2.405231 1.318760 1.335820 1.410622 0.084226 -1.490908 -1.066736 0.338176 0.888706 0.225461 0.027846 
4.087049 2.542989 1.162920 1.172208 1.370195 0.261420 -0.951470 -0.935849 0.285889 0.572084 0.245930 0.066868 
4.244949 2.551848 1.068581 0.872388 1.552367 0.861733 -0.393844 -1.003882 0.266638 0.734833 0.417424 0.107463 
3.946382 2.414108 1.233117 1.219103 1.272481 0.898600 0.108669 -0.399853 -0.006415 0.521751 0.521368 0.144850 
3.389534 2.281740 1.496181 1.411438 1.502535 0.964479 0.234694 -0.123140 0.271180 0.516398 0.378682 0.093886 
3.346232 2.372382 1.580161 1.457975 1.483960 1.254014 0.768525 0.114364 0.299792 0.502542 0.417655 0.100429 
3.130838 2.438389 1.812816 1.553453 1.565780 1.340548 0.807981 0.242847 0.250248 0.346972 0.229285 0.074799 
3.135118 2.230889 1.879754 1.817814 1.876563 1.307096 0.994719 0.300901 0.203110 0.344572 0.301159 0.079583 
2.776067 2.126742 1.772097 1.313450 1.155853 0.849376 0.589984 0.256705 0.056612 0.377734 0.314121 0.085628 
2.951878 2.093257 1.623025 1.434022 1.247535 1.153833 0.881392 0.340456 0.128105 0.285693 0.284365 0.084646 
3.156891 2.438020 1.810625 1.299015 1.234924 1.230120 0.941891 0.261109 0.103936 0.362822 0.314062 0.091265 
2.903315 2.202046 1.629419 1.505070 1.420092 1.140218 0.852740 0.263588 0.120283 0.309071 0.351035 0.085036 
3.024266 2.279119 1.620072 1.532068 1.671833 1.435933 0.892062 0.747074 0.639099 0.467378 0.330199 0.083589 
2.925110 2.141948 1.771235 1.606305 1.582689 0.991212 0.823011 0.468222 0.647712 0.552279 0.264130 0.078711 
3.051228 2.176905 1.856450 1.864587 1.938493 1.212887 0.618212 0.615247 0.646863 0.547315 0.209268 0.071574 
2.769243 2.048671 1.662295 1.598258 1.584332 1.310510 0.953425 0.667569 0.574230 0.516702 0.365207 0.080763 
2.781242 2.153667 1.843393 1.450957 1.446961 1.231609 0.786779 0.439035 0.508874 0.466816 0.325317 0.083891 
2.771189 2.211550 1.812686 1.546078 1.395395 1.183740 0.978968 0.761920 0.608408 0.382173 0.260676 0.080414 
