3.171865 2.164108 2.152534 0.742454 0.514319 0.638746 1.071901 0.232129 1.252662 -0.568744 -0.046722 0.066778 
2.947976 1.945899 1.878807 1.186623 0.649222 0.775818 1.135251 0.473022 0.656918 0.057209 -0.023134 0.065074 
2.975202 2.006795 1.669085 0.610845 0.910503 1.169808 1.465451 0.532554 0.495207 0.141133 -0.017170 0.066108 
2.893053 1.680286 1.660871 0.915310 1.013803 0.991476 1.689621 0.791499 0.439150 0.454955 -0.061050 0.058623 
3.012327 1.222914 1.621647 1.406295 0.853375 0.528834 2.114273 1.348028 0.409565 0.089179 0.120313 0.076120 
2.715605 0.972588 1.476940 1.324893 1.145726 1.040821 1.436049 1.056839 0.405484 0.221560 0.063238 0.082223 
2.860867 1.203155 1.574067 1.865377 0.732768 0.470936 1.479266 1.106707 0.985669 0.042381 0.358364 0.100084 
2.737296 1.278545 1.462891 1.297640 0.776185 0.619389 1.176510 0.892806 0.840661 0.069591 0.348677 0.094378 
2.996896 1.592072 1.602432 1.676619 0.525187 0.184371 1.076714 0.818269 0.635531 -0.154393 0.284350 0.102596 
2.668426 1.592953 1.716075 1.513725 0.762869 0.846675 1.094001 0.719442 0.467695 0.006455 0.275659 0.081895 
3.058373 1.130268 1.670494 0.877917 0.913075 0.349040 1.120294 1.698459 0.077710 0.201191 0.054715 0.056979 
2.718388 1.423139 1.302064 0.849032 0.849951 0.628874 1.387575 1.462279 0.223925 -0.051171 0.079670 0.079346 
2.996080 1.046733 1.348836 -0.217746 0.917219 0.158107 2.016234 1.644263 0.365771 0.017900 -0.023534 0.063545 
2.798912 1.344786 0.632156 0.142120 0.718119 1.119595 2.139036 0.993466 0.364424 0.015132 0.031525 0.069287 
3.295251 1.891954 0.249087 -0.331567 0.741050 1.220235 2.702298 0.978612 0.211205 -0.427238 -0.007468 0.073582 
3.072433 1.943433 0.085388 -0.681943 0.374020 1.502400 2.335256 1.066965 0.021352 -0.376051 0.108724 0.084944 
3.613352 1.840739 -0.024570 -0.531343 0.448119 1.507421 2.068624 1.014732 0.007142 -0.541575 0.112088 0.104617 
4.256826 2.335756 0.082451 -0.723213 0.184030 1.236465 1.915478 0.995164 0.369972 -0.636350 0.238785 0.123971 
4.167320 2.110083 -0.060207 -1.123943 -0.416512 0.847142 1.415761 0.762888 -0.035767 -0.173235 0.285996 0.154164 
5.480768 2.869037 -0.381062 -1.088748 -0.632787 1.058686 1.312105 0.438612 0.283991 -0.237726 0.171793 0.126106 
4.935443 2.922104 0.159893 -0.699571 -0.386963 0.754138 1.148236 0.580975 -0.068494 -0.255918 0.218531 0.113638 
5.145146 3.117676 0.182749 -0.855931 -0.385139 0.674289 0.984205 0.173422 -0.325943 -0.392114 0.121679 0.086455 
5.099613 2.813756 0.290145 -0.687203 0.141029 0.506446 0.646319 0.149410 -0.528495 -0.385874 0.124381 0.068452 
6.364128 3.204003 0.046948 -0.961327 0.182757 0.538912 0.821682 0.001922 -0.643661 -0.477646 -0.090966 0.038464 
5.994628 3.120463 0.141616 -0.518395 0.006752 0.579736 0.710395 -0.017818 -0.818817 -0.648994 -0.187222 0.003342 
5.879805 3.267130 0.427423 -0.423919 0.279730 0.316052 0.618889 0.131288 -0.946080 -0.872730 -0.317474 -0.028248 
4.561817 2.995700 1.123613 0.133998 0.168850 0.457633 0.569254 0.111209 -0.869779 -1.129369 -0.197167 -0.059074 
5.433610 3.017623 0.981337 0.545287 0.317658 -0.070141 0.412457 0.118121 -1.146797 -1.243721 -0.348726 -0.038606 
4.263967 2.761653 1.209471 0.809605 0.381473 -0.317864 -0.089467 -0.040020 -0.942282 -1.199780 -0.095614 -0.042384 
4.348974 2.886213 1.739526 0.924882 -0.557369 -0.919727 -0.070103 0.063581 -0.741419 -0.923084 -0.101880 -0.068327 
4.627943 2.740127 1.556479 1.139860 -0.017863 -0.957947 -0.130893 -0.140279 -1.103620 -1.075342 -0.155550 -0.042648 
4.963448 3.074884 1.370155 0.913432 -0.159791 -1.861025 0.102616 0.129063 -1.332332 -1.191115 -0.246730 -0.031093 
3.950365 2.744907 1.405074 0.484953 -0.330230 -1.040139 -0.455719 -0.327192 -0.856232 -0.776479 -0.177811 -0.077270 
4.348760 3.082533 1.502625 -0.121143 -0.747038 -1.167725 0.216336 -0.255742 -1.130306 -0.940257 -0.201609 -0.083961 
5.324818 3.042887 0.865061 0.057757 -0.082107 -1.778622 0.255054 -0.043378 -1.246460 -1.176511 -0.385393 -0.030108 
4.853053 2.976973 1.171622 -0.282916 -0.368290 -1.328654 0.118324 -0.073624 -1.272305 -1.337951 -0.314709 -0.055883 
4.511173 3.030667 0.994803 -0.259024 -0.569540 -0.812626 0.139927 -0.086214 -1.288709 -1.315753 -0.263301 -0.061961 
5.066314 3.073379 0.552920 -0.302486 0.050093 -0.969868 0.207468 -0.147674 -1.095277 -1.481237 -0.409740 -0.042160 
3.984718 2.299212 0.774179 -0.026147 -0.312577 -0.222013 0.231145 -0.003627 -1.040279 -1.312170 -0.260677 -0.040124 
4.898724 2.536904 0.872136 -0.255948 0.081304 -0.719837 0.635436 0.454421 -1.204531 -1.459525 -0.457187 -0.051464 
4.907964 2.482105 0.279034 0.081393 0.428882 -1.039824 0.739741 0.477048 -1.111312 -1.448660 -0.551421 -0.036580 
4.760218 2.267386 0.206119 0.458961 0.484972 -0.979171 0.729627 0.625046 -1.136885 -1.581269 -0.557788 -0.024359 
3.532477 1.795092 0.603302 0.193478 0.370651 -0.072070 0.551291 0.011947 -1.101806 -1.249333 -0.503654 -0.054637 
5.903692 1.495220 0.839056 0.504576 1.087689 -1.957715 1.539147 0.489016 -1.526304 -1.666963 -0.626669 0.065114 
4.939295 2.022286 0.622299 0.635156 0.386342 -0.921228 0.704327 0.770841 -1.534168 -1.665180 -0.458194 0.004733 
4.891062 2.167972 0.688104 0.891608 0.946324 -1.325618 1.202399 0.740453 -1.480845 -1.568800 -0.452729 0.036656 
5.426324 2.191883 0.413985 0.920338 1.818962 -1.962766 1.327567 0.851161 -1.599321 -1.101494 -0.519940 0.093524 
5.031481 2.148183 0.786774 0.682629 1.896029 -1.566473 1.304891 0.720957 -1.303329 -1.148543 -0.482164 0.060285 
4.085114 2.039858 0.874455 1.155044 1.888714 -0.372565 0.760313 0.493376 -0.717195 -1.007941 -0.464653 -0.026587 
4.669378 2.252551 1.137806 1.098752 2.282309 -1.217499 1.739585 0.748315 -1.007873 -1.099938 -0.548787 0.032814 
4.225238 2.402076 1.020303 1.275875 2.755936 -1.056194 2.030426 0.751446 -0.862311 -1.077393 -0.605276 0.053668 
3.980999 2.373568 1.651227 1.383224 2.446477 -1.303279 1.343129 0.767316 -0.527797 -0.663798 -0.549901 0.008749 
3.748649 2.406637 1.284697 1.839639 2.490272 -0.967789 1.424619 0.772774 -0.626388 -0.635312 -0.583055 0.017731 
4.439042 2.566293 1.914403 1.200079 3.425910 -1.882528 1.963055 0.923320 -0.820467 -0.777161 -0.609817 0.108357 
3.454621 2.591894 1.537654 1.603711 2.566122 -0.744741 1.213741 0.687921 -0.626571 -0.274930 -0.525874 0.007803 
3.903517 2.921946 2.207625 0.781678 3.871104 -2.070553 2.070265 0.843236 -1.060360 -0.580790 -0.575098 0.123729 
3.331043 3.299896 2.307965 0.997463 3.090312 -2.118413 1.266565 0.603678 -0.737473 -0.170334 -0.609869 0.048681 
3.781556 3.208531 3.086077 0.127739 4.247915 -2.668529 1.716680 0.910496 -1.277761 -0.497514 -0.610513 0.093945 
3.124027 2.874165 2.114343 1.164738 2.946542 -1.475432 1.080163 0.170391 -0.720047 -0.197650 -0.611426 0.009930 
3.301331 3.215342 2.231609 1.098432 3.234647 -1.190297 1.353374 -0.057322 -1.117239 -0.228264 -0.428520 0.008960 
3.323980 2.964954 1.869724 1.147816 2.410202 -0.072770 1.336733 -0.292848 -0.887984 -0.212188 -0.299221 -0.014934 
3.814335 3.581293 2.157597 0.924113 2.361647 -0.934051 1.682549 0.482346 -0.969280 -0.243952 -0.300768 -0.000378 
3.175396 2.919912 2.073731 1.020418 2.023993 0.625233 0.883861 -0.117785 -0.839245 -0.000350 -0.168652 -0.029604 
3.612589 3.305127 2.233141 1.177393 1.549983 0.521994 1.234539 0.643078 -0.849871 -0.353438 -0.072916 -0.048649 
3.797334 3.122962 2.320618 1.248872 2.868663 0.197776 0.830414 0.624354 -1.139827 -0.313012 0.001867 -0.020070 
3.690496 3.654536 2.275368 1.207168 2.517731 0.111349 1.263585 0.643706 -1.380781 -0.373240 -0.009797 -0.020266 
3.360547 2.902554 2.188054 1.879087 2.059782 0.557750 0.593231 0.140451 -0.533903 -0.212676 0.047381 -0.034537 
3.632418 3.449474 2.852328 1.019439 2.363975 0.101152 1.199565 0.889843 -0.900694 -0.199202 -0.011522 -0.050887 
4.338550 4.135271 3.048455 0.334477 3.089196 0.278270 1.548696 0.960337 -1.508460 -0.631106 -0.095268 -0.057437 
3.890783 3.612240 2.414289 1.186014 2.549338 0.655392 1.450967 0.769293 -0.963122 -0.323100 -0.007957 -0.028738 
3.702471 3.563532 2.350668 1.232827 2.002921 1.148259 1.244716 0.818587 -0.843998 -0.391323 0.044315 -0.049670 
3.663930 3.160727 2.476188 1.495228 1.640658 1.774061 0.973513 0.708520 -0.504955 -0.532392 0.095776 -0.048223 
3.733912 2.901770 2.300971 1.515259 1.766544 1.614179 1.259372 0.799059 -0.425835 -0.407017 0.029122 -0.041042 
3.596730 2.757021 1.937533 1.528236 1.664311 1.620688 1.396669 0.905065 -0.190340 -0.409501 -0.019193 -0.042051 
3.486293 2.730873 1.647583 1.516426 1.720067 1.502802 1.405523 0.798824 -0.284060 -0.253083 -0.015931 -0.035294 
3.747030 2.494826 1.864273 1.260303 1.395911 1.679551 1.720524 0.398619 -0.272772 -0.381253 0.056264 -0.020449 
4.052039 2.607577 1.543923 0.784390 1.191050 1.823050 1.746226 0.413620 -0.353869 -0.504448 0.083385 0.005225 
3.870249 2.516249 1.350838 0.987746 1.193611 1.748285 1.606589 0.562948 -0.308185 -0.491629 0.135580 0.004014 
3.807430 2.398435 1.280947 0.949361 1.241854 1.558642 1.488981 0.611970 -0.112173 -0.276397 0.114219 -0.005069 
3.859428 2.501003 1.281895 0.704570 1.248024 1.638313 1.462124 0.904994 -0.044935 -0.236041 0.080510 -0.005834 
3.865773 2.826843 1.600248 0.352489 0.873705 1.314184 1.634502 1.290918 0.152613 0.039439 0.025702 -0.029704 
3.727510 2.589587 1.245739 0.616760 1.126278 1.256973 1.223280 1.142422 0.285351 0.149098 0.104085 -0.012233 
4.037491 2.829287 1.260269 0.123518 0.919937 1.597364 1.649829 1.396201 -0.005963 0.005833 0.022660 -0.013932 
3.802000 2.443375 0.807233 0.634847 1.250478 1.779623 1.856878 1.495375 0.267931 0.023426 -0.064234 -0.025335 
3.716625 2.590855 1.028452 0.283910 0.639297 1.510370 2.111515 1.435340 0.380336 -0.031041 0.044141 -0.029128 
