3.168670 1.010314 1.903859 0.890608 0.235464 0.835840 0.575033 -0.886921 -0.193076 0.880337 0.224834 0.071855 
3.279299 1.061950 2.283832 0.914077 0.292712 1.155785 0.612387 -1.003329 -0.305627 0.944431 0.255182 0.061588 
3.514777 0.760644 2.296351 0.608187 0.206170 0.663921 0.562177 -0.725724 0.229374 0.912136 0.130526 0.068760 
3.517524 0.668727 1.914045 1.408043 0.827681 0.767280 0.541076 -0.213929 0.609963 0.706472 -0.061996 0.024539 
3.192267 0.658274 1.628986 1.601857 1.765398 1.182258 0.315690 -0.094952 0.900807 0.634475 -0.000699 0.035156 
3.410651 0.710141 1.584334 1.559525 1.600336 1.647731 0.244989 -0.346768 1.441604 0.593722 -0.002082 0.042894 
3.442677 0.295643 1.659721 1.312630 1.451884 1.776326 0.084292 -0.396255 1.321970 0.748022 0.064164 0.045284 
3.147843 0.757160 1.671200 1.666586 1.475747 1.467112 0.675922 -0.521583 1.183166 0.566192 0.033637 0.041704 
3.548073 0.437391 2.294558 1.197361 1.158510 1.504486 0.396051 -0.547457 0.806588 0.815016 -0.044820 0.023978 
3.096503 0.852678 2.028373 1.784724 0.810343 1.246068 0.662877 -0.153632 0.273710 0.697515 0.047308 0.019140 
3.404697 1.407388 2.152599 1.384024 0.666768 0.293600 1.386934 -0.265549 0.250972 0.613677 -0.057772 0.009244 
3.144452 0.996566 1.198860 1.064342 0.888039 0.278095 0.977846 -0.216503 0.076682 0.290453 -0.056351 0.030580 
2.769059 1.540623 0.151310 1.537373 0.328767 0.644821 0.701736 -0.020089 0.850182 -0.161981 0.257269 0.048584 
2.734186 1.470592 -0.258151 1.416625 0.597471 0.473226 0.146204 -0.713753 1.103399 -0.498686 0.236427 0.060526 
2.714029 1.466051 -0.801839 1.540420 0.831675 0.481526 0.016252 -0.953167 0.875288 -0.579589 0.524033 0.082599 
2.860256 1.612367 -0.550025 1.682744 0.759463 0.287164 0.270043 -0.790855 0.928979 -0.522380 0.542308 0.063519 
2.711581 1.612041 -0.483616 1.558001 0.624102 0.494140 0.293010 -0.983449 0.643657 -0.421266 0.556430 0.100029 
2.716760 1.697968 -0.158183 0.914044 0.711112 0.524036 0.728923 -0.944264 0.850433 -0.262364 0.532080 0.106990 
3.445338 1.749865 1.180128 1.223137 0.786986 0.185916 1.156264 -0.384775 0.755548 -0.515278 -0.086208 0.060487 
3.487034 2.473348 1.921266 1.479828 1.468806 0.727300 0.661552 -0.282176 0.127308 -0.695261 -0.284146 -0.024522 
4.019510 2.618012 1.638528 1.229875 1.752632 0.017800 0.055814 0.265648 -0.110305 -0.802801 -0.328323 -0.065699 
5.263435 2.783396 2.085948 -0.034802 1.654647 -1.485642 0.801213 0.083150 -0.342331 -1.062581 -0.558665 -0.022681 
4.623762 3.307470 1.636158 0.344109 0.476823 -0.774787 0.210519 0.113306 -0.758300 -1.159725 -0.361527 -0.111648 
4.086247 3.032696 1.322301 0.377616 0.644338 -0.573566 -0.223595 -0.720172 -0.984974 -0.674793 -0.380616 -0.104756 
3.894990 3.027159 1.301831 0.217469 0.057765 -0.756499 -0.354573 -1.021609 -1.183717 -0.647432 -0.322416 -0.099600 
3.594323 2.463686 1.343335 -0.045484 -0.014040 -0.470150 -0.636222 -0.504274 -1.058063 -0.662885 -0.344690 -0.119583 
3.708311 2.883785 1.249286 0.236850 -0.074116 -0.912020 -0.373581 -0.666463 -0.851236 -0.547975 -0.395208 -0.118224 
4.649215 3.503225 0.777903 -0.897818 0.805962 -0.766802 0.150440 -0.574426 -1.643436 -0.656836 -0.543431 -0.087649 
4.484499 3.151573 0.785719 -0.722172 0.418013 -0.754619 -0.029569 -0.445786 -1.497706 -0.780798 -0.474095 -0.100729 
3.958975 2.625068 0.951753 -0.569724 -0.318406 -0.423903 -0.665121 -0.829797 -1.410319 -0.831828 -0.277635 -0.089808 
4.028893 2.797341 0.740304 -0.568522 -0.548150 -0.978421 -0.577473 -0.986124 -1.328360 -0.789437 -0.255293 -0.075028 
5.873233 3.211374 0.010148 -1.701568 1.724475 -1.830573 -1.231285 -0.565036 -1.661787 -0.824922 -0.587582 -0.082572 
5.295708 3.135038 0.243246 -1.258500 0.853151 -1.442097 -1.187665 -0.703254 -1.734321 -0.813536 -0.366177 -0.041391 
4.657053 2.958742 0.445770 -1.046037 0.020684 -1.274505 -1.079295 -0.797255 -1.637276 -0.946967 -0.240073 -0.027118 
5.086865 2.855449 0.234271 -1.243932 0.596769 -1.451171 -1.540269 -0.624472 -1.638324 -0.996763 -0.281193 -0.029852 
5.874350 3.017355 -0.292180 -1.858848 1.703987 -1.671465 -2.257432 -0.654030 -1.713835 -0.897004 -0.452281 -0.096225 
5.580794 2.943281 -0.181098 -1.235674 1.052049 -1.669339 -1.818168 -0.744148 -1.455258 -1.060692 -0.401339 -0.037961 
4.363278 2.627575 0.657191 -0.725592 -0.650692 -1.205374 -1.418222 -1.068147 -1.411501 -0.920527 -0.080027 -0.000116 
3.785503 2.436208 0.716631 -0.489874 -0.371637 -1.074835 -1.341822 -1.581891 -1.470566 -0.558799 -0.020469 0.004406 
4.042099 2.325467 0.567574 -0.597064 -0.630215 -0.961234 -1.450098 -1.239890 -1.223961 -0.781345 -0.055479 -0.001030 
5.291136 2.970632 0.059231 -0.866453 0.928556 -2.216066 -1.588815 -1.033228 -1.645749 -1.067587 -0.360618 0.013220 
4.521423 2.589737 0.777999 -0.406743 -0.264400 -1.547888 -1.669254 -1.014000 -1.216806 -0.917713 -0.112900 -0.007768 
3.824165 2.355587 0.652251 -0.214092 -0.624593 -1.330005 -1.386329 -1.220827 -1.133522 -0.873760 -0.036641 -0.015555 
3.863681 2.457709 0.914957 -0.591507 -0.573851 -1.345040 -1.577991 -1.137149 -1.312858 -0.682274 -0.060933 -0.022812 
5.366994 3.006196 -0.176194 -0.951785 1.217281 -2.536256 -1.519157 -0.529029 -1.540945 -1.058501 -0.531227 -0.003813 
6.029905 2.906633 -0.459025 -1.820727 3.011393 -2.944718 -2.022723 -0.731308 -1.885579 -0.664485 -0.901855 -0.063686 
5.791394 2.782528 -0.062656 -2.166792 3.114859 -3.073936 -1.882172 -0.637661 -1.825133 -0.724519 -0.865690 -0.054330 
4.315710 2.595226 0.544808 -0.820976 0.405326 -1.853737 -1.464382 -1.093816 -1.568004 -0.716939 -0.115833 0.009786 
3.975381 2.674521 0.473932 -0.664622 0.395138 -1.830514 -1.203477 -1.407095 -1.581519 -0.356763 -0.122501 0.023918 
4.815666 3.150471 -0.063633 -1.169122 1.673878 -2.787814 -1.466439 -0.585129 -1.766557 -0.756394 -0.454045 0.019729 
5.692517 2.899436 0.009076 -2.026341 3.090951 -3.619098 -1.816340 -0.511851 -1.827315 -0.754709 -0.982911 -0.026954 
4.085599 2.474100 0.601607 -0.657055 0.551140 -2.122115 -1.413662 -0.745372 -1.418650 -0.671879 -0.167709 -0.009955 
3.632170 2.308697 0.549465 -0.489856 -0.087669 -1.681617 -1.025318 -0.831881 -1.340783 -0.601297 -0.142460 -0.021993 
4.620968 3.010089 -0.251198 -1.029197 1.734479 -2.591636 -1.244486 -0.646771 -1.596315 -0.835730 -0.445840 0.006045 
5.448871 3.044913 -0.117741 -2.761533 3.706840 -3.153455 -1.601062 -0.974595 -1.786095 -0.597331 -0.865823 -0.059899 
4.976463 2.924050 0.356908 -2.286595 2.508382 -2.583956 -1.090722 -0.538922 -1.634427 -0.763797 -0.532328 -0.025499 
3.761428 2.583868 0.364259 -0.744538 0.030087 -1.211054 -0.822142 -0.790085 -1.276657 -0.523439 -0.219650 -0.033246 
5.235927 3.116891 0.255543 -2.481266 3.004920 -2.484790 -1.462679 -0.559966 -1.548603 -0.681473 -0.563503 -0.082065 
5.341685 3.107131 0.235714 -2.942691 3.127171 -2.369800 -1.490211 -0.706129 -1.584840 -0.719348 -0.553154 -0.088751 
4.847528 2.797991 0.430937 -1.630559 1.460409 -2.024089 -0.922918 -0.455062 -1.554803 -0.733566 -0.348642 -0.011410 
4.115736 3.121676 0.402802 -0.963076 0.288917 -1.780998 -0.729643 -0.636581 -1.510118 -0.657381 -0.215467 -0.013264 
5.065859 2.799118 0.644078 -2.087844 2.020158 -2.262677 -1.382755 -0.522675 -1.566573 -0.747251 -0.367275 -0.036038 
4.943570 2.987047 0.569298 -1.732074 1.888783 -2.428541 -1.250531 -0.514966 -1.598758 -0.750673 -0.381232 -0.025949 
4.838472 3.091985 0.339779 -1.202133 1.814277 -2.589548 -1.621019 -0.298921 -1.544600 -0.742345 -0.375439 -0.038223 
4.013643 2.596519 0.917528 -0.493180 0.536662 -1.575854 -1.383519 -0.826695 -1.403796 -0.428240 -0.081886 -0.035745 
3.572927 2.099102 0.861762 -0.079117 0.222969 -1.378156 -1.349354 -0.719652 -0.973002 -0.594523 -0.078114 -0.063663 
4.725622 2.535037 0.372560 -0.718286 1.538226 -2.424589 -1.528809 -0.268152 -1.352649 -0.959605 -0.316663 -0.020919 
5.141614 2.652495 -0.045492 -0.909923 1.903600 -2.632371 -1.575930 0.143517 -1.419165 -0.825163 -0.550643 -0.036544 
3.871393 2.207973 0.608610 -0.009198 0.248096 -1.475607 -0.711471 -0.125850 -1.025395 -0.765801 -0.199510 -0.070530 
3.423743 1.982966 0.813366 0.279253 -0.121813 -1.006209 -0.833144 -0.530378 -0.707838 -0.606646 -0.145913 -0.085631 
4.889575 2.183755 0.493997 -0.326550 1.564301 -2.260856 -1.221447 0.687376 -0.870205 -0.779151 -0.400212 -0.038515 
5.422037 2.052986 0.388060 -0.423689 2.210773 -2.786546 -0.958439 0.976433 -1.043817 -0.568129 -0.509161 0.022704 
5.199476 2.354062 0.026241 -0.092688 2.125223 -2.689285 -0.688504 0.983749 -0.842584 -0.466742 -0.438111 0.075830 
4.847442 2.217266 0.176673 0.360387 1.661562 -2.223950 -0.539783 0.799024 -0.341785 -0.495451 -0.136349 0.096071 
4.530743 1.993096 0.389956 0.790379 1.525942 -1.846272 -0.482032 0.663630 -0.036894 -0.269746 0.044069 0.093549 
4.511591 2.054189 0.114956 1.103769 1.515117 -1.648471 -0.537364 0.659382 0.317235 -0.247780 0.173624 0.128195 
5.209783 1.690669 -0.119642 0.938826 2.572279 -2.130911 -0.404524 0.706652 0.333317 0.109000 0.064895 0.201468 
4.799924 1.713594 0.094424 0.989753 2.589180 -1.722172 -0.876278 0.931228 0.570937 0.272264 0.140615 0.137804 
4.257507 1.633917 0.453328 1.308007 1.697209 -1.255625 -0.925654 0.539004 0.719903 0.185222 0.245308 0.082455 
4.242180 1.960226 -0.277254 0.939295 2.176844 -0.835063 -0.870386 0.550770 1.005948 -0.000116 0.209258 0.044406 
5.404334 0.950234 0.728814 -0.068562 4.107433 -1.651385 -0.619917 0.442981 0.392389 0.442029 -0.108732 0.162775 
5.398752 1.050347 0.682385 -0.108697 4.109075 -1.174291 -0.293546 0.262507 0.102157 0.258724 -0.088585 0.180109 
4.376902 1.734209 0.642883 0.439738 2.423307 -0.264613 0.326367 0.381148 -0.022500 -0.068919 -0.015272 0.072298 
4.474583 1.830135 1.098530 0.686043 2.648262 -0.660940 0.775463 0.439749 -0.138852 0.003571 -0.017861 0.100617 
3.945887 2.114575 1.537442 1.270418 2.070669 -0.494244 0.299307 0.504786 -0.137650 0.227747 0.066766 0.059150 
