3.195506 2.070061 2.128049 0.978909 1.763602 1.805619 0.389297 0.288605 0.578309 0.534983 0.314809 0.086686 
3.155950 2.520396 2.156717 1.088500 1.929601 1.241932 0.024443 0.173492 0.757563 0.640179 0.280456 0.074097 
3.306139 2.491118 2.321059 1.168933 1.450185 0.957397 0.399319 0.410035 0.703392 0.566889 0.262775 0.074331 
3.212757 2.394532 2.318822 1.273558 1.375743 0.739547 0.554436 0.408510 0.563041 0.412779 0.257183 0.074598 
3.388096 2.311554 2.587823 1.821797 0.964161 0.943901 0.500996 0.048843 0.565579 0.555214 0.213664 0.077579 
3.632741 2.132630 3.218410 2.258469 1.011341 0.630115 0.914261 0.092150 0.585246 0.104688 0.148000 0.072254 
3.191203 2.294512 2.471804 1.883663 1.190817 1.182671 0.845280 0.275118 0.309402 0.017913 0.154766 0.052561 
3.078648 2.296466 2.124246 1.750849 1.521950 0.802679 0.675242 0.297014 0.319968 0.142229 0.225869 0.054359 
3.424225 2.323054 2.623309 2.283231 1.639517 1.230275 1.298778 -0.205268 0.119351 -0.099234 0.271520 0.032058 
3.411443 2.137774 2.299512 1.593487 0.858430 1.292919 0.919208 -0.355760 0.537547 0.210534 -0.019120 0.003053 
3.532987 2.231107 1.788789 1.646708 1.009042 0.905397 1.112819 -0.470103 0.832326 0.319038 0.054708 0.001462 
3.352964 2.249456 0.849022 1.002535 1.284896 1.394212 2.078566 -0.036543 0.428346 0.126984 -0.073150 -0.001424 
1.984329 2.622321 0.864742 -0.948108 2.191379 1.895376 1.067659 0.491345 -0.108257 -0.088491 0.337698 0.007353 
0.833821 3.380868 -0.021004 -0.724995 1.523366 3.789137 0.898959 0.123187 -0.122561 -0.330333 0.552902 -0.000817 
0.733808 2.560698 -0.431588 -1.398541 2.118429 3.685615 0.558254 -0.409313 0.306922 -0.559262 0.203375 0.103643 
0.600172 2.317616 -0.386806 -1.468143 2.604152 4.214582 1.350455 0.193368 0.094935 -0.647988 0.086263 0.204154 
0.456768 1.788441 -0.167583 -1.260645 3.122926 3.647433 1.419159 0.438349 -0.127621 -0.303592 -0.024629 0.197465 
0.871398 1.643479 -0.054853 -1.690159 3.855625 3.814982 1.203503 0.395102 -0.132206 -0.092272 -0.126907 0.243858 
1.552571 1.560804 -0.418014 -1.599339 4.385595 3.692452 1.300264 0.182285 -0.200930 0.199438 -0.094571 0.139679 
2.153496 1.239663 -0.498002 -1.112982 4.671709 3.149007 1.598404 0.313734 0.034294 0.410572 -0.100469 0.012163 
3.345183 1.076787 -0.624648 -0.793365 4.134490 3.208261 1.263966 0.154405 0.609417 0.114596 0.082439 -0.048536 
3.753290 1.301567 -0.938885 -0.558313 3.665346 2.742403 0.782004 0.304559 0.788995 0.125261 0.167762 -0.091027 
4.187163 1.598192 -0.776390 -0.706885 3.097636 1.335508 0.387623 0.088592 0.916031 0.375923 0.257328 -0.060241 
4.350045 1.551535 -0.036003 -0.354506 1.823904 0.965669 -0.937775 -0.394104 1.149409 0.460206 0.509981 0.018090 
4.378097 1.761274 0.024302 0.093941 1.194979 0.244708 -1.183495 -0.779454 0.995739 0.551831 0.504261 0.041291 
4.785272 1.807374 0.109001 -0.083545 1.061588 0.242664 -1.357276 -0.739702 0.983200 0.202744 0.484931 0.084512 
4.503234 1.895649 0.417266 -0.053154 0.855411 0.046110 -1.465343 -0.282093 0.738441 0.018931 0.510287 0.096106 
4.530967 2.162742 0.186035 0.388413 0.147605 -0.087586 -1.483660 -0.274458 0.594035 -0.261015 0.305061 0.067784 
4.632338 2.390548 0.574471 0.225306 0.123255 -0.837819 -1.162091 -0.525236 0.410917 -0.375693 0.081654 0.017159 
4.628287 2.717201 0.574204 -0.067071 0.255158 -0.927141 -1.020549 -0.630057 0.279957 -0.534459 -0.007692 -0.017123 
5.500686 3.387861 -0.213177 -0.371959 1.338969 -1.502065 -1.093264 -1.033217 0.227907 -0.572431 -0.192915 -0.080405 
4.438744 3.088440 0.973367 0.233037 0.134087 -1.214966 -0.847089 -0.697724 -0.134335 -0.402098 -0.130938 -0.048813 
4.879331 3.404721 1.146978 -0.179971 -0.010903 -0.865390 -0.628784 -0.512678 -0.631760 -0.843099 -0.199798 -0.061165 
4.980735 3.039249 1.074977 0.130983 0.394090 -0.603408 -0.742440 -0.757309 -0.741325 -0.836433 -0.251308 -0.069028 
5.081279 2.871527 0.487011 0.243356 1.242049 -0.318456 -1.522195 -1.113631 -0.466913 -0.711413 -0.260054 -0.117207 
4.590803 2.436932 0.363547 0.374672 1.300054 0.134695 -1.827437 -1.350141 -0.471882 -0.461780 -0.242944 -0.140546 
5.021799 2.388734 0.008997 0.513911 1.969943 0.199944 -2.225070 -1.749062 -0.458684 -0.500689 -0.205509 -0.161125 
4.594018 2.196265 0.285575 0.147420 1.439812 0.491242 -2.133106 -1.858055 -0.230654 -0.629583 -0.169626 -0.135514 
3.822936 1.837712 0.598254 0.468832 1.008694 0.065572 -1.801233 -1.338543 -0.545392 -0.504603 -0.249703 -0.109393 
4.353579 2.040261 0.377786 0.151538 1.628487 0.431798 -2.053665 -1.502809 -0.267512 -0.612927 -0.203619 -0.129616 
5.300082 2.050113 0.268044 0.326253 1.786375 1.396532 -2.781199 -2.348296 0.263660 -1.198928 -0.225882 -0.102842 
4.467805 2.131312 0.499268 0.318955 1.494665 0.423968 -2.520816 -1.728029 -0.114498 -0.834369 -0.156428 -0.124974 
3.672330 2.033431 1.121806 0.964571 1.010628 -0.525799 -2.484303 -1.574878 -0.349333 -0.497192 -0.257360 -0.125891 
4.057443 2.212591 1.135725 0.797042 1.417118 -0.316079 -3.207132 -1.652086 -0.186378 -0.626798 -0.201610 -0.151187 
5.287046 1.690483 1.509000 0.466209 3.191230 0.283196 -4.008802 -2.310498 0.088068 -1.158443 -0.279851 -0.161986 
5.019943 1.910006 1.186365 1.018067 2.851398 0.615676 -4.161012 -1.799389 -0.018980 -1.013295 -0.188278 -0.186321 
4.226315 1.942286 1.480645 1.502901 2.570014 -0.154523 -3.594823 -1.342516 -0.173571 -0.687691 -0.229658 -0.192657 
4.306268 2.400260 1.164366 1.014947 2.799018 0.041302 -3.406242 -1.165183 -0.209372 -0.513280 -0.171116 -0.217286 
3.635692 2.117190 1.129490 1.174049 1.467614 -0.301700 -2.053086 -1.190800 -0.161534 -0.296947 -0.378427 -0.137104 
4.207242 2.105893 1.523218 1.442574 2.486804 0.076926 -2.907749 -1.077746 -0.177796 -0.406296 -0.296263 -0.183990 
3.912818 2.129508 1.583714 1.652595 2.117135 -0.145724 -2.441430 -1.162700 -0.291390 -0.396268 -0.302875 -0.150165 
4.124779 2.608726 0.874750 0.903281 2.628701 0.050108 -2.488615 -1.005232 -0.535642 -0.341898 -0.194550 -0.167705 
3.464218 2.054666 1.275150 0.847335 1.503394 -0.231329 -1.856154 -0.917740 -0.424034 -0.275492 -0.305370 -0.102356 
4.297821 2.084419 1.400188 0.965925 2.257308 0.159814 -2.769492 -0.915306 -0.282313 -0.454455 -0.200055 -0.145970 
5.458740 2.138767 1.179874 -0.157283 4.526735 0.283469 -3.432057 -0.921224 -0.714368 -0.498861 -0.084480 -0.260871 
5.651447 1.828343 1.253517 -0.212272 4.754280 0.338007 -3.457474 -0.989829 -0.805363 -0.414458 -0.065184 -0.250152 
4.266179 2.166078 0.768210 1.253501 2.985299 -0.244500 -2.647378 -1.140337 -0.495313 -0.086494 -0.163417 -0.172164 
4.190823 2.037464 0.889673 1.175386 2.983732 0.289611 -2.717114 -1.030090 -0.547870 -0.143936 -0.079107 -0.167127 
5.683140 1.911640 0.543976 0.083367 4.515959 0.864517 -3.659406 -1.473446 -0.813293 -0.425077 0.124991 -0.188147 
6.092243 1.363546 0.815615 -0.510516 4.636810 0.547202 -3.571486 -1.700777 -0.898930 -0.230846 0.176749 -0.125106 
4.394157 2.000007 0.209193 0.513788 2.312808 -0.125617 -2.351006 -1.569268 -0.741823 -0.155889 0.262652 -0.011975 
4.655196 1.766804 -0.105355 0.286739 2.305956 -0.150929 -2.448675 -1.399863 -0.808480 -0.145497 0.312326 0.033267 
5.419736 1.803959 -0.660139 -0.595919 3.006397 -0.452241 -1.814193 -1.735678 -0.785202 0.116499 0.263632 0.067339 
6.184484 1.316404 -0.221524 -2.305007 4.262529 -0.296947 -1.475399 -1.970327 -0.964902 0.392114 0.130844 0.143440 
5.803289 1.593037 -0.447022 -1.524928 3.347081 -0.213297 -1.075858 -1.546237 -0.510022 0.174131 0.265799 0.146146 
5.254576 2.083627 -0.455987 -0.478670 2.100484 0.216386 -0.706237 -0.568773 -0.252951 -0.134999 0.358217 0.140087 
4.771510 1.942724 -0.159212 0.251989 1.670872 0.546783 0.075490 -0.305659 0.358877 0.009881 0.353122 0.093783 
5.537851 1.876030 0.464989 0.895985 2.084587 0.236709 0.070358 -0.769043 0.719823 0.331523 0.353239 0.111022 
4.895633 1.926860 0.699926 0.648363 1.928905 0.620894 0.224860 -0.339736 0.041089 0.267722 0.508413 0.149702 
4.497627 2.110612 0.511940 0.718539 1.885223 1.178956 -0.094191 -0.124303 0.135535 0.238278 0.468635 0.103134 
4.501956 1.876833 0.514747 0.219450 1.745716 1.156158 0.504922 -0.026385 0.316604 0.198384 0.421961 0.116872 
4.715712 1.794511 0.249107 -0.101123 1.925240 0.980072 0.315518 -0.049247 0.482428 0.081787 0.411684 0.129864 
3.894030 1.930236 0.662458 0.884817 1.229900 1.039988 0.553213 0.038876 0.437566 0.246130 0.251026 0.044243 
4.213596 2.144079 0.534921 0.183312 1.700778 0.970808 0.657613 0.170126 0.291810 0.233890 0.352564 0.084139 
4.206987 2.474284 0.618270 0.528164 2.034759 0.612836 0.425781 -0.002394 0.125877 0.255876 0.366129 0.085801 
4.300567 2.272903 0.845787 0.414462 2.112214 0.911580 0.672997 -0.155306 0.183861 0.300666 0.226869 0.056504 
3.653266 2.198361 1.026320 0.816390 1.761269 1.038255 0.817377 -0.152755 -0.136750 0.337437 0.248028 0.050708 
4.005737 2.477855 0.966989 0.429842 1.699504 1.280664 1.072046 -0.186786 -0.039520 0.296032 0.192953 0.058528 
4.749879 2.420916 1.512784 0.266706 2.109310 1.570121 1.071711 -0.686525 -0.180326 0.334177 0.289412 0.110866 
3.919348 2.501628 1.346355 0.775659 1.587014 1.535856 1.084548 0.073569 -0.406318 0.098492 0.302817 0.082060 
4.201389 2.350466 1.402587 0.811348 2.342184 1.501096 1.088712 -0.128263 -0.252035 0.131720 0.309673 0.097133 
4.487921 2.584266 1.525380 0.997558 2.010290 2.090094 1.281246 -0.340184 -0.471237 0.170229 0.302067 0.109887 
3.511836 2.472213 1.550188 1.471636 1.917301 1.362907 1.018722 -0.392812 -0.293117 0.016711 0.332995 0.060325 
3.748224 2.862139 1.632871 0.983173 1.467057 1.770418 1.202387 -0.271224 -0.678881 -0.082110 0.326415 0.088057 
3.945974 3.150739 1.579150 1.036162 1.748772 1.559050 1.160564 -0.685753 -0.634223 -0.327560 0.583438 0.151146 
