3.581237 1.520236 1.860275 1.353947 2.190697 0.883025 0.027455 1.224864 1.349568 0.379832 0.088764 0.035237 
3.375374 1.648201 1.848841 1.212121 1.962738 0.807108 0.245215 1.495392 1.373426 0.266032 0.076097 0.042017 
3.656953 1.160042 1.580991 1.034850 2.056588 2.216953 1.098192 0.689432 0.884036 0.184019 0.082739 0.073734 
3.355046 0.856046 1.523473 1.539694 2.016023 2.824879 1.701602 1.139735 0.440139 -0.149538 0.161991 0.132429 
3.263344 0.612043 1.033474 1.912855 1.846044 2.674008 1.852291 1.209026 0.552234 -0.151066 0.159101 0.140774 
3.494164 0.524611 1.451549 1.537390 1.861304 2.241564 2.250715 1.199828 0.609987 -0.210153 0.286714 0.160030 
3.609585 0.351494 1.522570 1.809821 2.232316 2.255583 1.776109 1.744125 0.726448 -0.227821 0.271964 0.169064 
3.437293 1.035332 1.471954 1.897268 2.098712 1.940581 0.918700 1.123869 0.918492 0.002059 0.273005 0.106848 
3.335478 1.494531 1.276920 1.972950 2.304590 1.833140 1.545646 1.551043 0.639486 -0.087822 0.054834 0.085483 
3.427883 1.372971 1.258530 2.259970 2.761168 1.947809 1.406023 0.645228 0.446095 -0.200605 -0.115548 0.064434 
3.993297 0.982252 1.394663 2.420371 3.868752 1.770146 1.933218 0.349935 0.249837 0.047311 -0.218656 0.047091 
3.220224 1.567460 1.227831 2.238295 2.692880 1.437838 1.318086 0.894675 0.199050 -0.005029 -0.030069 0.065317 
3.736011 1.282998 1.614599 2.219325 3.163980 0.900893 1.362791 0.802338 0.128945 0.419164 0.060720 0.052042 
3.177158 1.977444 1.877843 1.871005 1.966442 0.834480 0.924789 1.227991 0.246371 0.385587 0.174523 0.060934 
3.682541 1.113300 2.142752 1.704747 1.743224 1.440072 1.020018 0.647423 0.383587 0.775545 0.100002 0.015515 
3.031972 1.829563 1.855555 1.661067 1.530584 1.529341 1.020843 0.240352 0.641792 0.543736 -0.082554 0.041949 
3.439929 1.482476 1.839535 1.559312 1.595906 2.814292 0.668164 -0.039608 0.783521 0.542307 -0.103369 0.049860 
2.766947 1.703301 1.871389 1.664631 1.341161 1.988286 1.022738 0.297992 0.488840 0.182766 0.086923 0.069758 
2.686403 1.668137 1.355993 2.049736 1.990591 1.495069 1.124668 0.714572 0.597750 -0.007242 -0.146705 0.074995 
1.183889 2.692550 -0.123868 2.239037 2.216951 1.606118 1.260181 0.491774 0.909161 -0.130436 0.191413 0.064308 
0.854047 1.086373 -0.983607 2.056417 3.164777 1.702678 2.393413 -0.077731 1.128862 -0.434144 0.300358 0.102155 
0.300665 1.630561 -1.549115 -0.219634 5.060422 1.922041 2.216385 -0.725942 0.562692 0.482008 0.347249 0.019475 
0.077317 1.409198 -1.614340 -0.355044 5.499166 1.774227 2.831202 -0.832607 0.283126 0.488869 0.135235 0.074350 
0.273118 1.306397 -1.549092 -0.519586 5.745417 1.894745 3.383607 -0.494496 0.409824 0.429289 0.124420 0.080311 
0.795952 1.416933 -1.382176 -0.987493 4.972102 1.356186 3.317634 -0.032866 0.528757 0.408625 0.014994 0.048707 
1.535107 1.988966 -1.332316 -1.815647 3.948247 0.303858 3.372414 0.506665 0.631154 0.278726 -0.073653 0.067285 
2.293942 2.004374 -1.905096 -1.706439 2.954155 0.744212 2.860176 0.681028 0.809145 0.430690 0.195913 0.021629 
3.091408 1.925668 -1.532313 -1.240022 2.960515 0.595159 2.739472 0.936585 0.636503 0.707897 0.100439 0.041220 
3.925499 1.971665 -2.320917 -0.483268 2.654460 -0.038570 2.098003 1.040977 0.643761 0.726125 0.148708 0.100549 
4.312027 1.769407 -1.594774 -0.363936 1.789881 -0.305947 1.609577 0.735092 0.160878 0.712547 0.297836 0.133730 
4.748222 2.349262 -1.833026 0.117069 1.899958 -1.277437 1.102914 0.476136 0.236050 0.749588 0.375606 0.264836 
4.517574 2.039972 -0.672874 -0.445407 1.394742 -0.822152 0.494837 0.322225 0.261375 0.634635 0.497967 0.170317 
4.536630 2.333212 -0.209398 0.063884 0.703417 -1.449033 0.313577 0.227889 0.335836 0.379551 0.487217 0.188469 
5.170140 2.347987 -0.298081 -0.228697 0.614266 -1.763599 0.482747 0.589352 0.381337 -0.025013 0.288557 0.204624 
5.013874 2.602964 -0.176437 -0.617278 0.683964 -2.110351 0.436953 1.029134 0.566648 -0.297856 0.165407 0.182691 
4.987199 2.833604 -0.421990 -0.008601 -0.387764 -1.283901 -0.183543 1.029499 0.322948 -0.555968 0.143391 0.125150 
5.000431 2.667482 -0.246354 0.160551 -0.175988 -0.940194 -0.148699 0.462194 0.054830 -0.782927 -0.012162 0.073348 
4.911089 2.957715 -0.160399 0.433976 0.243429 -1.226630 0.308633 -0.031900 -0.617829 -0.822764 -0.087005 0.069953 
4.121123 2.481379 0.723742 0.322433 -0.116033 -0.181065 -0.152755 -0.512576 -0.831764 -0.755539 0.088685 0.040953 
5.375642 3.378582 -0.513635 0.637352 1.595510 -1.805897 0.327708 -0.580970 -1.118475 -0.955898 -0.384230 0.108131 
5.524603 3.226766 -0.186339 0.288012 1.857559 -1.565763 0.177883 -1.068379 -1.448229 -0.866728 -0.341084 0.096992 
4.629405 2.785172 0.625468 0.249940 0.830414 -0.230822 -0.089187 -1.190880 -1.367455 -0.762489 -0.103345 0.016830 
4.056427 2.475890 0.870910 0.416287 1.249866 -0.021511 -0.163527 -1.297563 -1.273241 -0.471298 -0.105035 -0.013819 
5.633465 2.819693 -0.289806 0.005409 3.753909 -0.976963 0.001091 -1.643776 -0.998062 -0.382562 -0.386291 0.032822 
4.737729 2.427382 0.410458 0.537891 2.863038 -0.168140 -0.208694 -1.497493 -0.859737 -0.379343 -0.227728 -0.046263 
4.551564 2.678464 0.440661 0.718771 2.809437 -0.162585 -0.816811 -1.853678 -0.656804 -0.104652 -0.179643 -0.097069 
5.488119 2.794343 -0.405544 0.896193 4.473948 -0.572821 -1.196502 -2.189628 -0.737352 -0.171767 -0.310321 -0.111255 
6.033048 2.550988 -0.489934 0.691950 4.823447 -1.011729 -0.922921 -2.501208 -0.706298 -0.028986 -0.419172 -0.075211 
4.746736 2.257527 0.534511 0.967507 3.227671 -0.042162 -1.225248 -1.816292 -0.497694 -0.121196 -0.221330 -0.138639 
4.697992 2.473173 0.439370 1.498868 3.025281 0.062984 -1.399081 -1.887298 -0.495479 -0.037421 -0.207306 -0.162158 
5.341202 2.470767 0.499310 1.554573 3.812716 -0.557458 -1.179894 -1.945632 -0.465765 0.050085 -0.290240 -0.149274 
5.069233 2.773939 1.029737 1.794288 3.057746 -0.073230 -1.653336 -1.840096 -0.479178 0.099979 -0.235000 -0.180971 
5.273899 2.939698 0.975236 1.683625 2.602745 -0.115070 -1.789402 -2.078605 -0.334645 0.012817 -0.206609 -0.181057 
4.075173 2.655859 1.623284 1.716909 1.867380 0.323018 -1.568392 -1.738292 -0.738937 -0.018766 -0.260824 -0.139353 
4.204733 2.753029 1.956668 2.040029 1.918976 0.251072 -1.796018 -2.109730 -0.582646 -0.138370 -0.300500 -0.167447 
4.527593 2.961119 2.311754 1.937991 2.284485 0.337229 -2.260259 -2.073320 -0.741225 -0.345526 -0.284071 -0.177566 
4.711198 2.971825 2.474386 1.576239 2.213263 0.529452 -2.017596 -1.806787 -0.578992 -0.381142 -0.252581 -0.144762 
4.028219 2.961162 2.337364 1.665642 1.604500 -0.045697 -1.601951 -1.190776 -0.648854 -0.402342 -0.271155 -0.110883 
3.658149 2.708542 2.484049 2.080953 1.186293 -0.231895 -1.500449 -1.082664 -0.489815 -0.365869 -0.298998 -0.096651 
4.786707 3.101344 2.483498 1.595501 3.126242 -0.060360 -2.142453 -1.872197 -0.531433 0.111365 -0.288172 -0.179348 
4.653175 3.211019 1.941400 1.720930 2.921631 -0.131957 -2.063820 -1.930927 -0.574122 0.011755 -0.258505 -0.168767 
4.348421 2.941720 1.669241 1.812714 2.288176 -0.270409 -1.849756 -1.936907 -0.683660 0.000976 -0.283898 -0.152033 
3.864176 2.569538 1.827443 1.728276 1.513081 -0.428857 -1.705035 -1.595560 -0.727382 -0.161878 -0.309573 -0.126019 
4.854371 2.948473 1.755353 1.140504 2.266370 -0.033783 -2.210117 -1.649862 -0.808575 -0.244536 -0.177434 -0.131846 
4.564374 2.931209 1.670573 1.623559 2.169749 -0.180700 -2.340989 -1.937232 -0.707424 -0.395156 -0.217295 -0.148861 
4.899448 2.684020 1.356069 1.414708 2.383095 0.059908 -2.677368 -2.017322 -0.565114 -0.567098 -0.141053 -0.140691 
5.149360 2.579638 0.808931 0.765434 3.016006 -0.698228 -2.690644 -2.023159 -0.591761 -0.250584 -0.147086 -0.147770 
5.017083 2.406486 0.544101 1.068905 2.672348 -1.360376 -2.266601 -2.292302 -0.584498 -0.127699 -0.153961 -0.102908 
3.905942 2.503004 0.343018 0.587314 1.024582 -0.492690 -1.818237 -1.965906 -0.317991 -0.053546 -0.096708 -0.087020 
5.647496 2.774450 -0.614345 -0.308000 4.712407 -1.701040 -2.006170 -3.133690 -0.745865 -0.064741 -0.267790 -0.059769 
5.433559 2.545095 -0.370830 0.029438 3.689876 -1.495347 -1.794563 -2.879357 -0.305223 -0.066855 -0.081434 -0.042577 
4.615927 2.144854 0.374097 0.654440 2.255616 -1.372570 -1.912541 -2.435560 -0.359829 0.036401 0.025760 -0.052176 
3.951753 2.319033 0.055452 0.494808 1.037923 -0.573382 -1.829283 -2.077696 -0.299812 0.075561 0.121243 -0.050571 
5.831211 2.714398 -0.962793 -0.200281 3.950620 -1.599724 -1.183086 -3.036860 -0.244904 0.144811 -0.069380 0.006193 
5.506538 2.180944 -0.479383 -0.158501 3.657518 -1.396927 -1.029589 -2.641301 -0.236522 0.216833 0.041174 0.066537 
4.617017 1.743665 -0.225599 0.431641 2.195114 -0.939982 -0.665947 -1.890932 -0.438898 0.164593 0.278993 0.097889 
5.674778 1.557360 -1.233879 0.314267 3.344149 -1.946406 0.133693 -1.538587 -0.498105 0.224726 0.064472 0.232953 
5.915039 1.410194 -1.114815 0.135582 3.331585 -2.193804 0.447146 -1.377416 -0.605428 0.122093 -0.014599 0.278485 
5.428051 1.428368 -0.607135 -0.145619 2.841645 -2.015383 0.687773 -0.841880 -0.707054 -0.133029 -0.022181 0.279799 
4.646569 1.820458 -0.026778 -0.188245 1.884211 -1.245181 0.901779 -0.070250 -0.582947 -0.393990 0.107208 0.192900 
5.593246 2.171464 -0.999789 0.268871 3.037013 -2.391499 1.493814 -0.048546 -0.205409 -0.157338 -0.253622 0.297412 
4.805295 2.103732 0.224032 0.386828 2.935126 -2.097890 1.081147 -0.187551 0.096428 0.238154 0.070732 0.254660 
4.153066 2.507933 0.718326 1.029855 2.220715 -1.297864 1.152048 0.114449 0.054754 0.228744 0.309589 0.175714 
3.995818 2.484633 1.193792 1.275755 1.871968 -0.318265 1.053746 0.432470 -0.219608 -0.042675 0.368876 0.135743 
4.191065 2.444340 0.908268 1.059733 1.950963 -0.304133 1.357618 0.722868 -0.132548 0.015892 0.572325 0.209648 
