2.704552 1.597481 1.276103 1.365005 1.687613 1.588220 0.954152 0.446231 0.388571 0.390799 0.275382 0.087164 
2.695629 1.612380 1.533857 1.494248 1.567921 1.193338 0.865741 0.671590 0.512014 0.182725 0.162928 0.083663 
2.824352 1.405801 1.158790 1.914674 2.309854 1.111839 0.212578 0.512867 0.753704 0.362014 0.167912 0.061565 
2.723294 1.358428 1.051554 1.761904 2.397075 0.801606 0.014579 0.945238 1.081546 0.520028 0.019816 0.043501 
3.091590 1.084587 0.934498 1.912506 2.772512 1.654115 0.002996 0.653873 0.970729 0.389993 -0.053110 0.028483 
2.801341 0.638841 1.124282 2.593182 2.858383 0.939332 0.010814 0.749723 1.468295 0.202819 -0.308725 0.044401 
2.748991 0.327777 1.038843 3.173716 2.916181 0.802341 -0.068858 0.780126 1.581224 0.068202 -0.229394 0.067533 
2.621469 0.401015 1.192474 2.887134 2.886384 1.108451 -0.377819 0.811846 1.763051 -0.126579 -0.234257 0.082764 
2.702248 0.530754 1.203816 2.764897 2.591062 0.888310 -0.735513 0.905154 1.964710 -0.156214 -0.108032 0.075461 
2.407644 0.627736 1.777638 2.438738 2.531090 0.836514 -0.306879 1.248489 1.630274 -0.049051 -0.224025 0.101362 
2.113824 0.225943 1.740070 2.569050 2.180227 0.801940 -0.101665 1.422041 1.652725 0.071583 0.068373 0.098192 
2.013113 0.441675 2.273486 2.014324 1.877780 0.913551 0.210518 1.345480 0.702583 0.228093 0.392512 0.071314 
1.870408 0.192984 2.032673 2.495678 2.193812 0.263036 0.072451 1.728640 0.995017 0.180854 0.209177 0.087569 
1.751990 -0.036979 2.470014 2.404317 2.064511 0.399538 0.028303 1.243377 1.239831 0.114375 0.079812 0.108757 
1.807180 -0.406487 2.897631 2.278209 1.900891 0.644980 -0.460116 1.889821 1.126030 0.273798 0.105692 0.070234 
1.652576 -0.483765 2.706147 2.108642 1.923456 0.689138 -0.467134 1.476406 0.991237 0.065282 0.089259 0.108920 
1.740327 -0.380088 2.834427 2.314662 1.965345 1.042477 -0.683365 1.455074 0.727276 0.224957 -0.034635 0.089534 
1.606845 -0.300791 2.961288 2.210080 2.366909 0.595529 -0.489948 1.757789 0.963803 0.109731 0.022454 0.098633 
1.806353 -0.330809 2.525582 2.554149 2.219659 0.621177 -0.489735 1.998586 1.044915 0.089619 0.046129 0.101191 
1.997736 -0.021253 2.115994 2.750525 3.020272 0.198079 -0.361869 1.835285 1.134980 0.110972 -0.027187 0.097026 
2.593510 1.195379 1.912798 1.812526 1.335904 -0.479250 -0.449478 1.271514 0.741222 -0.037340 -0.146153 0.120348 
3.738962 1.240287 1.440428 2.280260 2.159251 0.378923 0.371130 1.129256 0.551119 -0.342606 -0.487666 0.002055 
4.883462 1.730142 0.771038 1.944035 2.126339 0.824445 -0.554870 0.982560 0.630112 -0.820971 -0.263809 0.046892 
5.579889 1.829231 0.391016 1.512312 2.663875 0.414063 -0.494654 0.808387 0.322748 -0.850096 -0.409523 0.017369 
4.690460 1.973664 0.606965 1.426482 1.847164 0.318524 -0.262281 0.532680 0.182370 -0.984856 -0.301365 -0.004047 
5.036998 2.244172 0.324826 1.069513 1.717758 0.075253 -0.708862 0.225604 0.228111 -0.956004 -0.289753 -0.021706 
4.507830 2.023122 0.582403 1.044292 1.262854 0.203488 -0.422919 0.176368 -0.368891 -1.133025 -0.145288 0.026747 
6.383349 2.001993 -0.308316 1.056847 2.068268 -0.127131 -0.691856 -0.278949 -0.228997 -1.185859 -0.531107 0.029423 
5.322578 2.154843 -0.198863 0.562691 1.785226 0.323750 -0.852708 -0.126455 -0.304244 -1.311260 -0.352368 0.013244 
5.127742 2.167850 -0.344360 0.328487 1.660959 0.564899 -0.754632 -0.211503 -0.289515 -1.370679 -0.368834 -0.013243 
4.617367 1.943740 -0.023243 0.387858 1.124809 0.639232 -0.049502 -0.213442 -0.599198 -1.259223 -0.340406 0.000137 
5.923828 1.922945 -0.481080 0.261813 1.624202 0.591858 -0.573299 -0.275277 -0.472424 -1.207839 -0.532396 -0.032841 
5.627824 1.988581 -0.697767 0.102052 1.419454 0.564278 -0.423331 -0.354213 -0.329443 -1.143786 -0.479351 -0.046421 
4.991694 1.911409 -0.436047 -0.139298 0.799918 0.527455 -0.187419 -0.164367 -0.434133 -1.130808 -0.383234 -0.030093 
5.552964 2.002428 -0.976897 -0.416417 0.909583 0.348685 -0.555177 -0.251914 -0.242688 -1.018877 -0.419759 -0.056968 
5.171735 1.937183 -0.773423 -0.478670 0.658642 0.122828 -0.398499 0.037771 -0.306638 -1.032172 -0.381100 -0.042900 
4.973308 1.956789 -0.696383 -0.708223 0.757431 0.454541 -0.372259 -0.177486 -0.282338 -0.913733 -0.314793 -0.056102 
5.461017 1.797512 -0.904437 -0.353793 0.786308 0.171828 -0.583132 -0.060763 -0.047100 -0.888571 -0.390644 -0.056632 
5.041366 1.866818 -0.686973 -0.323207 0.577516 0.059776 -0.298376 0.173192 -0.087174 -0.857701 -0.342906 -0.049872 
5.447725 1.975229 -0.993619 -0.403759 0.901890 0.122131 -0.584838 0.269574 0.234083 -0.800367 -0.389857 -0.070527 
5.059710 1.790133 -0.957876 -0.301767 0.983089 0.317872 -0.241728 0.265306 0.144717 -0.727000 -0.325883 -0.053310 
5.807497 1.673631 -1.133806 -0.383276 1.097289 0.491346 -0.345516 0.298201 0.286466 -0.663987 -0.373958 -0.048845 
4.581350 1.454793 -0.597995 -0.198832 0.698032 0.427323 0.044288 0.581010 0.113447 -0.755045 -0.319190 -0.029396 
6.644869 1.915929 -2.000417 -0.509653 1.871979 -0.118937 -0.670990 1.242152 0.052313 -0.262042 -0.568984 -0.063150 
3.963434 1.379250 -0.345413 -0.152407 0.669399 0.687347 0.516089 0.591063 0.055767 -0.583433 -0.305047 -0.027838 
5.401704 1.712358 -1.186960 -0.252684 1.371045 0.613857 -0.016497 0.854566 0.661695 -0.660383 -0.355681 -0.039069 
4.827532 1.629925 -0.668422 -0.171609 0.798687 0.700193 0.524499 0.803333 0.384102 -0.758719 -0.268107 -0.001442 
5.998426 2.335906 -1.666078 -0.375721 1.769376 0.081546 0.134382 0.940295 0.680018 -0.364349 -0.368679 -0.024889 
3.664384 1.474237 -0.091915 -0.113125 0.331876 0.738578 0.934834 0.812005 0.128446 -0.476941 -0.102496 0.029974 
6.363907 1.921624 -1.403435 -0.703593 1.537700 0.693161 0.071414 0.938065 0.855876 -0.030466 -0.109986 0.016857 
6.740159 2.486714 -1.599023 -0.782276 1.643927 0.237633 0.653069 0.575744 0.902726 0.136187 -0.019528 0.043788 
6.050374 2.531993 -0.496139 -0.583089 0.833846 0.545273 0.128611 0.980872 1.007238 -0.075878 0.026456 0.042922 
5.524688 2.823316 0.026021 -0.227763 1.007605 0.381912 0.289014 0.761005 0.532271 -0.180605 0.018855 0.038723 
5.743673 3.091380 0.293342 0.079995 1.489488 0.272902 0.394260 0.638077 0.562667 -0.373224 -0.126028 0.004098 
5.270690 2.951592 0.847640 0.361543 1.698632 0.513278 0.386046 0.699456 0.457244 -0.420901 -0.172116 -0.024774 
5.012922 2.976473 1.263627 0.825585 1.279756 0.442325 0.460283 0.549507 0.258101 -0.208989 -0.131557 -0.015918 
4.216771 2.764637 1.520753 1.176552 1.387854 0.762205 0.719137 0.250518 0.173157 -0.043378 -0.126286 -0.003516 
4.571989 2.812463 1.212100 1.098121 1.517113 0.976041 0.906387 0.625143 0.266196 -0.211970 -0.071868 0.007507 
4.124917 2.507067 1.152947 1.089889 1.859112 1.576096 1.026171 0.403159 0.159867 -0.232685 -0.035599 0.027559 
4.242723 2.575417 1.183645 0.963169 2.017860 1.436126 1.350485 0.594959 0.181579 -0.262950 -0.079433 0.022568 
4.367280 2.665387 1.107732 1.019147 1.616375 1.462370 1.279641 0.852752 0.345303 -0.482870 -0.011351 0.035909 
4.404815 2.854047 1.274489 0.617310 1.196009 1.176985 1.246628 0.675319 0.329452 -0.170434 0.082263 0.051957 
4.029514 2.743495 1.474771 0.888622 1.161114 0.958880 0.875520 0.504283 0.454845 0.102846 0.211856 0.072419 
4.226175 2.835087 1.516392 0.601094 1.173525 0.802252 0.925525 0.750601 0.322873 0.071917 0.317681 0.101565 
4.304431 2.899460 1.528364 0.490596 0.925367 1.248487 0.648760 0.557680 0.520886 0.077055 0.347054 0.108109 
4.398951 3.116759 1.576506 0.636136 1.050665 0.926371 1.060558 0.468335 0.666425 0.089860 0.271432 0.085160 
4.256760 3.107281 1.699798 0.791386 0.891426 0.739519 1.006668 0.617595 0.524290 0.209542 0.222338 0.069550 
3.983418 2.981581 1.733488 1.049757 0.871863 0.408323 0.468190 0.297897 0.386240 0.082482 0.072868 0.038981 
3.945165 2.956531 1.746190 1.071646 0.990231 0.516470 0.193093 -0.007974 0.231261 -0.028715 -0.017448 0.020924 
4.004694 3.052340 1.817082 1.021997 0.734897 0.123406 0.000955 -0.032910 -0.026278 -0.038177 -0.010189 0.028528 
4.252421 3.041821 1.679422 1.007982 0.507531 0.131196 -0.234950 -0.218933 -0.095775 -0.119025 0.035208 0.039553 
3.943492 2.801594 1.666993 0.822647 0.471543 -0.076094 -0.393458 -0.332903 -0.127462 -0.069428 0.081519 0.055398 
4.050401 2.624116 1.360636 0.848584 0.451747 -0.393439 -0.860988 -0.358910 0.055483 0.027621 0.090118 0.062458 
4.200221 2.652472 1.127228 0.851513 0.546997 -0.558929 -1.008834 -0.498432 0.092940 0.059681 0.132227 0.068119 
4.378947 2.578751 1.023182 0.671803 0.493628 -0.398321 -1.058430 -0.587890 0.173756 -0.025883 0.154943 0.069162 
4.457187 2.537422 0.662994 0.495830 0.796712 -0.359999 -1.243912 -0.591320 0.219080 0.132434 0.132972 0.047139 
4.668632 2.413369 0.349378 0.514982 0.931621 -0.222171 -1.322610 -0.597953 0.465824 0.139593 0.082400 0.013427 
4.677546 2.196322 0.221195 0.493917 1.169180 -0.187982 -1.384778 -0.371347 0.556267 0.172383 0.034923 -0.003007 
4.868663 2.105475 -0.016924 0.490146 1.276689 0.102611 -1.327579 -0.455658 0.684941 0.097201 0.054186 -0.005768 
5.232796 2.226466 -0.487517 0.275717 1.739041 0.215949 -1.329098 -0.342899 0.727085 0.067512 0.082946 -0.009529 
5.771607 2.228645 -0.644464 0.155466 1.873207 0.493010 -1.347814 -0.364352 0.889497 0.004262 0.065149 -0.003441 
5.860848 1.978339 -0.607632 0.247366 1.804238 0.372918 -1.045340 -0.191752 0.876057 -0.013454 0.013594 0.016414 
5.923346 1.900332 -0.849229 0.458803 1.811979 0.445112 -0.988560 -0.064019 0.923762 0.045695 0.018210 0.024234 
5.800788 1.906321 -0.869452 0.412118 1.852622 0.378166 -0.972883 0.264021 0.920324 0.089719 0.005075 0.016152 
6.282192 1.778498 -1.044348 0.357677 2.164486 0.356575 -1.053876 0.300302 0.889330 0.235601 -0.001264 0.025684 
