2.573052 1.978719 1.734982 1.639935 1.360977 1.095950 0.928639 0.749434 0.555123 0.372735 0.231367 0.080177 
2.571437 2.017852 1.757425 1.572234 1.326316 1.028376 0.927703 0.759267 0.487961 0.346071 0.234149 0.080276 
2.564230 2.015509 1.714896 1.538789 1.368011 1.168108 0.913460 0.743362 0.566957 0.400830 0.226428 0.080164 
2.576320 2.017903 1.695524 1.523727 1.405836 1.206122 0.860017 0.696438 0.580145 0.404352 0.218114 0.080067 
2.576911 2.013535 1.678736 1.571861 1.335215 1.120724 0.915866 0.738224 0.530381 0.373728 0.219847 0.080093 
2.553956 1.996189 1.707000 1.501387 1.337235 1.176673 0.953296 0.780624 0.561739 0.401810 0.230042 0.080020 
2.574795 1.987751 1.703928 1.504479 1.275620 1.138594 0.975563 0.759517 0.559056 0.421002 0.226366 0.080315 
2.559586 1.981976 1.715201 1.493530 1.351891 1.190077 0.985363 0.772166 0.599238 0.390096 0.198517 0.079936 
2.573574 1.987933 1.721456 1.461846 1.231053 1.207307 0.930704 0.803289 0.614099 0.435561 0.237517 0.079902 
2.553045 2.043620 1.708886 1.605799 1.263097 1.118655 0.912609 0.769064 0.537241 0.387284 0.245002 0.080230 
2.513252 2.045588 1.640830 1.511848 1.307144 1.204792 1.045571 0.767820 0.610697 0.390037 0.260584 0.079835 
2.493281 2.077522 1.640220 1.481062 1.339541 1.096134 1.044785 0.690489 0.668373 0.334147 0.203385 0.079955 
2.480432 2.108451 1.701499 1.636500 1.266432 1.125590 0.850450 0.783876 0.554751 0.431111 0.184650 0.081195 
2.472669 2.137964 1.671795 1.650209 1.280564 1.038134 0.980013 0.840325 0.558237 0.469182 0.250718 0.080801 
2.525075 2.075908 1.758817 1.616818 1.221005 1.072493 0.992861 0.704086 0.525197 0.444493 0.204422 0.080211 
2.489882 2.029021 1.738491 1.552422 1.209372 1.083862 1.067109 0.759415 0.577797 0.349196 0.264034 0.079250 
2.515101 2.060470 1.751508 1.566675 1.197163 1.041404 0.861139 0.768242 0.473100 0.350220 0.215749 0.080580 
2.562875 2.010105 1.828037 1.594831 1.403527 1.283253 1.109185 0.886920 0.646236 0.370859 0.227805 0.080634 
2.652977 2.093143 1.854893 1.656227 1.484612 1.241784 1.042921 0.713159 0.542907 0.233485 0.141558 0.077676 
2.843096 2.340484 2.015284 1.832298 1.516001 1.285546 0.867661 0.594606 0.286156 0.057489 -0.022781 0.057929 
2.864285 2.362373 2.015789 1.682893 1.335073 1.019089 0.813720 0.446344 0.095027 -0.110913 -0.032928 0.051453 
3.097008 2.586086 2.226159 1.907933 1.523589 0.923021 0.768319 0.343573 0.049653 -0.182989 -0.155979 0.021409 
3.455212 2.994653 2.367433 1.853302 1.438961 0.937405 0.546010 0.255720 -0.009665 -0.316349 -0.191798 -0.013530 
3.718365 3.097814 2.170419 1.794203 1.578880 1.025855 0.235902 -0.082742 -0.112987 -0.253820 -0.242225 -0.028584 
3.152540 2.613675 2.011558 1.644614 1.124569 0.657914 0.158465 -0.090840 -0.175391 -0.262982 -0.213193 0.018497 
3.318933 2.698300 2.065835 1.678932 1.397927 0.903446 0.340292 -0.204859 -0.240070 -0.274698 -0.306417 -0.008650 
4.717595 3.405759 1.825208 1.015330 1.199376 0.895402 0.681398 0.120382 -0.182260 -0.394369 -0.329330 -0.074518 
4.023111 3.133578 1.941084 1.208498 1.224280 0.972567 0.666834 0.107221 -0.330170 -0.463907 -0.362500 -0.056928 
3.386122 2.798278 2.007850 1.306751 0.892428 0.764841 0.524033 0.115671 -0.248638 -0.440294 -0.379572 -0.023298 
3.525767 2.846140 2.040951 1.358840 0.864520 0.531092 0.304453 0.014446 -0.268444 -0.404502 -0.264048 -0.013675 
5.537089 3.800634 1.513345 0.791123 1.254616 0.718063 0.060107 -0.148727 -0.215162 -0.440146 -0.171763 -0.033878 
4.358186 3.190359 1.917331 1.142965 0.882712 0.461967 0.043976 -0.198868 -0.393122 -0.354033 -0.135959 -0.002200 
3.632813 2.806863 1.764817 1.182967 0.882874 0.493118 0.067270 -0.439947 -0.462115 -0.330836 -0.114697 0.025778 
4.040101 3.065748 1.826182 0.969625 0.601287 0.378014 0.118314 -0.281806 -0.472286 -0.336189 -0.062533 0.029770 
4.635624 3.295587 1.654914 0.814298 0.755336 0.522507 -0.029134 -0.416342 -0.494236 -0.352866 -0.018502 0.045344 
4.189424 3.092658 1.713580 0.915463 0.660298 0.342385 -0.048232 -0.457353 -0.594330 -0.338209 0.040103 0.064042 
3.887677 2.851683 1.611285 0.981684 0.606818 0.242739 -0.310172 -0.572946 -0.464052 -0.207327 0.080960 0.077546 
5.351825 3.717668 1.346635 0.596105 0.797184 0.331879 -0.177615 -0.475981 -0.503074 -0.337758 0.059424 0.084464 
3.460281 2.559350 1.587659 0.814032 0.472347 0.214937 -0.227559 -0.552502 -0.536610 -0.131283 0.127248 0.097775 
4.366586 3.245033 1.439412 0.576527 0.427302 0.358463 -0.060097 -0.485395 -0.555532 -0.295731 0.066007 0.085047 
4.028544 3.006822 1.710782 0.913407 0.474356 0.165207 -0.217658 -0.412929 -0.489468 -0.286254 0.097407 0.079072 
5.006883 3.502176 1.314817 0.550068 0.748393 0.379579 -0.223475 -0.364872 -0.514950 -0.340508 0.040988 0.073862 
3.421580 2.512641 1.592557 0.815287 0.397613 0.113222 -0.096556 -0.385773 -0.432552 -0.265206 0.060274 0.081653 
5.729492 3.809927 0.908072 0.567482 0.998142 0.424668 -0.264654 -0.335601 -0.210254 -0.470528 -0.003647 0.050330 
3.747312 2.796549 1.489203 0.641188 0.408242 0.311338 -0.013606 -0.391172 -0.496742 -0.211398 0.026867 0.074761 
4.832389 3.372315 1.183286 0.614817 0.847662 0.308541 -0.219928 -0.038249 -0.427820 -0.509610 -0.009219 0.054741 
3.876928 2.785761 1.495694 0.909134 0.644904 0.156010 -0.225898 -0.263902 -0.363609 -0.279274 0.003517 0.061983 
4.507271 3.045523 1.569760 0.814176 0.962986 0.074144 -0.183826 -0.104576 -0.486490 -0.438808 0.093991 0.083478 
3.260366 2.434724 1.409002 0.803570 0.517932 -0.035709 -0.139844 -0.251465 -0.322733 -0.107372 0.015912 0.094473 
5.516479 3.940940 0.256259 0.699283 2.840897 -0.990416 -0.615563 0.615478 -0.592345 0.008311 -0.307032 0.078562 
3.654946 2.899873 1.762721 0.931607 0.685615 -0.142386 -0.261507 -0.168511 -0.422343 -0.097051 -0.016432 0.066923 
3.482016 2.708394 1.837785 0.993545 0.822064 -0.144518 -0.041473 -0.014554 -0.350913 -0.169026 -0.060404 0.055948 
3.095895 2.268412 1.545509 1.025683 1.010679 0.345916 -0.034313 -0.260178 -0.273429 -0.122764 -0.078902 0.074810 
3.919461 2.897224 1.740007 0.743987 1.554639 0.145322 -0.271786 0.159435 -0.577646 -0.077970 -0.124841 0.019990 
3.553984 2.670772 1.647488 0.960266 1.160754 -0.118487 -0.279629 0.019938 -0.165089 -0.116185 -0.168613 0.037841 
3.163124 2.161094 1.701946 0.956080 0.708843 0.236392 -0.200506 0.043713 -0.258214 -0.222091 0.062829 0.090577 
3.266623 2.284939 1.805057 1.022552 0.952696 0.108923 -0.252980 0.010490 -0.176583 -0.090569 -0.010324 0.073614 
3.471130 2.567228 1.727373 0.688837 1.120086 -0.088042 -0.210364 0.200776 -0.209374 -0.022144 -0.054781 0.059309 
3.560395 2.742190 1.644972 0.588306 0.894645 0.165406 -0.031661 0.158058 -0.352115 -0.070445 0.014353 0.067252 
3.066803 2.247281 1.530029 0.660530 0.584869 0.299664 0.083174 0.079762 -0.345635 -0.134455 0.042106 0.095871 
4.012086 2.645398 2.010887 0.435763 0.595610 0.012402 -0.153475 0.499495 -0.314267 -0.245810 0.113464 0.067497 
3.484181 2.705976 1.633936 0.789503 0.472403 -0.111499 0.097805 0.047843 -0.120238 -0.200304 0.028596 0.071005 
4.131902 3.135492 1.458611 0.401606 0.926488 -0.509299 -0.127810 0.469532 -0.137620 -0.146814 0.018469 0.053975 
3.412924 2.445531 1.642909 0.888645 0.401094 -0.139807 -0.168407 0.102912 -0.080122 -0.166895 0.118638 0.092055 
5.193335 3.530520 0.793071 0.333783 2.350809 -1.038916 -0.360292 0.824106 -0.041806 -0.126264 -0.147113 0.045134 
3.733244 2.679935 1.675713 1.137377 0.712741 -0.196583 -0.264253 0.072927 0.158747 -0.141572 0.008136 0.057357 
4.079009 2.974902 1.689423 1.083188 0.916129 -0.183079 -0.453313 0.115265 0.335037 0.030549 -0.026224 0.032828 
3.632600 2.615179 1.752314 1.259439 0.928920 0.281561 0.014738 0.213553 0.052673 -0.134298 -0.058725 0.034137 
4.163102 2.792200 1.620769 1.154372 1.261455 -0.255943 -0.170243 0.470126 0.396828 -0.067753 -0.128143 0.005569 
4.071345 2.767472 1.344568 1.091286 0.905529 -0.417376 0.001346 0.671869 0.450026 -0.020716 -0.091841 0.023823 
3.764005 2.378740 1.369593 1.395086 1.075249 -0.067519 -0.021278 0.807118 0.797147 -0.337486 -0.242526 0.004013 
3.941786 2.431217 1.455690 1.623404 1.160289 -0.605342 0.036865 1.269104 0.728726 -0.171276 -0.058068 0.055325 
3.427094 2.061680 1.316160 1.416346 1.001498 -0.159723 0.035283 1.059127 0.865090 0.099333 0.066372 0.074489 
3.692122 2.152866 1.493427 1.712716 1.206414 -0.554279 -0.201261 1.259921 1.077286 0.195023 0.061920 0.083971 
3.295287 2.061759 1.430987 1.591166 0.975126 -0.385155 0.100845 1.283107 1.192796 0.285515 0.159096 0.094754 
3.007117 1.988548 1.554960 1.638907 0.895384 -0.006388 0.171848 0.947213 0.865874 0.302883 0.266419 0.101302 
2.807201 1.904532 1.573301 1.673099 1.302313 0.364951 0.405629 0.914680 0.888471 0.456399 0.283370 0.086883 
2.759260 1.993072 1.613769 1.592491 1.478520 1.044658 0.838487 0.745193 0.631708 0.418182 0.197920 0.078186 
2.642442 2.000797 1.574677 1.436311 1.427894 1.122833 0.831681 0.703525 0.624543 0.437178 0.230359 0.079482 
2.558056 1.867100 1.545682 1.418295 1.338000 1.236095 0.988981 0.790692 0.528076 0.411950 0.252643 0.080158 
2.626606 2.001466 1.762729 1.578050 1.490063 1.194681 0.839155 0.659416 0.460268 0.363157 0.223146 0.079518 
2.629926 2.079833 1.870689 1.677711 1.326618 1.046639 0.888900 0.756703 0.511706 0.347048 0.221529 0.079661 
2.591997 2.059484 1.812191 1.517792 1.207498 1.019412 0.920023 0.690462 0.473995 0.331433 0.219741 0.079794 
2.608418 2.022263 1.814154 1.611016 1.341566 1.097397 0.960856 0.751262 0.520648 0.317516 0.182274 0.079364 
2.629095 2.022781 1.776185 1.555980 1.321588 1.056120 0.781617 0.584898 0.452554 0.354972 0.231989 0.080234 
