1.892214 1.632220 -0.694901 1.509724 0.667455 -0.126554 -1.118260 0.356683 1.368944 0.287552 0.378696 0.092794 
1.957368 1.249493 -0.621456 1.552424 1.032574 -0.409668 -0.982742 0.560790 1.378508 0.612373 0.321259 0.073828 
1.937896 1.382684 -0.536872 1.762464 1.165597 -0.721081 -1.400616 0.837520 1.389948 0.766844 0.391441 0.055163 
1.910905 1.277430 -0.760536 1.868235 1.185088 -0.987189 -1.456754 0.860965 1.431330 0.994353 0.356562 0.066660 
2.299540 1.235194 -0.157918 1.546870 1.518040 -0.946397 -1.342109 1.030179 0.595861 1.430883 0.344411 0.095225 
2.569374 1.904331 0.225447 1.414236 0.808637 -0.517887 -1.282318 0.915779 0.461199 1.231907 0.222306 0.141562 
3.482048 2.312785 0.694112 2.006856 0.707422 0.235678 -0.763541 0.635634 1.022708 0.612476 0.066298 0.057079 
4.531638 3.436976 1.131059 1.721415 0.226805 0.498383 -0.166359 0.548506 0.461785 -0.011648 -0.153883 -0.048018 
4.330448 3.063199 1.509432 0.985081 0.390546 0.062893 -0.162969 -0.429746 0.140402 -0.149492 -0.218279 -0.065562 
3.960522 2.704867 1.280499 0.603166 0.245093 -0.228514 -0.531169 -0.419660 -0.207781 -0.272068 -0.138071 -0.036615 
5.423660 3.466310 0.485434 -0.080700 0.409030 -0.048491 -1.031993 -1.020605 0.561321 -0.183680 -0.008374 -0.087822 
4.934262 3.026267 0.763944 0.118825 -0.036250 -0.575890 -0.975525 -0.466997 0.344975 -0.217179 -0.161259 -0.085515 
3.574616 2.172249 0.809762 0.167203 0.007204 -0.319463 -0.509415 -0.372144 -0.174019 -0.233602 -0.280022 -0.070847 
4.860581 2.881891 0.608196 0.066467 0.154360 -0.330476 -0.790983 -0.468744 0.118366 -0.223434 -0.234077 -0.098897 
4.815647 2.931746 0.616230 -0.142434 -0.029926 -0.501797 -0.976960 -0.550165 0.054053 -0.153035 -0.228195 -0.101684 
4.720746 2.916416 0.779394 -0.081882 -0.256519 -0.863866 -1.069676 -0.395474 0.132811 -0.242638 -0.243744 -0.101563 
3.862572 2.518155 0.900531 -0.262074 -0.699318 -0.767430 -0.645287 -0.409242 -0.368085 -0.411104 -0.226274 -0.084382 
4.948201 2.799592 0.387490 -0.341114 -0.419209 -0.706165 -0.979094 -0.385146 -0.042183 -0.401332 -0.252226 -0.110269 
4.981235 2.806506 0.247449 -0.613430 -0.455295 -0.742286 -0.835294 -0.219108 0.050712 -0.524920 -0.277042 -0.122880 
5.254961 2.792950 0.009723 -0.627052 -0.390159 -0.828111 -1.255249 -0.224388 0.298276 -0.577146 -0.282328 -0.134166 
5.396344 2.770790 -0.360985 -0.885713 -0.171239 -0.628643 -1.265437 -0.369059 0.174358 -0.531129 -0.262249 -0.135112 
5.217398 2.551868 -0.389017 -0.869453 -0.325069 -0.823244 -1.142759 -0.327978 0.133085 -0.592901 -0.264742 -0.118727 
5.583667 2.723236 -0.763128 -1.006460 -0.242033 -0.803313 -1.494948 -0.204619 0.177258 -0.505264 -0.272111 -0.132254 
5.688867 2.666012 -0.976261 -1.134205 -0.089059 -0.854148 -1.604650 -0.169517 0.206509 -0.384328 -0.257638 -0.138391 
5.885240 2.681503 -1.184710 -1.343427 0.267481 -1.067394 -1.712696 -0.044813 0.148208 -0.178312 -0.256515 -0.146505 
5.740624 2.531013 -1.208798 -1.475726 0.271177 -1.085892 -1.598094 0.040475 -0.024894 -0.121038 -0.212184 -0.126141 
5.965135 2.445332 -1.625965 -1.818487 0.554103 -1.118686 -1.742361 0.042047 -0.064392 -0.047133 -0.236812 -0.142430 
5.519464 2.085632 -1.433263 -1.618721 0.216113 -1.063286 -1.443576 -0.236086 0.119642 -0.217678 -0.147232 -0.109741 
5.490050 2.062491 -1.699200 -1.573310 0.174947 -0.789771 -1.473066 -0.293026 0.222174 -0.264697 -0.133120 -0.115455 
5.469371 1.961220 -1.760155 -1.440884 0.263117 -0.581745 -1.307920 -0.372790 0.400117 -0.244554 -0.103579 -0.114622 
5.505202 1.918393 -1.728944 -1.392027 0.439232 -0.361336 -1.334569 -0.178604 0.467766 -0.157411 -0.098100 -0.118016 
5.673699 2.006906 -1.871295 -1.451281 0.726352 -0.077804 -1.295545 -0.085160 0.520639 -0.035736 -0.080719 -0.129882 
5.941314 1.962577 -1.970969 -1.577203 0.761022 0.267229 -1.472073 0.206576 0.404247 0.069490 -0.105448 -0.143882 
4.488417 1.821657 -1.024580 -1.057622 -0.047318 -0.081976 -0.578277 -0.001091 0.301484 -0.055203 -0.035079 -0.100653 
4.299052 1.491393 -0.919729 -0.832677 -0.345425 -0.202201 -0.442062 0.062787 0.277148 -0.120841 -0.045520 -0.095038 
5.300025 1.608210 -1.705544 -1.332400 0.092011 0.177834 -0.806396 0.107750 0.425314 -0.200170 -0.101558 -0.108346 
6.280322 1.848776 -2.584509 -1.837824 0.965486 -0.004126 -0.961467 0.161359 0.434561 0.096706 -0.215174 -0.171582 
4.733442 1.576875 -1.356381 -1.277818 0.170944 0.074353 -0.430270 0.161011 0.403978 -0.114014 -0.049932 -0.112030 
3.855192 1.340146 -0.621248 -0.794299 -0.299464 -0.254851 -0.073563 0.405479 0.293221 -0.131073 -0.061557 -0.113327 
4.763768 1.732468 -1.093860 -1.136661 0.165219 0.069421 -0.379576 0.025916 0.563823 0.013579 -0.051515 -0.131075 
6.136369 1.952065 -2.630880 -1.139463 0.820724 0.407304 -1.064731 0.243763 0.715462 0.198353 -0.204018 -0.192675 
6.177389 1.732463 -2.577330 -0.979215 0.780234 0.482828 -0.868152 0.185672 0.872120 0.141829 -0.222695 -0.194641 
4.365865 1.416037 -1.063001 -0.750951 0.346572 0.267630 -0.294643 0.249202 0.577728 -0.036182 -0.106111 -0.152115 
4.805169 1.555674 -1.607907 -1.179368 0.907116 0.418619 -0.396187 0.167704 0.631206 -0.080519 -0.099643 -0.167684 
5.807199 1.571400 -2.438531 -1.275941 1.159306 0.263037 -0.444969 0.106099 0.984546 -0.054749 -0.231772 -0.200597 
5.933979 1.638867 -2.651212 -1.288673 1.520111 -0.057719 -0.291247 0.120542 0.955225 0.060657 -0.277003 -0.206688 
5.961126 1.579248 -2.825510 -1.263296 1.599434 0.149934 -0.261164 0.099536 0.949993 0.074076 -0.277967 -0.219101 
5.302972 1.471557 -2.245789 -1.270771 1.422982 0.530703 -0.559423 0.286580 0.885342 -0.054830 -0.200552 -0.220904 
5.630271 1.327511 -2.392578 -1.190390 1.616087 0.139380 -0.272362 0.320981 0.888318 -0.008700 -0.300383 -0.212564 
6.086483 1.350987 -2.791046 -1.403436 1.835774 0.120563 -0.162055 0.336879 0.839216 0.057486 -0.372834 -0.222310 
6.217721 1.755447 -3.254913 -1.545327 2.375262 -0.413979 0.200201 0.332251 0.773814 0.229308 -0.480288 -0.210562 
6.092788 1.660559 -2.993970 -1.737342 2.379673 -0.303460 0.188224 0.427199 0.790648 0.200834 -0.467342 -0.222550 
5.705500 1.686846 -2.953976 -1.555244 1.956141 0.192551 0.012503 0.391053 0.897134 0.014362 -0.359578 -0.246264 
5.458281 1.526100 -2.537811 -1.679916 1.880792 0.440603 -0.146018 0.382887 0.940369 -0.082822 -0.297282 -0.256370 
6.080166 1.635492 -3.331155 -1.766962 2.143475 0.472697 -0.130690 0.483329 0.790398 0.175706 -0.401526 -0.268718 
5.966906 1.401773 -3.228963 -1.384074 1.825863 0.707649 -0.283573 0.436163 0.915218 0.051008 -0.370235 -0.260265 
5.557070 1.315601 -2.864052 -1.413211 1.788836 0.855046 -0.396389 0.331971 1.075096 -0.094273 -0.280699 -0.256124 
5.418973 1.194279 -2.667510 -1.500152 1.892279 0.928361 -0.392084 0.320668 1.125449 -0.154364 -0.240854 -0.241584 
5.703949 1.300702 -3.017471 -1.443151 2.077673 0.854379 -0.326919 0.340373 1.074210 0.030120 -0.281554 -0.251867 
5.956599 1.079366 -2.972166 -1.486905 2.328717 0.709266 -0.042945 0.280050 1.119775 0.134266 -0.309504 -0.233951 
5.412910 1.036148 -2.659684 -1.144476 2.133813 1.121455 -0.231918 0.375588 1.193067 -0.007395 -0.225547 -0.224710 
5.624163 1.187045 -2.871344 -1.424954 2.407498 1.387459 -0.283250 0.492710 1.148723 0.067784 -0.211591 -0.238619 
5.849762 1.076863 -3.083451 -1.204823 2.567822 1.182708 -0.049392 0.602212 1.069403 0.140519 -0.314931 -0.229853 
5.311812 0.789968 -2.486100 -0.878785 2.452217 1.240980 -0.101676 0.511009 1.205018 -0.056655 -0.286001 -0.218070 
5.456701 0.726356 -2.612496 -0.921271 2.701101 0.932943 -0.057905 0.542278 1.108313 0.055678 -0.345421 -0.224394 
5.661361 1.095557 -3.177497 -1.498815 3.365825 0.567391 -0.046504 0.747176 0.774539 0.342908 -0.435720 -0.245222 
4.844391 0.529184 -2.403391 -0.511982 2.536349 0.338890 -0.054600 0.536347 1.021273 -0.005860 -0.389838 -0.221534 
4.731754 0.371633 -2.214959 -0.584064 2.546218 0.786087 -0.237161 0.846459 1.099969 -0.018040 -0.336884 -0.218825 
4.758210 0.310008 -2.165739 -0.306458 2.462359 0.494811 -0.147562 0.779997 1.259817 0.103982 -0.320713 -0.202392 
5.240445 0.744366 -2.833934 -1.236897 3.347142 0.872493 -0.136807 1.095203 1.237477 0.331045 -0.277407 -0.219495 
4.773973 0.378941 -2.084496 -0.243684 2.712412 0.658433 -0.089742 0.889617 1.522077 0.161644 -0.279553 -0.197396 
4.999636 0.237111 -2.040874 -0.372488 3.091491 0.915493 -0.151662 0.964733 1.531716 0.222849 -0.271066 -0.190901 
4.482556 0.316243 -1.736019 0.103604 2.697861 0.666207 -0.082776 0.802352 1.511995 0.117969 -0.246389 -0.173514 
5.224174 0.673821 -2.620606 -0.793563 3.925682 0.491980 0.093903 0.848969 1.200787 0.458702 -0.266946 -0.155857 
4.913104 0.088461 -2.026414 -0.615542 3.716444 0.518236 -0.003302 1.039963 1.308080 0.353232 -0.245499 -0.150116 
5.591279 0.724650 -3.131439 -1.281472 5.069762 -0.373738 1.002918 0.972254 1.015325 1.009909 -0.524080 -0.058143 
4.798048 0.694749 -2.820040 -1.249681 4.367826 -0.148234 0.481827 1.063165 1.045937 0.557133 -0.401453 -0.120742 
5.447411 0.940786 -3.274012 -1.403240 4.834040 -0.650976 0.821556 1.011890 0.693150 0.896464 -0.628566 -0.046954 
4.299258 0.321392 -1.777959 -0.577555 3.830518 -0.087944 0.466612 1.099659 1.118176 0.230247 -0.356412 -0.128433 
4.617048 0.743881 -2.120961 -0.870925 4.220577 0.017608 0.536756 1.208374 1.068866 0.364544 -0.352195 -0.133261 
4.964704 1.104676 -2.517182 -1.085855 4.606673 -0.453955 0.721266 1.422477 0.989140 0.676337 -0.499998 -0.099320 
5.412057 1.171078 -2.576993 -0.744423 4.359833 -0.620881 0.639217 1.437064 1.068451 0.769472 -0.500897 -0.066091 
4.141685 0.574719 -1.349556 0.519475 2.772477 0.280849 0.197049 1.524659 1.664385 0.056392 -0.172525 -0.128271 
4.385034 0.498601 -1.445501 -0.173119 3.578521 0.239418 -0.080340 1.597985 1.570039 0.180010 -0.180552 -0.140412 
4.761148 0.954246 -1.802985 0.218717 3.486827 -0.155948 0.218538 1.447412 1.644894 0.279700 -0.247436 -0.102163 
