1.534849 -1.484593 3.296234 3.812552 0.988107 -0.543247 1.159816 1.670395 0.866468 0.106382 0.085145 0.145543 
0.811480 -1.014540 3.429521 4.396738 0.472651 -0.660019 0.935525 1.671666 0.950855 -0.033848 0.141748 0.155234 
1.287548 -1.588406 3.466965 3.428646 0.940669 -0.437730 0.801661 1.674406 0.837102 -0.022316 0.102118 0.169428 
0.984999 -1.275984 3.402431 3.748731 0.905007 -0.755703 0.706921 1.925328 0.706687 -0.109832 0.214546 0.166937 
1.083637 -1.005046 3.249130 3.635477 0.837851 -0.086423 0.779215 1.884197 0.590718 -0.101575 0.175825 0.186151 
0.898087 -0.805614 3.078910 3.838859 0.817230 -0.635154 1.326937 1.556875 0.684790 0.134189 0.078571 0.160274 
1.153710 -0.767798 2.751050 4.012700 0.606167 -0.622550 1.426147 1.488209 0.583149 0.156897 0.084451 0.154426 
0.939717 -0.458958 3.056863 4.076577 0.441376 -0.577186 1.194838 1.683535 0.726204 0.321600 -0.016671 0.155683 
1.373230 -0.871493 2.594511 4.141879 0.371372 -0.098289 1.303314 1.558227 0.748402 0.197050 0.049976 0.143923 
1.396662 -0.725369 2.808608 4.244701 -0.237294 0.036129 1.051145 1.721209 0.506499 0.028659 0.184231 0.181118 
1.449480 -0.575151 2.583737 4.356258 0.167888 0.028462 0.433692 1.985720 0.883986 -0.140686 0.200669 0.197912 
1.492945 -1.001465 2.955298 4.730445 -0.483096 0.540021 0.394867 1.647744 1.227885 -0.064365 0.158705 0.204129 
1.654308 -0.981771 2.819378 4.448761 -0.209524 0.304730 0.599080 1.715131 1.059880 -0.013020 0.112763 0.193541 
1.331464 -0.922857 2.996296 4.487408 0.031041 0.007380 0.560958 1.788212 0.897866 0.038643 0.160720 0.163134 
1.400976 -0.950374 3.466866 4.510137 -0.065129 -0.182337 0.883039 1.178550 1.044076 -0.114975 0.158127 0.180000 
1.617312 -1.192608 2.428167 4.556600 0.087252 -0.113593 1.256634 1.375045 1.210673 -0.082164 0.239535 0.149898 
1.288807 -1.101586 2.002956 4.491126 0.338854 0.576829 1.376099 0.818555 1.065208 -0.081172 0.235618 0.135711 
1.082043 -0.621464 2.005961 3.400279 0.301010 0.829335 1.424767 0.729122 0.804300 -0.083276 0.112238 0.179521 
1.285989 -0.550198 1.729466 3.017748 0.631797 0.536848 1.816177 0.863895 0.905024 -0.011190 0.061339 0.150526 
1.586343 0.071437 1.315331 2.270192 0.858384 0.808021 1.807179 0.466928 0.802536 0.104621 -0.009210 0.127946 
2.726874 0.962743 1.755444 1.624203 0.725517 -0.310226 1.423412 0.203335 0.824074 0.022875 -0.196410 0.091702 
4.177576 1.028358 0.791413 1.154440 1.265829 -0.991799 1.163831 0.074560 0.405115 -0.378992 -0.016515 0.095612 
4.948611 1.720052 -0.933363 1.150773 1.235223 -0.832019 0.406147 0.161113 0.041933 -0.924926 -0.042181 0.095661 
5.128061 1.816821 -1.132231 0.936087 1.007238 -0.919043 -0.017562 0.024051 -0.180144 -1.078271 -0.089768 0.100462 
5.357922 1.903482 -1.493891 0.877317 1.232816 -1.390531 -0.213914 -0.045153 -0.337630 -0.924937 -0.165721 0.117111 
5.826867 2.126777 -1.995601 1.131668 1.085062 -1.566450 -0.131716 -0.235915 -0.369909 -0.954621 -0.192437 0.123000 
5.547904 1.982814 -1.384668 0.494636 1.113325 -1.441847 -0.367976 -0.307814 -0.604739 -0.909247 -0.220414 0.098925 
5.621739 1.817122 -1.198446 -0.042753 0.969321 -1.260504 -0.666205 -0.661211 -0.632912 -0.984536 -0.244513 0.062905 
5.263748 1.983413 -0.906120 -0.636037 0.564368 -0.974550 -0.705722 -0.701471 -0.865654 -1.044681 -0.203360 0.033728 
5.448587 1.903484 -1.104833 -0.831917 0.525124 -0.984198 -0.794199 -1.041052 -0.807402 -1.062065 -0.205641 0.031945 
5.425977 1.938644 -1.089688 -0.781283 -0.052157 -0.914367 -0.919769 -0.953749 -0.994903 -1.024916 -0.149431 0.044010 
5.339079 2.275094 -1.171949 -1.204910 -0.226913 -0.853861 -0.881004 -1.157194 -0.867182 -0.968864 -0.102796 0.028682 
5.295840 2.192860 -0.924901 -1.121753 -0.516983 -0.819987 -1.021148 -0.949504 -1.002610 -0.968522 -0.081131 0.052761 
5.889092 2.334099 -1.281138 -1.242937 -0.290128 -0.718949 -1.270657 -1.119274 -0.867473 -0.821733 -0.115402 0.042027 
5.623957 2.382161 -1.109573 -1.143529 -0.484626 -0.591060 -1.232149 -1.077910 -0.727285 -0.804870 -0.067504 0.043772 
5.049762 2.364740 -0.559089 -1.123732 -0.718379 -0.616068 -1.014537 -0.876650 -0.891601 -0.642173 0.011323 0.055342 
5.781349 2.395329 -0.881967 -1.018663 -0.413187 -0.564944 -1.166268 -1.060596 -0.640560 -0.585859 -0.042643 0.039146 
4.946047 2.436486 -0.286929 -1.159545 -0.369571 -0.486115 -1.091931 -1.094080 -0.590710 -0.301035 0.053930 0.035279 
4.659522 2.365564 -0.249829 -0.565693 -0.509637 -0.814413 -1.180086 -0.545599 -0.380151 -0.380997 -0.003311 0.019786 
4.956799 2.457006 -0.208030 -0.718767 -0.584495 -0.691386 -0.664102 -0.606370 -0.494343 -0.619307 -0.020629 0.038181 
6.591437 2.505416 -1.416890 -0.282970 -0.115952 -0.441844 -1.184710 -0.540057 -0.536632 -0.485906 -0.199574 0.016510 
4.967539 2.486482 -0.328597 -0.703896 -0.479324 -0.501872 -0.813085 -0.524384 -0.626791 -0.652047 -0.063811 0.025675 
4.856813 2.489691 -0.320051 -0.936858 -0.535442 -0.503967 -0.795253 -0.648321 -0.552750 -0.664432 -0.077181 0.006704 
5.215207 2.554995 -0.711559 -0.834902 -0.530360 -0.477001 -0.982957 -0.596086 -0.459860 -0.757803 -0.121876 0.000649 
5.475689 2.553693 -1.164168 -0.572222 -0.504721 -0.162173 -1.601825 -0.338673 -0.431578 -0.757237 -0.205522 -0.003725 
5.130442 2.267923 -0.718097 -0.814576 -0.265043 -0.385948 -1.325459 -0.203464 -0.510454 -0.703598 -0.139594 0.002158 
4.920539 2.136808 -0.537485 -0.888422 -0.043151 -0.571041 -0.982862 -0.317411 -0.421349 -0.693744 -0.121286 -0.006741 
4.156959 1.961246 -0.230560 -0.684365 -0.132582 -0.641086 -0.554258 -0.498516 -0.411407 -0.574521 -0.111897 -0.028506 
3.957935 2.004750 -0.267974 -0.487815 -0.263924 -0.517994 -0.564286 -0.446130 -0.407418 -0.527707 -0.146667 -0.049692 
3.723472 1.925618 -0.159195 -0.406022 -0.474094 -0.457847 -0.507794 -0.390523 -0.465396 -0.443470 -0.162712 -0.061005 
3.688831 1.887871 0.034923 -0.473148 -0.705020 -0.432914 -0.584602 -0.358441 -0.418056 -0.404366 -0.155566 -0.072615 
3.467610 1.730692 0.233474 -0.554658 -0.786100 -0.606821 -0.497236 -0.440824 -0.378029 -0.344601 -0.103717 -0.077630 
3.481447 1.758214 0.309912 -0.739374 -0.823183 -0.766745 -0.464573 -0.402300 -0.346513 -0.216183 -0.067191 -0.080376 
3.300781 1.708483 0.312526 -0.606199 -0.965393 -0.871968 -0.531345 -0.272690 -0.271582 -0.112264 -0.008314 -0.082497 
3.317133 1.772328 0.221364 -0.591804 -0.895016 -0.923814 -0.502052 -0.169865 -0.131410 -0.039896 0.054237 -0.070761 
3.251578 1.782842 0.197490 -0.543066 -0.855972 -0.919633 -0.442209 -0.126581 0.052442 0.090579 0.131246 -0.060449 
3.577320 1.774855 0.085908 -0.590659 -0.708706 -0.872333 -0.403025 0.075714 0.239469 0.118004 0.190879 -0.034571 
3.506263 1.700819 0.043680 -0.549069 -0.606268 -0.792047 -0.237908 0.131059 0.278759 0.195128 0.255711 -0.022239 
3.865827 1.595417 -0.157215 -0.619206 -0.409403 -0.632934 -0.257627 0.345950 0.442257 0.120146 0.275325 -0.001995 
3.956681 1.533891 -0.305988 -0.570987 -0.234464 -0.480881 -0.264233 0.377131 0.452392 0.096616 0.275971 0.002674 
4.358570 1.962947 -0.959282 -0.547361 -0.054819 -0.290553 -0.279068 0.422873 0.513045 0.027592 0.232666 0.001922 
4.363180 1.932390 -0.988142 -0.596384 0.080556 -0.357057 -0.129097 0.309279 0.521616 0.013235 0.244044 0.003958 
4.658188 2.040951 -1.204242 -0.903904 0.482881 -0.468838 -0.135222 0.253449 0.602124 0.028074 0.208688 -0.002311 
4.985091 2.108294 -1.492465 -1.016195 0.789522 -0.560802 -0.131510 0.238399 0.702365 0.041666 0.177150 -0.000212 
5.154294 2.029371 -1.296291 -1.264248 1.014139 -0.591960 -0.066980 0.165606 0.711704 0.117648 0.172464 0.007605 
5.405972 2.158988 -1.451527 -1.197527 1.194637 -0.506502 -0.302289 0.284523 0.760551 0.181508 0.133589 -0.007372 
5.283806 2.278993 -1.121163 -1.067510 0.918540 -0.114663 -0.242570 0.133279 0.674878 0.163246 0.201267 0.001174 
5.520983 2.330791 -1.081850 -0.608290 0.997057 -0.097363 -0.141511 0.039431 0.496391 0.120541 0.112624 0.006403 
4.637144 2.255486 -0.060017 -0.192725 1.283827 0.532688 0.108675 -0.262870 0.205319 0.069123 0.060111 0.008216 
4.718382 2.416671 0.407536 0.136133 1.520470 0.654488 0.258352 -0.074090 0.077574 0.077997 0.063021 0.033520 
4.235888 2.966545 1.082009 0.244582 0.675191 0.293525 0.648589 0.387222 0.200672 0.078263 0.149571 0.061288 
4.583711 2.939146 1.142407 0.800131 1.094834 0.120226 0.345141 0.683247 0.878413 0.090366 0.134992 0.034604 
5.094280 3.067132 0.783718 0.406216 1.407507 0.590858 0.712437 0.719445 0.684391 0.168162 0.174569 0.052674 
5.478403 3.046992 0.510105 0.433148 1.527948 0.228908 0.808403 1.023096 0.708658 -0.061581 0.108580 0.079386 
5.330601 3.076775 0.451888 0.814458 1.632423 0.158371 0.965927 0.901438 0.813232 -0.099040 0.104279 0.075538 
5.325007 2.921226 0.563535 0.891184 1.787650 0.689944 0.594137 1.063995 0.739612 -0.309564 0.117256 0.095890 
5.014060 2.926278 0.717212 1.096643 1.331004 0.855611 0.970227 1.034609 0.647000 -0.467645 0.211417 0.121261 
4.937003 2.744742 0.970223 1.148320 1.416147 0.649856 0.865071 1.250771 0.514834 -0.368845 0.236857 0.137982 
5.151424 2.863437 0.703751 1.241077 1.637221 0.717671 0.686088 1.021439 0.636470 -0.406887 0.269933 0.162101 
5.117897 2.925707 0.667410 1.252611 2.033637 0.358301 0.427791 0.957903 0.847704 -0.413548 0.241850 0.144630 
4.843672 2.848053 0.884076 1.228786 1.811482 0.658554 0.334877 0.862076 0.777381 -0.231357 0.275392 0.111566 
4.812614 2.890325 0.984719 1.097840 1.725840 0.687707 0.470440 1.083641 0.634816 -0.252327 0.242512 0.103301 
5.410767 2.990255 0.553937 0.904688 1.981329 0.802022 0.064739 1.161436 0.938039 -0.244105 0.128729 0.078537 
6.191020 2.969350 0.280000 0.662348 2.383603 0.570121 0.027036 1.224424 0.813524 -0.086663 -0.008620 0.079451 
5.771144 2.826535 0.755514 0.521783 2.058982 0.448246 0.164345 1.187331 0.900744 -0.273093 0.058392 0.094340 
