2.585341 1.375502 1.259272 2.452697 1.561783 0.917566 0.819620 0.785117 0.857971 0.396789 0.325546 0.075594 
2.471792 1.552620 1.429187 2.022723 1.590564 1.065901 0.944373 0.534665 0.624709 0.504533 0.372772 0.071100 
2.395429 1.323634 1.450140 2.649103 1.379125 0.755188 0.873588 0.865903 0.894533 0.110335 0.488618 0.083496 
2.387514 1.301835 1.223852 2.857777 1.345368 0.497212 1.019630 0.878021 0.765486 0.302897 0.484276 0.076453 
2.194635 1.273920 1.173753 3.155384 1.181188 0.448782 1.040888 0.899571 0.663059 0.191114 0.562139 0.071161 
2.103419 1.161425 1.371638 3.303371 0.766221 0.606409 0.990684 0.931194 0.804380 0.135614 0.589439 0.065720 
2.144414 0.743715 1.120386 3.657161 0.968371 0.730866 0.688649 0.992141 0.922125 0.167365 0.682033 0.060409 
1.971490 0.664349 1.223357 4.022982 1.050651 0.316918 0.476510 0.747310 0.994594 0.528595 0.632758 0.001090 
1.928556 0.554754 1.508976 3.496491 1.277920 0.395191 0.414390 0.641515 1.136048 0.503538 0.562662 0.005469 
1.833858 0.409075 1.065360 4.374664 0.892494 0.614880 0.433848 1.045034 1.263200 0.487984 0.586355 -0.006398 
2.030865 0.527950 0.926052 4.090249 0.908542 0.370635 0.827038 0.725711 1.169848 0.320680 0.572134 0.014426 
1.871915 1.021017 1.011522 4.076478 0.848011 0.202564 0.349155 0.996373 1.270414 0.092563 0.508595 0.043417 
1.824421 1.107029 0.814998 3.860819 0.928440 0.667119 0.647942 1.016188 1.289977 0.174642 0.390748 0.042292 
2.022233 0.956826 0.437710 4.070142 1.219905 0.438488 0.132314 1.103984 1.398749 0.141774 0.526323 0.032365 
2.009380 1.109368 0.596679 3.583959 1.224178 0.543154 0.560292 0.903091 1.134337 0.266889 0.507674 0.035815 
2.377988 1.115685 0.990707 2.894917 1.814102 0.217330 0.711072 0.906690 0.868609 0.248011 0.537481 0.077331 
2.531339 1.238038 1.145339 2.368598 1.570099 0.882286 0.862772 0.747977 0.670918 0.314287 0.283104 0.080355 
3.155188 1.401665 0.984784 1.601368 1.694696 0.141076 0.767061 0.651423 0.283189 0.491642 0.519022 0.118910 
3.541131 1.697344 1.064091 1.757696 1.217961 0.661185 0.892659 0.576384 0.050914 -0.065564 0.558350 0.150943 
4.006907 1.896831 0.817854 1.904824 1.344514 0.272864 0.654231 0.706085 -0.141939 -0.131834 0.378404 0.154701 
4.234321 1.770438 0.856985 1.926589 1.142213 0.287056 0.856424 0.359908 -0.263532 -0.103335 0.381556 0.144591 
4.751286 1.897322 0.425557 2.103240 1.323195 -0.101939 1.022680 0.330176 -0.532673 -0.090392 0.343450 0.156118 
5.155648 1.826146 0.361179 1.699666 1.097335 0.058484 0.727985 0.238948 -0.592685 -0.034935 0.292982 0.132063 
5.523418 1.909526 -0.289833 1.850869 0.671825 -0.067514 0.532486 0.033733 -0.597455 -0.057613 0.264125 0.111583 
5.414787 1.958345 -0.319984 1.280944 0.654171 -0.195745 0.288849 -0.404942 -0.546054 -0.116053 0.201468 0.081761 
5.833541 1.821076 -0.823344 1.422765 0.290127 -0.310417 0.091995 -0.591135 -0.589531 -0.236402 0.180390 0.065668 
5.925789 1.827841 -0.869753 1.325351 0.386422 -0.417146 0.166477 -0.671693 -0.548020 -0.268654 0.163050 0.059846 
6.998460 1.617771 -1.931504 2.640082 -0.311337 -0.148339 0.330047 -0.924451 -0.446175 -0.384275 0.278306 -0.025581 
7.681680 1.511930 -2.278775 3.036015 0.014288 -0.166855 0.598339 -0.911548 -0.429206 -0.440197 0.353712 -0.051826 
7.026159 1.673539 -1.348677 1.547997 1.101778 -0.171816 0.074120 -0.710549 -0.253209 -0.235199 0.098107 0.040600 
6.515402 1.781366 -0.888103 1.009734 1.318061 -0.073349 -0.063902 -0.745529 -0.285403 -0.154534 0.043184 0.033184 
6.832292 1.701444 -1.059581 1.003610 1.539287 -0.288594 -0.113495 -0.713772 -0.233995 -0.150474 0.017618 0.031360 
6.463840 1.870673 -0.864415 0.722158 1.422347 -0.087722 -0.322321 -0.639057 -0.148796 -0.117923 -0.035721 0.010107 
6.477718 1.918223 -0.966593 0.779078 1.278462 -0.036684 -0.261752 -0.488805 -0.081963 -0.196066 -0.094673 0.001255 
6.312513 2.008524 -0.806818 0.485942 1.144269 0.336838 -0.216603 -0.351339 0.015638 -0.258250 -0.122168 0.008303 
5.790290 2.043738 -0.479620 0.077946 1.020822 0.566095 -0.153207 -0.026819 -0.083016 -0.343895 -0.110303 0.034133 
5.638481 2.052786 -0.389206 -0.213153 0.923951 0.589164 -0.003227 0.019895 -0.173594 -0.424765 -0.083507 0.056920 
5.578993 2.154980 -0.528565 -0.353345 0.819506 0.529367 0.165905 -0.086210 -0.146808 -0.455762 -0.061918 0.065125 
5.680107 2.191685 -0.772423 -0.368551 0.752540 0.554224 0.043894 -0.100097 -0.119416 -0.495213 -0.074313 0.061271 
5.858248 2.167157 -0.829428 -0.485030 0.711723 0.481642 -0.072534 -0.057979 -0.129494 -0.475561 -0.085365 0.058256 
5.912037 2.191860 -0.827940 -0.591186 0.820127 0.551964 -0.158691 -0.136121 -0.032015 -0.455004 -0.084544 0.045881 
5.436066 2.257671 -0.601230 -0.593677 0.615570 0.568981 -0.072902 -0.060021 -0.094244 -0.415572 -0.042384 0.044888 
5.354639 2.293190 -0.496011 -0.605590 0.584168 0.413310 -0.033180 -0.019305 -0.045817 -0.327938 -0.050897 0.027824 
5.484267 2.453159 -0.583838 -0.554564 0.574339 0.474238 -0.193412 0.133439 0.042658 -0.368813 -0.103989 0.001413 
5.444914 2.446665 -0.496637 -0.604652 0.561940 0.213689 0.146767 0.153395 -0.026841 -0.356383 -0.133350 -0.003810 
5.120505 2.463201 -0.425718 -0.650784 0.288323 0.597796 0.245680 0.031526 -0.081009 -0.359525 -0.119344 -0.008004 
4.886261 2.385225 -0.394918 -0.780364 0.412782 0.706585 0.190596 -0.003896 -0.108048 -0.339338 -0.121028 -0.012767 
4.631987 2.167462 -0.305476 -0.615723 0.314314 0.631262 0.179746 0.058631 -0.097185 -0.260146 -0.124397 -0.012821 
4.584356 2.004191 -0.409584 -0.539398 0.504507 0.452439 0.098930 0.082544 0.056568 -0.276388 -0.108183 -0.013403 
4.459467 1.910163 -0.448974 -0.478762 0.616234 0.538781 0.019750 0.044272 0.187677 -0.154013 -0.076731 -0.013243 
4.371228 1.841238 -0.494683 -0.505262 0.653234 0.575790 0.065321 0.114936 0.225272 -0.093041 -0.034339 -0.001531 
4.379730 1.839763 -0.586042 -0.514206 0.609917 0.656252 0.138830 0.148229 0.296713 -0.015883 0.008410 0.006913 
4.420244 1.846420 -0.555542 -0.571402 0.587013 0.645341 0.185873 0.164588 0.367203 0.087893 0.066723 0.015313 
4.413386 1.913095 -0.490470 -0.600758 0.363050 0.593973 0.293219 0.254296 0.401456 0.149449 0.131808 0.032345 
4.442955 1.878640 -0.435273 -0.480165 0.428469 0.486749 0.179811 0.309039 0.516593 0.271687 0.162014 0.028097 
4.625637 2.020085 -0.552819 -0.364856 0.607668 0.477468 -0.065900 0.367208 0.764468 0.334359 0.192478 0.020048 
4.687417 2.065668 -0.514189 -0.313184 0.860364 0.568278 -0.133074 0.308658 0.854253 0.442610 0.213163 0.012840 
4.631524 1.931534 -0.359338 0.026532 1.013922 0.526992 -0.074170 0.424453 0.894243 0.472135 0.186243 0.013385 
4.801833 1.986457 -0.350455 0.230453 1.251383 0.554561 -0.139768 0.493207 1.135528 0.409034 0.106920 -0.015190 
5.129346 2.106004 -0.614202 0.492843 1.308969 0.657710 -0.118673 0.450464 1.182466 0.454023 0.091764 -0.028720 
4.887394 2.142863 -0.351601 0.493127 1.518893 0.775838 -0.206256 0.369899 1.077752 0.395602 0.031914 -0.045726 
4.613078 2.060891 -0.067278 0.622086 1.397085 0.868909 -0.125584 0.261518 0.771333 0.397318 -0.001777 -0.033337 
4.575443 2.141857 0.185899 0.777916 1.409065 0.724622 -0.134406 0.212097 0.839031 0.295861 -0.079365 -0.048578 
4.929999 2.334739 -0.032463 0.669890 1.752519 0.785539 -0.320788 0.156416 0.749124 0.273719 -0.072903 -0.066844 
4.384763 2.238284 0.655874 1.007024 1.462006 0.636807 -0.068957 0.210426 0.512312 0.226162 -0.067253 -0.017758 
4.582894 2.503710 0.478013 1.010073 1.564258 0.766081 -0.108899 0.056066 0.564831 0.264550 -0.009397 -0.020003 
4.525785 2.489433 0.891633 1.068011 1.213760 0.515204 0.024973 0.440724 0.516343 0.031528 0.043008 0.028726 
4.484215 2.800216 0.912632 0.745473 1.188584 0.796220 0.281950 0.250978 0.299040 0.070296 0.115580 0.049657 
4.220980 2.640722 1.086233 0.917842 0.954060 0.684640 0.340680 0.441610 0.321531 -0.038286 0.123042 0.061128 
4.471732 3.010844 1.495201 0.538706 0.498491 0.936519 0.970663 0.656669 0.070736 -0.177902 0.107645 0.062759 
4.310867 2.894180 1.197328 0.766022 0.968485 1.141117 1.186866 0.773721 0.235123 -0.159278 -0.004080 0.030103 
4.364544 2.880616 1.001424 0.834523 1.260397 1.340845 1.089186 1.032259 0.602333 -0.237530 -0.005119 0.016561 
4.470292 2.764817 1.095049 0.861030 1.134089 1.231166 1.415916 1.141612 0.599649 -0.189812 0.054595 0.040018 
4.327690 2.680657 1.261537 0.705613 0.907756 1.618784 1.713269 1.225828 0.520682 -0.256355 0.165228 0.073119 
4.305762 2.698831 0.896608 0.673229 1.245211 1.494964 1.247714 1.199497 0.573806 -0.155230 0.154793 0.063952 
4.008059 2.435847 1.135120 0.851908 1.202735 1.481484 1.338361 1.074917 0.323857 -0.152403 0.194069 0.079110 
4.047942 2.539064 1.114536 0.915379 1.278234 1.425118 1.479977 1.084224 0.247828 -0.291508 0.137623 0.069584 
3.743448 2.461884 1.385446 1.136671 1.450999 1.630383 1.392526 0.954574 0.325177 -0.287870 0.088390 0.052509 
3.641558 2.437002 1.431798 1.233063 1.329261 1.573061 1.501606 0.924283 0.100027 -0.164571 0.167426 0.067823 
3.400240 2.316007 1.441295 1.226129 1.330638 1.418451 1.250411 0.910492 0.445313 0.079520 0.094572 0.051293 
3.365759 2.361267 1.486179 1.254490 1.395859 1.556986 1.382934 0.905626 0.313341 -0.019725 0.158109 0.064370 
3.354909 2.325608 1.546786 1.377817 1.430434 1.527977 1.366887 0.836599 0.171731 -0.114213 0.145917 0.065527 
3.279790 2.227913 1.523454 1.447535 1.486894 1.320105 0.995443 0.695511 0.275291 0.054755 0.073219 0.057901 
3.134717 2.294526 1.644132 1.371995 1.211952 1.243786 0.880780 0.535530 0.048974 -0.040529 0.094270 0.061096 
3.283423 2.309014 1.497009 1.404584 1.458784 1.268414 0.822873 0.419929 0.038365 -0.037239 0.168760 0.068683 
