2.530884 2.107833 1.527102 1.455500 1.621237 0.575869 1.092454 0.059821 0.789112 0.101810 0.386395 0.081107 
2.285433 2.161407 1.512127 1.486244 1.231390 0.467442 1.315001 0.284862 1.154819 0.354753 0.394601 0.073093 
2.392938 2.097610 1.572862 1.258689 1.371709 0.898774 1.328728 0.188978 1.049964 0.047838 0.344615 0.077498 
2.404465 1.921414 0.941861 1.714710 1.273155 0.957641 1.497262 0.580397 0.782414 0.232404 0.432262 0.068588 
2.471321 2.028946 1.104987 1.531473 0.996701 0.886765 1.338879 0.491412 0.837116 -0.058928 0.388604 0.069759 
2.512133 2.043582 0.878154 1.735284 0.631266 1.013663 1.342189 0.679844 0.460690 0.140359 0.440184 0.075236 
2.353152 2.139370 1.157451 1.240008 0.884126 0.587452 1.648661 0.520610 0.648904 0.130721 0.333254 0.072688 
2.442597 2.345139 1.063806 1.547100 1.003123 0.466633 1.275742 0.595345 0.896927 0.197067 0.215171 0.071736 
2.334564 2.211821 1.035455 1.290113 1.251111 0.909650 1.413850 0.405481 0.802255 0.305112 0.411844 0.070059 
2.462144 2.182669 0.824542 1.486242 0.899741 1.344249 1.431754 0.463374 0.621721 0.282798 0.261904 0.073262 
2.600795 2.278345 1.230182 1.333405 1.108262 1.374890 0.812456 0.904058 0.249058 0.332970 0.375937 0.086022 
2.610701 2.070934 1.538507 1.186182 0.908241 0.972559 1.196922 0.646261 0.454456 0.341840 0.313310 0.079705 
2.541027 1.780111 1.743191 1.464646 1.351239 0.798572 1.067419 1.097857 0.574680 0.403178 0.402337 0.078837 
2.679907 1.875773 1.645645 1.507524 1.099940 0.849458 0.781026 0.818016 0.321876 0.115416 0.208100 0.083794 
3.069010 2.277664 2.237642 1.888333 0.924765 0.325295 0.907546 0.531424 0.287538 0.056644 0.149872 0.069934 
3.246635 2.685183 2.122796 1.643211 1.298745 0.580060 1.414202 0.854526 -0.085167 -0.223442 -0.167051 0.013532 
3.324625 2.608159 2.162033 1.529900 1.214085 0.966727 1.265923 0.571310 -0.074661 -0.210880 -0.307951 -0.008381 
3.214182 2.635593 2.110518 1.339218 1.165858 0.691856 0.591661 0.503729 0.031324 -0.262819 -0.306538 -0.005162 
3.647826 3.054461 2.281871 1.322870 1.218892 1.018664 1.802116 0.593804 -0.141623 -0.487865 -0.478434 -0.080293 
3.455605 2.834680 2.253373 1.590795 1.079773 0.973837 1.349533 0.673612 -0.302169 -0.504854 -0.490469 -0.069326 
4.238601 3.310562 2.528790 1.344521 1.121034 0.699893 1.241574 0.838101 -0.284564 -0.659702 -0.345446 -0.102708 
3.736570 3.079361 2.372526 1.565067 1.205226 0.649165 0.647320 0.414506 -0.091535 -0.407899 -0.429044 -0.083209 
3.928035 3.302278 2.709072 1.943777 1.002529 0.631633 0.509042 0.108443 -0.387362 -0.434290 -0.287359 -0.075511 
3.874632 3.487356 2.721420 1.830420 1.161514 0.427629 0.064676 -0.197192 -0.415683 -0.333147 -0.284036 -0.069632 
3.870821 3.344765 2.627118 1.882908 0.816496 0.289365 -0.290582 -0.322699 -0.277803 -0.366204 -0.256922 -0.058417 
4.448771 4.106070 3.407028 1.717355 1.045965 -0.503350 -0.394197 -0.460914 -0.490780 -0.244339 -0.225425 -0.040588 
3.793502 3.498742 2.928485 1.744225 0.939054 -0.145650 -0.339757 -0.679897 -0.726721 -0.254650 -0.192085 -0.033195 
4.546047 3.984831 3.086255 1.744217 0.480353 -0.416515 -0.359544 -0.854983 -0.563542 -0.228789 -0.164247 -0.017056 
3.846084 3.475744 2.625651 1.521676 0.701702 -0.495948 -0.506178 -0.621778 -0.563804 -0.243040 -0.150117 -0.002645 
4.241594 3.655518 3.004128 1.570247 0.397453 -0.359101 -0.778263 -0.585620 -0.600350 -0.333518 -0.095631 0.003341 
3.933293 3.424111 2.842286 1.601612 0.498874 -0.201681 -0.808275 -0.890883 -0.593860 -0.252593 -0.084246 0.011394 
4.640161 3.930383 2.861009 1.376942 -0.215812 -0.806062 -0.553127 -0.674080 -0.343795 -0.328949 -0.046947 0.015395 
4.060238 3.417468 2.662129 1.354257 0.393477 -0.441325 -0.662108 -0.788649 -0.562496 -0.213677 -0.093045 0.017150 
4.061114 3.524888 2.591556 1.377597 0.632115 -0.644989 -0.846876 -0.813012 -0.589075 -0.233837 -0.091801 0.018677 
4.617170 3.807938 2.581176 1.159129 0.429767 -1.187197 -0.825192 -0.616678 -0.584613 -0.185558 -0.092046 0.021940 
4.694954 3.704478 2.567755 1.034056 0.246133 -1.219722 -0.716870 -0.509892 -0.725541 -0.100760 -0.095253 0.021328 
4.244896 3.469041 2.418937 1.011897 0.272675 -0.998140 -0.818040 -0.389900 -0.752445 -0.335495 -0.075524 0.012955 
4.606960 3.651788 2.335559 1.001280 0.530011 -0.816352 -0.829910 -0.722461 -0.843143 -0.267380 -0.096908 0.012088 
3.557987 2.831080 1.869582 1.072041 0.256547 -0.454637 -0.863961 -0.961761 -0.512819 -0.264034 -0.054765 0.023560 
4.620748 3.927414 2.224645 0.599212 0.370647 -0.991264 -0.183287 -0.636299 -0.930499 -0.208073 -0.106762 0.027769 
4.986584 4.102683 2.512948 0.593689 0.310012 -1.366182 -0.184244 -0.553290 -0.999721 -0.124988 -0.108642 0.032430 
5.711509 4.130638 2.081769 0.366817 1.037658 -2.146578 0.196188 -0.283286 -1.295419 0.037603 -0.205016 0.076292 
3.436114 2.706798 1.789986 0.818457 0.298328 -0.505087 -0.540951 -0.525010 -0.542647 -0.198316 -0.082848 0.032022 
4.391824 3.538086 1.966119 0.651098 0.287301 -0.594722 -0.403798 -0.491592 -0.774109 -0.166258 -0.068608 0.027424 
3.543678 2.947495 1.913694 0.909238 0.434635 -0.502412 -0.265070 -0.665684 -0.609096 -0.154708 -0.069620 0.027610 
4.844157 3.892037 1.911059 -0.016454 0.859444 -0.714932 0.271773 -0.055500 -1.188233 -0.153813 -0.175992 0.029555 
4.425750 3.533671 1.977191 0.263294 0.324319 -0.549574 -0.034857 -0.201606 -0.703472 -0.283390 -0.081759 0.017700 
4.727631 3.950674 1.883320 -0.105396 0.622816 -0.842975 0.200852 -0.106552 -1.047007 -0.057227 -0.157753 0.035205 
3.610058 2.803644 1.559071 0.521173 0.049637 -0.226099 -0.102790 -0.485921 -0.439476 -0.208033 -0.047660 0.046042 
4.458712 3.435246 1.839017 0.366302 0.461792 -0.845453 0.507064 -0.143693 -0.975704 -0.232870 -0.028283 0.061239 
4.296234 3.432816 2.449091 0.458282 0.011772 -0.752751 -0.119419 -0.074996 -0.743164 -0.129156 0.066192 0.051476 
4.227892 3.414078 2.208735 0.680104 0.237585 -0.718616 0.046671 -0.112924 -0.733295 -0.193869 0.079217 0.059486 
5.058678 3.842688 2.241624 0.215313 0.281845 -1.047039 0.425951 0.451041 -1.013054 -0.074676 -0.009153 0.054139 
4.523066 3.408674 1.875017 0.324534 0.283540 -0.477169 -0.273494 -0.236705 -0.231834 -0.097943 0.044563 0.056820 
4.546265 3.701216 2.375088 0.444208 0.064029 -0.910298 0.366810 0.102489 -0.579029 -0.280246 0.096875 0.057265 
4.180835 3.228117 1.932222 0.511467 0.082037 -0.451868 -0.073946 -0.185353 -0.436849 -0.087607 0.029144 0.057730 
4.516394 3.557305 2.318510 0.509574 -0.038587 -1.096968 -0.043195 0.225982 -0.483725 -0.036406 0.070299 0.055138 
3.789764 2.979967 1.962115 0.721730 -0.122990 -0.540335 -0.222802 -0.210986 -0.172747 0.099058 0.119546 0.080893 
4.527460 3.662761 2.202992 0.525935 -0.050603 -0.704155 -0.219240 0.151254 -0.236634 -0.104552 0.125776 0.063399 
4.892728 3.702846 2.489555 0.466275 -0.070205 -0.998073 0.086924 0.160033 -0.698310 0.178636 0.121845 0.073357 
4.570411 3.551781 2.028717 0.419548 -0.345408 -0.379511 0.015932 -0.276894 -0.277065 -0.025718 0.133468 0.079488 
4.039282 3.263309 1.799535 0.258338 -0.150571 -0.236676 0.107034 -0.148371 -0.377220 -0.012110 0.107686 0.069833 
5.019343 3.672541 2.064245 -0.403189 -0.639358 -0.626217 0.566197 0.437410 -0.356511 -0.163482 0.005393 0.017442 
4.723228 3.635233 1.853043 -0.107102 -0.602269 -0.278351 0.582881 0.236145 -0.363681 -0.251450 0.043014 0.034069 
4.960340 3.662588 1.660667 -0.032518 -0.528524 -0.506992 0.978307 0.392890 -0.441538 -0.274031 -0.015529 0.022758 
5.969583 3.620456 1.563973 -0.588555 0.200367 -0.811251 0.884262 0.586008 -0.563186 -0.292559 -0.146083 0.025964 
5.979732 3.421916 1.553927 -0.275753 -0.156341 -0.698558 0.742828 0.687474 -0.624753 -0.125430 -0.048940 0.023264 
5.184006 3.360025 1.295827 -0.181148 -0.199433 0.075896 0.636126 0.195255 -0.418906 -0.218741 -0.046657 0.025117 
4.614113 3.240610 1.352481 0.223172 -0.099058 -0.105277 0.381493 0.130902 -0.109934 -0.214954 0.062709 0.039387 
4.859709 3.420700 1.317828 0.091781 -0.089405 0.001855 0.553243 0.122387 -0.229638 -0.123931 0.068192 0.051063 
6.618872 3.111281 1.016966 0.116679 0.506879 -1.357872 1.793819 0.340732 -0.602823 -0.100258 0.018922 0.103459 
5.881041 3.037304 1.027923 0.664359 0.376362 -0.889859 1.184517 0.649335 -0.532868 -0.103126 0.094237 0.096297 
4.689133 3.135274 1.245471 0.462884 0.239602 -0.047172 0.883101 0.354272 -0.221261 -0.131391 0.133330 0.063084 
4.482851 2.964596 1.323392 0.615806 0.240364 0.242535 0.953416 0.596427 -0.247181 -0.194692 0.239743 0.089697 
4.748347 2.788538 1.191395 0.641717 0.389152 0.420965 1.267987 0.464404 -0.469319 -0.099924 0.330019 0.146382 
4.751667 2.736995 1.019884 0.654222 0.772559 0.492090 0.840934 0.623503 -0.090485 -0.158891 0.427731 0.184129 
4.502337 2.617209 1.246445 0.527709 0.298606 0.371771 1.366255 0.951788 -0.066448 -0.108378 0.518929 0.185028 
3.696576 2.536882 1.453083 0.711770 0.372199 0.769665 0.908759 0.357996 -0.028414 0.060823 0.542051 0.136877 
3.405900 2.490463 1.776860 1.194817 0.718202 0.731211 0.436974 0.076829 0.141574 0.330901 0.423236 0.113165 
3.522713 2.351586 1.696209 1.698338 1.210835 1.018539 1.206016 0.715716 0.074329 -0.132049 0.287723 0.086612 
3.233458 2.431885 1.964049 1.262058 0.933978 1.261836 1.362546 0.691911 0.075954 0.088772 0.223467 0.067910 
2.763549 1.995042 1.660877 1.383565 1.044901 1.054815 0.901377 0.714082 0.482708 0.390083 0.286695 0.076574 
3.509453 2.291592 1.926897 1.488964 1.090832 1.134974 0.955875 0.529689 0.546256 0.122726 0.248649 0.080196 
3.940859 2.146888 2.364632 1.802254 0.318397 1.135010 1.176113 0.196039 0.390143 0.347862 0.304798 0.087904 
3.390817 2.451820 2.226720 1.331185 0.883972 1.275551 1.174037 0.452499 0.290185 0.167724 0.196881 0.063937 
