2.661409 2.171305 1.969169 1.421462 1.341941 1.081234 0.550309 0.681879 0.641139 0.205026 0.197168 0.078152 
2.642778 2.017224 1.738413 1.375052 1.369747 0.798354 0.722810 0.479863 0.441033 0.378572 0.224804 0.082550 
2.555737 2.131728 1.912525 1.226686 1.278585 0.821964 0.672750 0.564221 0.532610 0.333377 0.275492 0.082954 
2.625823 2.006858 1.855127 1.204947 1.181315 1.124074 0.796216 0.819430 0.567695 0.233750 0.164616 0.079315 
2.637759 1.889034 1.825989 1.367283 1.285717 1.241116 0.798524 0.644515 0.667699 0.466978 0.140533 0.078880 
2.705617 1.962483 1.797079 1.398264 1.447498 1.240278 0.684145 0.420357 0.556995 0.330642 0.043275 0.076630 
2.663139 2.028166 1.652388 1.467897 1.422615 1.131997 0.721382 0.695615 0.528693 0.225193 0.096883 0.077466 
2.671225 2.047364 1.997270 1.484851 1.419163 1.203844 0.914137 0.668291 0.658148 0.095477 0.061001 0.076657 
2.669916 2.004684 1.982753 1.427758 1.216875 1.067848 0.909089 0.865927 0.399873 0.249617 0.094951 0.075806 
2.585230 1.964943 1.638404 1.668385 1.300910 1.103826 1.058852 0.810946 0.516547 0.354692 0.254186 0.080250 
2.545503 1.963435 1.629041 1.295899 1.410374 1.116696 1.010962 0.525569 0.575015 0.346279 0.164498 0.081868 
2.591044 2.040256 1.779481 1.366702 1.460970 0.947472 0.831163 0.691091 0.347815 0.419259 0.198588 0.080079 
2.541116 1.956299 1.965134 1.369337 1.424912 1.266103 1.008472 0.653209 0.655025 0.405285 0.148631 0.081514 
2.553801 2.109116 1.850449 1.237937 1.435939 1.090408 1.005802 0.860562 0.746942 0.480459 0.098760 0.080046 
2.556757 2.085557 1.706953 1.054501 1.539589 1.410423 0.802520 0.685640 0.456215 0.366325 0.243985 0.080957 
2.724473 1.866116 1.581419 1.001937 1.477246 1.612547 0.960514 0.436464 0.134463 0.297620 0.298604 0.091142 
2.785511 1.630839 1.558859 0.645674 1.957316 2.110286 0.950417 0.250100 0.034255 -0.065150 0.369620 0.117819 
2.623047 1.739487 1.018065 0.749767 1.923848 2.234853 1.213327 0.204726 -0.141987 0.298068 0.304300 0.123460 
2.491466 2.226246 0.460944 0.455368 1.787216 2.676435 1.401420 0.432020 -0.427495 -0.100905 0.142570 0.152176 
2.206715 1.994425 0.413056 0.797009 2.253750 2.818847 1.613844 0.461229 -0.181600 -0.251296 0.282779 0.153781 
1.951968 2.430143 0.175867 0.344499 2.317363 2.054272 1.740213 1.008703 -0.656090 -0.198858 0.368188 0.124407 
1.739624 2.336886 0.260251 -0.231169 2.616952 2.176426 1.415511 1.043924 -0.610893 -0.011249 0.394844 0.109435 
1.760275 2.409890 0.079237 -0.079598 3.279131 1.445002 1.525775 1.014688 -0.591681 -0.092805 0.400951 0.100131 
1.705658 1.847096 0.004391 -0.204512 3.347767 1.637506 1.260751 1.081531 -0.390577 0.133685 0.273976 0.113043 
2.217389 1.620245 -0.101184 -0.820020 3.294654 1.531675 1.976961 1.171509 0.178582 0.592196 0.221010 0.072972 
2.811017 2.511605 -0.725290 -0.522525 2.994767 1.361534 1.908313 1.051647 0.615655 0.784238 0.102731 0.063057 
3.429989 2.632016 -1.081727 -0.998916 4.162715 0.444686 2.633239 0.880873 1.140842 1.021146 0.024236 0.069841 
3.510723 2.245794 -0.698016 -0.647546 3.329946 0.506339 2.347571 0.501837 1.035376 0.896055 -0.057036 0.049501 
3.835121 1.952678 -0.698137 -1.033211 3.678388 -0.083344 2.171208 0.504864 1.170838 0.804981 0.004071 0.079918 
4.270088 2.776393 -1.179673 -1.805634 4.417811 -0.612627 1.482614 0.415150 0.975140 0.901628 0.033990 0.064399 
4.643239 2.844551 -1.604685 -1.993941 4.744091 -1.295956 0.948927 0.067432 1.076978 1.158293 0.191520 0.149515 
4.333102 2.661964 -0.326379 -1.193315 3.326842 -1.299387 0.015519 -0.062281 0.778867 1.122018 0.393978 0.149352 
4.885186 2.883431 -0.149758 -1.231370 3.908403 -1.631100 -0.104420 0.011151 0.658260 1.192429 0.300434 0.178980 
5.192366 2.724865 0.180618 -0.787224 3.137901 -1.524801 -0.063039 -0.046466 0.311260 0.937854 0.235803 0.186071 
5.093621 2.839380 0.144951 -0.320695 2.598192 -1.368010 -0.030420 0.202078 0.138645 0.650529 0.211133 0.173211 
4.191011 2.714868 0.832193 0.706235 0.755331 -0.237004 -0.002027 0.124497 -0.055804 -0.022865 0.218896 0.084719 
4.290782 2.903718 1.082336 0.862103 1.568825 -0.682353 0.447782 -0.061927 -0.152862 -0.292402 -0.064857 0.028751 
4.948593 3.258170 0.396854 1.398647 2.333945 -1.645838 1.309816 -0.198764 -0.281520 -0.690655 -0.273860 0.099620 
4.264498 2.875385 1.331010 1.457648 1.298408 -0.552485 0.736725 -0.230513 -0.379879 -0.783412 -0.043445 0.010818 
4.225617 2.934445 1.448177 1.561958 1.857101 -0.838929 0.739502 -0.610823 -0.401851 -0.510011 -0.190794 -0.007459 
4.244051 2.939134 1.472479 1.505777 1.631066 -0.206042 0.119953 -0.774709 -0.513554 -0.599435 -0.098522 -0.019784 
4.114425 2.762879 1.501455 1.591297 1.800194 -0.139710 -0.504375 -0.745800 -0.351084 -0.269720 -0.190822 -0.054506 
4.332791 2.822655 1.269017 1.538463 2.324577 0.061357 -0.345474 -0.960281 -0.394344 -0.391984 -0.135759 -0.044623 
5.444383 2.824323 0.307472 1.800629 3.507191 -0.090192 -0.734055 -0.697561 -0.458787 -0.304018 -0.263610 -0.043404 
4.603953 2.664505 0.942037 1.862726 2.988570 0.595738 -0.564117 -0.784616 -0.408187 -0.380944 -0.160820 -0.066366 
3.926784 2.405610 1.465438 1.504692 2.083632 0.745952 -0.440745 -0.645686 -0.561173 -0.186466 -0.199111 -0.057596 
4.516692 2.297259 1.363109 2.342652 2.978181 0.685154 -0.948857 -0.773356 -0.392577 -0.322224 -0.148404 -0.076310 
4.963393 2.548029 1.269110 2.173669 3.246049 0.138568 -1.138242 -0.683228 -0.412928 -0.257189 -0.195539 -0.074976 
4.743909 2.445545 1.146538 2.266573 3.164716 0.221823 -1.041271 -0.793608 -0.250438 -0.244389 -0.166309 -0.070774 
4.350719 2.498550 1.780204 2.614449 2.761710 0.380189 -1.016903 -0.855104 -0.348482 -0.129417 -0.161402 -0.083020 
4.156565 2.484900 1.871318 2.962667 3.012429 0.402470 -1.118272 -1.042807 -0.187865 -0.081657 -0.158996 -0.103757 
4.340774 2.579810 1.446066 2.715755 3.293839 0.602579 -1.250525 -0.991200 -0.022017 -0.083412 -0.169871 -0.117864 
3.904952 2.674359 1.859055 1.977066 2.199057 0.421420 -0.989165 -0.775408 -0.002029 0.098626 -0.320111 -0.090382 
3.797012 2.462570 1.836629 2.369311 2.230977 0.488813 -0.834561 -0.821625 -0.099846 0.050980 -0.259006 -0.083339 
5.691286 2.711937 2.075496 2.201471 5.186403 -0.710040 -0.941375 -1.239520 0.009757 0.150333 -0.448451 -0.095729 
4.519259 2.993351 1.909966 2.517787 3.302945 0.166443 -1.258833 -1.188331 0.045772 0.019229 -0.203856 -0.119973 
4.058914 2.600761 1.946109 2.217912 2.352403 0.387700 -1.430073 -0.914618 0.000946 0.057072 -0.240174 -0.093467 
3.698121 2.624793 2.052246 2.191848 1.912072 -0.020767 -1.208056 -0.895105 -0.012242 0.018510 -0.276303 -0.062480 
4.121335 2.619863 1.766390 2.282247 2.292672 -0.078875 -1.370604 -0.951890 -0.067935 0.104103 -0.213075 -0.078824 
5.756811 2.581792 1.896642 2.541485 4.394634 -0.968674 -1.508177 -1.176412 -0.123595 0.123597 -0.338321 -0.090742 
5.217812 3.009368 2.025041 2.522054 3.820393 -0.812520 -1.415495 -0.994203 -0.332266 0.066093 -0.246214 -0.071902 
4.796338 3.116174 2.003069 2.382443 2.790458 -0.445533 -1.334783 -1.159324 -0.345221 0.178491 -0.156909 -0.064351 
3.869755 2.964367 1.993228 1.828385 1.525570 -0.198689 -0.699813 -0.997005 -0.262818 0.064402 -0.114194 -0.015303 
3.596723 2.595854 1.657678 1.811219 1.920424 -0.002606 -0.661048 -0.846600 -0.274612 -0.023401 -0.081601 -0.022209 
4.848658 2.868505 1.311800 1.818370 3.823081 -1.231379 -0.356938 -1.270457 -0.172949 0.332286 -0.183584 0.012079 
4.517625 3.109939 1.151905 1.453718 4.011991 -1.186808 -0.496928 -1.060794 -0.102923 0.571373 -0.188322 0.011365 
4.663781 2.997549 0.820262 1.365557 4.892308 -1.575837 -0.528610 -0.948946 -0.034586 0.632515 -0.285003 0.041064 
3.469904 2.551820 1.320054 1.438671 1.920366 -0.499617 -0.551512 -0.727670 0.191653 0.459736 -0.013808 0.033542 
4.524168 2.783257 0.779247 1.108415 4.219171 -1.753624 -0.603957 -0.906907 0.125375 0.826767 -0.182057 0.065064 
4.212146 2.476500 0.646435 1.007990 3.357694 -0.970013 -0.506735 -0.923739 0.009670 0.681510 0.054832 0.068648 
5.298693 2.078950 0.294431 0.424108 4.816244 -1.379891 -0.210373 -1.156117 0.108525 0.691323 -0.008803 0.192385 
4.347134 2.180942 0.344680 0.943181 2.793206 0.067450 -0.103764 -0.941534 -0.001698 0.482187 0.349297 0.109905 
4.988858 2.208438 0.113505 1.064330 3.642198 -0.937829 0.516993 -1.091847 -0.204387 0.399183 0.350195 0.255074 
4.264467 2.107374 0.478460 0.777513 2.789672 0.203294 0.109899 -0.843627 -0.065464 0.203560 0.544135 0.185449 
4.131706 2.309748 0.877494 0.852967 2.192153 0.855286 0.370010 -0.911859 -0.243636 0.314748 0.683120 0.202597 
3.447427 2.351712 1.002159 0.791744 1.804575 1.028413 0.646435 -0.401480 -0.394410 0.283684 0.637511 0.166663 
3.662500 2.320022 1.242521 1.126627 2.285029 1.015391 0.804577 -0.426202 -0.457411 0.165867 0.671922 0.175793 
3.722794 2.580173 1.480204 1.934308 2.817360 0.820683 0.836127 0.060158 0.080284 0.101370 0.350934 0.097889 
3.063173 2.392753 1.689768 1.577844 1.698882 0.842980 0.951680 0.401055 0.312839 0.228777 0.234934 0.074068 
3.131604 2.463568 2.001233 1.909135 2.124847 0.555420 0.613593 0.275452 0.429936 0.408034 0.292499 0.079111 
2.985511 2.261845 1.819789 1.661364 1.845832 0.542715 0.565527 0.362640 0.438452 0.441373 0.231691 0.077235 
3.151369 2.720230 1.761787 1.241379 1.581291 0.867702 0.842347 0.071257 0.136074 0.566854 0.358359 0.106839 
2.878170 2.204903 1.594604 1.233656 1.534706 1.301697 1.208968 0.453431 0.251867 0.317745 0.276934 0.084708 
2.999911 2.444813 1.753292 1.013143 1.538969 0.881219 0.939695 0.264924 0.225410 0.156361 0.148732 0.077026 
2.805993 2.248409 1.857974 1.475658 1.132230 0.902286 0.657695 0.356438 0.510611 0.282903 0.294526 0.081020 
