2.895840 2.155889 2.553829 2.696013 1.863571 -0.984288 1.468362 -0.357297 0.103319 0.420547 0.108974 0.056962 
3.283441 1.653475 2.562128 2.303221 1.313919 -0.995476 1.630625 -0.737743 0.127695 0.229936 -0.012514 0.013986 
3.093284 1.540860 2.534077 2.239798 1.594011 -0.849494 1.374845 -0.972886 0.099904 0.243972 -0.193601 -0.005345 
2.840235 1.504012 2.270872 2.166800 1.360285 -0.829670 1.737062 -0.493944 -0.207888 0.037019 -0.170306 0.028743 
2.720402 1.647490 1.655610 2.012091 0.560581 -0.567183 1.508033 -0.185422 0.052926 -0.058208 -0.147810 0.022718 
2.555452 1.882455 1.565557 2.195200 0.890450 -0.277928 1.603457 0.291577 0.192135 0.088669 -0.190169 0.033263 
2.443971 1.570070 1.335363 2.194951 0.311158 -0.208509 2.809864 0.372880 0.049330 -0.083162 -0.224906 0.047076 
2.423523 1.612980 0.846665 1.753847 0.270283 0.145791 2.935959 0.609487 0.392293 -0.028755 0.014841 0.031945 
2.423537 1.336692 1.097729 1.270941 0.040965 0.180224 3.320336 0.881641 0.919080 0.440594 0.064571 -0.021616 
2.598949 1.315328 1.112705 0.833376 0.072415 0.487991 3.089320 1.047319 0.940497 0.442200 0.034386 -0.043565 
2.824668 1.999054 1.417804 0.277540 -0.359591 0.439846 3.396789 0.837597 0.940897 0.361920 0.042980 -0.085136 
2.972830 2.128520 1.302064 0.081394 -0.546510 0.749410 3.001605 0.819862 0.874254 0.612680 -0.117748 -0.109312 
3.175655 2.056847 1.414167 0.272359 -1.053072 0.631375 2.538918 0.575234 0.943762 0.475801 -0.152878 -0.120156 
3.129789 1.844545 0.855265 -0.294335 -0.540934 0.243515 1.864878 0.908191 0.971971 0.576434 -0.247307 -0.102190 
3.721725 2.321730 1.019208 -0.285394 -0.494586 0.077685 2.108145 0.825962 0.854059 0.760561 -0.221557 -0.118228 
4.079077 2.684405 0.811898 -1.290155 -0.547094 0.092019 2.409335 1.098699 0.402816 0.387385 -0.262703 -0.146919 
4.379261 2.847342 0.237952 -1.489478 -0.294507 -0.105138 1.609603 1.364826 0.307877 -0.009150 -0.307775 -0.172832 
4.794105 2.937186 -0.107631 -1.490931 -0.639875 -0.029379 1.152090 1.343660 0.357572 -0.229502 -0.293661 -0.173202 
5.251330 2.855501 0.052992 -1.656468 -0.879274 -0.148417 1.490640 0.936829 0.599840 -0.286772 -0.352098 -0.181378 
4.934660 2.839648 0.314182 -1.654116 -1.053323 -0.336242 1.310145 0.908077 0.451889 -0.347474 -0.366210 -0.184740 
3.464381 1.928707 0.318772 -0.708352 -0.631559 0.011049 0.703618 0.719351 0.431760 -0.254029 -0.359564 -0.164713 
6.133973 3.029174 0.047799 -1.393590 -1.101172 -0.114737 1.490840 0.184121 0.812149 -0.446011 -0.418246 -0.188399 
5.952715 3.235136 0.158249 -1.328256 -0.883046 -0.666489 1.188206 0.361098 0.627127 -0.549656 -0.419876 -0.176344 
5.355344 3.237992 0.488246 -0.743944 -1.198907 -0.837717 0.555414 0.790159 0.313004 -0.745988 -0.388429 -0.174824 
3.826570 2.281831 0.625938 -0.620833 -0.622381 -0.136624 0.505458 0.416048 -0.044291 -0.471469 -0.466059 -0.175339 
5.946731 3.068288 -0.066867 -1.094649 -0.852940 -1.152363 0.413876 0.302789 0.249125 -0.816196 -0.531593 -0.191021 
4.206320 2.460174 0.326434 -0.900854 -0.855679 -0.442177 0.261223 0.301346 -0.205156 -0.770800 -0.447398 -0.172064 
5.883316 2.400611 0.204774 -1.265198 -0.501316 -0.957270 0.636369 0.114997 -0.117049 -0.753933 -0.581379 -0.173236 
5.625403 3.040052 -0.104798 -1.503683 -0.601971 -0.724565 0.279000 0.060586 -0.251382 -0.823242 -0.529079 -0.166927 
5.896269 3.106952 -0.311579 -1.668766 -0.465752 -0.999306 0.348433 0.069463 -0.572775 -0.833045 -0.556242 -0.131703 
4.141998 2.398454 0.240589 -0.990451 -0.813552 -0.367397 0.279902 0.017042 -0.601557 -0.860122 -0.517036 -0.132266 
6.034869 2.388117 -0.089536 -1.515574 0.133951 -1.389867 0.943676 -0.166135 -0.645381 -0.858451 -0.674752 -0.112668 
4.526235 2.849804 0.084165 -1.275261 -1.224861 -0.592076 0.441551 -0.128655 -0.620225 -1.039922 -0.536372 -0.151242 
4.611887 2.915241 0.264186 -1.194479 -0.609342 -0.731474 0.459808 0.055732 -0.623764 -0.825421 -0.592908 -0.157521 
5.670148 3.346183 -0.133410 -2.144301 -0.636183 -0.675321 1.133826 -0.365692 -0.953126 -0.774784 -0.653410 -0.122953 
6.129087 3.305651 -0.521180 -2.506725 0.356115 -1.398842 1.363209 -0.495450 -1.001159 -0.708368 -0.726694 -0.070552 
4.372417 2.659619 -0.038029 -1.265393 -0.834042 -0.330122 0.487569 -0.369888 -0.799753 -0.898067 -0.557642 -0.136873 
4.766446 2.515265 -0.025723 -1.203997 -0.629126 -0.230642 0.421507 -0.236257 -0.935808 -1.017563 -0.548038 -0.121800 
3.872825 2.320107 0.191947 -0.974040 -0.598703 -0.253868 0.302571 -0.424188 -0.954477 -0.917697 -0.449198 -0.102670 
4.591672 2.812739 0.255878 -1.282714 -0.679762 -0.161432 0.242135 -0.210512 -0.995056 -0.998281 -0.495137 -0.113208 
5.605583 2.910323 -0.212936 -1.739181 0.044327 -1.126558 0.289333 -0.156898 -1.355023 -0.912852 -0.553487 -0.067983 
5.932846 2.887303 -0.344884 -1.566805 0.348286 -1.936339 0.388785 0.147939 -1.450278 -0.828022 -0.636986 -0.038893 
3.952463 2.296467 0.272780 -0.833322 -0.667738 -0.492614 0.062493 -0.220118 -1.116327 -0.990262 -0.316927 -0.068444 
4.734584 2.716370 0.263828 -1.352943 0.003663 -0.849175 0.427650 0.093536 -1.372842 -0.906337 -0.477756 -0.067620 
4.364365 3.105761 0.519841 -1.220619 -0.259552 -0.825161 0.651438 -0.066429 -1.355129 -0.922517 -0.426497 -0.067289 
5.870535 2.709556 0.493694 -1.371430 1.385396 -2.816564 1.039845 0.510737 -1.892040 -0.906227 -0.828989 0.042482 
5.387768 2.538533 0.857892 -1.032813 1.361173 -2.385103 1.085363 0.534839 -1.846732 -0.971115 -0.676607 0.026487 
5.045350 2.779183 0.910420 -0.620383 1.263174 -2.411811 1.198204 0.533055 -1.899920 -0.988179 -0.609725 0.035963 
3.865834 2.568201 0.936905 0.082550 0.119416 -0.869680 0.916711 0.116880 -1.214955 -0.927576 -0.297595 -0.054602 
5.201738 2.902882 1.249814 -0.272137 1.812762 -2.464381 1.522791 0.888359 -2.032538 -0.852446 -0.657653 0.061115 
4.384269 2.902066 1.305558 0.368535 1.733582 -1.717615 1.415130 0.586757 -1.795417 -0.650271 -0.463880 0.036223 
4.276912 2.664888 1.524736 0.525943 1.786563 -1.545934 1.829966 0.700014 -1.704100 -0.733098 -0.461819 0.026290 
4.301022 2.502802 1.605984 0.575266 1.708952 -1.640456 1.314526 1.164662 -1.678246 -0.840249 -0.405637 0.013136 
4.840154 2.350900 1.378507 0.816830 1.958623 -2.077422 1.800699 1.024397 -1.599682 -0.954752 -0.509617 0.065239 
3.914770 2.599277 1.277592 0.880158 2.123790 -1.490681 0.748170 0.894315 -1.488732 -0.858834 -0.376814 0.019299 
4.386351 2.725772 1.863544 0.453740 3.093556 -2.248376 0.931045 1.136354 -1.617738 -0.778840 -0.454620 0.074246 
3.583278 2.728144 2.189009 0.459202 1.876963 -1.278120 0.544449 0.971820 -1.102954 -0.545272 -0.255221 -0.042348 
3.992945 2.989434 2.344644 0.270357 2.888972 -1.719120 0.896335 1.008540 -1.572175 -0.632846 -0.287871 0.005320 
4.273445 3.018030 3.169805 -0.610748 4.026005 -2.081485 1.100238 1.759870 -1.997055 -0.921623 -0.361752 -0.001634 
3.352580 2.934939 2.333509 0.219104 2.866892 -0.822872 0.050850 1.164814 -1.467457 -0.397577 -0.181120 -0.096888 
3.487527 3.067889 2.590087 -0.140910 2.559506 -0.676110 0.658171 1.302371 -1.555217 -0.473662 -0.178398 -0.107663 
3.971344 3.042331 2.821642 -0.109644 2.982473 -1.092948 0.583464 1.723062 -1.573184 -0.671126 -0.132736 -0.095055 
4.144920 3.432173 2.419717 0.105534 2.967181 -0.973803 0.633377 1.741578 -1.703637 -0.866763 -0.108810 -0.073364 
3.704060 3.059788 2.330313 0.536660 1.805824 0.139352 -0.070870 1.154833 -1.239083 -0.449758 -0.010289 -0.082070 
4.611900 4.071913 2.194598 0.550368 2.530699 -0.906343 0.354977 2.256042 -1.848268 -1.175715 -0.193403 -0.080468 
4.006152 3.427839 2.420329 0.429464 2.067565 0.046224 0.517015 1.448474 -1.756996 -0.731381 0.064284 -0.070447 
4.545725 3.602967 2.454115 0.306692 2.104973 0.128437 0.428256 1.935072 -1.572733 -0.963291 0.008895 -0.073072 
4.041733 3.232769 1.985153 0.516780 1.820347 0.799793 0.590063 1.517811 -1.046731 -0.598339 -0.009480 -0.051704 
3.929169 2.995175 1.789270 0.989907 1.832312 1.448470 0.828173 1.458667 -0.517709 -0.654207 0.002974 -0.032645 
3.799183 2.804400 1.719262 0.952204 1.978479 1.714097 1.218318 1.537983 -0.162033 -0.660145 -0.075224 -0.044474 
4.017640 2.804780 1.658422 0.928752 2.427348 1.871394 1.486089 2.062244 -0.212194 -0.643117 -0.211376 -0.064201 
3.726657 2.885268 1.585580 1.113628 2.486478 1.741041 1.791854 1.783374 -0.177001 -0.361720 -0.282990 -0.055522 
3.586892 2.720913 1.531569 1.102482 2.306125 2.011406 1.800625 1.221472 -0.198025 -0.343075 -0.197365 -0.031987 
4.050364 2.814642 1.365368 0.739109 2.460703 1.865711 1.970222 1.420930 -0.294976 -0.172812 -0.261908 -0.042244 
4.030115 2.814522 1.189569 0.810693 2.308439 1.992435 2.010326 1.358639 -0.242921 -0.390398 -0.229170 -0.033517 
4.237220 2.497968 0.982870 0.466052 2.130966 2.013929 2.145033 1.211867 -0.094573 -0.470796 -0.220764 -0.031597 
4.398786 2.931627 0.613084 -0.161960 1.327312 1.522362 2.169737 1.526339 -0.188317 -0.511963 -0.172616 -0.037051 
4.248384 2.688200 0.682183 -0.228169 0.523186 1.706487 2.131343 1.442887 -0.015105 -0.552910 -0.061549 -0.037175 
4.424892 3.041143 0.565759 -1.078009 0.843420 1.186803 2.028569 1.914801 -0.204441 -0.290903 -0.092234 -0.043595 
3.855320 2.461320 0.711292 -0.545247 0.922522 1.208784 1.861110 1.938321 0.120620 -0.323315 -0.057895 -0.070560 
4.201790 2.981339 0.475951 -0.848058 1.148013 1.250948 1.453699 2.070020 0.379433 -0.233664 -0.104465 -0.093615 
3.938400 2.484569 0.967370 -0.560037 1.118491 1.394419 1.417138 2.183817 0.132211 -0.072805 -0.150526 -0.098474 
4.038155 2.615212 1.004107 -0.740318 1.148788 1.391971 1.375180 2.169425 0.365674 -0.183255 -0.101266 -0.105255 
3.485073 2.364471 1.014943 -0.284208 1.396707 1.223411 1.687984 1.946843 0.278739 -0.099689 -0.207784 -0.095834 
4.063637 2.964090 0.772855 -1.494956 1.813596 0.684203 1.917902 2.430890 -0.036744 -0.189872 0.001711 -0.067165 
