3.233303 2.648605 2.282987 1.184849 1.013967 0.675312 0.966097 0.614229 0.480125 0.173406 0.326671 0.081707 
3.129764 2.356993 2.204711 1.347540 0.939889 0.842927 1.168725 0.673004 0.655799 0.224829 0.188822 0.071830 
3.107248 2.414303 2.361501 1.594160 0.695516 1.153545 0.815202 0.518067 0.501437 0.174678 0.250094 0.077351 
3.041590 2.381064 1.888174 1.544344 0.956586 0.480899 1.335574 0.616875 0.241732 0.132829 0.259935 0.075139 
3.129412 2.630832 2.010474 1.189357 0.693341 0.852935 0.695828 0.467549 0.333454 0.171528 0.192128 0.067147 
3.894340 3.265667 2.382267 1.342640 0.362086 -0.045191 1.681144 0.784974 0.555509 0.085803 0.387242 0.071480 
3.615222 3.071441 2.163282 1.248499 0.477419 0.305467 0.710946 0.644177 0.490279 0.313985 0.195939 0.057473 
4.410113 3.593731 2.527880 1.385629 0.332866 0.013458 1.245664 0.491758 0.688561 0.056203 0.220131 0.038224 
3.940514 3.540815 2.639908 1.492179 0.299032 -0.062105 0.816878 0.638894 0.449189 0.414998 0.107324 0.029777 
3.788964 3.384029 2.495630 1.023482 0.424537 0.182113 0.482811 0.649902 0.623748 0.143110 0.094994 0.012761 
4.287620 3.338515 2.427679 0.861309 -0.092538 0.370251 0.975278 1.194217 0.457174 0.145883 0.061799 -0.022969 
3.700117 2.859903 1.617114 0.721435 0.244744 0.464907 0.927652 0.763468 0.519570 0.172291 0.071612 0.005080 
4.777190 3.808333 2.254335 0.104075 -0.452625 0.350480 1.590540 1.351447 0.353164 0.097146 -0.001038 -0.053362 
4.274553 3.657738 1.937023 0.346017 -0.246643 0.296568 1.244278 1.272072 0.629802 0.003809 0.020967 -0.053276 
4.588855 3.839030 1.247688 0.417846 -0.202110 0.693161 1.374407 1.024374 0.709311 -0.181226 -0.042733 -0.064614 
3.997761 3.084072 1.459532 0.390895 -0.014583 0.496960 1.055478 0.914063 0.605138 -0.027766 -0.128743 -0.060829 
5.096534 4.276771 1.123600 -0.178424 -1.182443 0.357840 1.162188 0.898933 1.119500 -0.405356 0.035642 -0.087932 
3.960379 3.022361 1.152752 -0.368174 -0.418825 0.034140 0.938543 0.602568 0.620642 -0.056570 0.018421 -0.031537 
4.996221 3.927325 0.761329 -0.179535 -1.144456 -0.026532 0.951536 0.951871 0.938864 -0.245288 0.021714 -0.078289 
5.323869 4.263340 0.457306 0.407441 -1.363837 -0.513280 0.949574 0.797997 1.186262 -0.392516 0.079196 -0.109737 
5.452553 4.018067 0.473991 0.820699 -1.231735 -1.131808 0.912179 0.766129 0.878980 -0.447449 0.007382 -0.093924 
4.080432 2.991500 1.690534 0.265147 -0.669175 -0.859209 0.426976 0.665046 0.391146 -0.138992 -0.131259 -0.083542 
6.045876 3.984904 0.327361 1.322562 -1.050351 -2.329952 1.209373 1.162382 0.003187 -0.504758 -0.153721 -0.035254 
5.260728 3.213862 1.312878 0.522343 -0.971154 -1.374943 0.549747 0.751767 -0.311108 -0.432781 -0.189736 -0.081996 
5.978814 2.888015 1.087371 0.261995 -0.000101 -1.950314 0.558390 0.945085 -0.785363 -0.219029 -0.207881 -0.039841 
5.378019 2.829215 1.151883 0.574454 -0.179221 -1.493740 0.525824 0.647245 -0.861708 -0.463797 -0.263842 -0.058562 
6.279163 2.785440 0.326376 0.375670 0.732551 -2.464687 1.212217 0.423092 -1.204530 -0.158063 -0.194653 0.047997 
5.096278 2.871461 0.702528 0.093474 0.428947 -0.979700 0.644741 -0.224232 -0.823274 -0.065917 -0.287950 -0.048968 
5.999126 2.479704 0.231799 -0.153744 1.821192 -2.165136 0.854186 -0.117766 -0.872789 0.032335 -0.380967 0.029273 
5.440066 2.685646 0.247030 -0.233729 1.547595 -1.455392 0.527068 -0.292299 -0.668282 -0.112416 -0.408234 -0.028578 
5.970586 2.384337 0.514412 -0.667626 2.078147 -1.972479 0.823024 -0.441099 -0.814141 -0.007921 -0.516018 0.005266 
5.054566 2.687597 0.731023 -0.388838 0.771964 -0.790581 0.226192 -0.409038 -0.593384 -0.246849 -0.373617 -0.071141 
3.500496 2.249492 0.762019 0.280089 0.142165 -0.194910 -0.151380 -0.591744 -0.564135 -0.465185 -0.382036 -0.051781 
5.388154 3.131939 0.230589 -0.277099 1.099361 -1.003626 0.343890 -0.167512 -0.546954 -0.395540 -0.435852 -0.060421 
5.613144 3.292336 0.273493 -0.619618 1.092509 -0.934580 0.700853 -0.230018 -0.562956 -0.526212 -0.472094 -0.056746 
4.991344 3.244748 0.641737 -0.638563 0.315676 -0.372035 0.961507 -0.254225 -0.761101 -0.641981 -0.454435 -0.064729 
3.569781 2.464699 0.895178 -0.004526 -0.146838 0.166956 0.383916 -0.277963 -0.659067 -0.746914 -0.453348 -0.065251 
6.216331 3.288786 0.249422 -1.048342 1.270693 -2.155340 1.717264 0.313051 -1.256309 -0.661602 -0.789670 0.010669 
4.353435 2.483492 1.029091 -0.840600 0.217430 -0.435516 0.485967 0.415115 -1.134549 -0.749767 -0.444420 -0.089838 
5.126426 3.075274 0.203177 -1.147358 1.044085 -1.375207 1.270231 0.230018 -1.177507 -0.629408 -0.693639 -0.044217 
5.594639 2.946103 0.153311 -1.355013 1.828777 -1.703457 1.283416 0.149902 -1.049896 -0.612711 -0.776955 -0.007155 
6.014664 2.902334 0.409658 -1.584409 2.357002 -1.756630 1.230753 0.195048 -1.131272 -0.552394 -0.853613 0.006650 
4.303414 2.244906 0.979594 -0.392541 0.588531 0.327692 0.607146 0.220013 -1.026328 -0.861406 -0.419075 -0.057716 
4.876132 3.085891 0.680155 -0.063399 0.697586 -0.180488 0.989254 0.253293 -0.851683 -1.059686 -0.375190 -0.028410 
6.089698 2.868045 1.258929 -0.781840 1.906685 -1.230683 1.495528 0.439096 -1.376472 -0.819749 -0.632632 0.023965 
5.804941 3.184745 1.100306 -0.055771 1.649963 -1.418428 2.079597 0.372144 -1.593492 -0.821350 -0.542266 0.068932 
5.466867 3.387018 1.502222 0.058859 1.481420 -1.143626 2.228923 0.354987 -1.569726 -0.773620 -0.472260 0.046239 
4.266320 3.069123 1.132496 0.570693 1.034897 0.104219 1.241354 -0.221695 -0.976483 -0.575575 -0.185437 0.010768 
5.546564 3.261009 1.757439 0.121842 2.114700 -1.409850 2.330098 0.432112 -1.567202 -0.630432 -0.493388 0.089489 
5.128271 3.368780 1.477404 0.743058 2.170149 -0.917233 1.842665 0.750435 -1.572592 -0.583915 -0.406691 0.061865 
5.017847 3.645981 1.793399 0.954921 1.936346 -0.824632 2.012165 0.814961 -1.702041 -0.508777 -0.346102 0.056217 
4.364568 3.342279 2.139094 1.076925 1.286111 0.272477 1.241408 0.480122 -1.174557 -0.515881 -0.072557 0.000373 
5.121667 3.925634 2.046556 0.793702 2.320440 -0.558162 1.847766 0.787517 -1.767759 -0.372502 -0.340546 0.060027 
4.729144 4.262353 2.218042 0.610271 1.978112 0.394874 1.506295 0.393354 -1.593143 -0.219178 -0.263490 0.026154 
4.154739 3.687588 2.440745 1.128127 2.079894 0.662563 1.114869 0.571969 -0.954746 -0.117073 -0.058765 0.003570 
4.262494 3.767887 2.879078 0.867630 2.567465 0.595771 1.723222 0.787361 -1.478435 -0.099200 -0.081074 0.005615 
3.258542 2.838171 2.343303 1.370051 1.776663 0.898208 0.744708 0.442849 -0.459776 -0.011803 -0.062508 -0.006247 
4.404071 4.465554 2.651281 1.106580 2.855981 0.259787 2.066275 0.901204 -1.686431 0.063692 -0.246882 0.048315 
3.936190 3.734180 2.444571 1.319804 2.773401 0.631293 1.252094 0.663525 -0.996992 0.044109 -0.123042 0.000684 
3.559350 3.282486 2.482986 1.595556 1.870841 1.113254 1.134485 0.481787 -0.082639 0.007624 -0.116555 -0.015514 
3.224391 2.622038 2.260615 1.776910 1.445382 1.038335 0.684362 0.397455 0.016577 0.022960 -0.001537 0.004472 
4.336823 4.399140 2.384744 0.472332 3.018072 0.763475 1.638670 0.973585 -1.038956 -0.094451 -0.165765 0.010143 
3.984446 3.779992 2.734997 0.738277 2.482821 0.566632 1.497060 0.875413 -1.221116 0.041318 -0.059673 0.005336 
3.160963 2.910295 2.364398 1.354729 2.075228 0.689903 0.770901 0.578643 -0.545713 0.057574 -0.111340 -0.006116 
3.456704 3.391702 2.391889 1.246256 2.531621 0.824092 1.078688 0.179118 -0.731366 0.102339 -0.015016 0.012881 
4.175674 4.171676 2.250580 0.427900 3.418441 0.647962 1.495442 0.411816 -1.015587 0.055962 -0.121899 0.044836 
4.292914 3.722231 2.173910 0.354668 3.961894 0.840719 1.118123 0.595758 -0.707663 0.018358 -0.028241 0.019472 
3.422647 2.923605 2.085795 1.538909 2.048173 1.322764 1.079769 0.484945 -0.099962 -0.121069 -0.028546 -0.007669 
4.304957 3.828695 2.011650 0.497483 3.707703 1.091124 1.165092 0.928551 -0.790620 -0.111925 0.049946 0.023726 
4.211486 3.471539 2.188118 0.905920 3.267065 1.096870 0.986653 0.741893 -0.614975 0.000334 0.106494 0.029669 
3.934056 3.206519 2.242217 1.062647 2.525978 1.639636 1.383246 0.512682 -0.535624 -0.148682 0.121999 0.030601 
3.587958 2.913298 2.043805 1.373031 2.159258 1.338568 1.441208 0.747081 -0.137802 -0.061893 0.006440 0.004799 
4.896436 3.231511 1.662732 0.615561 3.299144 1.434884 1.363088 1.089718 -0.378971 -0.308432 -0.016679 0.031276 
4.672125 3.003834 1.093433 0.856411 2.900538 1.910884 1.831485 1.112542 -0.249038 -0.357443 -0.053960 0.042876 
3.556567 2.452614 1.232737 1.069774 1.847616 2.224279 1.872229 0.665209 -0.138822 -0.344631 0.002083 0.038637 
4.562070 2.697439 0.752273 0.517011 2.566351 1.875347 1.930005 1.278059 -0.035628 -0.541029 -0.085573 0.041526 
4.426198 2.840162 0.783444 -0.031557 1.986130 2.010345 1.855021 1.188619 0.121791 -0.634914 0.032393 0.053319 
4.036435 2.740444 0.928689 0.361288 1.627303 2.284528 2.234575 1.362009 -0.132202 -0.494978 -0.074189 0.039916 
3.741684 2.404048 1.014189 0.725347 1.795834 2.246765 2.248412 1.258017 -0.003654 -0.299482 -0.102545 0.031749 
3.488171 2.331162 1.445986 0.685331 1.804827 2.264692 1.979374 1.361038 0.309915 -0.133116 -0.050485 0.017687 
4.039581 2.690067 1.616182 0.823659 1.740610 1.998513 1.573923 1.650816 0.401497 0.042880 0.016244 0.001359 
3.883866 2.725131 2.002519 1.212774 1.362851 1.878304 1.894625 1.149376 0.658702 0.198678 0.043490 0.013404 
3.067245 2.518116 2.231216 2.105185 1.573209 1.434296 1.415823 0.864579 0.586937 0.198140 0.083185 0.022132 
3.352174 2.607265 2.343897 1.857268 1.756330 1.901420 1.393745 0.723513 0.308078 0.219819 0.223259 0.042523 
3.962487 3.315178 2.301801 1.921564 2.335269 2.036018 1.981753 1.030753 0.145563 -0.080340 0.217782 0.058072 
