1.480465 3.206459 -2.210118 -0.949293 2.665966 2.162512 2.212816 1.123393 0.131903 0.013424 0.346692 0.017106 
1.681588 3.060327 -2.530562 -1.132073 2.929897 2.533245 2.299949 1.332506 0.245785 0.031027 0.345778 -0.024737 
1.829757 2.769271 -2.673671 -0.750479 2.967492 2.310304 2.218861 1.564080 0.428083 0.233547 0.370131 -0.070621 
2.789465 2.121211 -2.249764 -0.162249 3.295382 1.459929 1.943268 1.586141 0.765661 0.188159 0.177270 -0.034890 
3.316372 2.186291 -1.968228 0.079466 3.394054 0.661738 1.983606 1.345442 0.709372 0.274928 -0.060785 -0.018206 
2.962614 2.382779 -0.784498 -0.777606 2.761089 -0.490793 1.256869 0.698146 0.312448 0.478150 0.176363 -0.022447 
3.268626 2.972699 -1.442695 -0.589353 3.477662 -1.122168 1.131589 0.853092 0.391992 0.697313 0.169712 0.038920 
3.398396 3.512253 -1.514028 -0.836115 3.787561 -1.359706 0.953727 0.476261 0.429073 0.768258 0.291865 0.030891 
3.340752 3.674949 -0.717334 -0.909076 3.156110 -1.367595 0.635660 0.032082 0.208992 0.832743 0.371711 0.055349 
3.241220 3.225338 0.399590 -0.275227 1.571509 -0.948637 0.593725 -0.046830 -0.025791 0.648826 0.414020 0.061316 
2.887763 2.852864 0.775657 0.426164 0.817520 -0.957409 0.561594 -0.257180 0.157287 0.670521 0.437235 0.015810 
3.572783 4.772687 -0.201088 -0.379949 2.553058 -2.072734 -0.182670 -0.188781 -0.050178 0.653646 0.271589 0.071892 
3.485037 3.950404 0.901404 -0.184930 0.982494 -1.738551 0.080194 -0.314003 -0.529309 0.165783 0.350096 0.089113 
3.927171 3.376113 0.940326 -0.188636 0.000658 -1.295466 -0.286152 -0.274444 -0.678067 0.052962 0.257729 0.085042 
3.450576 2.817127 1.049423 0.150409 -0.704657 -1.169305 -0.527842 -0.765132 -0.513844 -0.000739 0.224198 0.035190 
4.605458 3.665454 -0.082989 -0.035099 -0.074635 -1.349404 -0.605466 -1.163750 -0.655412 -0.573024 0.083693 0.042009 
4.381765 2.949096 0.464838 0.057339 0.015223 -1.375564 -0.923343 -1.373199 -0.407156 -0.640218 0.062091 0.008336 
4.409576 3.219870 0.212016 0.334692 0.401309 -1.184574 -0.966398 -1.549401 -0.627799 -0.357718 -0.016855 -0.009768 
4.680407 3.450464 0.086859 -0.280487 0.782883 -1.280126 -1.225197 -1.614460 -0.706127 -0.549988 -0.058449 -0.023766 
4.500903 3.262739 0.631285 -0.129872 0.955117 -1.146592 -0.760274 -1.500993 -1.074810 -0.527458 -0.153324 -0.007313 
4.497849 3.044292 1.028433 -0.155268 0.855795 -0.715199 -1.062274 -1.298000 -1.311804 -0.500360 -0.199035 -0.039316 
3.677374 2.423069 0.919254 -0.224301 -0.090530 -0.382852 -0.741676 -0.949621 -1.012560 -0.524630 -0.235580 -0.055240 
4.969298 3.061062 0.516407 -0.377233 1.745892 -0.685269 -0.938293 -0.976317 -1.552224 -0.611512 -0.275267 -0.031433 
4.858180 2.782959 0.303632 -0.117728 1.825457 -0.394215 -1.058685 -1.342387 -1.405609 -0.662040 -0.193968 -0.022887 
5.056482 2.577466 0.288932 -0.129081 1.831855 -0.341543 -1.295017 -1.558098 -1.542810 -0.610215 -0.128715 -0.009254 
3.690996 2.263989 0.864048 0.096142 0.111170 -0.308121 -1.168872 -1.314097 -1.272635 -0.599350 -0.105283 -0.022609 
5.762323 3.030358 -0.493260 -0.162895 3.098301 -0.440280 -1.508306 -2.323214 -1.356321 -0.663900 -0.180559 -0.036479 
4.748497 2.628844 0.714215 0.560827 1.590690 -0.000587 -1.802142 -1.793759 -1.434338 -0.590557 -0.033825 -0.021982 
4.484149 2.487853 1.293994 1.184702 1.641621 -0.328841 -1.440679 -1.709827 -1.245681 -0.347681 -0.037932 -0.025318 
5.022175 2.565555 1.149633 1.505968 2.532334 -0.868446 -1.624168 -1.944652 -1.014180 -0.249233 -0.117022 -0.049575 
5.714018 2.629521 0.952813 0.962420 4.173737 -1.307995 -2.043957 -1.748161 -1.344501 0.124941 -0.256684 -0.073552 
4.303620 2.797860 1.433141 1.315695 1.699505 -0.420543 -1.777835 -1.829116 -1.031981 -0.062799 -0.118582 -0.061035 
3.989247 2.522674 1.631914 1.564681 1.385467 -0.615461 -2.029724 -1.683650 -0.859873 -0.250719 -0.177663 -0.088394 
4.078386 2.749591 1.589904 1.415043 1.298317 -0.578571 -1.681448 -1.679450 -0.818391 -0.291361 -0.180508 -0.079384 
4.504226 3.034765 1.673679 1.518684 1.979264 -0.264434 -2.057953 -2.151392 -1.267024 -0.350957 -0.158143 -0.110052 
4.467181 3.007797 1.546066 1.767739 1.991269 -0.479340 -2.268157 -2.335686 -1.173101 -0.323670 -0.200778 -0.136329 
3.912456 2.638955 1.673167 1.585458 1.248287 -0.585704 -2.254035 -2.060581 -0.943373 -0.281415 -0.202953 -0.117619 
4.029717 2.400640 1.358101 1.538775 1.269892 -0.722887 -2.238018 -2.009433 -0.956446 -0.355059 -0.163103 -0.110838 
3.667771 2.188418 1.466762 1.478569 0.974405 -0.838109 -2.053833 -1.605299 -0.830026 -0.401818 -0.169467 -0.100043 
4.288913 2.297665 1.080741 1.927665 2.116863 -0.756065 -2.776910 -2.050017 -0.712443 -0.442836 -0.158165 -0.145207 
4.842379 2.264229 0.554109 1.811881 2.581035 -0.780403 -3.308205 -2.212139 -0.537044 -0.557207 -0.185920 -0.158184 
5.310755 2.021052 0.365456 1.656140 3.343159 -0.995059 -3.817029 -2.313647 -0.578406 -0.534255 -0.288037 -0.182722 
3.955057 1.895866 0.944245 1.627881 1.351320 -1.301471 -2.949570 -1.852368 -0.471583 -0.298573 -0.120663 -0.107606 
4.464820 2.064584 0.653002 1.738877 1.745343 -1.235155 -3.338510 -2.038433 -0.357272 -0.398224 -0.128009 -0.115974 
6.370766 1.396831 0.402930 0.859322 3.932664 -1.630541 -3.346118 -2.305412 -0.653214 -0.086609 -0.379528 -0.122355 
6.288707 1.958502 -0.495045 0.405501 4.348682 -1.480975 -3.519705 -2.336003 -1.040223 -0.026641 -0.330905 -0.127591 
4.500722 2.058104 0.746260 1.536062 1.872519 -1.427346 -3.433156 -1.919897 -0.367993 -0.188318 -0.060728 -0.098797 
4.658850 2.000614 0.458413 0.964763 2.193613 -1.398085 -3.241954 -1.782462 -0.498442 -0.150629 -0.002027 -0.080516 
6.012141 1.815707 -0.104193 0.404499 4.089941 -2.237073 -2.360495 -1.829396 -0.858115 0.205919 -0.288679 0.001054 
5.204818 2.489922 -0.317542 0.245932 3.729914 -1.505352 -2.480114 -1.815005 -0.888891 0.071384 -0.061447 -0.041749 
4.314072 1.987716 0.330539 0.631251 2.172473 -0.928180 -1.948462 -1.412100 -0.582925 0.103647 0.121293 -0.040976 
4.916632 1.837888 -0.153032 0.001742 3.575877 -1.210049 -1.767252 -1.296548 -0.787706 0.220337 0.075192 0.008851 
4.455573 2.063837 -0.501397 0.001970 3.192122 -1.279569 -0.953358 -1.400316 -0.883839 0.346568 0.114665 0.068841 
4.520419 2.208325 -0.332370 -0.448809 3.207275 -0.887041 -0.691271 -1.448357 -1.240404 0.269911 0.214712 0.122583 
5.080828 2.400646 -1.102798 -0.931176 3.791557 -1.296120 -0.221278 -1.354125 -1.359532 0.396237 0.064004 0.221163 
6.186594 1.803667 -0.597565 -1.568794 4.524908 -1.250834 0.204988 -1.395012 -1.391751 0.648160 -0.028848 0.297515 
3.785726 1.713522 -0.337588 -0.221487 1.323780 0.374758 0.338503 -0.873221 -0.828702 0.052731 0.486198 0.173460 
4.498250 2.270322 -0.270623 -0.607284 2.567203 -0.069275 0.702573 -0.772658 -0.955992 0.305955 0.394545 0.237419 
4.189792 2.625687 0.302964 0.562259 2.774925 0.017200 1.141605 -0.388574 -0.777697 0.363043 0.345155 0.189540 
4.905447 2.709310 -0.064455 0.191916 4.152085 0.090928 0.837312 -0.138332 -0.345202 0.452918 0.255128 0.183859 
3.616517 2.027253 1.053189 1.163339 2.130375 1.499259 0.591235 -0.086564 -0.056906 0.330597 0.414498 0.056993 
4.383384 2.218754 0.644706 1.047892 3.138621 1.478225 0.334112 -0.461492 -0.096526 0.009843 0.442584 0.095900 
5.229611 2.150519 0.071935 0.906370 3.754647 1.557011 -0.194826 -0.758417 0.226966 -0.019642 0.470409 0.126036 
4.618824 2.418595 0.438042 0.928659 2.854100 1.544225 -0.132665 -0.536096 -0.246943 0.160728 0.456579 0.098194 
3.684817 1.913063 0.813178 1.201963 1.976968 1.292070 0.151709 -0.330254 -0.120881 0.360826 0.470364 0.083101 
3.817532 2.006891 1.181012 1.423827 2.405543 1.408950 0.058759 -0.413439 -0.014087 0.268970 0.421309 0.075610 
4.903548 2.098820 1.294892 1.491844 2.776987 1.399470 0.074317 -0.855887 0.136895 0.046125 0.542275 0.170482 
4.516526 2.361185 1.044633 1.696480 2.733234 1.388826 0.516113 -0.668619 -0.084322 0.050668 0.583251 0.155995 
3.942755 2.506873 1.720987 1.717754 2.512198 1.438703 0.445328 -0.300968 -0.464541 0.005370 0.545629 0.107120 
4.545285 2.446783 1.795346 1.358278 3.036716 1.803089 0.638831 -0.681443 -0.413009 -0.027699 0.520005 0.153606 
4.151102 2.428743 1.716834 1.122447 2.371893 1.767707 0.669666 -0.905307 -0.441485 -0.015318 0.499286 0.144011 
3.721132 2.384919 1.537810 1.379335 2.270213 1.382061 0.294547 -0.633941 -0.628129 -0.002841 0.561515 0.122280 
4.212348 2.134502 1.766418 1.156100 2.218615 1.737316 0.481071 -1.048015 -0.327457 -0.249324 0.674641 0.211268 
4.051430 1.995615 1.744999 1.463233 1.806933 1.755333 0.478774 -0.541738 -0.348382 -0.085095 0.627990 0.170400 
3.335585 2.100000 1.678528 1.659256 2.391048 1.689333 0.707776 -0.036287 0.090777 0.226201 0.446607 0.075349 
3.148707 1.914908 2.143109 1.566623 1.532878 1.499150 0.862408 0.278923 0.176224 0.031794 0.317255 0.062498 
3.895655 1.733422 2.729891 1.290962 2.330405 1.012871 0.801487 0.299954 0.203153 -0.112419 0.349040 0.113173 
3.188879 2.019678 2.071086 1.098923 1.803791 1.103752 0.374466 0.250710 0.276750 0.020406 0.292185 0.066755 
3.560546 1.847937 2.292272 1.384909 2.002911 0.903001 0.855463 -0.097773 0.231542 -0.092328 0.340704 0.098007 
3.554632 1.568224 2.538053 1.014702 2.028921 0.444777 0.889504 0.125758 0.416104 -0.034380 0.276030 0.118436 
3.494433 1.501430 2.224513 0.951755 1.411351 0.261515 0.638127 0.071959 0.704422 -0.300470 0.307166 0.142020 
3.104439 1.773371 1.818403 1.120638 1.502106 0.392967 0.804870 0.345325 0.213151 0.005947 0.089392 0.072429 
3.030408 1.306963 1.644367 0.957255 0.725411 0.204400 0.880478 0.407430 0.057096 0.145178 0.191005 0.097376 
3.555911 1.263690 1.865788 1.169045 0.895406 0.080060 1.307007 -0.176566 0.711339 0.164186 0.201229 0.116356 
3.429680 1.355807 1.788706 1.325489 0.679631 0.742856 1.249233 0.200971 0.615147 0.245470 0.321148 0.101133 
