5.293455 2.594854 -0.372134 -0.059200 1.531106 -0.223347 -1.621545 -0.730153 0.669298 -0.205806 -0.297818 -0.218021 
7.086624 2.449105 -0.320770 -1.015143 2.410558 -1.330475 -0.892765 -1.073525 0.590723 -0.034143 -0.682551 -0.219480 
4.121562 2.290884 0.291896 0.044554 0.786282 -0.187456 -1.117126 -0.652144 0.101057 0.060685 -0.398102 -0.157910 
5.660277 2.830592 -0.487666 -0.433007 1.902909 -0.996806 -1.246791 -0.509912 0.470987 -0.033485 -0.388181 -0.206961 
5.833444 2.893033 -0.317959 -0.901972 1.863369 -1.216374 -1.138154 -0.526767 0.446463 -0.172374 -0.411071 -0.191608 
5.552307 2.844456 -0.297308 -0.719934 1.525853 -1.427418 -1.125803 -0.345378 0.246541 -0.081788 -0.374501 -0.162399 
6.025906 2.988951 -0.549857 -1.031005 1.447210 -1.793532 -1.219770 -0.235112 0.270800 -0.181859 -0.465368 -0.168115 
6.280982 3.142787 -0.772436 -1.326421 1.431564 -2.111661 -1.182299 -0.244366 0.260482 -0.090636 -0.489345 -0.157620 
4.612362 2.582273 0.339686 -0.704651 -0.508120 -0.957519 -0.941422 -0.228660 -0.068689 -0.334105 -0.160033 -0.094218 
5.417108 2.851324 -0.087249 -1.045538 0.099669 -1.408658 -1.222540 -0.097765 0.153263 -0.306448 -0.242788 -0.126809 
6.372866 2.978670 -0.665358 -1.388710 0.936504 -2.190208 -1.093731 -0.283942 0.277542 -0.158136 -0.438407 -0.136260 
3.709115 2.141748 0.433081 -0.492473 -0.627596 -0.888134 -0.664354 -0.417228 -0.255424 -0.241082 -0.177294 -0.101383 
4.570292 2.600350 0.285146 -0.668124 -0.466595 -0.966480 -0.699880 -0.217672 0.015279 -0.290088 -0.223959 -0.117003 
5.407198 2.857127 -0.127178 -0.920461 -0.014154 -1.350210 -0.772145 0.033304 0.233735 -0.455476 -0.308678 -0.133984 
6.820128 2.990973 -1.291497 -1.345219 1.333067 -2.517456 -0.480565 -0.193990 0.371585 -0.198178 -0.679401 -0.138456 
3.723748 2.150849 0.314393 -0.720575 -0.983894 -0.445878 0.028667 -0.037995 -0.315596 -0.536395 -0.231355 -0.123764 
5.981126 3.013175 -1.010974 -1.231385 0.002409 -1.250031 -0.345452 0.209193 0.326008 -0.493696 -0.406118 -0.151259 
5.907570 2.655854 -0.782778 -1.551778 -0.231629 -1.142470 -0.519355 0.653588 0.008815 -0.570781 -0.432341 -0.141220 
5.297594 2.691774 -0.852934 -1.583524 -0.331427 -0.969742 -0.259934 0.413232 0.200310 -0.621678 -0.356063 -0.154549 
6.740733 2.567288 -1.743566 -2.236684 1.230776 -2.512774 -0.231814 0.699384 0.193078 -0.061268 -0.769109 -0.144430 
5.997287 2.451369 -1.501997 -2.079370 0.775683 -2.109528 -0.321808 0.634826 0.342612 -0.235027 -0.582522 -0.153843 
5.573217 2.290606 -1.343970 -1.848357 0.635140 -1.882170 -0.508640 0.683865 0.385072 -0.194967 -0.460849 -0.157927 
5.022240 2.344163 -0.876708 -1.467218 0.025727 -1.221147 -0.579748 0.458334 0.482430 -0.176239 -0.226196 -0.147757 
4.710947 2.134506 -0.493521 -1.009254 -0.097828 -1.357075 -0.532151 0.445891 0.473820 0.004004 -0.191189 -0.127809 
5.507217 2.431513 -0.871629 -1.532809 0.543048 -1.504050 -0.636511 0.666913 0.423116 0.160749 -0.245837 -0.133456 
5.512230 2.386118 -0.799372 -1.494300 0.045936 -1.206175 -0.351798 0.678777 0.501658 -0.016134 -0.213037 -0.123094 
6.155254 2.420658 -1.453805 -2.417670 1.582429 -1.726076 -0.421910 0.801115 0.420301 0.373612 -0.437418 -0.172163 
4.750260 2.116578 -0.622925 -1.783832 -0.319018 -0.710057 0.122264 0.701079 0.201677 -0.142440 -0.184270 -0.129032 
5.417259 2.223043 -1.209114 -2.493919 0.644483 -1.005769 -0.100250 1.003293 0.285637 -0.109590 -0.297336 -0.163005 
6.082692 2.274074 -1.473233 -3.063178 1.449142 -1.417662 -0.054921 1.201971 0.286846 0.216595 -0.450263 -0.188113 
5.794245 2.429159 -1.037617 -2.932955 0.781512 -0.998701 0.248774 1.405997 0.118179 0.093328 -0.306500 -0.159328 
5.375727 2.153849 -0.679607 -2.509469 0.605843 -0.843665 0.051449 1.418705 0.314682 0.003701 -0.215221 -0.155295 
5.018045 2.560459 -1.055456 -2.175188 0.645636 -0.701304 -0.076872 1.097923 0.433767 0.099965 -0.175245 -0.163221 
5.136794 2.368126 -1.092536 -2.179733 0.770168 -0.655733 -0.318067 1.090756 0.598679 0.072307 -0.183806 -0.185519 
4.776069 2.035025 -0.708243 -1.730521 0.227245 -0.372931 -0.355025 0.911230 0.706593 0.024173 -0.134597 -0.169131 
4.612312 1.953349 -0.641097 -1.348085 -0.107347 -0.172904 -0.163948 0.890177 0.818237 0.049069 -0.115539 -0.153678 
4.362656 1.976549 -0.785378 -1.106250 -0.001956 -0.277420 0.066715 0.776675 0.894473 0.199589 -0.101491 -0.148340 
4.144478 1.882732 -0.531636 -1.093086 -0.119396 -0.179705 0.316831 1.044782 0.885544 0.237355 -0.056373 -0.128957 
4.076127 1.753219 -0.417251 -1.081725 -0.315169 -0.098572 0.537456 1.238505 0.911283 0.154924 0.000842 -0.111691 
4.400608 1.755854 -0.487400 -1.387388 -0.183642 0.088574 0.422099 1.460822 0.763839 0.176157 0.011684 -0.112515 
4.356894 1.784070 -0.565790 -1.426874 -0.338371 0.147388 0.571450 1.261677 0.777742 0.134281 0.021082 -0.109808 
3.700078 1.578400 -0.694144 -1.309681 -0.442799 0.363706 0.725548 0.798877 0.612220 0.169506 0.082924 -0.110463 
4.174164 1.464793 -0.974169 -1.236103 -0.031484 -0.215917 0.388004 0.988192 0.705612 0.200640 0.014219 -0.106085 
4.727176 1.167165 -1.067052 -1.361997 0.081765 0.062994 0.157823 1.221852 0.910810 -0.011191 -0.024815 -0.090814 
4.317589 1.170387 -0.942953 -1.086107 -0.226774 0.127023 0.418774 1.078372 0.824308 -0.046520 0.009596 -0.081228 
4.031029 1.356298 -1.095856 -1.215181 0.210513 0.293518 0.391428 0.957748 0.655525 -0.026285 0.014774 -0.105158 
4.848410 1.705872 -1.569160 -1.509683 0.415980 -0.007009 0.532487 0.984661 0.646109 -0.207154 -0.110574 -0.110244 
4.724121 1.303426 -1.091290 -1.380404 0.187782 0.052933 0.361059 0.992563 0.570902 -0.360264 -0.107679 -0.109132 
4.032457 1.287394 -0.864616 -1.026824 0.117728 0.076371 0.676888 0.976547 0.420756 -0.378040 -0.046201 -0.118593 
6.438379 1.226653 -2.239352 -2.131297 2.626832 -0.819401 1.044019 1.097015 0.926393 0.220692 -0.612174 -0.127229 
5.157421 1.414656 -2.078093 -0.972144 1.215085 0.385930 0.636364 1.042908 1.422565 -0.389171 -0.266841 -0.156157 
6.023910 1.157479 -2.333136 -1.611645 1.975808 -0.025569 0.686112 1.328959 1.454008 -0.042898 -0.487337 -0.170768 
5.684145 1.162991 -2.440304 -1.168526 1.915208 0.134253 0.360219 1.567592 1.300224 -0.066357 -0.459466 -0.177178 
6.488148 0.623714 -2.528115 -1.446719 2.778294 -0.607131 0.752897 1.430479 1.208200 0.164182 -0.646066 -0.152417 
4.835817 0.872119 -1.905082 -0.497395 1.446549 0.379795 -0.101331 1.154595 1.517729 -0.375214 -0.351991 -0.193152 
6.247248 0.304108 -2.219195 -0.580817 2.026867 -0.214138 0.657064 1.045594 1.423288 -0.112033 -0.539569 -0.140239 
5.947778 0.504373 -2.100682 -0.883376 2.550214 0.092202 0.450191 1.405476 1.414041 -0.058833 -0.504883 -0.136196 
6.289090 0.069707 -2.056210 -0.658183 2.742632 -0.145263 1.224748 1.202972 1.628407 0.022990 -0.540798 -0.064995 
4.471012 0.704628 -1.793567 0.002823 2.131033 0.715204 0.180892 1.625463 1.666868 -0.326467 -0.197593 -0.115550 
5.566816 0.229180 -2.013103 -0.396018 2.741393 -0.126276 1.097785 1.272878 1.827855 -0.086240 -0.436190 -0.056701 
5.633956 0.134593 -2.224958 -0.357876 2.895729 -0.395181 1.027617 1.364971 1.658664 -0.007245 -0.458015 -0.054206 
4.546288 0.520555 -2.095725 0.054012 2.199687 0.308771 -0.034092 1.464129 1.704143 -0.238882 -0.231966 -0.127230 
5.244781 0.520489 -2.102939 0.031552 3.047117 -0.729879 0.651227 1.439676 1.718797 0.125597 -0.360018 -0.050764 
5.561212 0.781028 -2.484248 0.497136 3.119679 -0.991061 0.817992 1.373344 1.614960 0.148023 -0.351543 -0.004144 
5.403244 0.384740 -1.799624 0.539840 2.628575 -0.737453 0.998531 1.274987 1.644736 -0.156424 -0.297467 0.007147 
4.003200 0.587369 -1.103835 0.794616 2.570682 -0.302374 0.393707 1.691239 1.442343 -0.222654 -0.150674 -0.065676 
5.979101 0.181421 -1.579974 -0.503636 3.929467 -1.769891 2.033907 1.422420 1.125402 0.194884 -0.640152 0.169469 
4.506438 1.089729 -1.456938 0.170558 3.406919 -0.881287 1.217414 1.660118 1.235833 -0.175239 -0.321886 0.031990 
4.557316 0.840979 -1.037742 -0.000493 3.740390 -1.261475 1.358410 1.671324 1.253085 0.013887 -0.423976 0.045342 
4.155451 0.765147 -0.624748 0.535743 3.219438 -1.191455 1.410297 1.601272 1.341286 -0.129743 -0.355665 0.008476 
5.017194 0.899031 -1.281422 -0.448684 4.203871 -1.743700 1.888080 1.580630 1.344363 0.176018 -0.632641 0.122317 
3.853648 1.132871 -0.676541 0.788950 3.277841 -1.108569 1.227250 1.717463 1.303912 -0.240061 -0.407768 -0.017342 
3.712308 0.824013 -0.124931 0.997177 3.575458 -0.672272 0.949918 1.759020 1.020307 -0.210157 -0.436982 -0.023299 
5.048319 0.480163 -0.701074 0.411192 4.226929 -1.160041 1.042545 1.476945 0.982464 0.041190 -0.419969 0.111759 
4.231789 0.982210 -0.329235 0.932657 2.898996 0.054588 0.389876 1.785080 1.179718 -0.569988 -0.222831 0.007938 
4.541768 0.708482 -0.000917 1.067912 2.994806 -0.518454 0.791825 1.678854 1.634169 -0.263583 -0.318538 0.022998 
4.628040 0.869379 0.572568 1.492982 2.347110 -0.501680 0.623439 1.372656 1.680595 -0.032721 -0.322236 -0.032361 
4.141946 1.455265 0.319238 1.484110 2.105546 -0.047544 0.607883 1.242103 1.589313 -0.105278 -0.262815 -0.076111 
3.874404 1.418574 0.844095 1.546612 1.975703 -0.025037 1.226405 1.313333 1.655532 0.037052 -0.344440 -0.072230 
4.036070 1.275747 1.580066 1.117884 1.529176 -0.155254 1.391759 1.390363 1.650402 0.290544 -0.267247 -0.041008 
3.918409 1.089224 1.150669 0.440985 2.206787 -0.263474 1.539573 1.516900 1.916847 0.133945 -0.172159 0.039107 
3.685124 1.440963 0.902513 0.802108 1.506988 0.242319 1.034664 1.567898 1.348366 0.051494 -0.129630 0.001366 
3.516160 1.139935 0.921240 0.263571 2.093594 0.189813 1.184869 1.879067 1.798765 -0.076058 -0.080764 0.025163 
3.668057 0.679690 1.571353 -1.132239 2.948162 0.615850 0.874276 2.351247 1.715743 -0.512870 0.124380 0.098643 
3.192619 -0.053077 2.514284 -1.018124 2.545556 2.075247 0.436370 2.256863 1.223231 -0.498216 0.065774 0.058284 
