2.641891 1.914998 1.827113 1.592919 1.236125 1.010592 0.901745 0.700852 0.635332 0.397474 0.246461 0.077728 
2.687304 2.095660 1.811794 1.746413 1.260084 0.890327 1.045989 0.711794 0.613569 0.604069 0.363902 0.082170 
2.715695 1.993564 1.609445 1.396988 1.203048 0.873467 0.685880 0.542951 0.317577 0.521688 0.312584 0.086051 
2.792756 2.166156 1.737810 1.554116 1.071815 0.971191 0.814931 0.427421 0.452725 0.264829 0.152003 0.075340 
3.036214 2.943624 2.712428 2.353114 1.675977 1.391353 0.854048 0.457544 0.046620 -0.106975 -0.072713 0.008548 
3.785335 3.401961 2.905817 2.457911 1.883277 1.391780 1.028548 0.427611 0.006907 -0.157968 0.018150 -0.006006 
3.399079 2.887508 2.766943 2.324391 1.876881 1.509788 0.899439 0.319071 -0.078453 -0.139747 -0.027214 -0.006804 
3.466714 3.126845 2.664987 2.364492 2.037121 1.326270 0.870592 0.117986 -0.035610 -0.186814 -0.058873 -0.021817 
3.755345 3.535644 3.192363 2.537904 2.253200 1.255825 0.987825 0.033462 -0.605347 -0.231073 -0.015242 -0.046649 
4.317455 3.591343 3.085409 3.213876 2.465052 0.637503 0.556477 -0.205932 -0.718712 -0.140079 -0.090602 -0.051145 
4.148830 3.335851 2.922185 3.086849 2.316095 0.542592 -0.182730 -0.385097 -0.701140 -0.220216 -0.138386 -0.072758 
3.780433 2.984115 2.744636 2.972494 1.834395 0.162164 -0.280973 -0.446084 -0.494255 -0.359836 -0.185720 -0.078501 
3.666081 2.914049 2.496064 2.202605 1.543784 0.529221 -0.121376 -0.468464 -0.536299 -0.305112 -0.248298 -0.079356 
3.756056 2.992057 2.701286 2.657044 1.617528 0.193642 -0.368812 -0.476752 -0.727033 -0.537987 -0.228546 -0.094848 
4.536073 3.196662 2.692643 3.147541 1.826220 -0.267961 -0.394958 -0.798112 -0.954052 -0.446016 -0.319533 -0.118831 
3.659516 2.937725 2.446670 2.010015 1.200528 0.121541 -0.316758 -0.569222 -0.773295 -0.630317 -0.298810 -0.113896 
3.540353 2.968954 2.406517 1.754857 1.002023 0.148969 -0.296708 -0.744401 -0.891229 -0.668681 -0.261862 -0.114037 
4.213942 3.260534 2.765313 2.411836 1.330445 -0.140502 -0.284710 -0.517883 -0.890409 -0.697997 -0.292974 -0.114137 
3.751024 3.028695 2.916185 2.470865 1.064413 -0.137770 -0.232271 -0.385672 -0.802918 -0.735471 -0.266625 -0.114597 
3.701252 2.957097 2.542630 2.350823 1.419414 0.284880 -0.361946 -0.656420 -0.934922 -0.726115 -0.231027 -0.118230 
3.604497 2.666522 2.298621 2.064136 1.245464 0.174257 -0.238906 -0.660723 -1.050139 -0.762382 -0.235511 -0.119612 
5.652846 2.620070 1.694056 2.542590 1.343259 -0.666048 0.199759 -0.324699 -1.917881 -1.059839 -0.272365 -0.053794 
3.909895 2.673809 2.141187 2.052538 1.242327 0.062435 -0.565616 -1.061875 -1.367272 -0.900668 -0.197856 -0.124910 
3.608986 2.580176 1.836303 1.504545 0.958980 0.031337 -0.579659 -1.284473 -1.433828 -0.882798 -0.158121 -0.127292 
3.247201 2.359429 1.771560 1.231447 0.541192 -0.316602 -0.823626 -0.943616 -0.975798 -0.651271 -0.291556 -0.140181 
4.279200 2.940152 2.206578 2.111581 1.389404 0.006145 -0.588470 -1.079848 -1.409612 -0.972618 -0.254706 -0.126347 
3.722226 2.727331 2.118089 1.935931 1.165361 0.082380 -0.787277 -1.345399 -1.280196 -0.782212 -0.226868 -0.142362 
3.748954 2.718797 2.308481 2.127914 1.216987 -0.064242 -0.622025 -0.894823 -1.097012 -0.732894 -0.277633 -0.135451 
3.391382 2.564437 2.136734 1.836674 0.928747 -0.004230 -0.370049 -0.682779 -0.874182 -0.672161 -0.331515 -0.126302 
3.746620 2.707432 2.452083 2.510756 1.749957 0.175921 -0.604571 -0.859968 -1.012044 -0.685273 -0.257923 -0.134627 
3.567546 2.670268 2.240433 2.106220 1.254697 0.055896 -0.436917 -0.653385 -0.784106 -0.712220 -0.305337 -0.121947 
3.622829 2.830038 2.304427 1.774152 0.966758 0.096232 -0.357002 -0.520205 -0.725891 -0.739297 -0.324907 -0.122456 
4.227359 3.082743 2.581660 2.701952 1.630912 0.156744 -0.526211 -0.853483 -0.884056 -0.617571 -0.305095 -0.126774 
3.811183 2.947740 2.432216 2.292499 1.623766 0.315384 -0.530799 -0.892633 -0.939576 -0.608543 -0.276066 -0.125609 
3.713529 2.994209 2.257640 1.889561 1.356293 0.260259 -0.646713 -1.019799 -0.691546 -0.481332 -0.356351 -0.126472 
3.617443 2.808246 2.082192 1.627434 1.306494 0.175512 -0.577759 -0.838909 -0.794281 -0.495346 -0.357349 -0.121698 
4.033158 3.034779 2.380754 2.517670 1.863420 0.225969 -0.915488 -1.237177 -1.044207 -0.698103 -0.273880 -0.146547 
3.832779 3.008334 2.186578 1.806805 1.269116 -0.058970 -0.765660 -1.136783 -1.015544 -0.669530 -0.315017 -0.135220 
3.213902 2.587199 2.036852 1.428718 0.668961 -0.213798 -0.782061 -0.994894 -0.832154 -0.536077 -0.352921 -0.130103 
3.709938 2.850739 2.332629 2.038159 1.034080 0.072145 -0.577269 -0.787659 -0.957272 -0.693552 -0.297271 -0.124586 
3.657172 2.941082 2.379851 1.894118 1.208849 -0.018968 -0.707662 -0.942169 -1.157710 -0.734298 -0.274092 -0.134241 
4.059221 3.146591 2.456839 2.167944 1.377926 -0.207171 -0.766480 -1.004063 -1.022849 -0.669497 -0.328779 -0.133158 
3.340345 2.608181 2.135813 1.513248 0.570189 -0.243340 -0.710549 -0.869629 -0.941986 -0.674816 -0.284571 -0.125049 
3.846781 3.213074 2.540824 1.897483 0.846818 -0.282010 -1.028930 -1.240147 -1.102151 -0.630908 -0.351807 -0.137080 
3.969531 3.182293 2.383988 2.102724 1.282174 -0.142253 -1.088889 -1.394814 -1.098250 -0.802566 -0.295851 -0.143389 
5.701166 3.315687 1.834111 2.425897 1.938140 -0.666711 -0.960962 -1.786093 -1.532747 -0.418208 -0.311329 -0.130581 
5.193937 3.509583 1.885862 1.403625 1.360761 0.078206 -0.739706 -1.815018 -1.295026 -0.511964 -0.289318 -0.104854 
4.122627 3.240607 2.437335 1.864641 1.106322 -0.199967 -1.118865 -1.543505 -1.282619 -0.650358 -0.320242 -0.134469 
5.015797 3.423913 1.977370 1.951337 1.806723 0.002425 -1.310762 -2.267469 -1.703467 -0.628040 -0.315504 -0.141783 
4.655534 3.361642 1.913871 1.411608 1.213512 -0.107592 -1.673381 -2.232919 -1.629718 -0.583119 -0.289794 -0.122215 
4.227690 3.153354 1.961039 1.175845 0.764765 -0.214031 -1.267573 -1.865935 -1.370632 -0.591805 -0.243126 -0.100189 
3.944820 2.921667 1.992936 1.407533 1.210824 -0.210071 -1.676640 -2.185167 -1.604519 -0.612739 -0.180792 -0.125455 
5.608510 3.303443 1.427821 1.409787 1.986849 0.143586 -2.217357 -2.620193 -1.554476 -0.659489 -0.235457 -0.139609 
4.800010 3.138015 1.797257 1.545387 1.351561 0.094446 -1.714830 -2.145909 -1.371905 -0.594426 -0.228541 -0.113159 
4.283712 3.127538 1.836937 1.197953 0.848189 -0.086397 -1.036590 -1.692512 -1.331705 -0.605855 -0.214789 -0.086440 
4.479176 3.258679 2.167168 1.676638 1.317978 0.142742 -1.220313 -1.853919 -1.235890 -0.552671 -0.233591 -0.101230 
4.569890 3.378670 2.167522 1.700867 1.535883 0.262486 -1.066825 -1.578329 -1.292599 -0.640740 -0.193007 -0.085136 
6.074665 3.310701 1.882654 1.199466 2.593386 -0.155213 -1.186734 -1.541325 -1.125513 -0.546523 -0.256212 -0.080410 
4.467416 3.354054 2.273217 1.513529 1.378652 0.335027 -1.084421 -1.453052 -0.884523 -0.493135 -0.145678 -0.059659 
5.492727 3.472896 2.283480 1.406844 3.111280 -0.037500 -1.362036 -1.750625 -0.560344 -0.464247 -0.209518 -0.092704 
4.386359 3.439932 2.441736 2.120483 2.515122 0.249466 -1.021445 -1.347990 -1.026247 -0.474930 -0.112073 -0.079761 
5.255769 4.018505 2.089198 1.447578 3.567921 0.433534 -1.579031 -1.462009 -0.314885 -0.651791 -0.080374 -0.130446 
3.644016 3.064506 2.502255 1.829518 1.103973 0.202677 -0.650780 -0.669689 -0.550688 -0.408100 -0.103784 -0.040720 
4.760189 3.543463 2.844420 2.464125 2.224446 0.408669 -1.094609 -0.968537 -0.360797 -0.393318 -0.095379 -0.047326 
4.205712 3.588840 2.923983 2.402185 2.259354 0.606939 -0.453982 -0.837122 -0.620228 -0.273395 0.008999 -0.025429 
4.616840 3.717561 3.183357 2.854460 2.765533 0.261271 -0.871121 -0.834196 -0.086107 0.000157 -0.064376 -0.022524 
3.118236 2.428183 2.178285 1.767389 0.991901 0.486367 0.112419 0.093924 0.016291 0.024043 0.057657 0.039073 
3.751754 3.368578 2.874987 2.351600 1.482174 0.541204 0.049386 -0.379845 0.016192 -0.045567 0.024930 0.017688 
3.309955 2.749365 2.527934 1.968800 1.877940 1.047644 -0.007441 -0.060787 -0.217734 0.029796 -0.059977 0.004301 
3.349359 2.790577 2.430394 2.480236 2.370291 1.833609 0.984856 0.534559 0.118354 0.015593 0.034871 0.021000 
3.083659 2.501522 2.437288 1.998939 1.951477 1.456075 0.603416 0.310064 0.150833 0.143061 0.108405 0.039008 
3.105855 2.621610 2.198989 1.731867 1.920052 1.408021 0.709858 0.422111 0.047538 0.012533 0.063332 0.037273 
3.672913 2.910782 2.793676 1.934355 2.926688 1.653175 0.463061 0.021301 -0.151228 -0.171958 0.132480 0.009757 
3.098691 2.368587 2.024316 1.809544 1.832888 1.307628 0.552214 0.324031 0.088745 -0.030010 0.099383 0.048952 
3.191004 2.454809 2.477133 2.335493 1.620706 1.440178 0.965925 0.383931 0.078929 -0.068263 0.104804 0.038421 
2.842001 2.292322 2.192198 1.776481 1.558952 1.195258 0.608014 0.466313 0.236700 0.010352 0.056568 0.052849 
3.138462 2.518904 2.826998 2.283780 2.099184 1.581001 1.097692 0.287350 0.194834 -0.168485 0.185957 0.040404 
2.980554 2.480794 2.556230 2.098576 1.831866 1.348641 0.763324 0.549597 0.498906 0.081944 0.060137 0.051149 
2.661402 2.118096 1.957429 1.609309 1.271612 1.317830 0.848402 0.416743 0.475720 0.263198 0.146015 0.072825 
2.839727 2.407856 2.338363 1.946730 1.943684 1.409041 0.870093 0.473059 0.130872 0.287445 0.030342 0.054289 
3.148288 2.719794 2.678935 2.042350 1.670648 1.414220 0.954525 0.635234 0.313336 0.162267 0.028123 0.043494 
3.008839 2.550942 2.272531 2.101748 1.830158 1.506498 1.102405 0.586879 0.389276 0.238932 0.050938 0.055654 
2.802276 2.303038 2.015226 1.801691 1.460313 1.075168 0.882768 0.601798 0.394916 0.280084 0.204126 0.067417 
3.194755 2.775467 2.581567 2.375503 2.035513 1.713256 1.303749 0.623992 0.659093 0.304489 0.110840 0.062964 
3.080207 2.666130 2.543171 1.981489 2.288267 1.537832 0.943966 0.721343 0.335412 0.081871 0.177117 0.054806 
