3.484170 3.046999 2.796886 2.244302 2.057598 1.196045 0.669218 0.377499 0.023735 -0.106482 -0.043856 -0.014513 
4.319536 3.829691 3.120264 2.312720 2.720144 1.376224 0.869734 0.594214 -0.684221 -0.340474 0.007803 -0.034482 
3.422258 3.075313 2.507788 1.928786 1.634682 1.319137 0.785174 0.364764 -0.121589 -0.196351 -0.111930 -0.037645 
4.947486 3.542813 3.700096 2.363940 3.437503 2.211296 0.857216 0.675124 -1.481039 -0.509780 0.087138 -0.053086 
3.985174 3.453339 3.119963 2.492336 2.832631 1.758391 0.861137 0.191491 -0.892515 -0.305133 0.028719 -0.055015 
3.559095 3.263712 3.077865 2.360641 2.274550 1.380954 0.521416 0.018447 -0.608819 -0.285035 -0.072241 -0.073116 
3.553055 3.178523 2.751949 2.191143 1.652263 1.110491 0.469425 -0.007877 -0.544124 -0.354413 -0.155011 -0.070895 
3.859238 3.256827 3.052611 2.031476 1.807209 0.941310 0.132392 0.120038 -0.597732 -0.447683 -0.135267 -0.075972 
4.537365 3.936682 3.213290 2.092360 3.234540 0.856720 0.786570 0.048646 -0.864434 -1.038548 -0.080950 -0.077174 
3.570688 3.154171 2.835263 2.365242 1.780909 1.251337 0.427937 -0.286378 -0.651869 -0.506827 -0.185490 -0.091379 
4.035783 3.810954 2.904209 2.348278 2.138928 1.151158 0.526119 -0.252057 -0.875209 -0.660633 -0.148486 -0.098647 
3.845591 3.270885 2.756965 2.436876 1.658574 0.775048 0.197220 -0.539447 -0.417297 -0.654855 -0.236554 -0.108499 
3.714849 3.144789 2.635742 2.220373 1.856048 1.015863 0.196702 -0.408693 -0.776056 -0.562671 -0.219523 -0.103006 
3.945705 3.413001 2.475088 1.930930 1.411021 0.961754 0.471439 -0.092172 -0.569273 -0.678300 -0.279324 -0.107406 
4.276486 3.338258 2.552414 1.777049 1.969936 1.193032 0.740741 -0.148706 -0.971409 -0.668822 -0.257569 -0.092944 
4.662371 3.512568 2.292709 1.541128 2.038038 1.571818 0.961761 -0.487833 -0.723334 -0.794197 -0.266206 -0.076837 
3.521718 2.874636 2.355809 1.993668 1.522233 1.008018 0.338251 -0.324805 -0.519639 -0.586198 -0.362134 -0.105090 
3.672734 3.040711 2.285501 1.812097 1.411125 0.810754 0.265984 -0.463977 -0.641604 -0.607030 -0.352573 -0.115038 
4.286346 3.594458 2.579197 1.542139 1.346511 1.015761 0.660108 -0.348620 -0.698471 -1.006155 -0.264107 -0.115545 
3.607873 2.993212 2.287508 1.856566 1.304759 0.636616 -0.213943 -0.661123 -0.652999 -0.509074 -0.363080 -0.122942 
3.446237 2.812456 2.331569 1.660971 1.350398 0.696583 0.316939 -0.489502 -0.740501 -0.674464 -0.358963 -0.117196 
3.976863 3.177455 2.291001 1.830615 1.505381 0.877831 0.108127 -0.833167 -0.873095 -0.777817 -0.262092 -0.114341 
4.657721 3.562124 2.050331 1.497636 1.801481 0.957073 0.053850 -0.931662 -0.896770 -0.675864 -0.306118 -0.109283 
3.330762 2.610341 1.886663 1.494143 1.055315 0.500670 -0.059284 -0.464606 -0.655516 -0.668015 -0.407797 -0.115566 
3.900977 3.040100 2.177867 1.843707 1.609654 0.610931 -0.263761 -0.902896 -0.750122 -0.612698 -0.295664 -0.116594 
4.236808 3.244067 2.116733 1.613300 1.339100 0.685266 -0.175905 -0.784057 -0.775190 -0.763062 -0.287057 -0.112937 
3.575801 2.825730 2.052890 1.535200 1.154381 0.434404 -0.193018 -0.651843 -0.699843 -0.596936 -0.367097 -0.119614 
3.614362 2.972036 2.321349 1.747568 1.147391 0.212109 -0.649565 -0.943326 -0.767474 -0.574823 -0.334829 -0.125158 
5.309057 3.772292 1.815065 1.579642 1.775091 0.753583 -0.864443 -1.201754 -1.244098 -0.571979 -0.302999 -0.114605 
3.611846 2.814419 2.076457 1.417716 1.080394 0.545667 -0.442432 -1.012638 -0.985403 -0.589758 -0.284731 -0.113568 
3.633956 2.970290 2.269417 1.579147 0.899661 0.130056 -0.608054 -1.093960 -0.941007 -0.601618 -0.290007 -0.117863 
4.785767 3.419066 2.030832 1.449098 1.533682 0.727396 -0.725257 -1.658444 -1.202921 -0.600785 -0.255592 -0.102456 
3.713497 3.059709 1.960721 1.183417 0.858475 0.240829 -0.508966 -0.985811 -0.984213 -0.621371 -0.272442 -0.109061 
3.692813 2.962624 2.244968 1.597328 0.853066 0.234244 -0.796568 -1.278375 -1.010573 -0.703195 -0.250243 -0.119731 
3.932200 3.091300 2.171154 1.517486 1.114774 0.307497 -0.849086 -1.288187 -0.947764 -0.675658 -0.277808 -0.121115 
5.261024 3.169045 2.489168 1.234478 1.649940 0.988148 -1.375723 -1.716535 -0.799649 -0.627159 -0.281902 -0.116552 
3.653249 3.004746 2.104924 1.119859 0.877347 0.271443 -0.811862 -1.167344 -1.050759 -0.715904 -0.265465 -0.120603 
3.687919 2.923469 2.179946 1.570337 1.321550 0.381914 -0.764672 -1.255076 -1.119090 -0.572791 -0.275194 -0.127704 
3.417379 2.729178 2.123647 1.373395 0.929366 -0.034855 -0.872906 -0.911724 -0.838928 -0.515754 -0.341545 -0.129180 
3.415680 2.731890 1.889659 1.062146 1.013580 0.258483 -0.537527 -0.776128 -0.893617 -0.627767 -0.364592 -0.131373 
4.342301 3.130006 2.503691 1.478011 1.736255 0.962602 -0.905446 -1.221051 -1.085125 -0.540395 -0.309069 -0.134180 
3.467920 2.808958 2.013398 1.380815 1.089769 0.388024 -0.507896 -0.959458 -0.896023 -0.609680 -0.356252 -0.132802 
3.538740 2.671637 1.842550 1.177766 1.102501 0.259028 -0.698310 -0.854880 -0.806080 -0.608112 -0.356257 -0.130372 
3.369974 2.559932 1.716479 1.363803 1.196613 0.375085 -0.563477 -1.125539 -1.001316 -0.533306 -0.321857 -0.124644 
4.125877 2.986856 1.925268 1.330231 2.310852 1.128812 -0.818889 -1.598780 -1.077716 -0.492153 -0.197723 -0.114770 
3.690407 2.652183 1.904253 1.539746 1.811655 0.545236 -0.990402 -1.231907 -0.921419 -0.403188 -0.296480 -0.132111 
3.786724 2.797060 1.840954 1.321497 1.539317 0.880546 -0.859079 -1.320095 -0.785419 -0.490622 -0.265251 -0.112683 
3.226622 2.541547 2.144724 1.411183 1.244534 0.190198 -0.760467 -0.826590 -0.823052 -0.410995 -0.350106 -0.116911 
4.224050 3.317433 1.907111 1.220707 3.028145 1.096255 -1.241253 -1.196731 -0.976784 -0.245375 -0.178560 -0.137293 
3.628548 2.591900 2.088833 1.665190 1.922286 0.821310 -0.764122 -0.904588 -0.694709 -0.377547 -0.284565 -0.114171 
3.731417 2.828814 1.857616 1.084864 1.684937 0.702439 -0.565178 -0.658541 -0.945864 -0.320806 -0.268155 -0.091607 
3.311871 2.452886 1.708664 1.417450 1.209555 0.142032 -0.539498 -0.872020 -0.551755 -0.263500 -0.362157 -0.094055 
4.871772 3.427445 1.634560 0.775586 3.435364 0.438804 -1.341324 -0.947929 -1.155408 0.212113 -0.182815 -0.135341 
5.019892 3.214183 1.928883 0.011767 3.991848 0.566960 -1.513355 -0.895514 -1.310935 0.215029 -0.080242 -0.161214 
3.979477 2.601265 2.201476 1.489055 2.437182 0.652033 -1.498749 -0.959625 -1.143787 0.066143 -0.173107 -0.127478 
3.324012 2.441737 1.959366 1.295705 1.922865 0.172914 -1.022215 -0.861222 -0.781281 0.070731 -0.226687 -0.088682 
5.201588 3.725268 1.333036 -0.661990 5.741909 -0.210664 -1.183466 -0.812682 -1.363107 0.616311 -0.155181 -0.155844 
4.690143 3.169691 2.000564 -0.151951 4.446818 0.294245 -0.720465 -0.600904 -1.415163 0.706815 -0.094483 -0.083633 
3.259382 2.244422 1.911839 0.986689 2.299040 0.688560 -0.240962 -0.141559 -0.809484 0.351511 -0.062323 -0.035174 
3.086835 2.299618 1.845483 1.287826 1.635324 0.471456 0.018458 0.120294 -0.310702 0.003174 -0.132473 -0.024527 
3.481936 2.768784 2.381924 1.228161 2.891969 1.029143 0.381203 0.246162 -0.863579 0.405091 -0.197758 -0.040390 
4.185500 3.002124 1.910574 1.247133 4.324902 1.586911 0.429741 0.181012 -0.576788 0.111163 -0.133290 -0.058098 
2.991077 2.632791 2.296453 1.808716 1.692285 0.873114 0.736312 0.226073 -0.195040 -0.190168 -0.240560 -0.007357 
3.879841 2.796871 2.337058 1.511546 3.161798 1.783983 0.514380 0.247778 -0.468950 -0.349373 -0.053594 -0.023281 
3.045389 2.166430 2.075230 2.044939 1.820727 1.173601 0.328634 0.023614 -0.087369 -0.101356 -0.093880 0.017860 
4.111994 2.410453 1.880843 1.540509 3.500910 1.622829 0.883824 0.300677 -0.547305 -0.126135 -0.179022 -0.018475 
3.504721 2.269733 1.775504 1.713816 2.671975 1.285275 0.685968 0.304365 -0.206791 -0.232144 -0.230707 0.000369 
3.637427 2.127676 1.962805 1.795772 2.890042 1.377820 0.700024 0.234074 -0.059066 -0.033996 -0.160087 0.002737 
3.144637 2.142346 1.994471 2.053742 2.384442 1.005451 0.645927 0.302660 -0.219802 -0.026293 -0.021749 0.035392 
3.250587 2.257825 2.034488 1.677271 1.679991 1.032878 0.897103 0.767615 -0.074459 0.051540 0.075236 0.052351 
3.173279 2.308691 1.986636 1.567402 1.331572 0.976100 0.819432 0.528524 -0.102747 0.195381 0.127136 0.062726 
3.091403 2.143455 1.981161 1.725958 1.442820 1.291682 1.299391 0.284910 -0.131038 0.201884 0.158809 0.064711 
2.783738 2.018266 1.673214 1.613239 1.390342 0.919009 0.898495 0.442608 0.126081 0.156290 0.173674 0.076818 
3.001068 2.176090 1.604791 1.384243 1.697025 1.323542 0.830231 0.600761 0.089648 0.087978 0.241734 0.078617 
3.196983 2.261425 1.431769 1.320929 0.943650 1.071988 1.197268 0.807068 0.237022 0.149039 0.258488 0.082931 
2.905000 2.217392 1.761919 1.412185 1.278265 1.232827 1.428636 0.732397 0.329585 0.346199 0.099665 0.071111 
3.025268 2.280545 1.867016 1.499820 1.220086 1.055294 1.260725 0.853052 0.438821 0.210279 0.175422 0.067656 
3.008025 2.234880 1.912999 1.534644 1.141673 0.966190 0.877961 0.656162 0.264200 0.424985 0.260113 0.076947 
3.438364 2.299268 1.890434 2.286405 2.068225 0.852953 1.056956 0.721510 -0.017345 0.174832 0.168783 0.070809 
3.436454 1.934359 2.406631 2.839539 1.820079 0.902256 1.081301 0.623994 0.018362 0.145137 0.211535 0.061938 
3.008460 1.905925 1.927039 2.340314 1.640770 1.120173 1.160601 0.715770 0.201571 0.096448 0.193891 0.073475 
2.724863 1.900810 1.751028 1.906390 1.276121 0.763862 0.895326 0.684569 0.311779 0.236945 0.259247 0.077965 
3.141103 1.640304 1.922158 2.465025 1.799636 0.732104 0.834437 0.780962 0.160795 0.173853 0.248710 0.083956 
2.991529 1.935874 1.852675 2.168068 1.727102 1.090665 0.973772 0.334328 0.134196 -0.089939 0.014455 0.060710 
2.957568 2.246273 1.949490 1.773851 1.472711 1.036499 1.134945 0.645755 0.255671 0.064592 0.109639 0.064830 
