3.136658 2.188323 2.385385 1.920496 1.137447 1.627461 1.938337 -0.008994 0.028629 0.418544 0.303426 0.062239 
3.355556 2.696870 2.500916 1.949833 1.186621 1.490398 2.787732 -0.001252 0.181704 0.625877 0.242501 0.058896 
3.171090 2.662906 2.244662 1.631950 1.333156 1.393567 2.522226 0.466570 0.362812 0.606067 0.172567 0.066422 
3.189668 2.403047 2.481748 2.070921 1.177064 0.495525 1.761593 0.826112 0.413365 0.444318 0.053406 0.044235 
3.181464 2.614210 1.970718 1.475950 1.866327 0.876255 1.045965 0.512361 0.722696 0.504362 -0.033454 0.042879 
3.857409 2.241035 2.210140 1.687756 1.079408 0.276486 1.850661 -0.005808 0.459554 0.857244 -0.047129 0.008876 
3.331065 2.113845 1.913185 1.164397 0.768296 0.887186 0.889610 0.078518 0.746095 0.644276 0.006058 0.042696 
2.946623 2.323565 1.922685 1.281242 0.824214 0.550328 0.500922 0.260361 0.165710 0.066770 0.030165 0.036380 
4.279782 3.185691 3.339514 1.875712 0.627734 0.508520 0.083229 -0.758938 -0.398570 0.375149 -0.072090 -0.008979 
3.360988 2.968158 2.710337 2.052029 1.069451 0.664126 -0.031002 -0.429814 -0.297136 -0.145540 -0.013043 -0.041143 
3.432628 2.989994 2.659024 2.080945 1.461872 0.441103 -0.268499 -0.388902 -0.351862 -0.058945 -0.069737 -0.060052 
3.301876 2.789048 2.466018 1.805597 1.220109 0.174904 -0.234609 -0.377433 -0.361300 -0.031061 -0.032214 -0.056037 
4.507798 3.861327 3.667350 1.928225 3.573474 0.261652 -1.366915 -1.708123 -0.979740 0.009344 -0.287383 -0.134994 
3.854042 3.528212 3.089554 2.457370 2.136332 0.375502 -0.763359 -1.369637 -1.093432 -0.438716 -0.094330 -0.115944 
3.723421 3.435644 3.255247 2.353956 1.844285 0.227516 -0.832488 -1.091589 -1.111278 -0.558689 -0.108534 -0.124099 
3.898214 3.303540 2.902708 2.150428 1.355511 0.249570 -0.739972 -0.871064 -0.876782 -0.513246 -0.115420 -0.086094 
3.968120 3.389948 3.112576 2.764533 1.831692 0.031456 -0.841628 -1.156557 -1.150835 -0.805483 -0.152443 -0.135661 
3.878868 3.306473 2.817723 2.298510 1.242830 0.033687 -0.682148 -0.989765 -1.155543 -0.895385 -0.106300 -0.117744 
4.448616 3.416178 2.965480 2.603037 2.242528 -0.669095 -0.624661 -1.042981 -1.234038 -0.889462 -0.296707 -0.124598 
3.876129 3.256789 2.717789 1.956529 1.149658 -0.268432 -0.620707 -0.984960 -1.008677 -0.723944 -0.201580 -0.113115 
3.834223 3.299195 2.864717 1.993905 1.512393 0.019887 -0.720642 -1.049571 -1.258587 -0.650721 -0.231120 -0.133256 
3.791268 3.380925 2.615230 1.621787 1.627882 -0.344151 -0.628405 -1.303467 -1.374953 -0.493312 -0.278598 -0.122422 
4.692776 3.847789 2.531690 2.222016 3.574811 -1.468695 -0.847171 -1.782893 -1.761749 -0.417330 -0.612532 -0.137754 
3.510721 2.914777 2.523039 1.793754 1.213068 -0.373310 -1.168050 -1.365520 -1.019989 -0.472751 -0.278532 -0.132269 
3.386239 2.762417 2.144172 1.414943 0.728283 -0.013492 -0.831817 -1.038913 -0.956246 -0.548300 -0.211207 -0.111293 
4.173661 3.420765 2.532854 2.293032 1.529866 0.033923 -1.436734 -1.928761 -1.481255 -0.716314 -0.288168 -0.158845 
4.620802 3.803831 2.273893 2.607017 2.758263 -0.993193 -1.166057 -2.551578 -1.304622 -0.518890 -0.471557 -0.178839 
3.672904 3.183503 2.639458 2.116903 1.239259 -0.479855 -1.393734 -1.644541 -1.157969 -0.713145 -0.271187 -0.151210 
3.203875 2.610177 1.932586 1.247004 0.562988 -0.328291 -0.953336 -1.161935 -0.978277 -0.533423 -0.188365 -0.111792 
3.774054 3.492392 2.733668 2.069639 1.390820 -0.405738 -0.875785 -1.811571 -1.240054 -0.706511 -0.281163 -0.145588 
4.184789 3.608991 2.691825 2.192892 1.467687 -0.592661 -1.246704 -1.927412 -1.043240 -0.866127 -0.331916 -0.149771 
3.998107 3.726519 2.740339 2.627684 1.585211 -0.656908 -1.432201 -2.154917 -1.162249 -0.940064 -0.377100 -0.187311 
3.529614 3.056978 2.366609 1.450269 0.575193 -0.508797 -1.000400 -1.420020 -1.123122 -0.732592 -0.188645 -0.114692 
4.034081 3.335847 2.705372 1.751228 1.026622 -0.528080 -1.150785 -1.581717 -1.300773 -0.707163 -0.270530 -0.119113 
4.028940 3.499056 2.626559 1.875579 1.677210 -0.345219 -1.501823 -2.083941 -1.483572 -0.577868 -0.327276 -0.148352 
4.072456 3.426583 2.323575 1.899498 1.851030 -0.369096 -1.317381 -2.516174 -1.477871 -0.523897 -0.287216 -0.145669 
3.756862 3.027708 2.284115 2.015609 1.851113 -0.186221 -1.582420 -2.360249 -1.433830 -0.461388 -0.216607 -0.169166 
4.090031 3.140959 1.963017 1.774522 1.939105 -0.159026 -1.536172 -2.440109 -1.425678 -0.373638 -0.224171 -0.146986 
3.253669 2.390864 1.759566 1.426190 1.005642 -0.239624 -1.246517 -1.725911 -0.978386 -0.374210 -0.151843 -0.135924 
4.430067 3.447789 2.047022 1.895343 2.474662 0.166554 -1.625924 -3.080205 -1.561621 -0.360323 -0.257080 -0.175223 
3.605504 2.740813 1.920736 1.721306 1.370949 -0.280473 -1.577676 -2.303026 -1.413360 -0.430550 -0.144329 -0.152489 
3.884808 2.943917 2.007593 1.834658 1.939598 -0.052907 -1.678548 -2.759227 -1.643535 -0.481039 -0.141970 -0.169531 
3.225105 2.402664 1.758762 1.251593 0.711015 -0.366093 -1.371344 -1.680294 -1.105190 -0.452171 -0.132219 -0.134653 
3.562882 2.735029 1.765967 1.094910 1.228828 0.100533 -1.139739 -2.008277 -1.371518 -0.547481 -0.096921 -0.117639 
3.748945 2.883795 1.924624 1.517869 1.642283 0.132025 -1.441596 -2.251169 -1.391918 -0.368355 -0.168596 -0.142347 
3.819025 2.956396 1.786924 1.444243 1.529105 0.173545 -1.430184 -2.425877 -1.433958 -0.440303 -0.137856 -0.131361 
4.033700 3.020926 1.944622 1.877999 1.945618 0.207780 -1.555335 -2.560150 -1.436329 -0.430200 -0.173596 -0.159094 
3.480805 2.643952 1.569448 1.028040 1.038947 0.009258 -1.265081 -1.794128 -1.321675 -0.486941 -0.088672 -0.112997 
3.653622 2.893809 1.823731 1.487552 1.246885 0.007356 -1.243985 -2.128728 -1.292582 -0.569679 -0.101695 -0.123052 
4.087195 3.121068 2.114603 1.616251 1.851014 0.284351 -1.634723 -2.625608 -1.608054 -0.400120 -0.190632 -0.146295 
3.691229 2.807989 2.114161 1.669989 1.257290 -0.068049 -1.615301 -2.267040 -1.386236 -0.582048 -0.124292 -0.145140 
3.956557 3.061822 2.006570 1.553705 1.715308 0.092384 -1.404285 -2.229371 -1.508540 -0.435892 -0.185606 -0.135395 
3.491676 2.681933 1.763475 1.278855 1.003535 -0.047663 -1.284211 -1.737087 -1.195257 -0.540049 -0.115178 -0.122567 
4.013590 2.793377 2.238270 1.754977 1.612927 0.108569 -1.343007 -2.277648 -1.025611 -0.644759 -0.176508 -0.139281 
3.671024 2.844258 2.078793 1.458198 1.591625 0.046082 -1.483211 -2.048805 -1.279240 -0.565134 -0.144598 -0.143645 
3.991470 2.965025 2.019807 1.267732 1.841779 0.099856 -1.846324 -2.366536 -1.249279 -0.725946 -0.121941 -0.142460 
4.712265 2.818058 2.023617 0.972380 2.453466 0.387418 -2.115078 -2.581289 -1.021605 -0.878469 -0.141019 -0.134880 
3.860240 2.669625 2.234258 1.732727 1.290767 -0.106973 -1.791290 -2.146645 -1.206707 -0.629794 -0.179587 -0.146950 
3.707254 2.684194 2.115503 1.557198 0.936734 0.080223 -1.393447 -1.767855 -1.200173 -0.628216 -0.144304 -0.121403 
4.663985 3.141630 1.945429 1.598310 2.342136 0.320738 -2.099306 -2.389058 -1.163991 -0.878007 -0.171035 -0.155982 
4.222133 2.931263 2.185224 1.649653 1.729957 0.267302 -2.118137 -2.250856 -1.328637 -0.721427 -0.162867 -0.149061 
4.122915 2.738040 2.234436 2.010262 2.052593 0.353056 -2.299830 -2.266449 -1.323918 -0.901125 -0.110974 -0.175339 
3.715712 2.571206 1.918385 1.658584 1.115226 -0.147844 -1.624737 -1.907643 -1.044587 -0.500381 -0.164555 -0.134848 
4.828022 3.251267 1.960895 1.437853 2.448661 0.347392 -2.092023 -2.382958 -0.983714 -0.634960 -0.192205 -0.158740 
3.909843 2.875702 2.059298 1.828205 1.508168 -0.102224 -1.811464 -2.165693 -1.302372 -0.594386 -0.179470 -0.152238 
4.142722 2.964455 2.229097 2.283029 1.863621 -0.170115 -2.109114 -2.434327 -1.422212 -0.523205 -0.263210 -0.189982 
4.435015 2.986802 2.288095 2.821247 2.165291 -0.296010 -2.251339 -2.310278 -1.311970 -0.536841 -0.342925 -0.212740 
4.815618 3.004784 2.128376 2.227471 1.846600 0.071500 -1.820381 -1.992747 -0.877952 -0.308543 -0.257426 -0.145194 
3.793112 3.273719 2.602019 2.577693 1.770921 0.256813 -1.034510 -1.809387 -1.365983 -0.617467 -0.108871 -0.142869 
4.006657 3.120425 2.674052 2.799331 2.360577 0.270552 -1.426917 -1.533828 -0.870252 -0.533174 -0.078593 -0.131108 
3.984031 3.008292 2.621696 2.691937 2.118737 0.573886 -1.290468 -1.559523 -0.879226 -0.318724 -0.042521 -0.113249 
4.292170 2.944328 2.774941 3.611323 2.829648 0.908532 -1.247713 -1.869669 -1.026185 -0.470220 -0.022154 -0.170396 
4.403655 3.289937 2.518511 2.344654 1.976265 1.220900 -0.865187 -1.502782 -0.997730 -0.159063 -0.056526 -0.077308 
5.541190 2.604477 3.449340 2.504361 2.964264 0.740242 -0.548069 -1.612981 -1.216070 -0.307141 -0.196332 -0.133159 
3.630818 3.230377 2.709190 1.905371 1.661678 0.647562 -0.285804 -0.642533 -0.542536 -0.386929 -0.177976 -0.080792 
4.042066 3.218149 3.444991 2.978191 2.296253 0.961129 -0.298143 -0.726061 -0.394296 -0.264357 -0.211867 -0.099321 
4.633511 3.461536 3.233453 2.579030 3.011854 0.889920 -0.269344 -0.663503 -0.350545 -0.283118 -0.127422 -0.073706 
4.000671 3.325798 2.964853 2.442613 2.065125 0.745698 0.247050 -0.987638 -0.289150 -0.061249 -0.095193 -0.040510 
3.597389 3.131067 2.770981 2.026374 2.050512 1.009761 0.410795 -0.071092 -0.108086 -0.173728 -0.085619 -0.039171 
3.913220 3.015131 3.093604 2.604185 2.104190 1.102454 0.227020 -0.142931 0.101704 0.005672 -0.119147 -0.043732 
4.280970 3.191098 3.477570 2.412916 2.420850 0.836934 0.358873 -1.038505 -0.144405 0.147053 -0.113813 -0.040691 
3.466320 2.722879 2.601071 2.099672 1.427530 1.049103 0.212885 -0.286043 -0.232816 0.089892 -0.084861 -0.021798 
3.206838 2.369199 2.375546 1.402505 1.310867 0.901171 0.082894 -0.644918 -0.333858 -0.125290 -0.165079 -0.013908 
3.507616 2.590331 2.154578 1.153343 1.189479 0.496104 -0.213409 -0.731758 -0.532233 -0.122247 -0.038915 0.006559 
3.695226 2.632811 2.417739 1.339599 0.682844 0.405397 0.307186 -1.098564 -0.833067 -0.458846 -0.118854 -0.033343 
