3.210971 1.863990 1.938886 1.551653 1.507432 1.203889 0.734674 0.648823 0.920026 0.246812 0.028977 0.052070 
2.908265 1.842339 1.563274 1.655421 1.461709 0.863985 0.463487 0.777412 0.568583 0.247472 0.182828 0.052538 
3.335049 2.064841 2.304096 2.016325 1.910133 0.779906 0.515818 0.409871 0.282887 0.071197 0.145659 0.041175 
4.589561 3.385237 2.907093 3.130193 2.456346 0.441702 -0.007542 -0.103831 -0.291745 -0.133123 -0.085361 -0.041216 
3.867194 3.286003 2.930933 2.491547 1.970301 1.139047 -0.031078 -0.197017 -0.370028 -0.179840 -0.052318 -0.057240 
4.627964 3.910495 2.780035 3.167842 3.163624 1.448981 -0.326891 -0.891102 -0.563806 -0.323289 -0.106897 -0.111754 
3.859025 3.414072 2.737109 2.273984 1.752623 0.818019 0.308553 -0.483445 -0.338732 -0.267998 -0.100369 -0.065129 
5.310080 4.106823 2.433684 2.894165 2.570011 1.733011 -0.014584 -1.059430 -0.581857 -0.341129 -0.123128 -0.086883 
4.156808 3.552902 2.839117 2.864908 2.480602 1.457413 -0.097995 -1.115389 -0.704616 -0.366696 -0.107334 -0.103512 
5.550716 4.304470 2.797280 2.423332 3.765699 1.717125 -1.321000 -1.161239 -1.238251 0.159530 -0.138360 -0.146933 
4.369676 3.359632 2.702679 2.481390 2.836228 1.133945 -0.558060 -1.547306 -1.111110 -0.243194 -0.199252 -0.134570 
3.642792 3.007517 2.476383 2.227701 1.599471 0.567939 -0.620083 -0.995650 -0.781793 -0.451664 -0.282398 -0.125071 
5.511010 3.826831 2.160030 1.623352 2.743837 1.225247 -1.128876 -1.553280 -1.313922 0.110833 -0.151676 -0.122277 
4.042183 3.131641 2.381268 2.395307 2.417453 0.954682 -0.774634 -1.603321 -1.093455 -0.368246 -0.258673 -0.159617 
3.607120 2.935407 2.349367 2.026768 1.725144 0.688950 -0.544556 -1.077891 -0.852416 -0.469329 -0.327064 -0.139193 
3.799272 2.928709 2.267806 2.116214 2.147526 1.009805 -0.463948 -1.177006 -0.813851 -0.278888 -0.316675 -0.135090 
6.267322 3.566338 1.951023 1.766315 2.601084 1.351468 -1.171833 -1.834580 -1.043306 0.144335 -0.028919 -0.126582 
3.565091 2.800882 2.325890 2.238308 2.022495 0.878702 -0.614566 -1.231274 -0.749319 -0.250539 -0.324995 -0.137202 
3.390765 2.558373 2.048871 1.899912 1.633214 0.728238 -0.469540 -0.879505 -0.601252 -0.327560 -0.412597 -0.125972 
3.451345 2.457081 2.011668 2.071793 1.953586 0.954429 -0.427533 -1.042699 -0.759302 -0.392163 -0.345218 -0.131782 
4.305073 2.938563 1.999702 2.360037 2.858934 1.311355 -0.905936 -1.833758 -0.929678 -0.086149 -0.213544 -0.163442 
3.555452 2.443649 1.661003 1.856262 1.900153 0.687998 -0.906448 -1.566126 -0.883984 -0.298846 -0.348341 -0.161575 
3.455236 2.423080 1.782954 1.776683 1.395790 0.212634 -1.267460 -1.530814 -0.905845 -0.384772 -0.351046 -0.165871 
3.327383 2.395615 1.949731 1.969137 1.600345 0.186127 -1.304698 -1.570201 -0.901168 -0.383497 -0.356369 -0.174729 
4.191334 3.031967 2.176956 2.450171 2.289479 0.582608 -1.359934 -1.814377 -0.886553 -0.477053 -0.316766 -0.185666 
3.537416 2.787691 2.211359 1.877309 1.246945 0.033043 -1.033161 -1.162144 -0.789931 -0.429356 -0.418255 -0.144672 
3.658823 2.915215 2.053528 1.529010 1.134492 0.489170 -0.542661 -1.180730 -1.000748 -0.583568 -0.303273 -0.119695 
3.347085 2.544296 1.989879 1.700735 1.369850 0.448062 -0.505202 -1.052116 -0.767610 -0.515320 -0.330167 -0.114731 
5.202341 3.525161 1.776031 2.223264 2.555821 1.071172 -1.120521 -1.692774 -1.002764 -0.075860 -0.213735 -0.142763 
3.651233 2.760160 2.006370 1.840964 1.824545 0.703696 -0.543188 -1.188887 -0.785946 -0.357624 -0.338245 -0.120183 
3.756371 2.867623 1.849555 1.560953 1.574254 0.860172 -0.569290 -1.246855 -0.914234 -0.377983 -0.319790 -0.111326 
3.358886 2.574624 1.864736 1.564940 1.283490 0.500625 -0.571478 -1.100578 -0.904870 -0.528570 -0.331318 -0.116424 
4.463608 3.133474 1.850714 1.925079 2.275489 1.181119 -1.033378 -1.876728 -0.929624 -0.162127 -0.232670 -0.135378 
4.737619 3.286473 1.967474 2.156360 2.496401 1.092642 -1.468622 -2.096671 -1.117802 -0.137501 -0.239815 -0.165000 
4.409747 3.181497 1.947599 2.131154 2.299032 0.940772 -1.391204 -1.992396 -1.123652 -0.235119 -0.258457 -0.157624 
4.068638 2.988209 2.024988 1.897807 1.751161 0.626132 -1.072170 -1.678560 -1.076258 -0.406393 -0.281977 -0.134118 
3.538929 2.707396 1.875699 1.461190 1.148244 0.296543 -0.772219 -1.287182 -0.983152 -0.547924 -0.317461 -0.119552 
4.898256 3.245538 1.748696 1.631357 1.689374 0.714150 -0.959667 -1.571667 -1.067141 -0.626607 -0.278817 -0.119748 
3.511088 2.753876 1.900007 1.284958 0.870172 0.268129 -0.552010 -1.184286 -1.162584 -0.715339 -0.271360 -0.114237 
5.176540 3.182722 1.575986 1.507245 1.572778 0.595145 -0.875510 -1.547510 -1.069720 -0.674700 -0.288483 -0.113044 
3.078150 2.224004 1.579055 1.060239 0.520297 -0.217627 -0.894892 -1.216270 -0.999515 -0.628633 -0.321654 -0.124715 
5.187376 3.342879 1.114794 1.246922 1.278838 0.363542 -0.871085 -1.730236 -1.235279 -0.465147 -0.269658 -0.106859 
3.371744 2.496268 1.612360 0.982441 0.611267 0.078251 -0.780321 -1.298053 -1.089692 -0.668528 -0.304636 -0.115106 
5.759170 3.139321 1.395499 1.272866 1.606464 0.859885 -1.496587 -2.248704 -1.114264 -0.383065 -0.186138 -0.119810 
3.289223 2.365655 1.597911 1.126390 0.698119 -0.088008 -0.953876 -1.301605 -0.991925 -0.603168 -0.321885 -0.116355 
4.950154 3.081719 1.547272 1.393950 1.752920 0.765754 -1.417437 -2.095375 -1.065079 -0.315095 -0.213818 -0.122560 
3.990175 2.719866 1.566503 1.326441 1.352267 0.618151 -0.918109 -1.649583 -1.184960 -0.438722 -0.264507 -0.104615 
4.904526 3.149742 1.392374 1.296979 1.870443 0.841059 -1.409598 -1.891975 -1.057897 -0.253973 -0.214374 -0.123320 
4.606586 3.161076 1.598662 1.482181 1.886740 0.823972 -1.186240 -1.985076 -1.133648 -0.296449 -0.231168 -0.116884 
5.203016 3.279557 1.517608 1.454823 2.307387 0.897970 -1.482070 -2.067122 -0.938061 -0.357337 -0.183109 -0.134454 
4.699979 3.084789 1.616615 1.547741 2.025184 0.854787 -1.443654 -1.984267 -1.031721 -0.214581 -0.225658 -0.131086 
4.850380 3.068644 1.523928 1.604454 2.066950 0.914763 -1.527458 -2.052858 -0.950359 -0.229661 -0.200830 -0.133924 
3.963266 2.757681 1.603364 1.375235 1.762928 0.665945 -1.326320 -1.870952 -0.972892 -0.341164 -0.259631 -0.122118 
5.237480 3.067431 0.934603 0.956639 2.131522 1.089216 -1.614060 -2.142687 -0.644277 -0.383611 -0.130475 -0.135949 
3.664153 2.577704 1.528389 1.246032 1.339971 0.215973 -1.189143 -1.526397 -1.110721 -0.506503 -0.282159 -0.115583 
6.069831 2.571994 1.081713 0.440871 2.850223 1.056887 -2.023694 -1.889595 -0.571595 -0.562395 -0.219456 -0.159761 
3.270847 2.186717 1.347393 1.222059 1.037470 -0.033530 -1.145805 -1.517759 -0.974366 -0.409023 -0.303951 -0.118263 
4.869870 2.851142 1.142464 1.088454 1.868414 0.791196 -1.621633 -1.732368 -0.778184 -0.192046 -0.197070 -0.133932 
3.485592 2.346693 1.353478 1.280281 1.204101 0.257141 -1.135880 -1.447563 -0.837000 -0.326962 -0.255088 -0.114414 
5.333029 2.790081 1.452026 1.752756 2.231295 0.807320 -1.943080 -1.963427 -0.635611 -0.323972 -0.182774 -0.150700 
3.209381 2.430830 1.822543 1.354687 0.975401 0.134173 -0.665784 -0.691931 -0.617750 -0.447494 -0.213995 -0.099680 
4.393717 3.122937 2.299422 2.270725 2.482588 0.935659 -1.600325 -1.273838 -0.791850 -0.237707 -0.155505 -0.137089 
3.833283 2.791968 2.002595 1.486579 1.594062 0.840372 -0.213438 -0.779137 -0.524729 -0.238399 -0.194139 -0.086251 
4.067426 2.935687 2.195246 2.415532 3.024502 1.392674 -0.715423 -1.290372 -0.554602 0.159824 -0.126789 -0.131645 
5.277865 3.124017 1.831040 1.783962 4.197231 1.545596 -1.047103 -0.965955 -0.540638 0.196083 -0.026831 -0.153624 
3.668528 2.523770 2.011705 2.156222 2.872719 1.811562 -0.334097 -0.819802 -0.175241 0.127590 -0.124882 -0.081964 
4.436019 2.846594 1.513068 1.798275 3.051479 2.069861 0.087646 -0.639447 -0.138154 0.072924 -0.099950 -0.067762 
3.543239 2.724685 2.125759 1.933620 1.966656 1.393406 0.596827 0.197117 0.151277 -0.060328 -0.238047 -0.026433 
4.554996 3.119128 2.227774 2.122344 2.697724 1.969395 -0.152935 -0.683196 0.229044 0.192940 0.059067 -0.018077 
3.310797 2.597906 2.126402 2.068760 1.689207 1.072622 0.378015 0.120643 0.212556 0.172613 -0.017025 0.020081 
3.501963 2.696955 2.516057 2.579576 2.319470 1.380816 0.340780 -0.303582 0.056576 0.324836 -0.014785 -0.003560 
3.076674 2.478433 2.231184 2.155036 2.153062 1.328463 0.487128 0.168303 0.039688 0.067622 -0.052112 0.019130 
3.237621 2.633946 2.243724 2.442605 2.467630 1.690820 0.956267 0.452599 0.224046 0.199900 -0.042380 0.026215 
3.116697 2.661229 2.623283 2.475886 1.926445 1.346197 1.064003 0.730189 0.483924 0.260107 0.056265 0.046924 
3.064908 2.593267 2.500702 2.139425 2.078985 1.630523 1.179403 0.950453 0.620087 0.258709 -0.080605 0.044968 
2.979032 2.506671 2.406306 2.175776 1.976946 1.552422 1.042404 0.696963 0.332362 0.216306 0.053036 0.048281 
3.080388 2.614299 2.352027 2.293012 2.221337 1.574710 1.151192 0.541772 0.276007 0.204537 0.005039 0.040649 
3.017802 2.579864 2.395741 2.518664 2.020486 1.479261 1.055365 0.564436 0.221797 0.116124 -0.009414 0.036138 
3.050019 2.475226 2.381155 2.199663 2.017675 1.560326 0.926409 0.336774 0.182169 -0.031819 -0.059019 0.028325 
3.005706 2.523343 2.412391 2.179746 2.290301 1.641518 1.291683 0.387525 0.165812 -0.048768 -0.162126 0.026748 
3.051134 2.458862 2.418774 2.285555 1.897296 1.636908 0.844784 0.543138 0.379915 0.000754 -0.059059 0.036063 
2.900501 2.476460 2.249043 2.193886 1.760062 1.383641 0.983467 0.494213 0.400194 0.181828 0.126984 0.057603 
3.119895 2.595023 2.437203 2.014119 2.089710 1.561959 0.775620 0.315418 0.199833 0.027328 0.155650 0.047462 
3.093670 2.394359 2.344770 1.902335 1.703306 1.261229 0.815684 0.193179 0.064853 -0.025859 0.047653 0.043601 
3.170756 2.555233 2.340698 1.815090 2.153232 1.493004 0.515916 0.162049 0.109639 -0.060240 -0.010359 0.029202 
