2.846214 1.376627 -0.926637 1.784790 -0.867361 0.965361 1.766561 0.890155 0.249906 0.016839 0.722392 0.048410 
2.787931 1.517015 -1.330879 1.504729 -0.567615 0.903570 1.883827 1.042731 0.393132 0.057853 0.663773 0.044697 
2.794136 1.497705 -1.219047 1.744220 -0.151177 0.837143 1.249017 0.994854 0.616397 0.349228 0.635403 0.047525 
2.611931 1.591858 -1.032347 1.693327 0.301822 0.684001 0.694251 1.128926 0.713015 0.468974 0.582113 0.044668 
2.520668 1.613143 -1.223499 1.817062 0.174085 0.195312 1.047464 0.899749 0.861225 0.284688 0.623280 0.035935 
2.407837 1.823686 -1.323842 1.748280 0.033597 0.068146 0.757601 0.873884 0.751672 0.209417 0.680919 0.051591 
2.160633 1.989577 -1.369134 1.729406 -0.111423 -0.134033 1.461151 0.573712 0.663335 -0.166288 0.700775 0.013415 
1.993701 2.106099 -0.909476 1.015647 -0.332042 -0.185771 1.923603 0.836724 0.387809 -0.158576 0.879220 0.012489 
2.020830 2.332578 -0.649580 1.188259 -0.468892 -0.173610 2.034144 0.472422 0.401842 -0.479034 0.686653 0.005200 
1.945648 2.456164 -0.411092 0.929627 -0.654343 -0.363267 2.142029 0.466452 0.441764 -0.289030 0.759250 0.005947 
1.943694 2.849143 -0.273017 0.551647 -0.372138 -0.271965 1.984347 0.602586 -0.136606 -0.160353 0.860898 0.014236 
1.908947 3.085620 -0.542836 0.623387 0.048031 -0.276229 1.973869 0.185137 0.119634 -0.146445 0.686535 0.010405 
1.813158 2.976187 -0.556242 -0.053826 0.599404 -0.380949 1.564988 0.554359 0.224318 -0.122326 0.742766 -0.029029 
1.668938 2.815744 -0.796961 -0.032409 0.511372 -0.374019 1.883034 0.438853 -0.026270 -0.526911 0.608528 -0.067360 
1.625815 2.441149 -0.765293 -0.147977 0.503613 -0.519307 1.521649 0.475943 -0.295372 -0.841393 0.538430 -0.116109 
1.578030 2.291527 -0.759015 -0.092039 0.729318 -0.360604 1.625737 0.734591 -0.078036 -0.668589 0.670387 -0.075811 
1.363121 2.326222 -0.561218 0.214469 0.417412 -0.046233 1.804723 0.614331 -0.369938 -0.710757 0.576713 -0.022530 
1.400256 2.191988 -0.429901 0.255490 0.367806 0.192908 1.499011 0.685968 -0.207016 -0.583031 0.595511 -0.005054 
1.323850 2.466537 -0.367017 0.109214 -0.044866 -0.188827 1.874629 0.876524 0.022572 -0.401857 0.528344 -0.018451 
1.404443 2.428803 -0.377211 0.022398 -0.425822 -0.318167 1.581573 1.270784 0.188531 -0.537586 0.562906 -0.072443 
1.480103 2.492658 -0.377671 0.523989 -0.145994 -0.700123 1.280200 0.880181 0.442328 -0.299643 0.500207 -0.082166 
1.770557 2.657840 -0.511407 0.681694 0.511352 -0.645269 0.296983 0.654414 0.229887 -0.322442 0.310281 -0.082697 
1.843720 2.568871 -0.339757 1.121186 0.215462 -0.787031 0.304689 0.406618 0.073786 -0.338161 0.377952 -0.073394 
2.117144 2.597386 -0.174054 1.575516 0.506633 -0.847596 0.614383 0.136781 -0.073949 -0.256943 0.366734 -0.027035 
2.644282 2.469290 -0.244642 1.154567 0.377374 -0.307924 1.090731 0.315313 -0.200068 -0.315688 0.132578 0.024880 
2.602217 2.210797 0.992524 0.727364 -0.210458 0.046820 0.971196 0.119972 -0.175694 -0.303943 0.046296 -0.025410 
2.992133 2.414255 1.479348 0.732655 0.038924 -0.314576 0.285985 0.289309 0.107384 -0.400794 -0.187001 -0.058769 
3.323931 2.445347 1.453027 0.323819 -0.037852 0.056029 0.259898 0.439985 -0.333849 -0.366838 -0.223888 -0.088689 
3.425566 2.554729 1.077011 0.155271 0.308337 0.359315 0.525991 -0.049082 -0.667205 -0.571407 -0.239115 -0.088030 
3.514695 2.442791 0.972817 -0.041883 0.332478 0.253635 0.079356 -0.310594 -0.604876 -0.496882 -0.202839 -0.088488 
3.580775 2.310306 0.998383 -0.059811 0.197081 -0.017867 -0.262997 -0.465553 -0.586747 -0.440886 -0.217111 -0.092440 
3.615511 2.255802 1.050925 0.148750 -0.095128 -0.165176 -0.726494 -0.446502 -0.572301 -0.404446 -0.194569 -0.085463 
3.733984 2.261885 0.919852 0.452537 0.173824 -0.546875 -1.031254 -0.888292 -0.417537 -0.307278 -0.196115 -0.082567 
4.048460 2.388628 0.687429 0.288635 0.560679 -0.393698 -1.348859 -0.932623 -0.674062 -0.188333 -0.185884 -0.078742 
4.362185 2.487212 0.417256 0.089123 0.531387 -0.211786 -1.270168 -1.034417 -0.620060 -0.232445 -0.196670 -0.082082 
4.383672 2.336984 0.583624 0.084764 0.292279 -0.081374 -1.566205 -0.947304 -0.434401 -0.270812 -0.211781 -0.089141 
4.257356 2.328497 0.554818 0.003589 0.295749 -0.466804 -1.440442 -0.987040 -0.392086 -0.382617 -0.213225 -0.087634 
4.281969 2.547172 0.184335 -0.119389 0.244792 -0.442504 -1.278785 -1.108301 -0.858488 -0.239357 -0.188420 -0.066899 
4.285835 2.427941 0.348519 -0.458965 0.208875 -0.531579 -1.353753 -1.060409 -0.774289 -0.556051 -0.133242 -0.059137 
4.958428 2.234189 -0.147435 -0.398346 0.086824 -0.563746 -1.718374 -0.906521 -0.463056 -0.777238 -0.220189 -0.070676 
4.845755 2.226159 -0.236345 -0.719128 0.109987 -0.811641 -1.738730 -0.795183 -0.488742 -0.757008 -0.203388 -0.075957 
4.723253 2.297162 -0.460866 -1.040872 0.300156 -0.935474 -1.831600 -0.790437 -0.632516 -0.685839 -0.146504 -0.075090 
4.589677 2.062960 -0.444076 -0.834349 -0.000850 -0.967236 -1.748030 -0.887631 -0.565357 -0.664105 -0.127950 -0.063125 
5.091847 1.985543 -0.562827 -1.248595 0.268692 -0.926776 -2.379202 -0.629942 -0.395718 -0.859292 -0.166642 -0.073601 
5.258085 2.216478 -0.995351 -1.369414 0.536649 -0.850790 -2.603674 -0.437642 -0.513682 -0.698422 -0.194162 -0.104325 
5.650263 2.596553 -1.582688 -1.842584 0.949455 -0.769103 -2.943739 -0.362181 -0.505447 -0.552929 -0.254786 -0.177686 
5.610441 2.689082 -1.754768 -1.634671 0.518804 -0.643727 -2.736720 -0.402268 -0.333233 -0.548982 -0.248700 -0.161967 
5.836098 2.736716 -1.846770 -1.848499 0.544576 -0.588978 -2.583941 -0.536098 -0.211642 -0.411234 -0.211625 -0.176898 
6.027287 2.975269 -2.238043 -1.783556 0.720175 -0.855320 -2.569529 -0.247749 -0.301957 -0.036666 -0.312508 -0.195006 
5.951602 2.739112 -1.948680 -1.822388 0.592026 -0.609424 -2.648413 -0.051467 -0.139226 0.004285 -0.216216 -0.193745 
5.546299 2.266481 -1.234626 -2.068659 0.813782 -0.784049 -2.310759 -0.095949 0.076575 -0.194081 -0.093192 -0.169440 
5.583336 1.954816 -1.119339 -2.053047 0.906187 -0.504627 -2.563434 0.310977 -0.050160 -0.094826 -0.048298 -0.170999 
5.466293 2.079495 -1.439494 -2.165863 1.208414 -0.615131 -2.362142 0.538638 -0.160639 0.006654 -0.077098 -0.179715 
5.389493 2.106944 -1.640631 -1.997747 1.237378 -0.380839 -2.239541 0.621217 -0.305349 0.112405 -0.079737 -0.165807 
5.555597 1.545055 -1.291531 -2.154480 1.397109 0.084111 -2.432224 0.589059 -0.037320 0.005848 0.038725 -0.180302 
5.297559 1.496303 -1.320747 -1.997882 1.677719 -0.061064 -2.184495 0.533097 -0.017188 0.062092 0.014560 -0.178304 
5.333543 1.431500 -1.445972 -1.770497 1.732036 0.138820 -2.116445 0.648282 0.077509 0.079786 -0.044030 -0.188802 
5.185446 1.553929 -1.620302 -1.700153 1.996239 0.237951 -2.078946 0.741732 -0.006456 0.193359 -0.058983 -0.206819 
5.738130 0.841987 -1.129613 -1.971341 2.074973 0.464704 -2.180226 0.797821 0.002355 0.080990 0.023250 -0.213647 
5.333774 1.429246 -1.727249 -1.802196 2.151645 0.266558 -1.780250 0.721128 -0.054381 0.270296 -0.071947 -0.207709 
3.963564 1.244953 -1.110899 -0.721897 1.076565 -0.032176 -0.691879 0.238327 0.136795 0.176110 -0.099500 -0.140785 
3.704151 0.999090 -0.593618 -0.687075 0.626015 0.195894 -0.656967 0.211826 0.349305 0.166990 -0.055989 -0.145598 
4.963166 1.454712 -1.574193 -1.473393 1.740271 0.489926 -1.468927 0.739747 0.506692 0.185600 -0.019393 -0.193963 
5.301929 1.232600 -1.679440 -1.591129 2.023444 0.614702 -1.568732 0.975328 0.406755 0.288028 -0.021840 -0.197332 
3.972469 1.182583 -1.148573 -0.706283 1.232226 0.022148 -0.330071 0.463331 0.361436 0.302817 -0.086889 -0.146685 
3.687245 0.755073 -0.909016 -0.408459 0.785399 0.566972 -0.298765 0.460122 0.570476 0.086938 -0.063867 -0.150799 
4.994322 1.225058 -2.222506 -1.018911 2.226520 0.419465 -0.726563 0.869520 0.438537 0.337293 -0.155779 -0.171279 
5.017011 1.195915 -2.322478 -1.014778 2.021730 0.762460 -0.785286 0.855885 0.593290 0.213405 -0.121375 -0.170583 
5.755258 1.126269 -2.492862 -1.832174 2.668001 1.125349 -1.021737 1.129621 0.442217 0.369442 -0.102430 -0.210215 
5.842373 1.252335 -2.738606 -1.720272 2.897321 0.895395 -1.027869 1.416201 0.172860 0.529669 -0.208431 -0.207674 
5.378118 1.119835 -2.564468 -1.063789 1.969657 1.293302 -0.856894 0.785081 0.885458 0.112881 -0.137757 -0.175234 
5.056982 1.113494 -2.386142 -1.096399 2.057847 1.299358 -0.987294 0.764518 0.842573 0.050134 -0.078617 -0.180924 
5.669513 1.092917 -2.883485 -1.250274 2.483099 0.978919 -0.852482 0.973762 0.589442 0.284269 -0.240431 -0.194316 
5.548749 0.942166 -2.684127 -1.040681 2.058361 1.328203 -0.951411 0.993009 0.801561 0.154125 -0.218654 -0.191676 
5.468377 0.944951 -2.695692 -0.983600 1.981854 1.550899 -0.988355 0.946001 0.880773 0.050123 -0.224245 -0.197297 
5.408605 1.014649 -2.618396 -1.239825 2.267648 1.389618 -1.183739 1.207351 0.638547 0.058644 -0.231838 -0.213753 
5.647673 0.914553 -2.566675 -1.297867 2.406827 1.459385 -1.326205 1.209995 0.513231 0.101795 -0.233511 -0.217355 
5.034659 0.787168 -2.246516 -0.622256 2.343104 1.113904 -0.852473 0.612320 0.859462 -0.061788 -0.216370 -0.200384 
5.446812 0.944205 -2.488213 -1.006880 2.758549 1.286148 -1.209748 0.873305 0.608679 0.188616 -0.194548 -0.217926 
5.566924 1.255542 -2.825782 -0.771314 2.855636 1.097563 -0.871918 0.441985 0.724860 0.300942 -0.184744 -0.205300 
5.080302 1.249007 -2.435588 -0.638633 2.780047 1.065597 -0.937505 0.443826 0.859509 0.173633 -0.121811 -0.211269 
4.954234 1.238176 -2.128900 -0.705534 2.605132 1.466532 -1.096051 0.432189 1.015604 0.059978 -0.028807 -0.208274 
5.261538 1.535228 -2.672522 -1.009773 2.655167 1.824585 -1.260756 0.825985 0.830889 0.218359 -0.024938 -0.216086 
5.073041 1.309958 -2.636020 -0.549148 2.425869 1.883619 -1.058073 1.005594 0.861880 0.124979 -0.123972 -0.183340 
4.584506 0.986226 -2.333792 -0.281324 2.441497 1.484012 -0.559301 0.824576 0.888906 0.027324 -0.155532 -0.185785 
