2.548741 1.998348 1.736125 1.539242 1.344369 1.151443 0.964027 0.764719 0.574200 0.393728 0.228039 0.080167 
2.548737 1.993647 1.739199 1.542931 1.340338 1.159666 0.960043 0.757458 0.580353 0.393734 0.228040 0.080167 
2.547232 1.993631 1.739223 1.539275 1.348309 1.155524 0.960095 0.761138 0.574147 0.400772 0.225047 0.080167 
2.548728 1.993601 1.739252 1.535631 1.356267 1.147332 0.964089 0.761117 0.580336 0.393697 0.226559 0.080169 
2.548730 1.993585 1.736247 1.539246 1.360216 1.147355 0.960132 0.757476 0.583407 0.391348 0.226582 0.080170 
2.550253 1.991252 1.730042 1.535582 1.352261 1.163795 0.960192 0.768442 0.580419 0.386682 0.226595 0.080178 
2.547504 2.000916 1.730590 1.523887 1.344743 1.118360 0.951140 0.779536 0.561852 0.391127 0.226665 0.080210 
2.539496 1.967847 1.735809 1.542429 1.374046 1.159543 0.958020 0.761534 0.558184 0.423625 0.242661 0.080334 
2.563206 2.014964 1.775476 1.567942 1.287190 1.179637 0.963969 0.828688 0.620056 0.348261 0.251142 0.080242 
2.552583 2.008505 1.838814 1.608588 1.329293 1.084102 0.816497 0.698840 0.535809 0.325564 0.226752 0.079588 
2.386477 1.859241 1.563820 1.536932 1.429681 1.147712 0.949863 0.669697 0.609875 0.326843 0.245557 0.079845 
2.775964 1.989010 1.379513 1.309704 1.372074 1.366110 1.164655 0.801878 0.536625 0.178987 0.139594 0.077917 
2.920732 2.052243 1.263167 0.844763 0.799833 1.179725 1.382420 1.382770 0.898688 0.188784 0.038452 0.049681 
3.122346 2.055021 1.042145 0.452193 0.482743 1.107236 1.428427 1.455993 0.912093 0.280379 0.046789 0.034737 
3.487393 2.458749 1.150323 0.251960 0.143840 1.020272 1.379627 1.388274 0.724493 0.118660 -0.082983 0.007342 
3.503956 2.366404 0.946221 -0.182718 0.263813 0.871831 1.785150 1.457543 1.032033 0.311450 -0.011382 0.003392 
3.787984 2.967581 0.904237 -0.135868 -0.400804 0.778384 1.760596 1.280711 1.050224 -0.064776 0.115647 -0.002348 
3.034870 1.865289 0.603134 0.077148 0.322697 0.882929 1.256562 0.979701 0.591568 0.101890 0.027353 0.061606 
4.215995 3.151589 0.810695 -0.352730 0.106496 0.595123 1.823078 0.854848 0.737359 -0.320994 -0.102779 -0.020570 
4.381609 3.214935 0.984705 -0.267673 0.161312 0.821261 2.138376 0.889711 0.623295 -0.392257 -0.188907 -0.040760 
4.421635 3.353491 0.868972 -0.185425 -0.234860 1.022345 1.743381 1.035400 0.455379 -0.434546 -0.195864 -0.048234 
3.907482 2.584367 0.907844 0.138782 0.421675 1.013168 1.529171 1.049329 0.333120 -0.324278 -0.252037 -0.027617 
4.678104 3.208555 1.014903 0.067216 -0.107257 0.457208 1.910176 1.149478 0.339829 -0.531297 -0.132025 -0.029603 
4.886443 3.154010 1.123752 0.481858 -0.212715 -0.072860 1.703949 1.462853 0.221540 -0.786134 -0.096088 -0.005669 
4.799113 3.178904 0.886262 0.613226 -0.167823 -0.048017 1.319787 1.325686 0.279605 -0.741620 -0.071933 0.003774 
3.635290 2.313628 1.020084 0.531090 0.249558 0.343344 0.844473 0.848161 0.281451 -0.319554 -0.167961 0.010134 
4.620401 3.158336 1.236677 0.430513 -0.363111 -0.387762 0.991285 1.248589 0.433003 -0.700660 0.002488 0.005044 
4.907200 3.184855 1.115772 0.507313 -0.430719 -0.537655 0.873400 1.025011 0.692051 -0.695947 -0.041034 -0.000332 
4.769999 2.983032 0.760445 0.128766 0.410705 -0.775480 0.523999 0.854551 0.728213 -0.472951 -0.122058 -0.000794 
3.476602 2.323552 1.021460 0.114119 0.245092 0.200588 0.419205 0.344591 0.332480 -0.124521 -0.196439 0.032843 
4.491888 2.940820 0.676961 0.285533 0.464606 -0.545355 0.334059 0.425955 1.011204 -0.561081 -0.178023 -0.040996 
4.501627 2.849943 0.602902 0.176908 0.678504 -0.759102 0.482384 0.494268 1.075827 -0.729545 -0.170774 -0.022268 
3.519074 2.139100 0.827354 0.052528 0.287074 -0.232629 0.403560 0.309438 0.665559 -0.231489 -0.147655 0.048359 
4.114741 2.669805 0.440365 0.350673 0.632065 -1.041494 0.196024 0.284375 1.350511 -0.680110 -0.145938 -0.011599 
4.532026 3.203187 0.093549 0.295524 0.819877 -1.304773 -0.151711 0.571306 1.660535 -0.864322 -0.038799 -0.049698 
4.419815 2.901044 0.525031 0.227917 0.712809 -1.203181 -0.082309 0.315110 1.275617 -0.611690 -0.026131 0.007877 
3.784445 2.386675 0.807086 0.093898 0.241529 -0.584258 0.018984 0.050543 0.803651 -0.248897 -0.115283 0.032264 
5.322662 3.787338 -0.108160 -0.155050 1.545151 -1.869220 0.353410 0.345917 1.567910 -0.909791 -0.159671 -0.029272 
4.911323 3.124697 0.624118 -0.128191 0.578338 -1.675259 0.731354 0.324999 1.083913 -0.847655 -0.036619 0.051656 
4.818056 3.278817 0.359055 -0.568301 1.291737 -0.944474 -0.185324 0.626125 1.364669 -1.260690 0.008528 -0.031564 
4.585746 3.018336 0.145461 -0.373431 1.293693 -0.774760 -0.302620 0.499289 1.313217 -1.227269 -0.008077 -0.031105 
4.805341 2.706880 0.121329 -0.461857 1.560614 -0.205153 -0.642767 0.527998 1.414375 -1.434929 -0.065354 -0.016601 
4.565477 2.188923 0.181277 -0.545478 1.672479 -0.294052 -0.555377 0.526222 1.112838 -1.146580 -0.165451 0.015152 
4.886232 2.672485 -0.187751 -0.442771 2.229857 -0.784001 -0.489548 0.510188 1.098391 -1.025456 -0.230425 -0.020512 
3.899876 1.870500 0.164776 -0.226125 1.004942 -0.102197 -0.579731 0.530777 0.483266 -0.436648 -0.229528 0.030775 
4.205051 2.398573 0.260162 0.087460 2.006985 -1.391715 -0.480048 0.442486 0.598225 -0.360653 -0.243908 0.035116 
4.189234 2.300567 0.607413 0.415746 2.495906 -1.224444 -0.368405 0.257196 0.412169 -0.290798 -0.203387 0.052518 
4.368541 2.347205 1.130470 0.962163 2.485366 -1.352413 -0.501665 0.339002 0.468753 -0.356943 -0.208759 0.055180 
3.342526 2.093265 1.216066 1.194216 1.407057 -0.389023 -0.689116 -0.033236 0.292097 0.375606 -0.116172 0.054317 
3.653870 2.213558 1.527148 1.393069 1.877956 -0.959640 -0.692606 0.303983 0.221158 0.023641 -0.246106 0.036411 
3.865998 3.051464 1.754948 1.628633 2.709225 -1.615858 -0.427833 -0.172777 0.146306 0.253908 -0.148184 0.077601 
4.114673 3.537266 3.148442 1.393779 3.476440 -2.169298 0.133103 -0.131327 0.206647 0.202473 -0.285334 0.121430 
3.237807 3.359347 2.386954 1.931510 2.498967 -0.586907 0.704939 -0.226502 0.226137 0.069134 -0.204517 0.040403 
3.144193 3.091492 2.951303 1.628145 2.381912 -0.256344 0.631614 0.028271 -0.130333 0.028548 -0.119289 0.027786 
3.133913 3.104219 2.046671 1.877465 2.139314 -0.030301 0.464976 -0.247249 0.304005 0.033324 -0.175986 0.024289 
3.257039 3.420034 2.919000 1.320418 3.488150 -0.709705 0.380238 -0.543173 0.324650 0.166750 -0.179221 0.061092 
3.039707 3.031447 2.313470 1.456478 2.520656 -0.354883 0.462149 -0.138731 0.046289 0.275706 -0.142397 0.058597 
3.203684 3.612817 2.889641 1.231685 3.617042 -0.898265 0.292282 -0.343084 0.416619 0.146377 -0.153838 0.063842 
2.815732 2.899756 2.201332 1.661814 1.915874 0.248615 0.663760 -0.043662 0.473355 0.130232 -0.066457 0.053649 
3.122454 3.180452 2.908237 1.661636 2.419017 0.305262 0.247715 -0.047390 0.039075 -0.036717 -0.055632 0.014964 
3.081498 3.139934 2.381409 1.583277 2.302488 0.257590 0.280054 -0.109208 -0.034122 0.269816 -0.053971 0.041069 
3.662804 4.088565 3.736271 0.900309 4.080835 0.245686 -0.232343 -0.160950 -0.481587 0.321824 0.052408 0.015586 
3.356796 3.506807 3.348199 1.323954 3.105010 0.098248 0.123100 0.007943 -0.622417 0.328255 0.043237 0.019995 
3.238801 3.460993 3.510540 1.495644 2.856354 0.367516 0.224216 0.048336 -0.630950 0.461790 0.026698 0.016768 
3.146884 3.242302 2.653341 1.606024 2.197811 0.564003 0.497521 -0.115215 -0.139696 0.325023 0.016800 0.038103 
3.362076 3.226718 3.099200 1.607751 3.281543 0.553494 -0.217291 -0.002528 -0.373197 0.461894 0.064712 0.002892 
3.263119 2.966610 2.364891 1.788816 2.337901 0.791910 0.368446 0.147467 -0.223031 0.448596 0.013790 0.031710 
3.057975 2.548874 2.489123 2.065388 1.631606 0.747829 -0.205630 0.455715 0.386588 0.335184 0.109622 0.047306 
2.962965 2.317830 1.863140 1.933713 2.007147 0.960034 0.297712 0.579482 0.366505 0.214503 0.109273 0.042077 
3.566281 2.527770 1.814745 1.682560 2.384432 1.673544 0.032602 0.141968 0.700508 0.388063 0.049571 0.015150 
3.547075 2.419823 1.565153 1.670735 2.065067 1.532269 0.209250 0.027396 0.606337 0.770809 0.119951 0.033872 
3.596491 2.244692 1.234063 1.261630 1.677154 1.279342 0.539907 0.471684 0.659279 0.659085 0.105436 0.035261 
3.439669 2.193682 1.347433 0.980159 1.388553 1.047649 0.698957 0.718584 0.613118 0.373788 0.108371 0.044728 
4.000659 2.528650 1.338812 0.715946 1.254208 1.355731 0.906171 0.810376 0.666490 0.322606 0.154859 0.048945 
3.840843 2.597666 1.251709 0.722103 1.290213 1.377834 1.363501 1.235556 0.597588 0.300525 0.162771 0.051924 
4.810786 2.910463 1.191227 0.239100 2.008329 2.341743 1.218440 1.220590 0.842996 0.453157 0.200789 0.042931 
4.512789 3.156072 1.717953 1.366162 2.338818 1.502616 0.431774 0.400014 1.240351 1.436669 0.202269 0.024097 
3.681663 2.622883 1.750154 1.647121 2.127527 1.510718 0.565357 0.453287 0.829410 0.897732 0.245373 0.062175 
3.245054 2.488609 1.844629 1.696767 1.786669 1.348436 0.699718 0.526332 0.782533 0.706921 0.220231 0.059467 
3.343715 2.505733 1.716506 1.680539 1.839863 1.349863 0.628017 0.332500 0.711413 0.842482 0.303466 0.069791 
4.069516 2.674341 1.502652 1.980786 2.981709 1.998805 0.405242 0.171134 0.885334 1.157898 0.246813 0.030512 
4.486230 2.869577 1.515531 1.731935 3.538771 2.354069 0.965340 0.401889 0.979869 1.505910 0.056981 -0.033495 
3.101946 2.295080 1.824007 2.135571 2.442358 1.892932 0.901096 0.423695 0.653672 0.585742 0.124579 0.049957 
2.939318 2.269809 1.783603 1.900571 2.173295 1.838003 1.182708 0.640481 0.615952 0.474429 0.075383 0.057236 
3.355167 2.430615 1.972694 2.159678 2.634411 2.114812 1.339280 0.712009 0.707572 0.646081 0.096613 0.064945 
