2.634520 1.968079 1.751115 1.507641 1.167767 1.038298 0.924414 0.826706 0.772791 0.477015 0.238059 0.080142 
2.583650 1.956049 1.688842 1.349633 1.172815 1.216211 1.056031 0.867080 0.596316 0.361440 0.275893 0.079698 
2.596154 2.036323 1.596243 1.366781 1.316367 1.195033 0.962531 0.747103 0.564613 0.401396 0.249691 0.080507 
2.552788 1.901629 1.586157 1.509252 1.342362 1.248745 1.062713 0.792526 0.570397 0.357189 0.245182 0.080245 
2.558615 1.952117 1.702482 1.499586 1.360857 1.363785 1.201706 0.853165 0.448283 0.255501 0.216087 0.081195 
2.586160 2.019142 1.763590 1.585056 1.471550 1.100327 0.770480 0.692713 0.540982 0.367369 0.233192 0.079695 
2.595041 1.980416 1.650620 1.446609 1.255330 1.105293 0.957573 0.829076 0.618169 0.380763 0.243264 0.080040 
2.611083 1.924174 1.682219 1.489440 1.219966 1.051567 0.899584 0.742597 0.586079 0.487872 0.251501 0.080103 
2.608971 1.976688 1.658818 1.494545 1.139505 1.006757 0.943581 0.927561 0.707162 0.454180 0.271847 0.080043 
2.631188 2.053654 1.759325 1.563971 1.418407 1.013624 0.755844 0.758183 0.647554 0.420184 0.239617 0.080303 
2.510576 1.958315 1.747965 1.535617 1.288102 1.094662 0.954329 0.724586 0.621892 0.336398 0.244660 0.080302 
2.537535 2.043510 1.650164 1.610821 1.283665 1.133296 1.055160 0.655751 0.530604 0.328303 0.189077 0.080087 
2.570230 1.928347 1.674333 1.474610 1.333227 1.079141 0.984733 0.776237 0.648774 0.431626 0.252748 0.079810 
2.549538 1.959016 1.722947 1.506169 1.410505 0.934489 1.019338 0.595806 0.673997 0.404208 0.262010 0.080798 
2.550517 2.040300 1.751033 1.506778 1.404055 1.025212 0.992350 0.518704 0.521093 0.306249 0.274334 0.080045 
2.558431 2.071186 1.608076 1.584585 1.339031 0.981348 0.736693 0.657243 0.773610 0.378240 0.224907 0.079459 
2.515342 1.908776 1.630426 1.596423 1.358791 0.941937 0.987691 0.780377 0.803211 0.401433 0.211143 0.079765 
2.559200 1.996724 1.464941 1.676736 1.263729 0.990786 0.950959 0.714075 0.646032 0.319778 0.255359 0.079936 
2.528098 1.937314 1.632163 1.558811 1.442375 0.763128 0.977406 0.626917 0.818534 0.328689 0.279554 0.080455 
2.697553 1.954488 1.300006 1.434461 1.599798 1.124043 1.207777 0.596455 0.727679 0.469191 0.244091 0.078685 
2.570509 1.997333 1.523292 1.210506 1.264165 1.229816 1.033142 0.598698 0.709857 0.291517 0.195375 0.079525 
2.591428 1.988631 1.727818 1.581989 1.448327 1.104003 1.145756 0.894444 0.675895 0.414869 0.201533 0.079504 
2.610890 1.898035 1.677459 1.328685 1.204541 0.995015 0.840615 0.851919 0.693045 0.282307 0.240751 0.080281 
2.800869 2.332314 2.014508 1.498689 1.272945 0.933615 0.476732 0.430049 0.318745 0.144353 0.120126 0.069309 
3.039397 2.557908 2.047023 1.661585 1.665668 1.260726 0.780299 0.388961 0.194379 -0.142811 -0.172139 0.028165 
3.451158 2.894556 2.314822 1.568101 1.159730 0.814968 0.489636 0.265505 -0.034094 -0.277428 -0.213329 -0.008986 
3.811908 3.118596 2.372115 1.556730 0.825865 0.505467 0.385005 0.278526 0.123117 -0.362751 -0.231180 -0.033459 
4.073908 3.287109 2.182244 1.491114 0.971061 0.535168 0.301916 0.253167 -0.123207 -0.459754 -0.235325 -0.048760 
3.797464 3.108115 2.225749 1.438417 0.943327 0.462404 0.231295 0.050833 -0.223867 -0.399777 -0.279131 -0.045296 
4.793777 3.708470 2.258758 1.432507 0.508319 0.082797 0.046527 0.282327 -0.099286 -0.620978 -0.192446 -0.059015 
3.829564 3.099472 2.197499 1.248610 0.581245 0.119679 -0.135314 -0.149617 -0.240830 -0.334864 -0.230768 -0.035496 
4.688957 3.633414 2.117621 0.949142 0.250179 -0.002018 0.058875 -0.047871 -0.075335 -0.410527 -0.196405 -0.054958 
4.481008 3.563753 2.321760 1.308874 0.543786 -0.202671 -0.293223 -0.121301 -0.177694 -0.478392 -0.157508 -0.034569 
4.430468 3.518971 2.296409 1.258068 0.467780 -0.205063 -0.454037 -0.213385 -0.316002 -0.390369 -0.105965 -0.012483 
4.092089 3.260122 2.248579 1.225128 0.366763 -0.284014 -0.518991 -0.326090 -0.291236 -0.276547 -0.101307 0.003688 
4.566689 3.493939 2.242359 1.314111 0.412752 -0.623044 -0.678361 -0.246346 -0.225765 -0.389064 -0.057983 0.013203 
4.872212 3.700392 2.043203 1.127971 0.745265 -0.699195 -0.912334 -0.493773 -0.247403 -0.256873 -0.075189 0.011842 
4.599058 3.444294 2.229657 1.306040 0.524749 -0.669238 -0.882325 -0.376705 -0.300424 -0.349946 -0.040820 0.026308 
3.549622 2.809226 2.021359 1.134424 0.319500 -0.415315 -0.571905 -0.575975 -0.417294 -0.182990 -0.032106 0.044151 
4.602694 3.309169 2.086375 1.389208 0.462013 -0.850284 -0.999383 -0.263839 -0.098927 -0.367053 -0.034201 0.039683 
4.643117 3.276670 1.990021 1.505300 0.625858 -0.811492 -1.248748 -0.286287 0.040829 -0.421847 -0.054684 0.034521 
6.076511 3.385120 1.565069 1.119221 1.062122 -1.047569 -1.402805 0.334897 0.648585 -0.656455 -0.255288 0.004790 
3.543781 2.562595 1.653505 0.919048 0.190496 -0.522719 -0.550214 -0.185222 -0.145575 -0.285563 -0.103707 0.051477 
4.621113 3.050959 1.619737 1.011777 0.467611 -1.070213 -0.933694 0.139823 0.094987 -0.494333 -0.079542 0.033530 
5.036770 3.302085 1.603629 1.029793 0.515840 -1.397893 -0.792346 0.416863 -0.030090 -0.563501 -0.080697 0.047399 
4.181475 2.925900 1.629832 0.837814 0.356792 -0.835269 -1.082463 -0.118309 0.129474 -0.107562 -0.091648 0.034761 
4.533965 3.151341 1.793805 1.127691 0.238244 -1.045759 -0.806180 0.102549 0.079841 -0.387236 -0.027356 0.045139 
4.405246 3.082433 1.866686 1.351721 0.444062 -0.982886 -1.092809 -0.052061 0.044875 -0.258083 -0.056546 0.043676 
4.498686 3.032596 1.932797 1.354882 0.348128 -0.953502 -0.741963 0.052778 0.009438 -0.404050 -0.035628 0.046584 
3.875485 2.783135 1.664273 1.068872 0.544208 -0.401041 -0.724488 -0.241918 -0.037168 -0.196243 -0.122588 0.029230 
4.500700 3.230800 2.099651 1.447872 0.130131 -1.064180 -0.831439 0.164054 0.087810 -0.515354 -0.026980 0.044610 
4.674611 3.213986 1.676842 1.108955 0.540903 -0.311990 -0.451844 -0.145399 -0.232864 -0.441413 -0.028729 0.038738 
4.243246 2.992718 1.839501 1.166106 0.348269 -0.307741 -0.383555 -0.175564 -0.185252 -0.315682 -0.025133 0.042043 
4.158392 2.943961 1.714166 0.940337 0.262551 -0.429894 -0.333571 0.003168 -0.111824 -0.267136 -0.027334 0.046468 
4.407135 3.022289 1.608628 0.846707 0.159715 -0.196610 -0.004528 -0.033035 -0.192487 -0.330936 0.036156 0.060698 
3.818762 2.849356 1.711659 0.860970 0.171003 -0.384093 -0.137268 -0.123937 -0.109887 0.031459 0.047320 0.075260 
4.133388 2.845908 1.861357 1.190564 0.355913 -0.672836 -0.536910 0.271492 0.057296 -0.297121 0.034344 0.068961 
4.127483 2.824949 1.689719 0.895498 0.227266 -0.439026 -0.148446 0.403334 -0.035140 -0.420047 0.062849 0.068281 
3.720723 2.609930 1.659740 1.052425 0.331405 -0.567985 -0.285830 0.101838 -0.080517 -0.216690 0.019558 0.081144 
3.521651 2.647011 1.815330 0.894151 0.016237 -0.240519 -0.013790 0.151014 -0.101814 -0.249589 0.046765 0.073370 
3.613943 2.688119 1.877674 0.986740 0.562383 0.021638 -0.245668 -0.099218 -0.121022 -0.187694 0.060314 0.070324 
3.934569 3.157255 2.244507 1.168614 0.563842 -0.371856 -0.469180 -0.132541 -0.163745 -0.099630 0.098029 0.074404 
3.943434 2.999921 1.990909 0.983435 0.319134 -0.052919 -0.268966 -0.154851 -0.106596 -0.113752 0.037097 0.061225 
4.156447 3.064048 1.785587 0.663343 -0.029563 0.138590 0.345576 0.049895 -0.225443 -0.389121 0.010230 0.044100 
4.064484 2.922276 1.565782 0.532623 0.138513 -0.123589 0.105149 0.166181 -0.141074 -0.280594 0.009495 0.052623 
3.924021 2.875409 1.506000 0.687949 0.262248 0.100028 0.089910 0.203248 0.028711 -0.335344 -0.071148 0.029683 
4.115889 2.852286 1.405742 0.788148 0.247795 -0.065277 -0.004171 0.199884 -0.007916 -0.353172 -0.010755 0.045511 
4.383295 2.713901 1.409590 0.910149 0.415127 -0.213276 -0.179713 0.145710 0.000626 -0.428717 0.008222 0.059811 
4.712185 3.037213 1.442039 0.735432 0.446839 -0.233631 -0.110902 0.135648 -0.091645 -0.341904 0.036622 0.061134 
4.516909 2.988484 1.146969 0.421380 0.453666 0.023123 -0.289433 0.036400 -0.041188 -0.250541 0.027988 0.053215 
4.042309 2.811687 1.350679 0.645001 0.136426 -0.193122 -0.294845 0.241490 0.118410 -0.100328 -0.063046 0.033776 
4.844225 3.241698 1.159555 0.508590 0.435830 0.076577 0.023692 0.120570 -0.002554 -0.460662 -0.010204 0.039370 
5.110127 3.257875 1.029634 0.401625 0.594465 -0.046485 -0.012938 0.106917 0.157154 -0.417149 -0.007848 0.038288 
4.580610 3.103614 1.373426 0.680323 0.350725 0.036408 -0.176868 -0.072000 0.058662 -0.224649 0.057772 0.052424 
3.939129 2.904244 1.618451 0.760851 0.324240 -0.068799 -0.173157 0.005936 0.150696 0.018138 -0.010476 0.040061 
4.555866 2.998398 1.412792 0.887470 0.846428 -0.087996 -0.520736 -0.059483 0.205246 -0.032695 0.044658 0.039898 
5.339731 3.058862 1.064946 1.042794 1.155842 -0.085802 -0.529594 0.379649 0.437974 -0.212623 0.001748 0.038983 
3.936620 2.584634 1.563606 1.177098 0.908315 0.291551 -0.015740 0.312781 0.221128 -0.102311 -0.033838 0.030762 
3.819396 2.419740 1.270740 1.143287 1.012012 0.170298 -0.175584 0.211666 0.448582 0.132773 0.037617 0.049872 
3.871896 2.302088 1.194090 1.425563 1.362578 0.213275 -0.202936 0.433310 0.500814 -0.005599 0.059799 0.053923 
4.137013 2.118286 0.987758 1.423954 1.355702 0.145300 0.001515 0.731441 0.545430 -0.034744 0.173656 0.093388 
3.638848 1.970093 1.015947 1.158741 1.322534 0.218324 -0.209317 0.516645 0.737061 0.006257 0.009309 0.055620 
3.391095 1.783916 0.919912 1.320263 1.466760 0.434765 0.066024 0.675025 0.647564 0.100239 0.197743 0.086036 
3.145258 1.796032 1.109063 1.230875 1.085877 0.398570 0.086105 0.683027 0.863884 0.401378 0.286781 0.090197 
2.828094 1.873926 1.438443 1.361392 1.123962 0.646194 0.369987 0.517043 0.778434 0.528944 0.179188 0.080814 
