2.611432 1.833839 1.599034 1.618694 1.499569 1.027665 0.867868 0.773421 0.569196 0.399861 0.324035 0.081394 
2.675032 1.889618 1.517741 1.490773 1.258591 0.993084 0.868486 0.775305 0.400869 0.230693 0.317692 0.085254 
2.761688 1.911216 1.534072 1.376812 1.121164 0.792331 0.759510 0.763733 0.494695 0.299462 0.351071 0.087214 
2.701678 1.860389 1.486502 1.418683 1.055398 0.729686 0.975117 0.973948 0.706041 0.435003 0.347199 0.082152 
2.840728 2.032348 1.420576 1.058145 0.983385 0.979089 1.201615 0.837306 0.380898 0.396709 0.390942 0.087771 
2.705412 1.826459 1.438039 1.154252 1.081331 1.015397 1.091474 0.850684 0.320094 0.398110 0.414771 0.086180 
2.854861 1.786023 1.229314 1.036907 1.203253 1.529906 1.296378 0.836913 0.270788 0.112107 0.274872 0.091011 
2.999475 1.964596 0.819663 0.507974 1.051263 0.982035 0.894390 0.689517 0.233040 0.126882 0.319437 0.103822 
3.475186 2.201065 0.745587 -0.146051 0.327466 1.060821 1.451527 1.139688 0.388094 0.109041 0.432841 0.108944 
3.308177 1.935350 0.592089 -0.087858 0.239211 0.884462 1.135303 0.802716 0.456904 0.325377 0.479019 0.121253 
3.675571 2.302057 0.603560 -0.492173 0.093677 0.966438 1.209018 1.069887 0.338720 0.231481 0.560177 0.147139 
3.546215 2.347379 0.762393 -0.179880 0.165528 0.944615 1.262336 0.784575 0.214301 0.290132 0.462897 0.130969 
3.925123 2.686052 0.849211 -0.403322 0.094248 1.056247 1.478942 0.659252 0.298695 0.282482 0.442898 0.144011 
4.375132 2.959746 0.909345 -0.308223 0.367381 1.417448 1.527187 0.620672 0.189383 0.200515 0.345616 0.139150 
4.209266 2.823154 1.010199 0.346199 0.623017 1.251441 1.032977 0.395993 0.168183 0.165984 0.199904 0.072218 
4.634800 3.211975 1.010916 -0.032496 0.550750 1.043982 1.065585 0.261295 -0.019330 0.126647 0.113638 0.059878 
5.041377 3.584360 0.903859 -0.020517 0.457177 1.111860 1.078673 0.020140 -0.071381 0.080699 0.047458 0.043251 
5.055738 3.574586 1.088731 0.306925 0.465760 0.730256 0.761962 0.105893 -0.008503 -0.013367 0.012398 0.012748 
4.702019 3.289250 1.426621 0.555892 0.440074 0.601468 0.450677 0.075163 -0.011585 0.122626 -0.030491 -0.008617 
5.364353 3.563194 1.516846 0.770862 0.326490 -0.171420 0.433190 0.207779 0.213871 -0.138550 -0.084212 -0.033640 
6.002134 3.511766 1.169355 0.949125 0.408125 -0.542434 0.340136 0.623830 0.077538 -0.271150 -0.207976 -0.049905 
5.312810 3.432350 1.452871 0.759551 0.326715 -0.364494 0.134120 0.489585 -0.009709 -0.304932 -0.219806 -0.060257 
4.161534 2.763213 1.325642 0.796401 0.580038 -0.006465 -0.014814 0.143011 -0.069882 -0.387447 -0.235320 -0.039433 
6.029452 3.229827 0.801908 1.109484 0.186094 -1.043099 0.460875 0.789318 0.069107 -0.611097 -0.309943 -0.038474 
5.915022 2.542934 1.201318 1.045780 0.054647 -0.524163 0.830924 0.643364 -0.122045 -0.848045 -0.326734 -0.021726 
4.829804 3.100353 1.144006 0.417189 0.081359 -0.222853 0.712918 0.781838 -0.287982 -0.959900 -0.259299 -0.033163 
4.017186 2.611596 1.041291 0.371557 0.212590 0.056693 0.394426 0.417049 -0.245592 -0.754479 -0.225475 -0.010349 
5.126412 3.087514 0.816971 -0.068815 0.550062 -0.166680 0.051989 0.967422 -0.159682 -1.013694 -0.231376 -0.002371 
5.547923 2.603332 0.916691 0.047692 1.015291 -0.386266 0.236756 0.540416 -0.068894 -1.134318 -0.296636 0.052128 
4.185411 2.444558 0.682057 0.141058 0.218335 0.020963 0.092209 0.332032 -0.310602 -0.881347 -0.094568 0.050284 
4.950412 2.978995 0.462964 -0.183837 0.661958 -0.295584 0.036777 0.688702 -0.394666 -1.044507 -0.169710 0.039011 
5.305690 2.917606 0.356248 0.021950 0.978004 -0.545884 0.115291 0.435537 -0.268175 -1.108656 -0.226096 0.059715 
5.504988 2.895945 0.392429 -0.105298 0.827536 -0.350736 -0.049895 0.365700 -0.379064 -1.083021 -0.266760 0.038636 
4.682234 2.736384 0.648785 -0.235902 0.080748 0.036776 0.256844 0.087445 -0.740053 -0.847160 -0.156974 0.030305 
6.122528 3.035568 0.074885 -0.053573 0.780868 -0.482034 0.185548 0.412071 -0.717297 -0.929674 -0.389766 0.023462 
6.668938 2.715153 0.169893 -0.549947 1.514053 -0.582131 0.035553 0.597450 -0.947672 -0.819565 -0.443822 0.011649 
5.357040 2.897216 0.216919 -0.333020 0.814705 0.324841 0.103645 0.080065 -0.684649 -0.876443 -0.260141 0.010137 
5.296676 3.082234 0.387661 -0.127538 0.730583 -0.047772 0.441224 0.035978 -0.648663 -1.012310 -0.264095 0.019264 
4.148442 2.604476 0.830211 0.020026 0.234408 0.363556 0.432713 -0.221846 -0.911083 -0.682005 -0.110298 0.033712 
5.042352 2.866898 0.473547 -0.054980 0.627664 0.043512 0.436317 0.053593 -0.665194 -0.962732 -0.223413 0.021889 
4.661993 2.507129 0.542724 0.182229 0.923625 0.495283 0.304016 0.111141 -0.851593 -1.003013 -0.195379 0.036815 
5.326392 2.506895 -0.052651 0.253551 1.710013 0.339067 -0.078213 -0.087751 -0.260022 -1.124801 -0.300829 0.019430 
3.992210 2.069440 0.419046 0.456637 0.803495 0.613006 0.167980 -0.183003 -0.668796 -0.799707 -0.103713 0.052125 
4.853110 2.451742 0.167357 0.321581 1.063662 0.387392 0.296479 -0.043244 -0.421481 -1.091588 -0.130551 0.063782 
4.555780 2.194084 0.258059 0.562424 1.296150 0.535545 0.037900 0.019702 -0.628541 -1.012020 -0.095096 0.073863 
5.203521 2.550847 0.469097 0.448668 1.768409 0.712644 -0.053011 0.035836 -0.444483 -1.258822 -0.182950 0.060807 
4.281659 2.370642 0.661273 0.620775 1.234740 0.977598 0.403594 -0.023829 -0.651664 -0.879876 -0.137677 0.035886 
4.201107 2.141427 0.738378 1.005193 1.560589 0.749137 0.100457 -0.038746 -0.359898 -0.711651 -0.104696 0.038309 
5.002265 2.053542 0.437176 1.204780 1.898361 0.746530 0.267090 -0.149400 -0.485838 -0.768568 -0.122349 0.067565 
4.330918 1.933376 0.747072 1.330448 1.801690 0.627469 0.357958 -0.140448 -0.452249 -0.622525 -0.086942 0.052466 
4.092515 2.300826 0.743166 0.971035 1.542438 0.740750 0.406882 0.013029 -0.341931 -0.456584 -0.068099 0.037778 
3.664040 2.085323 1.661759 1.521699 1.467367 0.841645 0.539439 0.018154 -0.682526 -0.428530 0.122514 0.053752 
5.499027 2.954654 0.222417 2.013217 2.907706 -0.426887 0.872067 0.323643 -0.698318 -0.439233 -0.169927 0.139195 
3.622863 2.527439 1.656818 1.368445 1.586985 1.115452 0.833279 0.060603 -0.549227 -0.397262 0.030558 0.035242 
4.011803 2.948619 1.489224 1.525056 1.928841 0.915725 0.464312 0.090322 -0.649617 -0.388396 0.092819 0.051478 
3.649864 2.625344 1.613207 1.368076 1.624220 0.804504 0.338426 -0.118026 -0.595838 -0.228958 0.053864 0.043316 
4.196915 3.369096 1.146208 1.297435 2.226843 0.724083 -0.152911 0.622629 -0.880826 -0.391338 0.039793 0.051302 
3.473983 2.505457 1.574660 1.176506 1.600788 0.879004 -0.030528 0.074719 -0.456012 -0.327850 0.027612 0.038157 
3.874139 3.027616 1.610907 0.891691 2.170119 1.007572 -0.284913 0.381209 -0.616942 -0.471110 0.073115 0.014351 
3.656217 2.782405 1.636290 1.246769 1.842572 1.191516 0.000411 0.275551 -0.545468 -0.439557 0.121278 0.039162 
4.117471 3.332231 1.312201 0.854051 2.481493 1.242384 0.158571 0.814679 -0.448317 -0.439793 0.146056 0.030730 
3.778877 2.849452 1.909613 1.520037 2.013753 1.341049 0.407292 0.604651 -0.268596 -0.338489 0.203260 0.045300 
3.494419 3.056912 2.074015 1.707324 2.549872 1.340868 0.587851 0.721148 -0.289070 -0.096225 0.071356 0.008945 
3.330575 2.893372 2.376649 1.554816 2.407110 1.305717 0.895316 0.765926 -0.266598 -0.029585 0.061069 0.006471 
3.314769 2.866580 2.225014 1.427070 2.740024 1.456124 0.863191 0.942759 -0.300489 -0.012340 0.068708 0.003540 
3.316426 2.856047 2.204094 1.504396 2.894889 1.598197 0.777152 1.173749 -0.148934 -0.072730 -0.000823 -0.011629 
3.338518 2.930815 1.973980 1.606533 3.244411 1.780041 1.097148 1.365142 0.187813 -0.134713 -0.143928 -0.016433 
3.330011 2.623065 2.002119 1.840278 2.586137 2.075637 0.920492 0.960937 0.155320 -0.111659 -0.031983 0.007319 
3.299982 2.661154 1.878051 2.088971 2.655656 2.040519 1.200204 0.740249 0.161212 -0.201827 0.086519 0.025696 
3.551441 2.785462 1.730394 1.783399 2.488095 2.432503 1.272281 1.019307 0.068654 -0.249684 0.065243 0.033330 
4.079384 2.893788 1.181285 1.956052 3.246828 2.530795 0.661172 1.399723 0.342146 -0.598161 0.091332 0.018194 
4.290394 2.743410 0.853014 2.128725 3.170565 2.360351 0.414032 1.137841 0.736051 -0.624918 0.050253 0.003022 
4.852794 2.896757 0.469263 2.010996 4.104791 2.326866 0.085522 0.911682 0.971849 -0.826110 0.010532 -0.030109 
4.451842 2.526234 0.702199 1.944625 3.249706 2.239969 0.833268 0.955408 0.988001 -0.629278 -0.035024 -0.007143 
4.185175 2.348571 0.713839 1.987240 2.831110 2.400633 1.220402 0.953032 0.500245 -0.513320 0.029841 0.042670 
5.020485 2.899572 -0.073219 1.392921 2.637033 2.188085 0.856041 0.957748 0.679823 -0.530487 0.152863 0.077175 
5.271786 2.745011 0.099165 0.990922 2.168354 1.765284 0.852527 1.061748 0.687942 -0.437294 0.281649 0.164726 
4.428948 2.606130 0.665300 0.609861 1.404528 1.526572 1.559133 1.319727 0.376896 -0.089531 0.394442 0.145135 
3.955743 2.394095 1.108101 1.166029 1.670621 1.397584 0.756085 0.969030 0.699764 0.379380 0.480361 0.112824 
4.592744 2.566654 0.892319 1.133681 2.191225 1.460999 0.274384 1.217867 0.942348 0.372361 0.340324 0.077555 
3.796110 2.514088 1.388850 1.443276 1.839708 1.557756 1.244854 0.997810 0.709705 0.265806 0.239852 0.065968 
3.532496 2.464273 1.362726 1.175935 1.486092 1.420724 1.117029 1.052352 0.866562 0.508658 0.214792 0.051911 
4.376320 2.575791 0.700943 0.848214 1.952869 1.353843 1.099998 1.299551 0.746026 0.313735 0.332387 0.090295 
4.568846 2.682863 0.646573 0.681695 2.251075 1.508403 1.191672 1.245448 0.718163 0.267092 0.301092 0.086264 
3.854520 2.451513 1.217012 1.152815 1.886994 1.455329 1.109739 1.103322 0.714398 0.214186 0.213598 0.051104 
