2.724760 1.718601 1.571305 1.298233 1.206697 1.585947 1.213677 0.609214 0.338236 0.235878 0.097418 0.083578 
2.758374 1.912303 1.470968 1.470537 1.211644 1.334570 1.141767 0.647321 0.539175 0.411346 0.244529 0.078569 
2.742781 1.925081 1.476421 1.218794 1.421586 1.489259 1.202255 0.922685 0.571050 0.364186 0.173213 0.077189 
2.676773 1.624234 1.524272 1.185149 1.423891 1.478945 1.131495 0.422045 0.323059 0.563099 0.212578 0.081978 
2.735747 1.672513 1.674348 1.103855 1.173021 1.492866 1.317810 0.363031 0.475733 0.751833 0.045368 0.073229 
2.692972 1.652583 1.602410 1.315505 1.262102 1.373925 1.381130 0.481389 0.327828 0.729083 0.174544 0.074651 
2.637505 1.671069 1.719426 1.542311 1.167951 1.295186 1.396290 0.587081 0.035247 0.546980 0.189912 0.074692 
2.613244 1.691010 1.713133 1.261626 1.023493 1.396147 1.344929 0.566897 0.143341 0.506531 0.189492 0.075913 
2.533651 1.873481 1.845628 1.161066 1.302921 1.323922 1.003044 0.580057 0.403691 0.694786 0.145972 0.077692 
2.605499 1.609929 1.694822 1.442093 1.313691 1.070210 1.680189 0.510880 -0.022361 0.708045 0.218575 0.073663 
2.481432 1.606793 1.799602 1.625731 1.422130 0.908716 1.016207 0.613859 0.560746 0.645507 0.199109 0.073947 
2.510447 1.684406 1.708722 1.756829 1.169695 0.909814 1.295501 0.418804 0.636971 0.562190 0.169861 0.072765 
2.527728 1.687927 1.806789 1.604321 0.898102 1.186204 1.330215 0.006404 0.867592 0.463467 0.109023 0.074983 
2.553965 1.584051 1.859649 1.895813 1.628367 1.288602 1.318111 0.123995 0.729990 0.508129 0.193185 0.073933 
2.520901 1.668640 1.538188 1.224465 1.192695 1.255048 1.523017 0.246750 0.390856 0.340396 0.099006 0.085394 
2.761310 2.004534 1.328164 1.731757 1.273222 1.547677 1.261429 0.307161 0.521096 0.316739 0.185324 0.076434 
2.148937 2.926369 0.153442 1.901274 0.891770 2.009894 1.158770 0.738725 0.469522 -0.059793 0.221768 0.061472 
1.767068 3.368662 -0.169604 2.302793 0.801561 1.965353 1.520967 0.846052 0.241347 -0.063115 0.221259 0.064899 
1.486470 3.426746 -0.999313 1.967831 0.715079 2.050618 2.131946 -0.384715 0.576937 -0.567510 0.344706 0.036323 
1.319690 3.414284 -0.739570 1.698210 1.196877 2.234347 2.104860 0.102921 0.614475 -0.663844 0.286844 0.041625 
1.548794 3.284164 -1.643235 1.229185 1.583127 1.926341 2.044148 0.142095 0.890950 -0.445709 0.391869 0.017238 
1.845808 3.281810 -1.903878 0.345294 1.956319 2.042185 2.043158 0.077649 1.081634 -0.209449 0.547024 -0.003879 
2.325649 2.792219 -2.156623 -0.098960 2.262703 1.671345 1.683141 0.824127 1.366476 0.204698 0.478038 -0.071690 
3.055287 3.074773 -1.818552 -0.461327 3.565243 1.364316 1.917322 0.737808 1.568924 0.453060 0.464462 -0.079678 
3.299276 2.622316 -1.049236 -0.247646 3.371048 0.900730 1.618320 0.504888 1.119422 0.616388 0.196652 -0.017115 
3.801854 3.777508 -2.854638 -0.581740 4.196241 0.591784 1.218888 1.009985 1.238682 1.249945 0.149654 -0.112184 
4.057208 3.671572 -2.648507 -0.251951 3.680489 0.217632 0.843149 0.848425 1.316193 1.381143 0.133413 -0.056818 
3.813820 2.906947 -1.135915 0.149004 1.929537 0.049089 0.294070 0.174405 1.459633 1.109082 0.342888 -0.028376 
4.233156 2.840117 -1.039914 0.279887 1.586200 -0.375058 -0.030046 -0.210023 1.603722 0.872560 0.380213 -0.029560 
4.067339 2.661416 -0.039053 0.118954 1.197165 -0.846056 -0.237473 -0.134818 1.266110 1.022644 0.213988 0.014538 
4.704886 3.930080 -0.997863 -0.015493 2.456051 -1.727522 -0.418707 -0.688124 1.603186 0.852848 0.286995 -0.016255 
4.498982 3.522867 0.356214 0.017681 1.738873 -1.357375 -0.562996 -0.822015 1.149989 0.610633 0.137904 -0.017412 
5.065523 3.690883 0.402862 0.035114 2.138021 -2.131877 -0.375204 -0.970967 0.954051 0.471779 -0.032480 0.001776 
4.525384 3.309677 1.434248 0.635852 1.146054 -1.394498 -1.118217 -0.811282 0.452917 0.350065 -0.095669 -0.026353 
5.312951 3.909764 0.547553 0.674189 1.533871 -1.515972 -1.007666 -0.964630 0.465361 0.117667 -0.053811 -0.052772 
5.399478 3.918097 0.648588 0.952449 0.995800 -0.934796 -1.155781 -1.218807 0.407099 -0.222561 0.000114 -0.068980 
5.701364 3.819711 0.654639 1.167630 0.586513 -0.959090 -0.575224 -1.308476 0.082654 -0.431567 -0.042301 -0.049988 
6.119626 3.896827 0.378549 1.403323 0.206257 -0.952697 -0.190959 -1.358281 -0.155636 -0.753884 -0.105219 -0.068631 
4.047219 3.172669 1.727187 0.797570 0.023702 -0.583024 -0.598379 -0.806251 -0.707795 -0.646483 -0.072655 -0.034603 
5.449673 3.717350 1.134498 0.639604 0.681088 -0.760437 -0.162074 -1.343950 -0.926128 -0.602580 -0.175435 -0.012658 
5.622052 3.652799 0.699926 0.815881 1.108899 -0.410814 -0.757670 -1.495094 -0.497103 -0.738453 -0.167895 -0.054603 
4.659605 3.277527 1.158121 0.752593 1.172306 -0.111329 -0.871319 -1.338125 -0.481240 -0.610371 -0.163501 -0.066827 
3.987837 2.659149 1.435757 1.151710 0.867343 -0.029751 -0.758432 -1.042333 -0.709942 -0.558788 -0.172538 -0.058763 
6.210528 3.209666 -0.017942 1.371559 2.102754 0.755401 -1.423454 -1.249051 -0.375855 -0.765881 -0.347049 -0.128123 
5.564546 3.011715 0.571895 1.271554 2.144923 0.393897 -1.456740 -0.943883 -0.338640 -0.806377 -0.328425 -0.118387 
4.387578 2.874118 1.370109 1.367264 1.309005 0.048763 -1.046457 -0.969851 -0.290691 -0.446123 -0.273121 -0.095404 
5.173806 2.896579 1.147906 2.012367 2.114283 -0.132672 -1.461234 -1.189272 -0.179570 -0.455198 -0.285269 -0.119193 
3.952448 2.713751 1.768124 1.689820 1.326455 0.048163 -1.099886 -1.064010 -0.494481 -0.323766 -0.248602 -0.082615 
3.640229 2.632253 2.069788 1.832267 1.037095 -0.122867 -0.958012 -0.742110 -0.331945 -0.363065 -0.338427 -0.081462 
5.333232 2.985528 1.522191 2.370134 2.480131 0.173844 -1.769303 -1.022331 -0.079929 -0.450863 -0.334039 -0.142106 
4.863372 3.034273 1.756549 2.602681 2.518275 0.522204 -1.538482 -1.044994 0.037496 -0.348307 -0.283432 -0.141097 
3.640245 2.698764 2.068210 1.930601 1.501253 0.216296 -0.894304 -0.672479 -0.183648 -0.200111 -0.363934 -0.087677 
3.340320 2.408545 1.936283 1.848210 1.226538 0.191568 -0.536975 -0.583661 -0.334407 -0.330884 -0.358998 -0.072931 
3.436681 2.505191 2.166780 2.075995 1.472201 0.064356 -0.887079 -0.647711 -0.181668 -0.200617 -0.426860 -0.096010 
6.020704 2.684020 1.152603 2.409097 3.468582 0.085177 -1.609384 -1.436134 0.050641 -0.344618 -0.434918 -0.196582 
4.478556 2.877048 1.610589 2.101205 2.574987 -0.009860 -1.664548 -1.129560 -0.020928 -0.118181 -0.376112 -0.176385 
3.687056 2.562255 1.930262 2.349325 1.964105 -0.138670 -1.363337 -1.116871 -0.200876 -0.136216 -0.414730 -0.137851 
3.400471 2.351751 2.070679 2.013996 1.340778 -0.177861 -1.056921 -0.620385 -0.273849 -0.308805 -0.378593 -0.090821 
4.440525 2.718815 1.476334 2.275476 2.912148 -0.044688 -1.579630 -1.052772 -0.113178 -0.112214 -0.343801 -0.163634 
5.550591 2.780567 1.311508 2.176911 4.401099 -0.403481 -1.941257 -1.465485 -0.204114 -0.352103 -0.442354 -0.190178 
4.606623 2.751647 1.660368 2.261064 2.741087 -0.226038 -1.953805 -1.389033 -0.375196 -0.316682 -0.313753 -0.164333 
3.852848 2.438953 1.821581 1.970624 1.776092 -0.577302 -2.021720 -1.601726 -0.563841 -0.313967 -0.337372 -0.152220 
3.780077 2.572228 1.547131 1.504075 1.162128 -0.388271 -1.839773 -1.756355 -0.576154 -0.317034 -0.266292 -0.123450 
5.477544 3.032633 1.200064 1.134490 5.042636 -1.835760 -2.537258 -1.929311 -0.828199 -0.225865 -0.699700 -0.222583 
5.605633 3.083965 0.674644 0.925760 4.937297 -1.511011 -2.385941 -1.974076 -0.709934 -0.243702 -0.614159 -0.211398 
4.433010 2.559314 1.212508 1.518996 2.367477 -0.736749 -2.521032 -1.683256 -0.420468 -0.167117 -0.293382 -0.171172 
3.789204 2.386876 1.089902 1.102643 1.421447 -0.497725 -1.873888 -1.618785 -0.378814 0.055787 -0.263971 -0.116534 
4.904928 2.521177 1.064407 1.057917 3.015331 -0.432735 -2.619628 -1.763392 -0.183943 -0.299665 -0.190721 -0.168223 
5.559923 2.213317 1.206987 0.362237 3.629510 -1.010775 -2.365279 -1.792563 -0.413949 -0.144839 -0.286356 -0.127063 
5.681283 2.171077 0.869020 0.458918 3.470589 -0.595643 -1.911619 -1.245088 -0.655850 -0.019704 -0.149104 -0.087487 
4.890901 2.612620 0.807275 0.772809 2.251426 -0.457147 -1.648778 -1.214942 -0.751654 0.001844 -0.031676 -0.053244 
5.003703 2.680989 0.918488 0.797004 2.130844 -0.449651 -1.496205 -1.457231 -0.625465 0.025540 0.036929 -0.027254 
6.052850 2.902273 0.246677 -0.274224 3.437423 -0.475305 -1.222335 -1.322957 -0.951257 0.024282 -0.006337 0.021523 
5.704618 3.108311 0.470691 -0.284232 2.403326 -0.154444 -0.423335 -1.152134 -1.151597 0.046210 0.147636 0.105360 
4.844445 2.713234 0.822022 0.131491 1.428709 0.753059 -0.221572 -0.924790 -0.869085 -0.167249 0.294261 0.132309 
5.587275 2.695854 0.293606 -0.080987 2.000001 0.450308 0.298514 -0.800657 -0.731518 0.030322 0.287275 0.166426 
4.964359 2.716874 0.810107 0.025805 1.327904 0.788297 0.739129 -0.506014 -0.721430 0.124917 0.380975 0.194642 
5.384973 2.554764 0.439231 0.615339 1.616733 0.737061 0.863836 -0.123132 -0.442690 0.033556 0.408347 0.212243 
4.047553 2.377279 1.424074 0.960196 1.157922 0.945222 0.496246 -0.001426 -0.188256 0.110246 0.339468 0.113792 
5.100512 2.568421 0.779723 1.036256 1.423019 0.580946 0.931327 -1.077086 0.294034 0.246616 0.453750 0.154892 
4.022380 2.546493 0.991343 0.948431 1.544536 0.789786 0.400820 -0.188549 0.260094 0.296229 0.246412 0.083851 
4.058650 2.536531 1.460628 1.315253 1.633713 1.054976 0.341292 -0.173035 0.663445 0.531708 0.291813 0.072827 
3.785222 2.774136 1.761036 1.480259 1.686800 0.547032 0.387856 0.221243 0.817010 0.388462 0.285114 0.073272 
3.846399 2.600347 1.790438 1.980681 1.777435 0.911170 0.853684 0.128063 0.207965 0.278413 0.312917 0.079926 
3.816832 2.605059 1.932811 1.655157 1.647121 1.443672 1.423794 0.400744 0.128663 0.170502 0.307829 0.087200 
