2.547809 1.928395 1.729293 1.517582 1.242078 1.186399 0.934370 0.702809 0.492072 0.393097 0.281197 0.080427 
2.546720 1.950742 1.816746 1.444699 1.135376 1.109277 0.963375 0.609857 0.687759 0.437170 0.210836 0.080751 
2.550621 1.982292 1.747329 1.579201 1.249478 1.164498 0.870537 0.581609 0.715545 0.460267 0.228852 0.079864 
2.656524 1.997465 1.748166 1.491895 1.057181 1.173893 1.108547 0.718758 0.535422 0.436170 0.175682 0.078294 
2.562289 1.815826 1.684537 1.523293 1.223757 1.080735 1.089457 0.760921 0.590620 0.437495 0.212392 0.078959 
2.597959 1.885325 1.487219 1.416884 1.527851 1.124003 1.088033 0.750831 0.584903 0.355800 0.276904 0.081334 
2.496487 1.832784 1.681006 1.465565 1.309290 1.219568 0.965041 0.707052 0.652539 0.412883 0.210036 0.080046 
2.574791 1.817276 1.450118 1.427291 1.335189 1.410329 1.082528 0.610503 0.582196 0.415085 0.193201 0.080656 
2.555607 1.971686 1.703447 1.355895 1.356155 1.106652 1.024831 0.839597 0.669298 0.320708 0.187304 0.079543 
2.570541 1.997223 1.735207 1.353027 1.256473 1.216487 1.156004 0.742964 0.572930 0.276153 0.186502 0.079691 
2.584753 1.858225 1.515081 1.584297 1.398360 1.407660 0.979042 0.560381 0.441703 0.377064 0.233191 0.081770 
2.628434 2.194945 2.126304 1.887593 1.746504 1.585473 1.006780 0.654828 0.376052 0.088675 0.080488 0.071955 
3.031430 2.553174 2.426463 2.012086 1.614323 1.413219 1.008376 0.473189 0.283351 0.006511 -0.067093 0.037629 
3.412070 2.832632 2.424286 1.818349 1.235524 1.056758 0.713737 0.336206 0.120526 -0.119901 -0.098600 0.012921 
2.950365 2.330714 2.026407 1.567668 0.940013 0.470121 0.292443 0.270107 0.100300 -0.029100 -0.110703 0.053607 
3.165827 2.605285 2.285219 1.804983 1.367485 0.986604 0.595801 0.058407 -0.234416 -0.336574 -0.218238 0.003091 
4.497734 3.314025 2.229270 1.389998 1.084155 1.014263 0.642419 0.266983 -0.215035 -0.695816 -0.188507 -0.037282 
4.664553 3.211503 1.819541 1.310063 1.379300 0.831599 0.605026 0.185252 -0.091453 -0.693989 -0.271874 -0.054448 
3.434640 2.686702 1.906925 1.325775 0.850721 0.594634 0.482361 0.124700 -0.143660 -0.427765 -0.369918 -0.020383 
3.664959 2.765184 1.808973 1.425553 1.089586 0.640925 0.422647 0.082892 -0.322500 -0.508534 -0.320978 -0.031010 
5.886900 3.229501 1.008473 1.345985 1.803583 0.769666 0.073165 0.415628 0.204054 -1.016590 -0.465143 -0.079452 
5.816481 3.226397 1.083896 1.207179 1.701023 0.713494 0.042866 0.189300 0.135056 -0.937397 -0.404828 -0.072599 
4.416295 3.054704 1.665126 1.185625 1.133312 0.509084 0.001236 -0.028812 -0.214652 -0.518455 -0.275312 -0.050525 
3.903295 2.833866 1.712873 1.115144 0.864950 0.490104 0.095313 -0.117471 -0.287194 -0.434730 -0.300096 -0.033744 
4.703938 3.118643 1.545678 1.163780 1.270005 0.660080 -0.072055 -0.530906 -0.553559 -0.420237 -0.148724 -0.011523 
5.640968 3.222143 0.978702 0.891387 1.647632 0.828426 -0.476404 -0.507608 -0.325008 -0.523812 -0.152453 -0.022145 
4.747736 3.100029 1.416965 0.924326 1.084291 0.444577 -0.250750 -0.538220 -0.526268 -0.439083 -0.097786 0.006279 
4.589196 3.044535 1.420219 0.972539 0.891288 0.421808 -0.375504 -0.687201 -0.409952 -0.240376 -0.110750 -0.000552 
5.068555 3.171774 1.310906 0.912444 1.181884 0.403443 -0.642792 -0.781813 -0.322643 -0.288951 -0.061355 0.001544 
5.801303 3.456276 0.916808 0.869032 1.615750 0.274021 -0.985276 -0.518625 -0.069024 -0.388757 -0.113059 -0.027558 
5.002272 3.084923 1.343602 1.025644 1.073813 0.398976 -0.532078 -0.562879 -0.258295 -0.323980 -0.093379 -0.003143 
5.996873 3.293179 0.891684 0.874637 1.469781 0.422221 -0.725784 -0.380065 -0.208554 -0.408722 -0.133525 -0.010818 
5.977833 3.311883 0.729469 0.546909 1.678296 0.621929 -0.661408 -0.246142 -0.176287 -0.467835 -0.169781 -0.031350 
5.018347 3.155230 1.098974 0.758874 0.977605 0.566280 -0.263603 -0.561497 -0.338734 -0.402971 -0.088307 0.006692 
3.981337 2.689718 1.482903 0.984278 0.878196 0.290273 -0.175470 -0.421636 -0.522297 -0.390182 -0.078441 0.020998 
3.843193 2.713574 1.525357 0.881300 0.715074 0.301411 -0.359254 -0.617190 -0.469515 -0.225040 -0.054014 0.027691 
4.442560 2.913664 1.399137 0.899780 0.710974 0.127108 -0.479307 -0.402472 -0.361042 -0.350814 -0.058762 0.018680 
5.230685 3.115800 1.080894 0.680092 0.755221 0.296499 -0.490957 -0.419459 -0.300008 -0.460146 -0.067133 0.020923 
3.786511 2.637044 1.563478 0.880549 0.553585 0.028250 -0.457816 -0.637942 -0.527400 -0.221490 0.034572 0.048396 
3.708207 2.625081 1.559063 0.803855 0.268812 -0.292923 -0.634394 -0.376475 -0.279526 -0.251642 -0.007451 0.048770 
4.547172 3.072021 1.541380 0.856799 0.358671 -0.455884 -0.693315 -0.402222 -0.283578 -0.429388 0.033761 0.054903 
5.854639 3.062082 0.883124 1.038491 1.421247 -0.418422 -1.239806 -0.168915 0.209289 -0.609393 -0.144731 0.037628 
4.080926 2.643626 1.335265 0.973506 0.673204 -0.304809 -0.613120 -0.379101 -0.332710 -0.400967 0.055304 0.069723 
3.789237 2.604580 1.432515 0.689986 0.249832 -0.325805 -0.233421 -0.088902 -0.237436 -0.320249 -0.028232 0.061012 
4.658640 2.655411 0.907957 1.129254 1.016935 -0.055116 -0.569519 -0.057431 0.026272 -0.660799 -0.089418 0.045033 
4.751383 2.695431 1.017574 1.144696 1.661635 0.151358 -0.496086 -0.686468 0.144920 -0.546734 -0.040909 0.031415 
4.293662 2.816452 1.659064 1.010185 1.073613 0.020004 -0.444039 -0.204557 -0.266842 -0.286278 -0.063087 0.032752 
3.448171 2.381358 1.389732 1.274142 0.969070 0.012893 -0.207501 -0.229237 -0.289769 -0.318637 -0.131281 0.053404 
3.703965 2.511607 1.548054 1.130362 0.879736 0.061874 -0.147058 -0.123401 -0.161010 -0.395790 -0.187443 0.028654 
4.483105 2.743754 1.406722 1.244421 1.413322 -0.453106 -0.142696 0.111860 0.041909 -0.731331 -0.121790 0.036956 
4.053104 2.616700 1.807559 1.313083 1.225054 -0.414730 -0.255878 0.083732 -0.126222 -0.595955 -0.040233 0.050294 
3.496599 2.548681 1.511094 1.108250 0.760436 0.091197 -0.132627 -0.240469 -0.301165 -0.365319 -0.015207 0.063505 
3.702017 2.347805 1.343533 1.258065 0.954869 -0.206876 -0.560434 -0.042855 -0.032669 -0.457783 -0.118621 0.052755 
4.738393 2.860854 1.380481 1.440353 1.601956 -0.883773 -0.494336 0.022991 0.297037 -0.586648 -0.076064 0.056149 
4.553973 2.790737 1.416237 1.276125 1.606043 -0.870380 -0.736343 0.286740 0.079543 -0.526623 -0.084060 0.054234 
4.128366 2.666965 1.652960 1.330531 1.189999 -0.726010 -0.822939 0.016159 0.084210 -0.304165 -0.056274 0.052450 
3.852061 2.693322 1.499082 0.844773 0.900702 -0.281865 -0.307810 -0.138721 -0.249329 -0.154043 -0.053910 0.056111 
5.003919 2.987894 1.020018 0.474867 1.595732 -0.948432 0.023853 0.269872 -0.149533 -0.518591 -0.077215 0.085059 
5.815797 3.386553 0.735730 -0.428570 2.993246 -1.318812 -0.127823 0.403840 -0.063819 -0.325148 -0.352707 0.043926 
4.361757 2.720833 1.195877 0.323127 0.760969 -0.083012 -0.021495 -0.055033 -0.457192 -0.302755 0.026613 0.066706 
5.539651 3.047812 0.535361 0.027614 2.227821 -1.091686 -0.252504 0.458555 -0.156270 -0.393731 -0.259563 0.041444 
4.555231 2.776565 0.760565 0.642891 1.190517 -0.256091 -0.388869 0.044567 -0.146728 -0.410027 -0.070712 0.023783 
4.913009 2.567388 0.895525 0.486416 1.383741 -0.288234 -0.438792 0.477745 -0.124157 -0.694280 -0.147460 0.023814 
4.754041 2.585682 0.838679 0.435099 1.315128 -0.118411 -0.580790 0.358089 -0.018669 -0.531575 -0.143412 -0.004833 
6.090704 2.476709 0.647381 -0.194113 2.820679 -0.584367 -0.677047 0.584995 -0.001484 -0.398011 -0.390141 -0.040961 
4.133129 2.528994 0.679136 0.564086 0.808823 0.180144 -0.091351 0.153959 0.184321 -0.315521 -0.227844 -0.028414 
4.772170 2.306938 0.723362 0.793846 1.577035 0.149144 -0.665427 0.594521 0.320368 -0.522169 -0.289460 -0.043414 
5.518492 2.340552 0.214415 0.803340 2.399718 -0.259586 -0.576481 0.854287 0.459402 -0.431552 -0.404448 -0.044508 
5.948770 2.249247 0.008907 0.599122 2.701439 -1.085941 -0.209087 0.853296 0.594089 -0.087410 -0.349520 0.026309 
4.072704 2.100537 0.680070 0.952169 1.238868 -0.552387 -0.615489 0.689733 0.795089 0.254026 0.051200 0.039123 
5.642402 2.075853 -0.261640 1.344442 2.234714 -1.179194 -0.596970 0.817585 0.882087 0.211705 0.064482 0.153418 
4.998873 1.808732 0.026389 1.379833 1.901063 -0.871016 -1.102023 0.936360 1.337985 0.250580 0.208115 0.146567 
5.144898 1.512956 0.082205 1.587950 1.881348 -0.594865 -1.348339 1.076608 1.367302 0.270012 0.245062 0.181283 
4.740800 1.607706 0.179815 1.773751 2.185754 -0.799356 -0.955599 0.965143 1.297104 0.200015 0.181471 0.148509 
3.962113 1.358206 0.500767 1.926967 2.369372 -0.369079 -1.026262 0.751594 1.376398 0.250410 0.179162 0.086647 
3.422473 2.132415 1.518645 1.733809 1.678765 0.538122 0.007627 0.715636 0.740624 0.246199 0.075051 0.055649 
3.087636 2.090594 1.533213 1.547629 1.661171 1.040223 0.556939 0.566333 0.418317 0.203469 0.252686 0.079832 
2.952136 2.141573 1.711105 1.841471 1.649176 1.081210 0.818216 0.659014 0.651397 0.441118 0.259682 0.078919 
3.002612 2.035891 1.710563 1.623471 1.250358 0.850122 0.480690 0.792612 0.755359 0.526696 0.252994 0.082933 
2.775453 2.051820 1.779858 1.451739 1.308517 0.988157 0.627446 0.764811 0.547137 0.261945 0.149852 0.077046 
2.691143 1.894034 1.666802 1.580115 1.354969 0.916403 0.674397 0.662704 0.489667 0.265752 0.177942 0.080606 
2.848736 2.118212 1.713709 1.718800 1.548631 0.937477 0.663818 0.720955 0.519873 0.344623 0.241665 0.079530 
2.734314 1.947720 1.639839 1.740885 1.645125 1.021159 0.544230 0.585815 0.740133 0.339641 0.204308 0.075560 
2.740332 1.909654 1.519072 1.562547 1.385610 0.916280 0.480125 0.424163 0.543011 0.357644 0.212310 0.079818 
2.665114 1.944079 1.789053 1.568004 1.346897 1.029894 0.737353 0.755622 0.476225 0.167732 0.193861 0.079731 
