3.273009 1.872215 0.947681 2.112674 2.410650 1.198345 0.231385 0.398810 1.050513 0.346879 0.101952 0.033272 
2.946411 1.512827 0.921340 1.997564 1.920565 1.571555 0.382348 -0.078479 0.607029 0.142264 0.223998 0.070725 
2.905220 1.659705 0.395947 2.468523 2.565359 2.142893 0.541056 0.349626 0.992777 0.071292 0.423678 0.066896 
2.086988 2.219378 0.039583 2.395370 3.324030 2.021458 1.457760 -0.303756 0.944393 0.295218 0.463816 0.061759 
1.899748 2.763401 -0.505027 1.198936 2.520546 1.389445 2.195918 -0.164406 0.610031 0.271672 0.313281 0.110181 
1.367174 2.836410 -1.325330 1.871255 2.789126 2.620689 2.316766 0.226074 0.601571 0.485564 0.448057 0.100993 
1.204033 1.916484 -2.965268 0.985495 3.777256 4.243997 2.788159 0.749395 -0.090550 0.405856 0.400206 0.099081 
0.888191 1.912014 -2.571895 0.439902 4.104675 3.885641 3.215663 0.467727 -0.125579 0.501362 0.259444 0.129404 
1.446863 2.000030 -3.129343 0.472503 4.373716 3.151192 3.113049 0.677778 -0.038044 0.449420 0.137783 0.113352 
1.834699 1.809560 -2.684557 0.151734 4.128122 2.659400 2.803034 0.689673 0.057797 0.474123 0.045443 0.081321 
2.190822 2.158178 -2.722957 0.200602 4.561778 1.957212 3.004032 0.945177 0.422874 0.444538 0.022509 0.054337 
2.667118 1.873772 -1.928118 0.128710 4.120557 2.261832 2.350287 1.208655 0.368201 0.358688 0.048430 0.011027 
3.159051 2.599713 -1.898412 0.017970 3.920034 1.319727 1.716026 1.238608 0.696718 0.311695 0.036580 -0.045407 
3.546568 2.710129 -1.231448 0.301576 3.416116 0.041830 1.482477 1.374848 0.760435 0.399160 0.040431 0.041406 
3.594979 2.934284 -0.759104 -0.037944 3.588088 -0.798145 0.625734 1.351439 0.579547 0.625981 0.119566 0.044531 
3.407263 3.285134 -0.913508 0.091738 3.155530 -1.113369 0.357088 0.915819 0.523114 0.617232 0.226435 0.066300 
3.222624 3.053158 0.207444 0.135270 2.266465 -1.063025 -0.243392 0.204592 0.334619 0.762156 0.627385 0.105949 
3.399083 3.582818 -0.076061 -0.063742 1.941216 -1.170189 -0.471601 0.217644 0.138686 0.562168 0.641822 0.111966 
3.962230 4.672984 -0.567578 -0.125045 1.838844 -1.797185 -0.169081 0.550384 0.221571 0.296839 0.363470 0.095250 
4.226811 4.443310 0.285674 0.293524 1.440272 -1.977866 -1.210162 0.224355 0.150644 0.634212 0.166525 0.091253 
3.829422 3.284524 1.516634 0.686055 0.224831 -1.230758 -0.890005 -0.193267 0.104428 0.388947 0.249969 0.086818 
3.971627 3.361327 1.819838 0.539824 1.439375 -2.010008 -0.836769 -0.128861 -0.426164 0.036863 0.118058 0.070981 
4.316025 3.780267 1.282786 0.308537 2.569872 -2.702733 -1.082332 -0.528786 -0.382602 -0.273323 -0.062136 0.055043 
3.872852 3.293818 1.909679 0.154236 1.265830 -1.959713 -1.294539 -0.501711 -1.085518 -0.150768 0.038008 0.024060 
4.088251 3.596780 1.569428 -0.194273 1.913389 -2.784061 -1.357750 -0.534842 -1.260427 -0.343792 -0.133293 0.015472 
3.934323 3.621533 1.199154 0.086700 1.343173 -1.587386 -1.435602 -1.264770 -1.210036 -0.127791 -0.024262 0.021017 
4.517240 4.165587 1.094059 -0.718773 2.696877 -2.255304 -1.386589 -1.213882 -1.703807 -0.166679 -0.256285 0.005370 
4.047533 3.463490 1.858708 -0.368778 1.647048 -2.206331 -1.239462 -1.358295 -1.932111 -0.101634 -0.214461 0.007403 
3.954339 3.912073 1.762698 -0.410141 1.681433 -2.477533 -1.026316 -1.488601 -1.966909 -0.185895 -0.329984 0.011173 
3.705638 3.714221 1.771645 -0.284746 1.146764 -2.505108 -0.607323 -1.060830 -1.894916 -0.160738 -0.325839 -0.001084 
4.029015 3.821222 1.971845 -1.171551 2.574872 -3.284969 -0.745988 -0.964768 -2.149562 -0.581413 -0.468550 -0.023824 
3.433436 3.024923 1.845358 -0.186394 1.128626 -2.010267 -0.837699 -0.910041 -1.627515 -0.271118 -0.248965 -0.060667 
3.820310 3.174810 1.879828 -0.242434 1.908800 -2.172356 -0.810028 -0.991634 -1.979036 -0.331851 -0.331239 -0.048359 
4.012408 3.220984 1.449142 -0.169258 2.349275 -2.198144 -1.324884 -1.174143 -2.353847 -0.444240 -0.312440 -0.046791 
4.315551 3.557060 0.930505 -0.410754 3.137398 -2.714072 -1.238500 -0.983786 -2.051957 -0.642446 -0.509456 -0.037701 
3.600553 2.703812 1.472107 0.372508 1.092092 -0.975371 -1.456348 -1.362555 -1.610642 -0.336363 -0.177859 -0.077299 
4.229249 3.119874 0.949003 0.456781 2.769373 -1.913563 -1.531271 -1.064877 -2.140043 -0.475220 -0.357557 -0.043874 
3.850068 2.825994 1.602282 0.391595 1.762558 -1.179428 -1.600297 -1.313816 -1.803410 -0.438985 -0.199543 -0.085843 
3.541217 2.908850 0.910435 0.473936 0.969500 -1.171913 -0.806105 -1.420217 -1.359683 -0.316456 -0.275150 -0.048718 
4.462384 3.175224 1.227390 -0.476399 2.536771 -1.038616 -1.339960 -0.977094 -2.279727 -0.129714 -0.294495 -0.062642 
5.202209 3.988599 0.109483 -1.902220 5.290001 -1.644282 -1.499138 -1.706471 -2.239976 -0.161275 -0.478308 -0.140059 
3.978312 2.528461 1.646857 -0.211145 1.705042 -0.745668 -1.623272 -1.173929 -1.979098 -0.211225 -0.166192 -0.089343 
3.402735 2.790368 0.999800 0.691637 1.187929 -1.037640 -1.322111 -1.751515 -1.450198 -0.152691 -0.233079 -0.058273 
5.381415 3.112154 0.737243 -1.146850 4.524172 -1.432403 -1.998062 -1.612834 -2.217556 -0.152247 -0.375162 -0.106141 
4.704608 3.452469 0.636920 -0.702186 2.737632 -0.872415 -1.763559 -1.583429 -2.194721 -0.226938 -0.204164 -0.054864 
4.256893 2.648269 0.912274 -0.290939 1.852128 -0.228778 -1.387925 -1.620700 -1.821439 -0.196432 -0.095183 -0.035652 
4.548260 2.681051 0.509250 0.027186 2.849015 -0.640844 -1.582829 -1.447573 -1.645749 -0.110509 -0.152371 -0.055387 
6.224477 2.636020 -0.761461 -0.665694 5.230141 -1.302084 -1.885860 -2.096089 -1.928540 0.102882 -0.562872 -0.072241 
5.120895 2.365879 -0.446531 0.160195 3.112126 -0.473927 -1.971480 -1.498512 -1.181460 -0.244982 -0.191283 -0.091079 
4.500980 2.003206 0.120313 0.744131 1.946781 -0.207108 -1.557818 -1.665853 -0.912991 -0.441934 -0.069407 -0.056121 
5.117981 2.303557 -0.406120 0.327321 2.962574 -0.506299 -1.961086 -1.342328 -1.180038 -0.283166 -0.177618 -0.071961 
5.187108 2.238775 -0.390963 0.635607 3.094690 -1.188027 -1.489621 -1.265960 -1.237823 -0.208488 -0.248481 -0.015817 
5.519666 2.039244 0.076865 0.315716 3.906377 -1.321676 -1.378385 -0.922476 -1.245342 -0.219346 -0.313902 0.013818 
5.092450 2.325764 0.102939 0.127837 3.591512 -1.309414 -1.641526 -0.762380 -1.233899 -0.135006 -0.222901 -0.007091 
4.917534 2.042322 0.172401 0.451539 3.494145 -1.449104 -1.843628 -0.748969 -1.147947 0.063565 -0.176019 -0.014693 
4.751802 2.180573 -0.053146 0.505185 3.353314 -1.682795 -1.673867 -0.641849 -1.160108 0.175774 -0.221756 0.006226 
5.008377 1.816178 0.048149 0.780961 3.760228 -2.251206 -2.105340 -0.608420 -1.157626 0.298439 -0.261221 0.006785 
5.045801 1.565144 0.195092 0.535901 3.874421 -2.172228 -2.334923 -0.532604 -1.081769 0.374081 -0.192072 -0.024042 
4.292316 1.704184 0.576603 0.946656 2.858594 -1.793867 -1.762623 -0.380850 -0.825248 0.369798 -0.006266 0.010023 
4.984787 1.622035 -0.102588 0.669420 4.065657 -2.335647 -1.752511 -0.160389 -0.827749 0.704286 -0.100094 0.088435 
4.826059 1.934387 -0.552350 0.788896 3.889848 -2.055700 -1.434441 -0.012473 -0.714656 0.849251 -0.023936 0.153144 
4.138735 1.679382 0.181349 0.198812 2.730059 -1.253209 -0.976162 0.146711 -0.552801 0.581329 0.304239 0.132228 
4.682634 1.691065 -0.119809 0.502158 3.255607 -1.284387 -1.437453 0.308491 -0.852128 0.775698 0.214952 0.124484 
4.476176 1.874160 0.083736 0.613788 2.584098 -0.907465 -0.838445 0.285765 -0.322979 0.438821 0.330864 0.158872 
5.378889 2.086224 0.048084 0.714518 3.419403 -1.664314 -0.304853 0.897602 -0.274182 0.353191 0.112020 0.267394 
3.563103 2.002711 1.044301 1.376372 1.414707 0.103216 -0.348742 0.381219 0.382100 0.249471 0.481236 0.104360 
4.858969 2.780114 -0.127573 1.336072 3.299425 -1.331654 -0.123118 0.491509 0.709498 0.325735 0.295048 0.247899 
3.274798 2.283514 1.383291 1.510793 1.336420 0.223016 0.009304 0.621889 0.629840 0.163483 0.082545 0.055818 
4.449776 2.557784 0.363079 1.102231 2.570160 -0.087385 0.282758 0.703320 0.621153 0.283632 0.304653 0.129495 
3.886690 2.467283 0.906781 1.300495 1.622882 0.299980 -0.106019 0.232453 0.717070 0.466576 0.442338 0.106419 
4.577523 2.651790 0.306878 0.873641 2.839598 0.230940 -0.172362 0.654375 0.429597 0.606837 0.503247 0.152264 
3.529211 2.286285 1.111808 1.090022 1.462850 0.623857 0.282612 0.239810 0.332710 0.411555 0.435079 0.089231 
4.463118 2.609511 0.527177 1.367379 2.372696 -0.265844 0.016609 0.623146 0.275533 0.373740 0.513555 0.185743 
4.081416 2.365504 1.067328 1.634694 2.302831 0.035198 0.166701 0.312803 0.261617 0.104998 0.370325 0.106766 
4.440098 2.387985 1.054367 1.449888 3.039864 -0.824591 -0.160391 0.379906 -0.123499 0.276965 0.253890 0.134280 
3.802105 2.180996 1.081380 1.167415 2.078379 0.035944 0.036915 0.549642 0.286933 0.282661 0.350362 0.065919 
4.388994 2.366559 1.241418 1.389314 3.410619 -0.518033 -0.410208 0.625190 -0.061362 0.584884 0.279445 0.089802 
4.864367 1.902033 1.621497 0.681208 3.534991 -0.235910 -0.105518 0.856599 -0.146879 0.636211 0.259707 0.065539 
4.873740 2.354766 1.246228 0.586155 4.172182 -0.089967 0.072159 0.777179 -0.031518 0.627884 0.082412 0.040835 
4.799295 2.187982 1.353001 0.450406 3.570208 0.360160 0.359145 0.679905 -0.047805 0.545583 0.143692 0.037502 
4.022364 2.337990 1.047897 1.128964 2.798359 0.925775 0.168930 0.245258 0.054848 0.347186 0.168511 0.020168 
4.817894 2.130999 1.305713 0.449182 3.646023 0.462284 0.153090 0.555153 -0.221258 0.573949 0.147301 0.018422 
4.509512 2.378749 0.828342 1.233668 3.399570 0.029923 -0.051175 0.725241 -0.121423 0.671255 0.201990 0.065594 
4.115284 2.294265 1.311930 1.697207 3.244091 0.100827 -0.216630 0.025453 0.053448 0.645936 0.303907 0.056539 
3.487661 2.209884 1.964149 2.016742 2.753447 0.573801 0.094013 0.032429 -0.089766 0.653902 0.415468 0.053084 
