2.573150 1.594267 1.568301 1.847223 2.227869 1.369466 0.358327 0.185563 1.131460 0.964225 0.269579 0.048213 
2.695887 1.601807 1.526637 1.652952 1.836806 1.247813 0.406697 0.375292 0.916801 0.812187 0.212017 0.059902 
2.724378 1.760817 1.482720 1.862756 1.940506 1.128425 0.706673 0.196096 0.854191 0.818954 0.162445 0.060728 
2.609824 1.800377 1.804942 1.856676 1.704892 1.080875 0.650261 0.374054 0.859409 0.528349 0.090435 0.072520 
2.566457 1.653941 1.652660 1.950624 1.895045 1.425644 0.528478 0.334665 1.007942 0.577908 0.203181 0.066512 
2.533674 1.844485 1.415565 1.880010 1.758851 1.255279 0.604996 0.426132 0.924969 0.580702 0.233376 0.067019 
2.669236 1.818673 1.253363 1.894439 2.016399 1.156516 0.790818 0.078964 1.086790 0.650198 0.238448 0.059186 
2.478743 1.812847 1.280862 1.821865 1.681495 1.003796 0.418986 0.420164 0.931749 0.429377 0.167234 0.068760 
2.360731 2.132300 0.960595 2.396778 2.048501 1.048864 0.639749 -0.144329 1.661487 0.314291 0.470692 0.018911 
2.318339 2.235322 1.082081 2.059992 1.734406 0.961344 0.771727 0.001864 1.363148 0.000726 0.463247 0.037704 
2.351093 2.217553 1.010936 1.812678 1.819016 0.930288 0.894374 0.022691 1.379711 -0.021811 0.569854 0.039353 
2.319104 1.814185 0.810251 2.641383 1.822125 0.870591 0.489920 0.171653 1.631929 -0.022085 0.487682 0.020172 
2.268703 1.559999 0.913416 2.548907 1.825293 0.616329 0.305709 0.487390 1.454523 0.328697 0.318396 0.039224 
2.266085 0.832060 0.831977 3.297530 1.951533 0.691963 -0.085442 0.579696 1.323540 0.624057 0.234396 0.015470 
2.017400 0.757149 0.581382 4.250803 1.807646 0.314430 -0.205222 1.161621 1.395897 0.307922 0.393787 0.027700 
1.891426 0.147270 0.802137 4.398944 1.426649 0.268221 0.053121 0.974375 1.625291 0.226958 0.365658 0.015466 
1.562811 0.167473 1.239592 4.423853 1.007817 0.135768 0.010477 1.215415 1.529284 0.181999 0.467505 0.011854 
1.337380 0.395399 1.816682 4.329589 0.957390 -0.323871 0.638005 1.172076 1.563208 -0.000910 0.521327 0.027516 
1.340404 0.362004 2.023497 4.114060 0.633806 -0.227831 0.609119 1.052573 1.295048 0.028420 0.614980 0.023125 
1.343574 0.525647 2.091014 3.966119 0.458755 0.140713 1.459046 0.821819 1.197618 -0.127993 0.652256 0.039289 
1.454535 0.781611 1.864323 3.829824 0.278371 0.281906 1.359045 1.059115 0.748971 0.045679 0.513838 0.066558 
1.654717 0.766969 2.069238 3.214110 0.321713 0.283124 1.427608 1.156941 0.959513 0.075702 0.425212 0.089433 
2.420152 1.268697 1.657094 2.758189 0.281343 -0.321821 1.084860 0.445619 0.623526 -0.012969 0.268993 0.101494 
3.198733 1.054369 1.227512 1.846544 0.485563 0.190410 0.640818 0.801087 0.539896 0.368169 0.512650 0.114509 
3.690444 1.680101 0.716504 1.349989 1.117894 0.269616 0.654112 1.007494 0.673616 0.380023 0.542734 0.118304 
3.958260 1.767483 0.586060 1.028189 1.120774 0.505867 0.678638 0.884026 0.405710 0.356313 0.481963 0.098155 
4.762365 1.881532 -0.170328 0.808025 1.442202 0.323642 0.565704 0.740827 0.568997 0.109433 0.306601 0.094852 
4.904882 2.020245 -0.191062 0.784818 0.959763 0.330678 0.723590 0.464090 0.437694 -0.107701 0.262163 0.084012 
4.957583 2.172434 -0.008691 0.269435 0.757832 0.647774 0.321934 0.359791 0.172233 -0.112867 0.191070 0.056144 
4.990010 2.300753 -0.086143 0.052006 0.590849 0.524450 0.215087 0.023186 0.034998 -0.084935 0.200802 0.054086 
5.448921 2.244736 -0.453947 0.005503 0.348543 0.527509 0.028666 -0.099024 0.016764 -0.141453 0.133707 0.045979 
5.959981 2.254527 -0.910774 -0.070192 -0.014716 0.721470 -0.281923 -0.324518 -0.008804 -0.166011 0.060300 0.028339 
6.665592 2.420088 -1.803958 0.133724 0.539326 -0.298841 0.137826 -0.572892 -0.011196 -0.192576 0.065548 0.014905 
5.792970 2.472773 -0.789909 -0.520782 0.162551 0.191655 -0.273945 -0.487508 -0.178272 -0.110688 0.042130 0.000383 
4.560731 2.422119 0.229361 -0.314171 -0.367522 -0.006283 -0.119596 -0.460074 -0.326692 -0.036825 -0.014339 -0.015102 
5.471357 2.885534 -0.239115 -0.535587 0.284955 0.005954 -0.363244 -0.550019 -0.280009 0.106983 -0.007348 -0.026557 
6.516830 2.792534 -0.500660 -0.429339 0.398129 -0.091633 -0.339383 -0.500709 -0.306959 0.065822 0.031829 -0.011653 
5.167045 2.887845 0.202729 -0.512530 -0.033545 0.108909 -0.454187 -0.698757 -0.095148 0.265771 0.038032 -0.013424 
4.236001 2.534047 0.576020 -0.271245 -0.473328 -0.482001 -0.218012 -0.033552 0.032878 0.062782 -0.038046 -0.016147 
5.369007 2.984764 -0.080790 -1.087435 -0.048695 0.130967 -0.129670 -0.598440 -0.167041 0.175739 0.086662 0.019808 
4.856596 2.615796 0.080847 -0.823548 -0.248018 -0.015826 -0.412637 -0.337273 -0.024523 0.132753 0.073416 0.011900 
3.970005 2.218472 0.489910 -0.382541 -0.513345 -0.405774 -0.400790 -0.236052 -0.023894 0.112575 0.083245 0.015592 
4.743136 2.640321 0.200832 -0.730855 -0.672869 -0.345697 -0.277594 -0.133268 0.090827 0.062025 0.077897 0.014757 
5.350857 2.748503 -0.003533 -1.074035 -0.593293 -0.196718 -0.399092 -0.152810 0.032114 0.177651 0.101390 0.015409 
4.577768 2.669812 0.244909 -0.983528 -0.815291 -0.410412 -0.207714 -0.178440 0.061900 0.245945 0.082076 0.010240 
3.953452 2.173955 0.379921 -0.635652 -0.798023 -0.665496 -0.324829 0.009615 0.172133 0.175602 0.126898 0.007798 
6.161417 2.559425 -0.735779 -0.693112 -0.464640 -0.547786 -0.400075 -0.185975 0.237613 0.340673 0.162455 0.010156 
5.277111 2.653759 -0.255301 -1.081077 -0.297650 -0.324905 -0.513255 -0.139067 0.407848 0.346661 0.160192 0.001700 
5.402459 2.828726 -0.289084 -1.296640 -0.508909 0.080847 -0.414793 -0.053165 0.170741 0.387031 0.161979 0.014224 
5.414811 2.853138 -0.221689 -1.338030 -0.360897 -0.278906 -0.096216 0.051118 0.292156 0.287995 0.123230 0.007553 
5.506959 2.720306 -0.408414 -1.147014 -0.356339 -0.069111 -0.420230 0.255769 0.388044 0.265507 0.123121 -0.001071 
5.064073 2.596375 -0.413722 -0.812955 -0.351439 -0.165541 -0.218874 0.103325 0.606964 0.323294 0.156009 0.000166 
4.863172 2.530842 -0.372179 -0.882247 -0.098564 -0.231023 -0.106618 0.113870 0.645729 0.502834 0.197847 0.009184 
4.852533 2.642765 -0.567666 -0.717823 -0.002336 -0.135095 -0.182352 0.148858 0.942872 0.495444 0.268869 0.010873 
5.296912 2.611516 -0.850121 -0.515627 0.198669 -0.089752 -0.317056 0.266465 1.249244 0.505995 0.277796 -0.003059 
4.686366 2.327364 0.058694 -0.434708 -0.050246 -0.235326 -0.377990 0.681895 1.104279 0.628557 0.236181 0.013977 
4.223574 2.198350 0.185702 -0.201898 0.085480 -0.248766 0.057428 0.592612 0.929296 0.643028 0.197060 0.014878 
4.956606 2.315733 -0.378812 -0.114487 0.420098 0.535027 -0.397454 0.431162 0.944347 0.622032 0.201710 -0.008728 
5.695111 2.673524 -0.830866 -0.019416 1.605317 0.113735 -0.713937 0.361603 1.170448 0.568395 0.116486 -0.054657 
5.186042 2.275843 -0.179626 0.586625 1.231674 0.260835 -0.534767 0.278034 0.839196 0.476614 0.060720 -0.033098 
4.173947 2.310822 0.785485 0.876314 1.063651 0.141526 -0.418808 0.112579 0.637244 0.470645 0.024185 -0.000641 
5.605238 2.971769 0.105560 0.613981 2.238322 -0.069500 -0.538968 -0.582146 1.031511 0.388516 0.106067 -0.040793 
5.427994 2.986715 0.489733 0.883602 2.138196 0.274100 -0.794975 -0.541339 0.803382 0.404519 0.135727 -0.027878 
5.401359 2.908742 0.677279 0.926476 2.057421 0.198357 -0.520440 -0.612841 0.895633 0.157828 0.108250 -0.000183 
5.264384 3.337281 0.713175 0.601034 1.749962 0.538445 -0.175750 0.280761 0.600532 -0.271243 0.087227 0.027440 
5.299798 3.226764 0.822548 0.397453 1.280344 0.799973 0.955660 -0.232805 0.807341 -0.415582 0.151514 0.076233 
4.623293 3.191134 1.149301 0.497720 1.119988 1.050181 1.003551 0.404031 0.452189 -0.260214 0.248071 0.096220 
4.711088 3.232560 1.334448 0.672111 1.163809 1.027680 1.920246 0.245309 0.591633 -0.120916 0.254033 0.106165 
4.887764 3.389932 1.586262 0.321230 1.000886 1.073962 1.573031 0.574576 0.891394 -0.081088 0.290661 0.109465 
5.734854 3.627742 1.099236 0.332299 1.135828 1.198967 1.716283 0.394258 1.172988 0.014218 0.196174 0.069945 
5.908649 3.518948 1.227030 0.027715 1.428936 1.470817 2.018728 0.233074 1.148680 -0.069405 0.099742 0.071051 
5.674638 3.271175 0.953145 0.358482 1.233696 1.244318 1.869757 0.693885 0.700055 0.076120 0.156991 0.083862 
5.080848 3.164155 1.166785 0.259720 1.309710 1.294452 1.949258 0.888778 0.450477 0.032258 0.142185 0.087619 
5.968909 3.422785 0.867657 -0.068543 1.083291 1.428345 1.472939 0.980129 0.577494 -0.059831 0.176674 0.119820 
6.134231 3.242733 0.923565 -0.100073 1.299675 0.972532 1.129275 1.169379 0.598237 -0.082669 0.132809 0.113325 
6.997942 3.216747 0.879033 -0.334028 1.662027 1.253770 0.955141 0.228560 0.656288 -0.111779 0.010774 0.081002 
6.150803 3.058705 0.511423 0.811519 1.845935 0.969763 -0.113932 0.164868 0.891775 -0.170103 -0.019364 0.009715 
5.896563 3.046537 0.458753 0.873797 2.244612 0.694787 -0.707133 -0.036803 0.833497 -0.060448 -0.029199 -0.035558 
6.273275 3.340575 0.225730 0.588200 2.712743 0.693229 -1.254641 -0.173053 0.799951 0.010155 -0.048878 -0.086223 
6.785621 3.557623 -0.193455 0.351680 3.058009 0.771796 -1.485823 -0.024294 0.441919 0.158124 -0.116207 -0.108474 
6.793621 2.866302 0.028413 0.587350 2.804222 0.284221 -1.359143 -0.418871 0.586417 0.093646 -0.127789 -0.054987 
6.282660 2.753738 -0.096493 0.800919 2.349407 0.204775 -1.509073 -0.570998 0.666236 -0.014986 -0.069373 -0.030570 
6.295871 2.518785 -0.238915 0.855687 2.166912 0.196418 -1.544759 -0.770102 0.788572 -0.005023 -0.042658 -0.012398 
6.644780 2.528609 -0.601410 0.787193 2.195436 0.305852 -1.561721 -0.775142 0.728545 0.093087 -0.043776 -0.014268 
6.434169 2.391337 -0.694438 0.911751 1.922795 0.316806 -1.658417 -0.791532 0.775929 0.133104 0.007276 0.000414 
