3.284900 1.458985 0.341019 0.803223 2.210064 1.694440 1.119350 0.757191 0.298009 0.328652 -0.108304 0.053836 
3.092247 1.307322 0.845520 0.872123 2.287260 1.819093 0.761840 0.684918 0.352075 0.233587 -0.137332 0.051882 
3.054846 1.443140 0.439049 0.973763 2.276629 1.367818 1.047153 0.773896 0.563950 0.538926 0.025706 0.049528 
3.885677 0.984388 -0.553589 0.482593 2.788008 1.967132 0.689227 1.659293 0.451511 0.635339 0.139847 0.022806 
3.060131 1.340195 -0.311858 0.453634 2.383722 1.644364 1.331167 1.041425 0.416617 0.580202 0.305713 0.072496 
2.294543 1.905103 -1.202590 0.357375 3.237788 1.578589 2.022722 0.720136 0.117605 0.921040 0.379369 0.113938 
2.046761 2.078342 -1.592646 0.373159 3.801297 1.783473 1.335246 0.524578 0.092943 0.737451 0.371070 0.059112 
1.655157 2.446224 -3.760574 0.429251 4.865918 2.589727 1.826042 0.394651 -0.327474 0.714672 0.202701 0.113969 
1.159679 2.387585 -2.710091 -0.731557 5.046624 2.226912 0.780448 0.388181 -0.740674 0.801406 0.269416 0.072787 
0.993685 1.875947 -2.348672 -0.897885 5.185400 2.753311 0.906378 0.589978 -0.672611 0.829200 0.270268 0.085131 
1.011499 2.119742 -2.999734 -1.157585 4.790871 2.675580 2.112640 0.724651 -0.176289 0.464733 0.272469 -0.000037 
1.658166 2.260587 -1.791054 -0.788583 4.274261 2.567242 2.397263 1.181585 0.246115 0.505858 0.246955 0.002228 
2.358002 2.313709 -2.349659 -0.588038 3.676558 1.898689 2.666430 1.278731 0.744555 0.412035 0.236814 -0.011695 
2.787994 1.488893 -2.263055 0.579747 3.216631 1.417093 2.546109 1.502193 1.172331 0.196410 0.277541 -0.002566 
4.065447 1.495374 -2.720930 0.850882 3.521358 0.748074 1.835405 1.955305 1.253971 0.806803 -0.005726 0.064670 
3.883293 1.183831 -1.472590 0.479787 2.583114 0.913133 1.180020 2.072932 1.116257 0.625148 0.072277 -0.017824 
4.838451 1.277661 -2.197234 0.516957 2.993542 0.120356 0.803668 1.831003 1.123692 0.896788 0.067751 0.056147 
4.852504 1.549070 -1.455958 0.123989 2.207832 0.009714 0.459933 1.359273 0.985207 0.808913 0.188796 0.034429 
4.743818 1.719704 -0.956393 0.066072 2.017993 -0.222950 0.036483 1.011622 0.943319 0.834418 0.322538 0.059456 
4.650797 1.970197 -0.468338 0.150097 1.143223 0.010206 -0.407763 0.088986 0.897885 0.655288 0.497832 0.090611 
5.500358 2.484349 -0.949194 0.078063 1.451875 -0.498704 -0.384122 -0.102303 0.698053 0.654371 0.422275 0.121143 
5.872627 2.619989 -1.349494 0.507023 0.987622 -0.828431 -0.219097 -0.099567 0.674283 0.399700 0.353502 0.142368 
5.256121 2.485281 -0.743969 0.112940 0.462916 -0.087185 -1.109243 0.027575 0.376283 0.233259 0.329814 0.126588 
5.254092 2.665775 -0.644336 -0.033580 0.358609 -0.431584 -0.895860 -0.592854 0.531403 0.032837 0.248944 0.064326 
5.786501 2.634565 -1.013544 0.181751 0.585900 -0.675610 -1.380264 -0.615766 0.277114 -0.189589 -0.007121 0.013043 
6.510533 2.284577 -1.292691 0.761743 0.735276 -1.293412 -1.235177 -0.929070 -0.041805 -0.274969 -0.136385 -0.015425 
4.921836 2.427892 -0.048024 0.110467 0.305227 -0.600769 -1.466480 -1.011090 -0.408034 -0.540370 -0.101638 -0.032575 
5.111212 2.584978 0.000054 0.220601 0.647977 -0.467985 -1.476332 -1.145741 -0.624426 -0.493396 -0.130115 -0.039336 
6.742913 2.776561 -0.842985 0.021221 1.689416 -0.315370 -1.492211 -1.644881 -0.672193 -0.497797 -0.284263 -0.102579 
5.558774 2.864147 0.204769 -0.045572 0.906459 0.029151 -1.219506 -1.452793 -0.703490 -0.518056 -0.142195 -0.057641 
4.520927 2.765686 0.838851 0.344075 0.728232 0.091329 -1.104938 -1.431475 -0.969941 -0.576399 -0.144965 -0.044783 
4.783587 3.002172 0.780937 0.278543 0.640278 0.259494 -0.866168 -1.295171 -1.018031 -0.621723 -0.196669 -0.047639 
6.630303 3.470264 -0.449672 -0.457572 2.379418 0.482221 -1.250534 -1.551653 -0.997528 -0.687922 -0.285258 -0.125170 
5.194227 2.963892 0.498748 0.063490 0.949521 0.128575 -0.795033 -1.204394 -1.108527 -0.842619 -0.209830 -0.041164 
5.165602 3.030590 0.336582 -0.098168 1.086195 0.310964 -0.810381 -1.365680 -1.074149 -0.817699 -0.208845 -0.053848 
5.504798 2.968666 0.186601 -0.011598 1.757249 0.524208 -0.979159 -1.212571 -0.963232 -0.891200 -0.238984 -0.071495 
5.890577 3.086903 -0.130095 -0.055505 2.592188 0.363992 -0.728110 -1.131244 -0.888468 -0.839616 -0.336090 -0.086216 
4.764707 2.751953 0.666141 0.421169 1.172360 0.645063 -0.282466 -0.961159 -0.852054 -0.717025 -0.232723 -0.050249 
3.870142 2.454516 1.154741 0.676988 0.873540 0.460266 -0.259118 -0.672924 -0.903719 -0.680664 -0.213748 -0.045116 
4.814731 3.041394 0.885254 0.667366 1.614153 0.937622 -0.270080 -0.970658 -0.768190 -0.611374 -0.154448 -0.034651 
5.808401 3.235517 0.584165 0.695004 2.253885 0.883541 -0.660159 -1.299666 -0.619035 -0.555504 -0.114734 -0.048746 
4.486132 3.019391 1.384778 1.173611 1.680776 0.690393 -0.556335 -1.000878 -0.744606 -0.249916 -0.129443 -0.040384 
3.649241 2.632791 1.855973 1.480823 1.218466 0.381009 -0.682325 -0.971982 -0.673434 -0.221930 -0.113377 -0.035833 
4.779214 3.024702 1.650506 1.727071 1.897091 0.909976 -0.792263 -1.500837 -0.822054 -0.272729 -0.031251 -0.035166 
4.138911 3.002224 1.875488 1.653029 1.687787 0.684365 -0.535632 -1.020643 -0.759225 -0.356835 -0.079741 -0.036662 
4.453396 3.036487 1.981861 1.831912 1.619342 0.340801 -0.864816 -0.827608 -0.566495 -0.338206 -0.126003 -0.044749 
4.994111 3.137474 1.770992 1.764180 1.955861 0.543209 -1.044028 -1.173308 -0.546461 -0.229235 -0.094858 -0.051762 
5.164666 3.120684 1.719992 1.433081 1.717406 0.347270 -1.373257 -1.036060 -0.508965 -0.160469 -0.109578 -0.056597 
4.005508 2.983031 2.089021 1.619762 1.487572 0.195381 -0.840481 -1.039966 -0.645071 -0.059452 -0.160592 -0.045525 
4.186750 3.097902 1.999501 1.488095 1.458500 -0.083658 -0.855416 -1.031566 -0.496279 -0.110892 -0.139690 -0.034526 
5.314245 3.198995 1.445262 0.874345 2.640064 -0.141816 -1.413449 -1.290887 -0.366842 0.061854 -0.023170 -0.046314 
4.816765 3.138959 1.514016 1.191522 1.993237 -0.235825 -1.263441 -1.280835 -0.379820 0.195975 0.020424 -0.007279 
3.765414 2.390203 1.219123 0.900204 0.863950 -0.162689 -0.927320 -1.009112 -0.314076 0.006223 -0.014572 0.009317 
5.924505 3.418740 0.258923 0.642347 2.875114 -0.305658 -1.731391 -1.631112 -0.323331 -0.036611 0.033447 -0.043305 
5.970050 3.340353 1.086500 0.302886 2.867730 -0.609887 -1.556888 -1.481345 -0.375529 0.087185 0.021182 -0.017357 
5.732176 3.377263 1.145189 0.748563 2.362592 -0.704915 -1.071095 -1.292971 -0.269733 0.179210 0.068438 0.024561 
3.646487 2.675162 1.755205 1.176507 0.565566 -0.128711 -0.581506 -0.685521 -0.343125 0.050229 0.186916 0.051210 
5.377404 3.449205 1.057615 0.670873 2.098177 -0.021348 -0.824076 -1.313530 -0.534368 0.196939 0.226528 0.072170 
5.853366 3.124057 0.572310 0.460610 2.476292 -0.074942 -0.737785 -1.112248 -0.473239 0.299562 0.286436 0.104974 
5.704331 3.007526 0.356878 -0.122624 2.480313 0.041724 -0.536653 -0.739514 -0.512663 0.290224 0.290159 0.119286 
3.573984 2.269307 1.218604 0.913424 0.940497 -0.024571 -0.398082 -0.614630 -0.117733 0.416930 0.385940 0.102228 
4.939091 2.822283 0.788833 0.387897 2.273930 0.326311 -0.134876 -0.292913 -0.144855 0.359431 0.382342 0.130410 
4.249457 2.673198 1.116998 0.774891 1.557831 0.814412 0.520012 0.142949 0.050544 0.122638 0.364049 0.111964 
5.427061 2.569165 0.822300 1.031097 2.870950 0.698271 0.660331 0.133206 0.155813 0.134078 0.301831 0.151824 
4.104235 2.584818 1.141896 1.078362 1.702929 1.335263 1.094841 0.620597 0.120528 0.049847 0.316704 0.097806 
4.934262 2.489097 0.677435 0.607610 2.081903 1.307925 1.579917 0.722233 0.223730 0.062847 0.399413 0.177155 
3.909794 2.554400 1.122508 0.730733 1.481707 1.822912 1.586787 0.824386 0.094764 0.191191 0.316040 0.104661 
3.919923 2.285104 0.873802 1.180183 1.800456 1.511817 1.304684 0.633787 0.136632 0.044352 0.221048 0.090710 
3.597258 2.321982 1.230568 1.098188 1.571849 1.389560 1.259906 0.759072 0.241178 0.088783 0.210128 0.075623 
4.551665 2.543560 1.023085 1.070310 1.974212 1.233668 1.918616 0.359446 0.524420 0.115081 0.227977 0.100905 
4.183100 2.529611 1.078687 1.422811 2.151846 1.928700 1.854874 0.312511 0.556311 0.303626 0.105615 0.051260 
3.335515 2.380578 1.401020 1.482045 1.889878 1.592401 1.532184 0.801241 0.475935 0.232400 0.202913 0.066050 
3.310915 2.222326 1.492609 1.574480 2.143128 1.695426 1.587827 0.482321 0.335347 0.323536 0.206732 0.074188 
4.085524 2.261208 1.302869 1.597758 3.021119 1.768702 1.533292 0.556516 0.588111 0.477890 0.092644 0.051131 
3.649853 2.294608 1.661430 1.421062 2.314843 1.818047 1.230935 0.971149 0.384690 0.310329 0.112181 0.058056 
3.053656 2.061109 1.472093 1.488531 1.564417 1.240479 0.968102 0.695542 0.512378 0.429516 0.161539 0.067950 
3.679394 2.198636 1.390913 0.971501 2.246910 1.662933 0.833714 0.560174 0.303377 0.451671 -0.013712 0.036261 
3.799773 2.109308 1.010698 0.998099 1.768445 1.380693 1.330792 0.272038 0.304464 0.280269 0.019569 0.053819 
3.111589 2.151610 1.714352 1.314303 1.682279 1.371651 1.283757 0.874925 -0.055025 -0.030557 0.080839 0.064924 
2.894514 2.040599 1.392014 1.419266 1.424876 1.415241 1.465770 0.588392 0.319716 0.197564 0.135820 0.075026 
3.025815 1.795005 1.241300 1.385275 1.698054 1.538795 1.213447 0.983993 0.577675 0.241163 0.116266 0.072668 
3.489255 1.965961 1.273313 0.989580 1.972702 1.104375 0.873354 1.199469 0.118158 0.321525 0.294119 0.090810 
3.336967 1.785257 1.419979 1.219731 2.199642 1.558346 0.778237 0.589931 0.321822 0.421344 0.138411 0.065904 
2.885918 1.739089 1.199168 1.209505 1.875487 1.032877 0.631191 0.549240 0.167129 0.314942 0.143593 0.079723 
3.024053 1.940997 1.413478 1.093052 1.590333 1.032677 0.553608 0.572013 0.107575 0.415188 0.195547 0.078112 
