2.716118 0.974362 0.912329 2.484105 2.633575 1.247095 -0.097990 -0.008159 1.044313 0.978374 0.335629 0.000828 
2.593096 0.805832 1.046703 2.622592 2.814868 0.879930 -0.394914 0.360414 1.075163 0.845754 0.284634 0.000342 
2.588682 0.956294 1.182581 2.597345 2.642961 0.638364 -0.298104 0.699935 1.338655 0.667023 0.058840 0.021755 
2.732627 0.857550 1.060131 2.808796 2.600008 0.570570 -0.163306 0.633554 1.288225 0.723621 0.136293 0.019633 
2.525471 0.940388 1.268920 2.636943 2.494743 0.541728 -0.190030 0.514350 1.279204 0.771483 0.133732 0.017297 
2.714177 0.609499 1.070027 2.718573 2.547855 0.980085 0.078738 0.369649 1.305835 0.916713 0.076616 -0.003390 
2.661110 0.447720 1.328879 2.773897 2.193865 0.839701 0.244194 0.350053 0.974065 0.945330 0.101377 0.003097 
2.520815 0.345817 1.334283 3.183149 1.927606 1.023926 -0.050759 0.109236 1.343529 0.582634 0.188353 0.021931 
2.363865 0.254318 1.601414 3.021156 2.151535 0.706507 -0.036010 0.188033 1.253102 0.717104 0.060096 0.010757 
3.119740 -0.434248 0.678689 3.128424 2.451296 1.239503 -0.121160 -0.263808 1.391547 0.579194 0.214354 0.026614 
2.926459 -0.587400 0.851352 3.527999 2.681233 0.655031 0.370773 -0.244446 1.140423 0.723487 0.264482 -0.003327 
2.604060 -0.885309 1.167176 3.741225 2.833518 0.701942 -0.400579 0.250534 1.012785 0.764525 0.249581 -0.018902 
2.132804 -0.678233 1.502267 3.974541 2.667278 0.624569 -0.292767 0.266380 0.854909 0.800680 0.283330 -0.040267 
2.502390 -0.818995 1.372396 3.620440 2.188291 0.549531 -0.135631 0.588078 0.960888 0.873255 0.315945 -0.027927 
2.732025 -0.632149 1.164526 3.619819 2.479566 0.532207 -0.042748 0.542447 0.881639 0.811154 0.255749 -0.008833 
2.427919 -0.200645 1.277374 3.736795 2.080599 0.504937 -0.017877 0.678861 0.902346 0.794815 0.238879 -0.000833 
2.220088 0.238475 1.527929 3.301424 2.210322 0.749219 -0.588104 0.697906 1.018121 0.788672 0.212271 -0.004330 
2.433236 0.143604 1.441613 2.957516 2.278238 0.994043 -0.263507 0.479064 1.364314 0.614195 0.236968 0.019646 
2.227531 0.545627 1.676465 2.978237 1.840655 0.774728 -0.183620 0.265827 1.390497 0.891481 0.297195 -0.009379 
2.411871 0.739977 1.551168 2.895799 2.137903 0.655948 -0.076168 0.445354 1.205263 0.850680 0.193658 0.011920 
2.413230 0.642261 1.565356 2.927869 1.879689 0.837088 0.391087 0.252428 1.158130 0.736036 0.244423 0.023277 
2.591125 0.598557 1.373589 2.752377 2.142541 0.858670 0.335235 0.306034 1.105229 0.791998 0.145939 0.020918 
2.408070 0.829860 1.654688 2.514682 1.883236 1.009246 0.152685 0.331830 1.105387 0.863061 0.093274 0.027221 
2.454262 0.827671 1.484227 2.773947 2.098171 0.539839 0.166846 0.293023 1.134395 0.905839 0.186993 0.013297 
2.749395 0.928168 1.232971 2.798375 2.112560 0.979785 0.135229 0.123213 1.244412 1.176976 0.170757 -0.010631 
2.668508 1.233089 1.318761 2.065706 2.092231 1.242112 0.226394 0.150651 1.065612 0.809267 0.189568 0.036179 
2.600169 1.344790 1.410812 2.526710 1.902845 0.836248 0.509731 0.610083 1.099270 0.845939 0.150384 0.046315 
2.827664 1.898375 1.621366 1.587012 1.429476 0.654119 0.277014 0.503956 0.466347 0.321644 0.054038 0.073072 
2.898634 1.914681 1.776624 1.992616 1.522826 0.310146 0.060314 0.419277 0.309764 -0.129014 -0.079175 0.063859 
3.578411 2.232861 1.187697 1.707626 1.688682 0.670820 -0.202518 0.032420 0.626791 0.050674 -0.179997 -0.002185 
3.754387 1.891982 0.950382 1.624519 1.596425 0.531416 0.009715 0.462208 0.303361 -0.303337 -0.332278 -0.002923 
4.252648 2.049200 0.295326 1.371977 2.254636 0.713945 -0.424195 -0.013968 0.326608 -0.382999 -0.195707 -0.015898 
4.132799 1.995393 0.571487 1.260532 1.545462 0.505488 -0.239613 0.162896 0.231482 -0.457712 -0.202797 0.008968 
4.924844 2.421526 -0.245439 0.993462 2.018092 0.779348 -0.469864 -0.110742 0.457707 -0.664058 -0.199674 -0.029122 
4.654953 2.172835 0.257748 0.965570 1.803178 0.404174 0.004722 -0.144433 0.261906 -0.714540 -0.228806 -0.000718 
5.213453 2.431685 -0.226941 0.977888 1.999231 0.752989 -0.321999 -0.273676 0.196657 -0.705135 -0.213921 -0.015077 
5.401854 2.307374 -0.184670 0.999784 1.824737 0.466862 -0.096254 -0.323561 0.166563 -0.729514 -0.251053 -0.006256 
5.371198 2.309071 -0.246526 0.618033 1.818524 0.643506 -0.378321 -0.400467 -0.041189 -0.417351 -0.180271 -0.021288 
5.200686 2.353032 -0.265136 0.529203 1.711303 0.542426 -0.669996 -0.402349 0.196545 -0.386858 -0.181432 -0.045054 
5.630961 2.124087 -0.213781 0.547903 1.523437 0.046347 -0.414802 -0.144352 0.152667 -0.414218 -0.267867 -0.031062 
6.660998 1.946924 -0.699616 0.685113 1.530632 -0.131485 -0.249587 -0.506956 0.297787 -0.339484 -0.294082 -0.044353 
5.451850 2.336963 -0.236164 -0.101165 1.213454 0.305023 -0.595834 -0.126971 0.180579 -0.332478 -0.183452 -0.040591 
4.688229 2.380628 -0.067885 -0.341887 0.560437 0.681606 -0.361604 -0.148289 -0.027701 -0.161737 -0.132958 -0.025035 
3.845189 1.964206 0.313665 0.156807 0.260751 0.147066 -0.094650 -0.135515 -0.021799 -0.107451 -0.169373 -0.009685 
4.239491 2.275536 0.402433 -0.139657 0.147429 -0.049912 -0.184948 -0.075632 0.189687 -0.078956 -0.134714 -0.026191 
5.606375 2.669617 -0.665694 -0.225565 0.789868 -0.358913 -0.584094 -0.354210 0.760843 -0.062067 -0.104581 -0.090091 
4.704181 2.668512 -0.095971 -0.303196 0.375752 -0.239574 -0.662404 -0.423738 0.565751 0.216130 -0.053091 -0.074537 
3.713288 2.119620 0.612725 0.108630 -0.186709 -0.431040 -0.424892 0.012644 0.282699 0.129148 -0.082475 -0.027657 
4.196619 1.904196 0.254283 0.010832 0.234122 -0.196702 -0.454034 0.147225 0.353100 0.084249 -0.107114 -0.036313 
5.553352 2.749165 -1.107840 -0.416385 1.464427 -0.308599 -0.309429 0.049286 0.845937 -0.010792 -0.099851 -0.073315 
6.552414 2.385626 -1.238647 -0.866748 2.435325 -0.472241 -0.014656 0.292585 0.889277 0.272531 -0.257779 -0.061862 
6.104965 1.915888 -0.844932 -0.864898 1.867057 0.730323 -0.446494 0.688854 1.016153 0.173155 -0.110181 -0.078778 
6.100693 2.197657 -1.589635 -0.666305 2.188148 0.399511 0.128435 0.731627 1.220262 0.364416 -0.109228 -0.070823 
6.334028 1.870587 -1.468664 -1.081425 2.548799 0.446797 0.156301 1.094341 1.234020 0.531867 -0.099816 -0.065503 
6.251447 1.736518 -1.594082 -0.983967 2.583289 0.452844 0.535526 0.967887 1.444531 0.551171 -0.082797 -0.051028 
5.902462 1.692832 -1.714072 -0.692189 2.586635 0.395548 0.774656 0.882058 1.510024 0.518946 -0.070541 -0.046265 
6.097360 1.639158 -1.717296 -0.653107 2.624398 0.502784 0.555413 1.040544 1.572991 0.666472 -0.051428 -0.063520 
5.936161 1.637247 -1.940282 -0.361342 2.701017 0.325644 0.608107 1.191618 1.400899 0.733852 -0.066784 -0.051444 
5.541961 1.708288 -1.513017 -0.273302 2.024114 0.720182 0.564342 1.026043 1.883475 0.493514 0.023420 -0.064073 
5.703343 1.792678 -1.355753 -0.408506 2.059743 0.685019 0.329472 1.335932 1.634795 0.588786 0.011172 -0.057829 
5.822335 2.084869 -1.402655 -0.363431 1.939446 0.791148 0.483213 0.982109 1.862116 0.501210 0.047728 -0.063384 
5.751741 2.355790 -0.982356 0.018795 1.570733 0.727710 0.126073 0.884944 1.724183 0.454849 0.038250 -0.066187 
4.864920 2.295995 -0.011209 0.295560 1.200739 0.471331 0.294750 0.645184 1.196268 0.439724 0.058336 -0.019554 
5.177915 2.514547 0.225616 0.502440 1.380057 0.486337 -0.412201 0.506491 1.118140 0.338270 0.092438 -0.002797 
4.671076 2.845449 0.993933 0.709559 1.015563 0.359326 -0.075052 -0.101024 0.807058 0.497741 0.249122 0.067121 
4.308668 2.938099 1.628321 1.179262 1.185273 0.120048 -0.381857 -0.064525 0.661503 0.488127 0.272452 0.094903 
3.794504 2.913726 1.907132 1.490794 0.956339 0.146986 -0.180083 0.198905 0.692154 0.359286 0.192440 0.085094 
3.579543 2.664795 1.754252 1.542429 1.199199 0.704565 0.523818 0.199473 0.430061 0.346256 0.172587 0.072771 
3.618257 2.640296 1.764661 1.354602 1.439943 0.987991 0.855962 0.548643 0.519327 0.475584 0.248251 0.083756 
3.431548 2.558259 1.806465 1.443235 1.493078 1.188824 0.842736 0.712757 0.641626 0.356306 0.161789 0.066075 
3.615777 2.618404 1.649155 1.527119 1.394595 0.989355 0.829895 0.743982 0.809517 0.376766 0.160173 0.062033 
3.468025 2.668794 1.647463 1.248635 1.170757 1.189047 1.104669 0.786725 0.698862 0.363483 0.191832 0.067530 
3.606698 2.683878 1.576913 0.909520 1.078948 1.278847 1.177561 0.858462 0.595405 0.386027 0.208218 0.072131 
3.497787 2.633899 1.608075 1.103754 1.217019 1.095556 1.150104 0.879272 0.725972 0.423295 0.181851 0.066781 
3.424272 2.610373 1.815815 1.232213 1.075148 1.266288 1.454523 0.962437 0.667179 0.380350 0.130247 0.059240 
3.235100 2.405890 1.635427 1.221298 1.258118 1.399361 1.409236 1.036141 0.461131 0.171309 0.170840 0.066320 
3.383284 2.618665 1.688493 1.205359 1.243255 1.434855 1.490296 0.999240 0.501049 0.068439 0.140170 0.057373 
3.455251 2.562024 1.728266 1.076154 1.154228 1.327565 1.198205 0.658639 0.250734 0.071469 0.046416 0.050311 
3.380367 2.623489 1.667016 1.000253 0.881085 0.709115 0.706291 0.545832 0.216678 0.000762 0.030785 0.049628 
3.586998 2.730818 1.722969 1.047062 0.691297 0.556223 0.447068 0.283880 0.186607 0.067252 0.009223 0.047894 
3.860555 2.981055 1.724104 0.881076 0.678696 0.533281 0.139693 -0.028780 0.053350 0.060122 0.066292 0.060294 
4.088312 3.018160 1.834740 1.013485 0.806563 0.314310 -0.178503 -0.125859 -0.004650 0.045848 0.119632 0.069234 
4.026293 2.947775 1.675049 1.159086 0.912170 0.101104 -0.467737 -0.389763 0.025435 0.127919 0.166224 0.082930 
4.452513 2.925146 1.386675 1.070245 1.019998 0.158671 -0.853019 -0.608625 0.150807 0.188910 0.213909 0.087731 
4.508508 2.792235 1.253161 1.027762 1.080060 0.023977 -1.021455 -0.627334 0.145548 0.247282 0.244736 0.095893 
