4.717111 3.323219 2.340201 2.770741 2.325439 1.065943 1.460371 0.827142 -0.193184 -0.925089 -0.069663 -0.012399 
4.485551 3.257267 2.520961 2.643529 2.073158 1.309438 1.364222 0.790317 -0.408306 -0.934315 -0.046976 -0.024599 
4.458415 3.291188 2.382251 2.410231 1.846531 0.743423 1.046506 0.728331 -0.436295 -1.064352 -0.083607 -0.031375 
3.766778 2.860530 2.348798 2.031826 1.671943 0.946908 0.730155 0.218117 -0.508551 -0.599242 -0.135806 -0.045841 
5.560313 3.358002 2.757637 2.593693 1.919396 0.406952 1.363084 0.430329 -1.107705 -1.162412 -0.197740 -0.009530 
3.743225 3.118935 2.681578 2.107842 1.253083 0.548066 0.229304 -0.177652 -0.564766 -0.517570 -0.172807 -0.072595 
3.508627 3.007810 2.611461 2.248758 1.585683 0.943968 0.374134 -0.155372 -0.517554 -0.487298 -0.228027 -0.080852 
3.726048 3.091644 2.670077 2.302646 1.808109 1.110031 0.622430 -0.174412 -0.635151 -0.574906 -0.197401 -0.087043 
4.685105 3.467108 2.550839 2.525276 2.420835 1.639659 1.243703 -0.237703 -1.049732 -0.856675 -0.103659 -0.046939 
3.711941 3.021492 2.346998 1.967938 1.729023 1.234731 0.560621 -0.155739 -0.562965 -0.538085 -0.262223 -0.086592 
3.656158 2.877768 2.214737 1.888833 1.646370 1.140299 0.543675 -0.081484 -0.582027 -0.590916 -0.309742 -0.094258 
3.621880 2.755801 2.000112 1.715605 1.733785 1.567862 0.966110 0.129589 -0.591467 -0.762051 -0.363691 -0.081927 
4.715270 2.868512 1.453265 1.926002 2.292244 1.536207 0.694502 -0.227089 -0.809317 -0.767673 -0.273312 -0.066916 
4.069669 2.691468 1.456969 1.755720 2.254485 1.618878 0.423238 -0.419216 -0.737499 -0.636452 -0.289777 -0.082008 
4.399146 2.860849 1.574803 1.667655 2.163512 1.331356 0.379202 -0.581232 -0.801998 -0.806717 -0.227988 -0.074626 
4.078338 2.670652 1.639649 1.863328 2.093138 1.029944 0.122916 -0.722095 -0.717643 -0.625898 -0.257922 -0.096985 
3.804043 2.400551 1.624050 2.032378 2.049445 1.091398 0.465186 -0.258310 -0.693253 -0.862909 -0.283315 -0.076521 
4.609095 2.481075 1.228121 2.382441 2.339075 0.794744 0.158979 -0.189121 -0.749448 -1.123215 -0.271390 -0.048076 
4.387415 2.352197 1.147242 2.191470 2.168803 0.929395 0.270790 -0.226130 -0.847208 -1.029279 -0.264303 -0.050120 
4.722704 2.265108 0.934328 2.173850 2.323917 0.820499 0.065173 -0.051388 -0.636977 -1.074300 -0.345206 -0.048288 
3.567434 2.339990 1.404419 1.370360 1.415151 0.699958 -0.026271 -0.577387 -0.652540 -0.615294 -0.348769 -0.097632 
5.515458 2.260406 0.384512 2.721172 2.594856 0.633269 0.417327 -0.069410 -0.607498 -1.031362 -0.404113 -0.035712 
4.760579 2.472048 1.067752 2.192238 2.130439 0.958584 0.169586 -0.287497 -0.733690 -1.018261 -0.288540 -0.053455 
4.034491 2.543224 1.361200 1.678917 1.648757 0.797473 0.051777 -0.343545 -0.647074 -0.855384 -0.302480 -0.088639 
3.712138 2.463754 1.532653 1.503169 1.276452 0.407960 0.064249 -0.150577 -0.670843 -0.865467 -0.325939 -0.088122 
5.009910 2.588542 1.102295 2.178332 1.655089 0.351410 -0.178338 -0.787365 -0.803034 -1.242290 -0.269207 -0.047392 
5.303716 2.504771 0.687432 2.563318 2.318246 -0.092774 -0.737721 -0.724559 -0.917695 -1.123210 -0.321880 -0.030889 
4.049141 2.447269 1.568679 2.103512 1.657535 -0.132123 -0.659004 -0.615779 -0.783617 -0.908230 -0.198266 -0.070896 
4.751955 2.556750 1.451249 2.328058 1.875090 -0.546665 -0.696793 -0.657322 -0.998488 -1.337751 -0.237205 -0.028103 
4.937131 2.379704 1.597300 2.647855 1.747811 -0.858176 -0.537022 -0.699473 -0.951636 -1.324245 -0.263275 -0.018396 
4.609649 2.660738 1.404345 2.463541 1.847811 -0.465083 -0.609976 -0.500770 -0.901620 -1.289954 -0.207093 -0.026609 
4.567467 2.661614 1.550466 2.543897 1.698181 -0.223921 -0.903287 -0.757292 -0.733972 -1.184154 -0.219891 -0.061111 
5.220544 2.444458 1.065047 3.116259 2.339179 -0.393809 -0.651654 -0.860257 -0.806111 -1.301846 -0.286362 -0.021617 
4.525081 2.406515 1.506415 2.642912 2.188022 0.055127 -0.588930 -0.452163 -0.799706 -1.126405 -0.205201 -0.041698 
4.685681 2.439209 1.324854 2.795804 2.185879 -0.131290 -0.708291 -0.451716 -0.851752 -1.356035 -0.241617 -0.028075 
4.434883 2.314008 1.423490 2.333747 1.709339 -0.209207 -0.630270 -0.370855 -0.711389 -1.085732 -0.270362 -0.058165 
4.867621 2.315965 1.332687 2.817914 2.256943 -0.248166 -0.738430 -0.670671 -0.857560 -1.118700 -0.251914 -0.036030 
4.406639 2.518528 1.422581 2.453545 2.172572 -0.402787 -1.191466 -0.990970 -0.622752 -1.048651 -0.242545 -0.088659 
3.681240 2.551015 1.675917 1.602000 1.005685 -0.179516 -0.954856 -0.772545 -0.616014 -0.531188 -0.291047 -0.099383 
4.611496 2.888334 1.880480 2.389668 1.590399 -0.420512 -0.857449 -0.839273 -0.821503 -0.884763 -0.257297 -0.081125 
4.185691 2.860743 1.948738 2.058473 1.415748 -0.179039 -1.018387 -0.938487 -0.952981 -0.855400 -0.204645 -0.092910 
4.399505 2.916893 1.765166 1.841291 1.582798 0.108906 -0.848789 -0.978121 -0.983698 -0.858890 -0.204872 -0.088290 
3.606619 2.668440 1.776311 1.544600 0.913681 -0.123949 -0.625784 -0.645668 -0.629774 -0.677073 -0.285062 -0.099292 
4.989634 2.713768 1.345650 2.383980 2.148030 -0.042574 -0.969033 -1.118555 -1.082531 -0.889920 -0.254575 -0.079498 
4.429296 2.662603 1.583722 1.902831 1.655623 0.174438 -0.766671 -1.099372 -0.971244 -0.817387 -0.195383 -0.085749 
3.745894 2.658102 1.765742 1.422103 0.999485 -0.136216 -0.694519 -0.838063 -0.787951 -0.602865 -0.266630 -0.102217 
4.248177 2.700587 1.590689 1.818885 1.381890 0.031530 -0.759462 -0.836055 -1.064591 -0.968437 -0.187300 -0.078783 
4.959127 2.571768 1.337918 2.281438 1.889116 -0.015887 -0.613441 -0.786599 -1.247247 -1.242395 -0.237079 -0.036160 
4.508094 2.565244 1.587075 1.936608 1.533828 -0.171178 -0.539945 -0.587953 -1.142355 -1.155945 -0.189072 -0.050690 
3.958910 2.426976 1.652343 1.734829 1.144320 -0.075559 -0.464242 -0.471465 -0.873412 -0.861316 -0.229405 -0.078780 
4.579603 2.588197 1.307633 2.269283 1.959406 0.059615 -0.687608 -0.411934 -0.876652 -1.221720 -0.255503 -0.053990 
4.712622 2.547900 1.374994 2.264388 2.270518 0.000473 -1.127992 -0.690860 -0.867285 -0.929025 -0.251414 -0.075317 
3.914666 2.509285 1.822874 2.023241 1.616366 0.134542 -0.762611 -0.652061 -0.576502 -0.594687 -0.275821 -0.098707 
4.740099 2.677976 1.625491 2.590056 2.324414 0.114064 -1.087104 -0.869231 -0.543335 -0.673189 -0.275801 -0.101496 
5.916951 2.341942 0.973450 3.355963 2.638632 -0.458687 -1.179003 -1.029043 -0.407217 -0.518609 -0.345827 -0.105533 
4.335157 2.596818 1.645370 2.478733 2.346153 0.137049 -1.035067 -0.800903 -0.493950 -0.523773 -0.178736 -0.079531 
3.774724 2.504806 1.939991 2.391735 2.051206 0.244809 -1.120573 -1.021595 -0.422808 -0.184888 -0.245560 -0.101047 
4.534683 2.606029 1.531651 2.632103 2.579467 0.258674 -1.032541 -0.935247 -0.334170 -0.358105 -0.156056 -0.076268 
4.194810 2.576494 1.736894 2.337391 2.294458 0.655037 -0.636633 -0.765814 -0.272871 -0.215756 -0.143993 -0.064444 
4.682944 2.573941 1.775770 2.837761 2.685877 0.574158 -1.016959 -0.845226 -0.082358 -0.194564 -0.119643 -0.073226 
4.374670 3.003972 2.017439 2.775135 2.893850 0.961512 -0.909060 -1.003745 -0.142454 -0.045078 -0.024151 -0.077009 
3.505597 2.550429 2.272439 2.496150 2.056550 0.836737 -0.138147 -0.203551 -0.042961 0.035741 -0.039480 -0.034712 
3.687700 2.858565 2.580791 2.847451 2.419212 0.959965 -0.236510 -0.495203 -0.107996 0.138463 -0.078466 -0.060752 
3.599159 2.767989 2.587555 2.694073 2.402324 1.024111 0.482544 0.061507 0.082272 0.222838 -0.118164 -0.034179 
4.241379 2.900991 2.427802 3.429109 3.236012 0.847645 0.548690 -0.238573 0.242329 0.280390 -0.035817 -0.040366 
3.163967 2.482830 2.291815 2.337304 1.878776 1.048540 0.340075 0.387113 0.305706 0.125810 -0.045536 0.012041 
3.708876 2.731567 2.317052 2.522564 2.352958 1.154008 0.142473 -0.116716 0.250609 0.267105 0.052111 0.010885 
3.165739 2.369797 1.843828 1.841967 1.761009 1.207211 0.254764 -0.054015 0.249517 0.287395 0.107943 0.049331 
3.514276 2.609639 2.172362 2.289690 2.384706 1.016455 0.443081 0.251719 0.403056 0.204280 0.100989 0.037808 
3.058737 2.368896 2.012856 2.081520 1.915799 1.077841 0.474104 0.291629 0.271624 0.156015 0.102454 0.048875 
3.117365 2.325053 1.858830 1.959466 1.704026 0.908075 0.677397 0.363998 0.475691 0.322265 0.141803 0.063685 
3.298586 2.262248 2.002435 2.294684 2.068367 1.255493 1.016568 0.776214 0.791220 0.373852 0.052172 0.057186 
2.965869 2.222171 1.978660 1.985177 1.943776 1.346431 0.793579 0.743314 0.598765 0.315648 0.118174 0.063756 
3.024087 2.385053 2.237702 2.149929 1.839669 1.387424 1.092200 0.736601 0.467783 0.287866 0.116664 0.063275 
3.184271 2.753252 2.543946 2.119362 1.853257 1.444125 1.240047 0.785924 0.364368 0.221625 0.083982 0.052594 
3.264674 2.702039 2.520538 2.125457 1.905321 1.163076 0.860945 0.658808 0.310395 0.053906 -0.019104 0.033448 
2.807714 2.265624 2.052885 1.748798 1.446024 1.124186 0.939798 0.570294 0.265961 0.170278 0.158102 0.066452 
2.904634 2.322696 2.185468 1.916950 1.483973 1.297167 1.003329 0.804992 0.475765 0.296220 0.138162 0.068470 
3.000558 2.368051 2.373941 2.139282 1.471179 1.088355 1.267229 0.419560 0.325397 0.349655 0.117226 0.060973 
3.291493 2.340546 2.179005 2.573486 1.674707 1.589491 1.499340 0.867493 0.476691 0.289231 0.208007 0.076232 
2.813721 2.089480 1.996467 1.943742 1.903036 1.365315 1.184953 0.871192 0.620101 0.527971 0.309915 0.081915 
2.810990 2.141313 1.745444 1.911198 1.661407 1.238671 1.010334 0.749337 0.588881 0.401921 0.339914 0.080994 
3.226815 2.609619 2.186425 2.160310 2.340715 1.555920 1.559961 0.366526 0.441432 0.532917 0.421679 0.104395 
2.996356 2.387008 1.876066 1.954393 1.317585 1.534618 1.612091 0.531150 0.558333 0.240190 0.445623 0.087217 
2.827778 2.121241 1.830781 1.753471 1.575345 1.165798 1.185141 0.471943 0.361483 0.215443 0.180952 0.072596 
