2.555043 1.748151 1.276307 1.442541 2.035211 1.451871 0.696954 0.392923 0.442331 0.291555 0.318417 0.081545 
2.673744 1.754785 1.382051 1.258618 1.603807 1.718030 1.130512 0.500106 0.742378 0.077155 0.134896 0.085121 
2.660041 1.866071 1.654870 0.995103 1.182455 1.609657 0.816623 0.720729 1.018292 0.309999 0.170543 0.080866 
2.630247 1.799138 1.335820 0.722235 1.248749 1.346656 1.362327 0.565895 0.563437 0.172472 0.240329 0.087536 
2.565801 1.988060 1.395922 0.798599 1.239062 1.806280 0.980063 0.772200 0.660010 0.062958 0.203506 0.083012 
2.712497 1.853481 1.669165 1.442031 1.117864 1.160436 0.984507 0.576760 0.621263 0.277198 0.154731 0.078527 
2.576237 2.102387 1.733316 0.781725 1.210560 1.163426 1.037255 0.570012 0.702359 0.119166 0.290793 0.081466 
2.591657 2.035743 1.592000 1.464378 1.460594 1.051182 0.627584 0.473647 0.848464 0.306190 0.379656 0.078328 
2.574382 2.022479 1.550466 1.492710 1.330632 1.271477 0.806933 0.641815 0.838276 0.245367 0.266927 0.076257 
2.420492 2.038143 1.393965 1.665489 1.394748 0.939768 0.933972 0.968431 1.134502 0.300209 0.206397 0.073241 
2.519690 2.242666 1.459831 1.557581 1.511348 0.712137 0.839059 0.705338 1.015264 0.273813 0.298856 0.073424 
2.461438 2.325886 1.013943 1.557647 1.233720 1.088771 0.843502 0.443859 1.188130 0.268148 0.322984 0.060059 
1.503641 3.169069 0.287645 2.064688 0.917614 0.515821 1.501597 -0.138238 1.202668 0.270120 0.275066 0.061269 
1.387394 3.860364 -0.272426 2.287770 1.285100 0.474290 1.289857 -0.161096 1.237192 0.143493 0.260730 0.063267 
1.259194 3.678720 -0.288555 2.466983 1.441755 0.322094 1.275186 -0.423824 1.376885 0.497015 0.362327 0.068452 
1.519871 3.429087 -0.318524 2.498761 1.580363 0.860227 1.538471 -0.569704 1.111724 0.469242 0.374625 0.063339 
1.862748 3.069496 0.172675 1.693824 1.882395 0.920175 1.598310 -0.663327 1.046381 0.425243 0.482887 0.063080 
1.624689 3.428991 -0.589258 1.891067 2.125372 0.832946 1.168398 -0.863132 1.001244 0.631084 0.458648 0.080624 
1.559264 3.065781 -0.095281 2.187755 2.220527 0.507198 1.456201 -0.511460 0.867087 0.457292 0.340933 0.079098 
1.246977 3.061606 -0.019221 2.190616 1.999820 0.369714 1.788139 -0.396850 0.930914 0.484550 0.302249 0.090320 
1.243107 3.282733 -0.539762 2.663373 1.864832 0.172828 2.399917 0.024301 0.611232 0.361816 0.310971 0.131151 
0.955626 3.204761 -0.269526 2.227708 2.028406 0.431396 2.175276 -0.006460 0.596453 0.341567 0.293359 0.110487 
1.109122 3.121085 0.307148 1.811697 1.318001 0.490806 2.160322 0.048484 0.580106 0.384093 0.306493 0.084217 
1.389325 3.187474 -0.395822 1.988150 1.008566 0.150909 2.336247 0.600920 0.642484 0.488404 0.432963 0.077096 
1.326819 2.790836 -0.475630 1.750778 1.146608 0.028875 2.200542 0.853729 0.710796 0.418377 0.455354 0.055268 
1.856293 2.385893 -0.076320 1.375993 1.172652 0.676238 1.972056 0.800386 0.554780 0.292725 0.618597 0.039911 
1.973107 2.406214 0.221199 1.296067 1.191955 0.635348 2.372333 0.199667 0.785721 0.362053 0.463168 0.058737 
2.029314 2.378948 0.227160 0.907921 1.600927 0.501066 1.908305 0.334437 0.820318 0.272673 0.412194 0.070089 
1.790370 2.618652 -0.182809 1.194526 1.762167 0.790082 2.281938 0.378073 0.966315 0.326442 0.415760 0.058238 
1.872046 3.121923 0.293822 1.366382 1.500762 0.747563 2.091233 -0.038028 1.015438 0.233913 0.345510 0.070422 
2.487680 3.093867 1.136869 1.762285 0.910384 0.254856 1.213646 0.090884 0.932765 -0.327741 0.137839 0.030792 
3.525915 3.758890 1.078776 1.528018 1.863556 0.458720 0.323941 -0.917757 0.471309 -0.475842 0.087989 -0.025447 
3.991638 3.194012 1.549307 1.333668 1.662921 0.052982 -0.202280 -0.930807 0.096699 -0.133397 -0.092958 -0.019003 
4.196086 3.236856 1.173039 1.278377 1.388757 0.368871 -0.626118 -1.026554 0.015875 -0.197583 -0.167694 -0.078378 
5.574800 3.947885 -0.372546 1.063327 2.578928 0.120493 -1.290351 -1.203592 0.481846 -0.580219 -0.204954 -0.241073 
3.446162 2.324026 1.502344 1.456128 1.251467 0.082515 -0.786107 -0.924696 -0.369980 -0.326467 -0.267742 -0.099402 
3.859288 2.494851 0.742197 0.292173 0.664977 0.296970 -0.537731 -0.637118 -0.217554 -0.187910 -0.333344 -0.114267 
5.870590 2.399296 0.054589 0.629206 1.824484 -0.143098 -1.574054 -1.177594 0.376119 -0.224794 -0.290059 -0.168942 
4.692858 2.518043 0.123021 0.417137 1.221975 -0.009527 -1.692521 -1.266301 -0.087014 -0.178392 -0.090883 -0.113852 
4.736296 2.041751 0.075576 0.616834 1.126693 -0.425446 -1.935761 -1.090350 0.101503 -0.175382 -0.216419 -0.133161 
4.545453 2.085488 -0.163771 0.189311 0.952449 -0.438299 -2.103440 -1.254283 0.144092 -0.065551 -0.147269 -0.136600 
6.412540 2.329381 -1.369402 -0.454807 1.294762 -0.023031 -2.345960 -1.613632 0.232930 -0.367676 -0.270033 -0.173448 
4.449838 1.831809 -0.388620 0.054896 0.730613 -0.586483 -2.000884 -1.126047 0.272935 -0.038188 -0.192047 -0.140555 
6.364373 1.893474 -1.252403 -0.296337 1.052670 -0.409037 -2.132703 -1.635759 0.463864 -0.191994 -0.270310 -0.162090 
5.263437 1.837122 -0.805332 -0.080949 0.876952 -0.628482 -2.234565 -1.328559 0.526922 -0.093511 -0.178479 -0.154000 
6.087128 2.189158 -1.527261 -0.537773 1.056951 -0.433381 -2.295083 -1.455605 0.510790 -0.171974 -0.204685 -0.180877 
4.873364 1.769532 -0.636097 -0.226493 0.586878 -0.776388 -2.187473 -1.117915 0.504592 0.060662 -0.135052 -0.144820 
5.561345 1.838796 -1.167347 -0.527673 0.942326 -0.626015 -2.274635 -1.088371 0.617952 -0.013651 -0.148961 -0.159586 
5.213474 1.876674 -1.054395 -0.488996 0.820219 -0.600058 -2.216307 -0.978787 0.654026 0.033253 -0.097417 -0.153962 
6.329695 1.975078 -1.740116 -1.058163 1.072114 -0.413886 -2.152856 -0.935451 0.628814 0.041356 -0.201754 -0.183841 
6.783713 1.881534 -2.032968 -0.978759 1.108257 -0.357500 -2.013892 -0.703191 0.538650 0.181211 -0.250921 -0.191062 
5.400682 1.780119 -1.473861 -0.612018 0.908281 -0.439690 -1.861645 -0.780067 0.903087 0.062002 -0.139372 -0.187045 
5.784878 1.951493 -2.043661 -0.727770 1.029085 -0.353469 -1.704612 -0.760188 0.930270 0.085561 -0.160986 -0.210310 
5.738018 1.803414 -1.973471 -0.700958 1.064790 -0.376682 -1.520729 -0.668342 1.037215 0.111284 -0.169955 -0.212384 
6.613379 2.015048 -3.146729 -0.219236 1.208284 -0.814314 -0.931497 -0.764134 1.105898 0.243551 -0.184764 -0.222490 
5.779696 1.745087 -2.280925 -0.741224 1.042921 -0.170885 -1.489605 -0.377881 1.017999 0.263917 -0.139370 -0.216890 
7.139475 1.959546 -3.858910 -0.249623 1.479324 -0.702566 -0.960657 -0.615415 1.033561 0.409303 -0.192643 -0.215592 
3.635861 1.103152 -0.599590 -0.206151 0.076567 -0.462549 -1.036555 -0.147489 0.645376 0.453493 -0.052879 -0.163642 
6.792566 1.309414 -3.152529 -0.171108 0.747597 -0.142339 -1.059772 -0.540587 1.029269 0.384430 -0.134885 -0.203702 
5.735610 1.479275 -2.360767 -1.113596 1.175439 0.344525 -1.340057 -0.269602 1.104000 0.230690 -0.053856 -0.192033 
5.445293 1.089743 -1.835021 -0.814992 1.155441 0.147774 -1.110191 -0.221194 1.236979 0.219769 -0.075959 -0.174079 
3.630070 0.953749 -0.813222 -0.189730 0.432876 -0.234051 -0.832609 0.089314 0.769873 0.289652 -0.042011 -0.175455 
5.877307 0.944613 -2.188657 -0.924707 1.290130 0.225311 -0.751382 -0.650558 1.388604 0.182115 -0.132378 -0.188461 
5.645714 1.402804 -2.354258 -1.432283 1.826172 0.550311 -1.018471 -0.320014 1.290804 0.172958 -0.037935 -0.216013 
5.051399 1.060920 -1.722437 -0.621371 1.458340 0.417932 -0.934498 -0.159779 1.206435 0.196308 -0.066353 -0.195859 
5.633306 1.362023 -2.422111 -1.232923 1.868091 0.798652 -0.956118 -0.219132 1.244006 0.134270 -0.074903 -0.221719 
5.434898 1.059475 -2.065396 -0.948964 1.798793 0.675268 -1.016784 -0.105986 1.193230 0.118443 -0.137698 -0.215643 
5.880736 0.989176 -2.433889 -1.253626 1.989093 0.832497 -0.958270 -0.056881 1.042513 0.173427 -0.183407 -0.224482 
5.456705 1.520857 -2.662067 -1.542662 2.201369 1.106078 -1.163911 0.158611 1.012005 0.088577 -0.073795 -0.259783 
6.187341 0.912430 -2.207193 -1.779169 2.647745 0.986189 -0.997040 0.336641 0.838843 0.317354 -0.142332 -0.223003 
5.726256 1.157888 -2.247758 -1.054657 2.493089 1.068152 -0.814333 0.243809 1.028870 0.329176 -0.082507 -0.196048 
6.169393 1.242063 -2.336059 -1.105764 2.577986 1.267735 -0.547499 0.285707 1.083758 0.431474 -0.050415 -0.166172 
6.293252 1.287522 -2.411263 -0.992557 2.833349 1.230043 -0.379326 0.227924 0.927811 0.478062 -0.036458 -0.139352 
6.224993 1.450382 -2.492532 -1.018844 2.834699 1.370645 -0.225936 0.175885 0.905556 0.425274 0.005010 -0.120490 
5.891144 1.334351 -2.291271 -0.859942 2.522091 1.833473 -0.381014 0.145066 1.040572 0.237225 0.041924 -0.117215 
6.286563 1.151994 -2.140232 -1.284664 2.883608 1.791484 -0.503244 0.277674 0.863726 0.330450 0.028275 -0.117335 
6.067915 1.110846 -1.780823 -1.344790 2.852298 1.573549 -0.274287 0.061652 1.204452 0.266095 0.021559 -0.104493 
6.211273 1.188034 -1.661359 -1.580857 3.055830 1.429187 -0.389322 0.274351 1.116114 0.326220 -0.002170 -0.118865 
6.139289 1.304683 -1.563423 -1.772855 3.043321 1.413905 -0.418924 0.381560 1.140175 0.298959 0.011515 -0.128992 
6.300776 1.121489 -1.462562 -1.830371 2.672044 1.474116 -0.263612 0.276693 1.360919 0.243272 -0.051062 -0.117380 
6.284081 1.184777 -1.717087 -1.698286 2.571193 1.644939 -0.472138 0.469345 1.274911 0.219875 -0.028337 -0.133863 
6.233107 1.295156 -1.725442 -1.784259 2.770706 1.279122 -0.361948 0.481957 1.239936 0.256162 -0.043803 -0.134266 
4.663656 1.452126 -1.295238 -0.132077 1.882278 1.281988 -0.185482 0.611833 1.127105 0.005307 -0.051327 -0.145223 
3.950207 1.082380 -0.573312 0.120520 1.629382 1.127133 0.398698 0.531189 0.900756 0.030930 -0.135537 -0.137613 
4.117496 1.092547 -0.780031 0.111358 1.567495 1.226956 0.327812 0.670991 0.819943 -0.022260 -0.157744 -0.132456 
