3.146014 2.006591 1.664103 1.264067 1.051430 0.516858 0.952364 1.160202 0.916202 0.041689 0.243404 0.065918 
4.098486 1.619886 1.726148 1.394437 1.683287 0.184294 1.268782 0.987390 1.309293 -0.331381 0.338484 0.172982 
3.579705 1.567984 1.768850 1.710756 1.763122 0.881715 1.800222 1.436330 0.924975 -0.237506 0.216479 0.110916 
3.108092 2.003549 1.520245 1.735403 1.579908 1.182989 1.103547 1.154222 0.745199 0.020828 0.260669 0.074758 
2.909721 1.872193 1.623844 1.512402 1.670768 1.508571 1.501242 0.867366 0.622883 -0.005979 0.212012 0.077769 
3.471054 1.810007 1.919779 1.272723 1.493713 1.901677 2.194045 1.334851 0.601931 -0.655721 0.359332 0.131028 
3.085830 2.088602 1.761373 1.548814 1.675071 1.373397 0.939445 1.451746 0.607533 -0.429279 0.145330 0.069733 
2.816153 1.896200 1.317890 1.323210 1.607096 1.105649 0.965055 1.297698 0.604348 0.142287 0.200502 0.073542 
2.904249 1.724931 1.408050 1.341086 1.966575 1.354100 1.383186 1.392433 0.693518 -0.041348 0.095756 0.077868 
3.330885 2.181809 1.724436 1.242787 1.263250 0.819082 2.122373 1.191432 1.185790 -0.137481 0.031253 0.049830 
3.272732 2.541839 1.684638 1.321738 0.899465 1.139314 1.368874 0.493370 0.379073 -0.353793 -0.046520 0.019442 
3.485252 2.956906 2.212696 1.821714 1.484767 1.458427 1.540538 0.511257 0.239353 -0.254683 -0.275119 -0.051260 
3.581684 2.923683 2.405046 1.683635 1.456272 0.836188 0.639409 0.113781 -0.142369 -0.369134 -0.072532 -0.047878 
3.519415 3.310256 2.544588 1.849963 1.990533 0.734010 0.798386 0.374863 -0.254696 -0.254282 -0.129159 -0.062759 
3.930707 4.328236 3.044409 1.521854 2.523851 -0.179626 1.050796 0.078619 -1.472526 -0.153070 -0.271848 -0.061740 
3.734393 3.903734 2.963629 1.592321 2.141910 -0.155028 0.467464 -0.206416 -1.166310 -0.191651 -0.260348 -0.080647 
3.712160 3.871066 2.804712 1.357655 2.016789 0.018423 0.557081 -0.339186 -1.243700 -0.364076 -0.244308 -0.087430 
3.772734 3.556832 2.834915 1.500281 1.726433 0.247771 0.010174 -0.497618 -1.328025 -0.462575 -0.230060 -0.111618 
3.242130 2.641331 2.067402 1.272956 1.143424 0.345897 -0.115457 -0.435711 -0.704038 -0.433253 -0.332935 -0.106541 
4.120428 4.209202 2.614807 0.912056 1.749076 0.321480 0.883252 -0.272884 -1.563976 -0.735719 -0.370731 -0.120953 
4.272599 3.785630 2.880338 0.814562 2.004223 0.355529 0.524176 -0.388621 -1.651182 -0.597705 -0.347877 -0.118791 
3.608272 3.191534 2.481809 1.310626 1.787612 0.376181 0.116755 -0.604984 -1.104886 -0.522128 -0.316558 -0.122376 
3.377010 2.916175 2.295914 1.455138 1.009258 0.295888 -0.295352 -0.608765 -0.846349 -0.668662 -0.272882 -0.127039 
4.003676 3.486911 2.557342 1.571120 1.217280 0.180478 -0.020690 -0.314220 -1.105378 -0.596664 -0.307955 -0.124885 
4.238000 3.819809 2.848596 1.619620 1.836715 0.130267 -0.256882 -0.437915 -1.264378 -0.865745 -0.302131 -0.147240 
3.986018 3.408314 2.591536 1.679459 1.418931 0.046880 -0.248697 -0.879186 -1.119070 -0.719741 -0.292903 -0.131470 
5.038291 4.205825 2.471483 1.376717 2.134954 0.354626 -0.396241 -1.208958 -1.226707 -0.855448 -0.361655 -0.129564 
3.732624 3.314638 2.592044 1.740167 1.028365 0.124594 -0.694694 -1.017024 -0.944119 -0.700344 -0.273502 -0.127968 
4.630085 3.732422 2.788989 2.065374 1.623108 0.618614 -1.023290 -1.341637 -1.189067 -0.633574 -0.327642 -0.135404 
3.717254 3.168911 2.628728 2.001145 1.321579 0.168696 -0.690665 -1.225376 -0.906706 -0.636474 -0.273465 -0.132069 
4.410822 3.707278 2.651380 1.985676 1.565822 0.317565 -0.717515 -1.445161 -0.922289 -0.783055 -0.297162 -0.131195 
3.798164 3.223307 2.462490 1.986524 1.507617 0.291962 -0.524473 -1.137790 -0.877921 -0.592715 -0.250531 -0.116844 
4.374087 3.827305 2.703066 2.028397 2.081058 0.185065 -0.972192 -1.119867 -1.021636 -0.763733 -0.289441 -0.137845 
3.844495 3.282370 2.800451 1.967451 1.670238 0.173167 -0.808078 -1.036388 -0.990904 -0.559681 -0.264891 -0.124906 
3.737523 3.453930 2.671056 1.856400 1.669793 0.224107 -0.562912 -1.001349 -1.140777 -0.400945 -0.314177 -0.121463 
3.874821 3.576008 2.959618 1.792018 1.916970 0.066819 -0.666097 -1.173142 -1.197960 -0.408625 -0.351235 -0.132154 
4.332991 3.830071 2.716317 1.869571 2.494018 0.587281 -0.652021 -1.363417 -1.315009 -0.288839 -0.318533 -0.122509 
4.591537 4.001388 2.440364 1.927982 2.552322 0.064129 -1.040359 -1.688963 -1.416245 -0.154089 -0.401509 -0.134534 
3.398015 2.885792 2.169396 1.705590 0.956448 -0.009442 -0.737466 -0.962341 -0.745561 -0.485580 -0.281768 -0.111617 
4.979714 4.547808 2.217867 1.502730 3.041588 0.406040 -1.143999 -1.952990 -1.119947 -0.576197 -0.288672 -0.152669 
3.963420 3.464807 2.544258 1.805555 1.237686 0.105655 -0.874243 -1.290312 -1.174359 -0.772140 -0.249316 -0.130707 
3.807536 3.377242 2.633556 1.774513 1.055920 0.132143 -0.531814 -1.072144 -1.200242 -0.674194 -0.260585 -0.129094 
3.305738 2.734395 2.116016 1.370848 0.658929 -0.234426 -0.788437 -0.846177 -0.817273 -0.520648 -0.270747 -0.111163 
3.454398 2.969042 2.362808 1.496163 0.879772 0.007733 -0.561973 -0.991698 -0.882881 -0.596244 -0.241664 -0.113814 
3.757393 3.367391 2.808427 2.211380 1.495358 -0.129805 -1.106051 -1.431050 -0.983086 -0.666969 -0.286764 -0.143803 
3.704327 3.205415 2.522564 1.933510 1.042561 -0.044568 -0.880617 -1.233768 -0.821509 -0.529908 -0.271339 -0.113455 
3.790797 3.338770 2.609682 2.117154 1.360763 -0.122115 -0.987369 -1.189404 -0.760763 -0.533545 -0.283091 -0.116442 
3.432865 2.848999 2.275805 1.517747 0.970819 0.039693 -0.583658 -0.994248 -0.799287 -0.469256 -0.179917 -0.083540 
4.235599 3.757346 2.659852 2.118525 1.858811 -0.080037 -0.756210 -1.211203 -0.649118 -0.441272 -0.260320 -0.094954 
3.876532 3.333524 2.705351 1.985554 1.297705 0.258217 -0.674744 -1.019856 -0.798460 -0.485019 -0.194118 -0.085927 
3.858357 3.395346 2.771269 2.403660 1.385070 0.033927 -0.768190 -0.970335 -0.651194 -0.513016 -0.232058 -0.096213 
3.938953 3.264030 2.635105 1.829456 1.305024 0.170990 -0.675481 -1.074266 -1.048673 -0.497393 -0.201591 -0.095251 
3.736152 3.143920 2.566614 1.996556 1.366336 -0.185653 -0.945833 -1.032079 -0.818870 -0.348683 -0.262214 -0.100301 
4.009800 3.325590 2.666346 1.991311 1.686667 0.102717 -0.903451 -1.330939 -1.073257 -0.483496 -0.248836 -0.119051 
3.707433 3.133593 2.378891 1.661522 1.339420 -0.026940 -0.996786 -1.132893 -0.972720 -0.362793 -0.252597 -0.109834 
4.277602 3.496051 2.547311 2.108491 2.268055 0.119761 -1.126650 -1.507402 -1.311179 -0.144933 -0.338196 -0.140093 
3.622388 3.012257 2.353614 1.750975 1.248414 -0.024618 -0.685576 -1.021307 -0.824064 -0.400007 -0.246317 -0.108820 
4.343432 3.548885 2.511589 1.695070 2.129071 0.507783 -0.863806 -1.144119 -1.085756 -0.182630 -0.282952 -0.115111 
4.032799 3.414521 2.659126 2.137741 2.399374 0.388733 -0.921770 -1.106041 -0.929440 -0.096587 -0.304818 -0.129625 
4.255030 3.528657 2.698545 2.089214 2.681376 0.608774 -1.068328 -1.283529 -0.968479 0.102588 -0.309828 -0.137158 
3.941786 3.306079 2.940526 2.522193 2.586149 0.450283 -0.998925 -1.059962 -0.627249 0.078197 -0.359685 -0.142543 
3.698727 3.076431 2.299553 1.809300 1.824950 0.730357 -0.361800 -0.830651 -0.704029 -0.149205 -0.212755 -0.091850 
5.315822 4.119551 3.205123 1.705839 3.991991 0.756065 -1.807605 -1.019911 -1.187778 0.684224 -0.187732 -0.189162 
3.891299 3.446468 2.786886 2.166102 1.979496 0.673544 -0.042364 -0.405464 -0.468105 -0.055009 -0.205343 -0.076552 
4.456434 3.696238 3.187395 2.447461 3.594220 0.706565 -0.340136 -0.468376 -0.610166 0.214370 -0.202977 -0.100236 
3.174650 2.767993 2.257930 1.873764 1.618425 1.027654 0.672251 0.189479 -0.126483 -0.062300 -0.090922 -0.038448 
4.272822 3.455785 3.018523 2.271566 3.612990 0.987644 0.662910 0.712481 -0.203796 0.035242 -0.129423 -0.056021 
4.310983 3.660817 2.950433 2.382831 2.971227 1.018918 0.379717 1.208841 0.169318 -0.409971 -0.064956 -0.055792 
3.652831 3.341617 3.254116 2.483272 2.193568 1.270964 0.933982 0.900545 0.285481 -0.179413 -0.007350 -0.017136 
4.621584 3.860954 2.998217 1.940994 2.586499 1.277013 1.298960 0.163148 0.501936 -0.295082 0.007236 -0.002634 
3.955092 3.514772 2.381930 2.141999 1.956344 1.495419 1.204392 0.367720 0.641897 -0.040573 -0.000098 -0.002388 
3.885761 3.381977 2.254806 2.113659 2.237103 1.465163 1.186665 0.560084 0.570441 -0.390568 0.079917 0.001787 
3.228009 2.816053 2.368741 1.801597 1.827444 1.299807 1.129321 0.542375 0.544962 -0.051547 0.112457 0.034359 
3.503724 3.010046 2.256215 1.537387 2.059819 0.590602 0.882150 0.995795 0.558846 0.179935 0.198867 0.052454 
4.110212 3.893197 2.985894 0.806661 2.545203 -0.171299 0.940990 1.242390 0.226920 -0.106191 0.210592 0.035077 
3.660065 3.253081 2.845893 1.162202 2.130516 0.673358 0.514545 0.713895 0.212667 0.314303 0.113088 0.036079 
3.805785 3.442135 3.236250 0.991526 2.176755 0.049322 0.389146 0.730013 0.268428 0.238359 0.251111 0.068892 
3.054162 2.642656 2.374169 1.470729 1.444552 0.484619 0.508610 0.173631 0.239870 0.447117 0.287485 0.075006 
3.876704 3.357104 3.609136 1.074018 1.531779 0.121492 -0.188748 0.420564 0.658391 0.279641 0.380197 0.127810 
3.473331 2.847364 2.223716 1.330728 0.963596 0.784266 0.344213 0.352195 0.346308 0.166630 0.449791 0.104465 
4.160999 2.729870 2.538720 0.293352 0.433934 0.846840 1.181316 0.361447 0.362452 -0.089910 0.257401 0.099739 
3.330054 2.350914 1.948762 0.952333 0.822057 1.281529 0.855058 0.574954 0.689965 0.127137 0.145291 0.066764 
3.355165 2.543460 2.159165 1.173159 0.907189 1.009627 0.830516 0.645767 0.091783 0.152142 0.199299 0.064943 
3.183613 2.500348 2.225683 1.248500 0.912413 0.636036 0.637893 0.595382 0.162738 0.364228 0.216454 0.074606 
3.387596 2.686233 2.395182 1.240101 1.219395 0.592352 0.535505 0.477012 0.295634 0.406198 0.100757 0.064692 
