2.627838 1.927057 1.711811 1.178260 1.576504 1.935644 1.121205 0.637340 0.193438 0.101079 0.277106 0.091262 
2.689610 1.778285 1.873348 1.452731 1.573807 1.522662 0.936361 0.520509 0.200720 0.207473 0.353286 0.084969 
2.645945 1.716607 1.695148 1.305027 1.377895 1.361246 0.798121 0.683316 0.342793 0.092483 0.296256 0.085968 
2.552206 1.607530 1.735576 1.267448 1.472092 1.172050 0.818254 0.436136 0.472732 0.292774 0.219235 0.082320 
2.525461 1.377165 1.913371 1.468998 1.388490 1.113041 0.762547 0.880380 0.579983 0.258904 0.361391 0.081775 
2.456618 1.336915 1.803411 1.613478 1.379335 1.235422 0.564633 0.832525 1.012544 0.160917 0.373185 0.085863 
2.604217 1.185047 1.646807 2.224491 1.332585 0.490511 0.583893 0.530628 0.815871 0.183096 0.165747 0.087893 
2.474204 1.266612 1.809701 2.022976 1.515150 0.466793 0.344891 0.807353 0.986552 0.264473 0.000529 0.088034 
2.459779 0.898317 1.750848 2.516957 1.929537 0.536019 0.610335 1.064483 0.905621 0.210127 -0.115262 0.097850 
2.924290 0.458336 1.464307 2.354601 2.162881 0.496376 -0.377048 1.013731 1.339572 0.086129 -0.180350 0.075879 
2.372648 0.298055 2.206355 2.706808 1.985106 0.136997 -0.510641 1.530710 1.424296 0.221287 -0.143581 0.101666 
2.288614 0.728982 1.870907 2.657272 2.170859 0.124686 -0.311608 1.554757 1.100489 0.336340 -0.279357 0.094900 
2.191692 0.030775 2.241886 3.095862 2.415746 -0.028879 -0.593222 1.645188 1.166580 0.386631 -0.238744 0.075239 
2.559280 -0.478620 2.462974 3.181003 1.889476 0.405834 -0.567508 1.168159 0.803364 0.418814 -0.281010 0.042105 
2.201569 -0.273161 2.729724 3.322251 1.413564 -0.132223 -0.910826 1.168528 0.943265 0.383494 -0.229148 0.074337 
2.259700 -0.534092 2.776377 3.949818 0.601999 -0.147440 -0.109748 0.787036 0.975566 0.547722 -0.291835 0.066024 
1.891017 -0.784633 3.094103 3.809907 0.827583 -0.115355 -0.118493 0.672537 0.771171 0.403336 -0.263503 0.083677 
1.819671 -1.024759 2.561229 4.733839 0.486876 -0.151775 0.085464 0.669604 1.254914 0.171960 -0.170081 0.109852 
1.336217 -1.061528 2.716238 4.275711 0.637743 -0.207966 0.304429 1.226365 1.174751 0.366164 -0.092461 0.085687 
1.176214 -1.083875 2.801187 4.512572 0.863118 -0.471709 0.238718 1.407093 1.481707 0.100289 0.091780 0.076815 
0.885952 -1.277018 2.840510 4.652020 1.251939 -0.211769 0.350635 1.306439 1.392801 0.131385 0.049002 0.067224 
0.826744 -1.435661 2.920665 4.039132 1.036887 -0.094675 0.625663 1.073508 1.386300 0.288997 0.002206 0.055488 
0.960650 -1.272179 2.443998 3.794351 0.966307 0.214740 0.743731 0.841782 1.486919 0.355922 -0.165020 0.080541 
0.842302 -1.673148 2.646071 3.825454 0.693804 0.503276 0.623324 1.169594 1.362419 0.345101 -0.091483 0.072122 
0.839565 -1.690076 2.704734 3.664548 0.733478 0.665388 0.679940 1.400702 1.347561 0.253438 -0.017169 0.077667 
1.146741 -1.868958 2.408435 3.572351 0.786957 0.754286 0.668928 1.632782 1.371522 0.146740 0.110155 0.071464 
1.498617 -1.416256 2.752653 3.534586 1.127652 0.267380 0.552138 1.563574 0.971488 0.133696 0.244662 0.089478 
1.657971 -0.804246 2.474077 3.494092 1.154571 0.127412 0.507007 1.336007 0.929483 0.120547 0.243034 0.101988 
1.898807 0.103824 2.589467 3.866173 1.362455 0.077065 0.793704 0.658864 0.489375 0.010229 -0.068996 0.120276 
3.674576 0.850830 1.986238 3.868723 1.548748 0.166461 1.563383 0.158112 0.476254 -0.728008 -0.366024 0.016598 
4.817331 1.670880 0.741138 2.034154 1.789420 0.218125 -0.099667 -0.063411 0.733077 -1.206972 -0.318287 0.030547 
5.567634 1.570509 0.302632 1.865296 1.104272 0.170212 -0.530481 -0.275616 0.463920 -1.456763 -0.519928 0.045093 
5.779296 1.753508 0.002489 0.932450 1.555747 -0.695341 -0.913578 -0.241849 0.085108 -1.485726 -0.607603 0.011180 
4.385352 1.828896 0.049541 0.847086 1.040427 -0.552528 -1.132117 -0.153099 -0.227690 -1.248716 -0.321862 -0.039513 
5.475092 1.983782 -0.366051 0.424597 1.346876 -0.799766 -1.755186 -0.404270 -0.277785 -1.573824 -0.577961 -0.039083 
5.994934 1.757431 -0.259452 0.173496 0.961981 -1.259789 -1.670138 -0.850896 -0.301880 -1.656149 -0.699783 -0.018382 
5.043495 2.110172 -0.245835 0.104949 0.813402 -1.247362 -2.017306 -0.746937 -0.310455 -1.472002 -0.362015 -0.040447 
4.763662 2.024482 0.097923 0.131199 0.505997 -1.339273 -1.854148 -0.860338 -0.415526 -1.242600 -0.220421 -0.022934 
3.991599 2.154272 0.614111 0.292559 -0.096514 -1.428399 -1.880566 -0.961849 -0.503172 -0.590040 -0.126731 -0.053525 
4.254331 2.290005 0.455675 0.093767 -0.019334 -1.316005 -1.726606 -0.935583 -0.622794 -0.736998 -0.094597 -0.032515 
5.200482 2.517497 0.396832 0.232231 0.150829 -1.353537 -2.001810 -1.067141 -0.429325 -1.076699 -0.216005 -0.018662 
5.705384 2.518398 0.290714 0.003388 0.031472 -1.383573 -2.209420 -1.127560 -0.070968 -1.251205 -0.366694 -0.035691 
3.937093 2.480018 0.847372 -0.234920 -0.793859 -1.259307 -1.232697 -1.059755 -0.874151 -0.619546 -0.015178 -0.016816 
4.267819 2.680102 0.858665 -0.370754 -0.820764 -1.274689 -1.287060 -1.029839 -0.779558 -0.529583 -0.037505 -0.013293 
6.526145 2.426152 -0.159687 -0.912850 0.333794 -1.521912 -1.900671 -0.863596 -0.083655 -0.770522 -0.425900 -0.072199 
5.224928 2.610010 -0.095259 -0.597369 -0.524370 -1.272313 -1.459709 -0.760709 -0.317382 -0.825527 -0.133915 -0.016659 
5.105397 2.481615 -0.066402 -0.782082 -0.562085 -1.109725 -1.285652 -0.599442 -0.401651 -0.796300 -0.117383 -0.016725 
7.237810 2.187857 -1.061479 -1.257786 0.628034 -1.185902 -2.330426 -0.015477 -0.380347 -0.590761 -0.507129 -0.115030 
5.831791 2.263602 -0.984388 -0.878080 0.060154 -1.296561 -1.669218 -0.303956 -0.047761 -0.952951 -0.400996 -0.065246 
4.935760 2.118396 -0.404564 -0.686172 -0.348075 -0.665668 -1.037268 -0.273373 -0.217005 -0.957258 -0.240083 -0.060772 
5.505322 1.999009 -0.832416 -0.658174 0.219974 -0.501055 -1.212903 -0.073435 -0.006820 -0.937412 -0.439086 -0.105742 
7.369127 1.655006 -1.778877 -0.929229 1.452474 -0.619372 -1.688319 0.588842 -0.328314 -0.495377 -0.623587 -0.149494 
4.679461 1.677082 -0.713570 -0.371713 0.420350 -0.137378 -0.410445 -0.066916 -0.141201 -0.773775 -0.386154 -0.113946 
4.890610 1.742377 -0.911267 -0.466571 0.579962 -0.035627 -0.595124 0.168144 0.073447 -0.789461 -0.384035 -0.114619 
5.311449 1.696029 -1.197524 -0.650905 0.372286 -0.386317 -0.772987 0.416663 0.286906 -0.727967 -0.400393 -0.108688 
7.171696 1.498131 -2.062923 -0.690452 1.193177 -0.887008 -1.036639 0.794990 0.157576 -0.332400 -0.563603 -0.114118 
4.498552 1.691975 -0.465369 -0.581323 -0.027253 -0.331151 -0.208973 0.498943 0.160538 -0.499915 -0.185134 -0.081461 
5.192586 1.865391 -0.955931 -0.698485 0.191512 -0.486168 -0.438001 0.681339 0.608120 -0.530142 -0.277137 -0.096292 
5.285132 1.986406 -0.993497 -0.626098 0.438206 -0.294321 -0.422452 0.294027 0.616866 -0.444841 -0.296336 -0.124067 
5.847733 2.130429 -1.153905 -0.550124 0.751598 -0.273118 -0.448539 0.399038 0.564784 -0.362318 -0.319870 -0.107952 
5.993190 2.292727 -0.854064 -0.516783 0.752581 0.064289 -0.486974 0.231098 0.539546 -0.326855 -0.260553 -0.097702 
5.808097 2.363456 -0.261120 -0.288595 0.971531 0.301086 -0.386035 0.229972 0.197298 -0.330781 -0.213176 -0.067905 
6.075593 2.565709 -0.026626 -0.015828 1.216096 0.032009 -0.321423 0.140235 0.087198 -0.295107 -0.167778 -0.028380 
4.689248 2.764065 0.695122 0.419263 1.079814 0.381076 -0.211423 -0.212250 -0.106625 -0.157081 -0.023607 -0.012653 
4.800139 2.934949 1.129130 0.598897 1.042705 -0.003617 -0.057820 0.190369 0.125651 -0.319432 -0.069971 -0.013914 
4.050676 2.725823 1.395218 0.787205 0.880336 0.454762 0.340208 0.205935 0.229123 -0.285719 -0.089758 -0.025517 
4.920294 3.018305 0.930957 0.900768 1.378793 0.867744 0.456062 0.277901 0.372918 -0.484796 -0.026219 -0.006063 
5.369922 3.086897 0.968877 0.712315 1.578884 0.713305 0.295363 0.885539 0.096398 -0.333771 0.033197 0.044860 
5.332157 3.241718 1.245786 0.178263 1.778486 0.803465 0.355205 0.738881 0.319647 -0.513338 0.154654 0.072192 
3.651174 2.681875 1.525797 0.776616 0.970136 0.925078 1.108404 0.627843 0.213866 -0.058145 0.163940 0.012472 
4.346609 3.030972 1.696238 0.655538 1.089791 1.157169 1.008854 0.743434 0.115575 -0.451760 0.147195 0.029233 
4.761497 3.199912 1.659074 0.277101 1.367938 1.246956 1.083141 0.988171 0.001900 -0.589172 0.106437 0.041366 
5.330414 3.126664 1.901430 -0.047583 0.936017 1.545039 1.411195 0.990394 -0.098555 -0.368099 0.009880 0.041848 
4.378171 3.132273 1.698109 0.549987 0.949554 1.280013 1.416869 0.704949 -0.113646 -0.105118 0.080332 0.037024 
4.611467 3.144710 1.565136 0.964325 1.166691 1.047410 0.700744 0.672092 0.065638 -0.337278 0.029996 0.021506 
5.025695 3.088543 1.754793 1.145027 0.965273 0.526276 0.281396 0.728266 0.107610 -0.590564 0.021189 0.044311 
3.909651 3.072833 1.948122 0.794250 0.288060 0.120715 0.258341 0.307361 0.136261 -0.114383 -0.019256 0.009248 
4.820622 2.903636 1.614887 1.158679 1.197805 0.353849 -0.294306 -0.005826 0.188912 -0.409571 -0.013388 0.021601 
3.786586 2.884661 1.911061 1.071015 0.480691 0.186692 -0.005920 -0.012763 -0.220897 -0.293353 0.049774 0.032979 
5.098069 3.260863 1.637471 1.085294 0.614830 -0.031122 -0.463458 -0.145382 -0.142013 -0.417146 0.074630 0.069470 
4.274199 2.964877 1.704767 1.079111 0.718214 -0.484680 -0.827810 -0.216206 -0.050439 -0.122307 0.056976 0.053661 
5.316227 3.077998 1.145072 1.178968 1.335534 -0.383297 -1.013383 -0.256386 0.245893 -0.426952 -0.011817 0.039777 
4.137069 2.831831 1.676706 1.327479 0.789300 -0.379990 -0.956293 -0.581356 -0.036411 -0.050915 -0.001058 0.027231 
5.550182 2.959242 0.943377 1.333674 1.557373 -0.411603 -1.055108 -0.269610 0.498293 -0.500281 -0.167433 -0.018849 
4.922316 2.817847 1.071781 1.232365 1.409150 -0.424948 -1.139319 -0.286848 0.442958 -0.220930 -0.051825 -0.014200 
