2.515609 1.983465 1.671815 1.338303 1.407504 1.242401 0.791812 0.824382 0.472086 0.472563 0.281780 0.079910 
2.581350 1.956991 1.891868 1.633297 1.251953 1.201120 0.977203 0.883178 0.628466 0.323885 0.247324 0.080636 
2.604547 1.976655 1.784838 1.529995 1.299988 1.146546 0.891097 0.796770 0.644129 0.342951 0.248972 0.079849 
2.509483 2.003639 1.693333 1.440324 1.343769 1.142001 0.929251 0.817192 0.573526 0.295400 0.249955 0.079164 
2.515696 2.002091 1.878999 1.437363 1.419988 1.327287 0.879069 0.932892 0.610142 0.315954 0.252412 0.080425 
2.535644 2.009888 1.812497 1.355473 1.312072 1.349083 0.981174 0.909357 0.741388 0.404302 0.227394 0.080437 
2.536205 1.929179 1.812599 1.446426 1.295660 1.288108 0.968281 0.806719 0.678586 0.278914 0.243960 0.080937 
2.563967 2.038827 1.780318 1.306021 1.329273 1.240581 0.908244 1.015521 0.627794 0.393345 0.293705 0.078739 
2.592245 2.028731 1.501466 1.458749 1.308321 1.327496 0.831623 0.797603 0.551397 0.562245 0.204643 0.080855 
2.350460 1.950540 1.589372 1.455542 1.274645 1.286212 1.129007 0.868108 0.497118 0.228757 0.302551 0.078648 
2.370373 1.996423 1.476162 1.477118 1.204894 1.276179 0.816590 0.941172 0.452195 0.415883 0.156379 0.082632 
2.203882 2.107603 1.518750 1.377885 1.719454 1.293351 0.926998 0.763006 0.453157 0.509803 0.100716 0.088087 
2.343932 2.229846 1.518280 1.370983 1.258853 1.174704 0.808981 1.076187 0.449672 0.415840 0.172795 0.080721 
2.376089 1.965253 1.373594 1.361839 2.026141 0.960467 1.098871 0.671422 0.364893 0.268062 0.129154 0.088652 
2.541849 2.016141 1.307400 1.616889 1.124493 1.373185 1.030526 0.890150 0.470401 0.301721 0.083808 0.081963 
2.611447 1.955232 1.290620 1.265719 1.422856 1.192679 0.966696 0.856123 0.441994 0.352682 0.146919 0.081507 
2.569618 2.166585 1.339661 1.375108 1.389976 1.449442 0.907264 1.084894 0.421482 0.263446 0.230757 0.080465 
2.454311 1.850731 1.371046 1.581603 1.285426 1.367241 0.988231 0.750420 0.431787 0.452354 0.237156 0.081785 
2.493193 1.953416 1.803188 1.397300 1.289238 1.339282 1.237052 0.871285 0.811340 0.391259 0.273100 0.079693 
2.726927 2.123486 1.787749 1.420188 1.202372 0.942373 0.589900 0.401499 0.234570 0.177777 0.099225 0.076834 
2.949337 2.439425 2.415637 1.809609 1.208188 1.036427 0.585443 0.135693 -0.045821 -0.205787 -0.022980 0.037273 
3.053183 2.667172 2.425004 1.725925 1.455288 0.785328 0.094797 -0.026764 -0.161971 -0.261466 -0.160827 0.014846 
3.266712 2.809937 2.445234 1.932884 1.309009 0.671089 0.181382 0.011186 -0.342793 -0.277295 -0.194414 -0.003567 
3.412267 3.045188 2.700095 1.938284 1.273656 0.825473 0.218100 -0.143017 -0.257625 -0.368675 -0.188998 -0.021898 
3.271407 2.730968 2.402577 1.946326 1.321920 0.651863 0.256833 -0.199925 -0.334657 -0.301599 -0.230548 -0.010845 
4.053344 3.576963 2.649030 1.748085 1.313211 0.738887 0.322682 -0.140143 -0.358163 -0.418073 -0.169506 -0.039087 
3.339190 2.900839 2.308188 1.469435 0.860150 0.497671 0.331017 0.013482 -0.230421 -0.293125 -0.278215 -0.012186 
4.481255 3.547217 2.974588 1.341420 0.790118 0.259068 -0.143566 0.270403 -0.051988 -0.436795 -0.187511 -0.048646 
3.654892 2.906031 2.301401 1.451691 0.986064 0.535239 0.077750 -0.057446 -0.173950 -0.409680 -0.255771 -0.022246 
4.276864 3.559077 2.549871 1.412208 0.996156 0.185448 -0.093365 -0.022087 -0.257440 -0.443174 -0.154255 -0.028766 
3.407133 2.797938 2.176323 1.388141 0.649332 0.148368 -0.128447 -0.125637 -0.143725 -0.334894 -0.203426 0.010731 
5.913819 3.994977 2.560053 0.745617 1.092914 -0.100895 -0.985401 0.403844 0.212359 -0.592890 -0.097195 -0.021328 
4.153189 3.312340 2.601836 1.524255 0.417593 -0.395189 -0.691666 -0.305514 -0.171384 -0.295919 -0.032468 0.035609 
4.255201 3.510348 2.480590 1.474201 0.613076 -0.259616 -0.863486 -0.506260 -0.195058 -0.270269 -0.012264 0.039070 
4.105640 3.375542 2.399146 1.413441 0.502462 -0.507259 -0.876759 -0.461888 -0.256652 -0.170483 -0.005924 0.050120 
5.613419 3.872500 2.255137 1.002060 1.386354 -0.872162 -1.616502 -0.148287 0.132192 -0.381219 -0.017600 0.022970 
3.987757 3.191444 2.100191 1.132091 0.446744 -0.486811 -0.720579 -0.505515 -0.427463 -0.175925 0.062372 0.066528 
4.772585 3.683669 2.257458 1.376267 0.486273 -1.203658 -1.128122 -0.444888 -0.068794 -0.222863 0.036663 0.066577 
3.503500 2.741525 1.942550 1.098680 0.245532 -0.439219 -0.580181 -0.582927 -0.448541 -0.121189 0.099377 0.080228 
4.881934 3.316740 1.784000 1.116406 0.873005 -0.445561 -1.111653 -0.276879 -0.368672 -0.278239 0.073644 0.073732 
4.024729 3.013272 1.948725 1.195912 0.673428 -0.459384 -0.944031 -0.519605 -0.306992 -0.133459 0.066047 0.070594 
4.189191 3.105477 1.814974 0.929345 0.410295 -0.447873 -0.657068 -0.258405 -0.346534 -0.279322 0.069547 0.070711 
3.411155 2.342231 1.491322 0.895704 0.396734 -0.179791 -0.374819 -0.231617 -0.318656 -0.288497 -0.003056 0.079783 
4.677019 2.749095 1.387214 0.951452 1.292940 -0.650957 -0.685787 0.101718 -0.308138 -0.392259 -0.063140 0.054455 
4.007197 2.507625 1.396078 0.966577 0.965313 -0.049459 -0.363937 -0.123829 -0.369258 -0.481244 -0.060474 0.055491 
3.553221 2.394431 1.472854 0.930792 0.661104 -0.425305 -0.369890 0.223010 -0.020398 -0.341537 -0.155851 0.054841 
3.678472 2.512170 1.796775 1.351455 0.813929 -0.452754 -0.573156 0.134379 -0.169277 -0.234583 -0.062616 0.060420 
4.233069 2.594042 1.716602 1.551661 0.967309 -0.637567 -1.110279 0.156364 0.126139 -0.395832 0.014203 0.079754 
3.706026 2.524688 1.848469 1.643921 0.698953 -0.961321 -0.856039 0.077290 -0.041734 -0.243579 0.072907 0.106681 
3.496865 2.421716 1.825357 1.631101 0.763475 -0.701315 -0.827716 -0.173256 0.037584 -0.060035 0.062720 0.099098 
3.518551 2.409737 1.776527 1.504274 0.785366 -0.534320 -0.753945 -0.107175 0.078392 -0.218559 0.077905 0.094520 
4.126565 2.523664 1.732003 1.636872 1.060433 -0.552444 -0.566923 0.049080 -0.047534 -0.280132 0.087046 0.091396 
3.642029 2.614952 1.869876 1.657898 0.953961 -0.416638 -0.428001 0.052980 -0.021097 -0.299051 0.042174 0.070922 
3.611834 2.653519 2.198410 1.594064 0.577591 -0.295776 -0.343094 -0.003896 -0.148127 -0.323275 0.091122 0.073973 
4.547939 3.051567 1.945736 1.743377 1.213517 -0.845243 -0.885516 0.508501 0.079204 -0.683153 0.079950 0.096408 
4.099454 2.895801 1.920918 1.593879 0.464160 -0.378103 -0.477450 -0.168417 -0.166271 -0.278620 0.134134 0.089574 
4.220682 2.990531 1.807037 1.415075 0.659646 -0.396368 -0.792752 0.142724 -0.081580 -0.206876 0.084027 0.077157 
4.318714 2.863090 1.365210 0.746201 0.627079 0.044422 -0.248075 0.173189 -0.220738 -0.253371 0.068951 0.074815 
4.310546 2.910542 1.216336 0.811708 0.775601 -0.016940 -0.371216 0.263859 0.010598 -0.346920 0.074661 0.068655 
4.366424 2.522850 1.133985 1.090499 0.559308 -0.201547 -0.503472 0.543798 0.174627 -0.291974 0.031007 0.076716 
4.589673 2.471634 0.854350 0.815128 0.691849 -0.284230 -0.613521 0.678601 0.408576 -0.510796 0.026934 0.086325 
5.331971 2.797358 0.269152 1.052187 1.124230 -0.079020 -0.893640 1.125715 0.404361 -0.512475 -0.041065 0.112377 
4.769257 2.517674 0.392081 0.746771 1.017693 -0.182171 -0.701497 0.818199 0.537243 -0.577184 0.042084 0.096854 
4.432306 2.269505 0.628145 0.982955 0.801427 -0.234765 -0.351916 0.637206 0.273806 -0.435503 0.069858 0.105584 
4.768016 2.283505 0.394280 1.037817 0.985631 0.022210 -0.467508 0.692311 0.601571 -0.300001 0.079771 0.098641 
4.158811 2.082158 0.955852 1.271041 0.824709 -0.414987 -0.325102 0.798353 0.664516 -0.268130 0.130119 0.108194 
5.141329 2.259407 0.358457 1.600008 1.276045 -0.545895 -0.763974 1.410578 0.789203 -0.331581 -0.033749 0.134558 
3.957489 1.905050 0.837447 1.325029 1.173818 -0.545119 -0.541380 0.888279 0.776778 -0.130822 0.204462 0.124335 
4.824436 1.798922 0.360307 1.190955 1.766439 -0.569249 -0.423134 1.419309 0.989664 -0.210244 0.180987 0.181956 
3.426740 1.702937 0.927584 1.119645 0.863214 -0.179540 0.207347 0.989180 0.638429 -0.289279 0.120674 0.106153 
3.803969 1.692534 0.621869 1.270457 1.303449 0.042755 -0.046699 1.207954 0.732210 -0.206877 0.321325 0.142986 
3.194744 1.625873 0.916224 1.403532 1.703372 0.550166 -0.072631 0.750302 0.506678 0.017711 0.137059 0.083053 
3.147962 1.718744 1.098274 1.304571 1.197811 0.203519 0.310817 0.984154 0.750281 0.171518 0.175026 0.089241 
2.687026 1.741931 1.778991 1.675888 0.803475 0.487882 0.622580 0.965362 0.630882 0.012263 0.141097 0.093739 
2.831355 2.102395 1.636971 1.426875 1.308405 1.001223 0.806936 0.887853 0.538523 0.480365 0.327025 0.083891 
2.823261 2.209737 1.661266 1.253938 1.063366 0.936818 0.676169 0.632416 0.555071 0.329331 0.180363 0.078630 
2.799889 2.180107 1.838979 1.467045 1.296742 0.988449 0.938513 0.756347 0.382392 0.238622 0.234001 0.077513 
3.004067 2.112545 1.763730 1.537413 1.695130 1.167667 0.556690 0.763783 0.592290 0.219101 0.234300 0.077852 
2.865449 2.127223 1.750235 1.430103 1.348211 1.042620 0.756126 0.709074 0.492819 0.175681 0.171943 0.076180 
2.760695 2.135220 1.650793 1.419607 1.360582 0.971215 0.607671 0.705211 0.491489 0.217016 0.205984 0.076659 
2.739279 2.143687 1.858504 1.508127 1.130036 0.883779 0.757145 0.729512 0.506227 0.213514 0.151858 0.076885 
2.862942 2.156471 2.088727 1.413171 1.183168 1.006344 0.666277 0.753290 0.575861 0.175698 0.272326 0.082367 
2.725573 2.045986 1.920945 1.512813 1.295442 1.042393 0.638455 0.595544 0.492527 0.245106 0.275975 0.080846 
2.597808 2.030475 1.778014 1.486202 1.538575 1.126616 0.822310 0.817334 0.612233 0.445962 0.268083 0.079170 
2.632911 1.996837 1.939505 1.545707 1.463189 1.196113 0.847539 0.884566 0.597235 0.307549 0.210342 0.079702 
