2.735257 2.154838 1.528948 1.334428 1.165925 0.805272 0.565142 0.625182 0.639898 0.599183 0.381546 0.087048 
2.953595 2.115114 1.496186 1.339855 1.162398 0.907805 0.772752 0.505445 0.271030 0.381076 0.342275 0.090239 
3.250469 2.301194 1.774261 1.535150 1.445120 1.259890 0.489258 0.370551 0.501213 0.246505 0.244290 0.078924 
3.350639 2.538461 1.543705 1.401967 1.454847 1.093894 0.705289 0.601631 0.291145 0.291502 0.469682 0.106307 
3.070135 2.264373 1.745547 1.349528 1.386150 0.863093 0.623485 0.280108 0.495254 0.447199 0.399472 0.087105 
4.122447 2.850932 1.273734 0.546312 0.904422 1.973631 1.161475 0.200461 0.378340 0.313878 0.666038 0.203353 
4.853410 3.257016 0.709668 -0.063666 0.671105 2.444408 1.582118 -0.403776 0.905519 0.027039 0.672354 0.250195 
3.882863 2.771571 0.955155 0.443451 1.057369 1.594783 1.353664 0.306318 0.228445 -0.008407 0.662428 0.168372 
3.578087 2.261662 0.920226 0.348960 1.197265 1.398754 1.555491 0.251637 0.135629 -0.019466 0.551051 0.124683 
5.206222 2.904275 -0.227011 -0.028664 0.822045 2.655652 1.254784 -0.881848 1.243750 -0.689794 0.608411 0.189111 
4.773702 2.546157 -0.265260 0.461335 0.490003 1.884769 0.679720 -0.262337 0.524318 -0.554275 0.571674 0.180880 
3.968387 2.320900 0.414016 -0.145745 0.397918 1.295098 0.915356 0.303560 -0.105718 -0.002049 0.640104 0.164410 
4.518572 2.572519 0.513727 -0.075273 0.173504 0.732539 1.255397 -0.204825 0.133856 -0.109054 0.622631 0.214707 
5.391341 2.578116 -0.109210 0.935228 -0.636535 1.038307 1.721793 -0.691544 0.394165 -0.099106 0.673540 0.203525 
5.121111 2.582308 0.323948 0.572459 -0.135932 1.125583 1.059952 -0.704473 0.279438 -0.222826 0.615061 0.232788 
4.398361 2.757674 0.218197 -0.069153 0.541942 0.942398 0.480615 -0.588718 0.029695 -0.313565 0.610955 0.171145 
4.219665 2.587867 0.563395 -1.027052 0.695142 1.317141 0.018139 -0.115188 0.577852 -0.884942 0.666460 0.142416 
4.587297 2.405313 0.284885 -0.844005 1.184801 0.947505 -0.011725 0.140292 0.910880 -0.856632 0.621099 0.152808 
4.297673 2.079114 0.012923 -0.303077 0.989203 0.747512 0.005228 0.328169 0.627113 -0.392092 0.407544 0.073391 
3.540267 1.539200 0.523324 0.420038 0.344732 0.291372 0.384284 0.505809 -0.025422 -0.281876 0.550760 0.079486 
5.131525 1.206204 -0.199804 0.922296 0.452822 -0.488925 0.350912 -0.032087 -0.081005 -0.606710 0.344803 0.187485 
6.408680 0.538448 -1.126130 1.965485 0.838294 -1.839240 0.618640 -0.412724 -0.073092 -0.580416 0.225085 0.142168 
5.263566 0.804875 -0.588969 1.716833 0.869537 -1.938882 0.147826 -0.370900 0.144321 -0.620031 0.070882 0.097941 
4.322011 0.858263 -0.109217 1.436605 0.370891 -1.633597 -0.553938 0.095570 0.128664 -0.544766 -0.021886 0.031968 
5.410284 0.206887 -0.321411 1.782703 0.623232 -2.726300 0.136797 -0.460210 0.293685 -0.637021 -0.176421 0.051991 
4.561850 0.707555 -0.363889 1.499827 0.426774 -2.215467 -0.870699 -0.111432 0.279550 -0.624751 -0.176221 0.024566 
5.392437 0.160090 -0.505961 1.069989 1.270447 -3.202843 0.080737 -1.074276 0.352994 -0.654088 -0.354862 0.098039 
4.809348 0.596837 -0.340438 0.756854 0.775729 -2.070851 -0.480167 -0.912735 0.532448 -0.875339 -0.246161 0.063254 
5.047275 0.618387 -0.316622 0.123730 1.442378 -1.991420 -0.428763 -1.218993 0.485965 -1.061660 -0.398203 0.119906 
4.565156 0.881249 -0.732680 0.142348 1.129269 -1.205748 -1.175817 -0.739163 0.253237 -1.276121 -0.272035 0.045224 
5.153494 0.919617 -0.628575 -0.185000 1.428966 -1.081644 -1.598823 -0.899472 0.228361 -1.383265 -0.352028 0.085428 
5.061749 1.032121 -0.833396 0.201360 1.054166 -0.809414 -1.856484 -0.623044 0.223631 -1.249933 -0.290691 0.069236 
5.260477 0.896386 -0.499143 0.453662 0.780017 -0.439666 -2.221317 -0.267412 0.153931 -1.179965 -0.297954 0.103793 
5.021163 1.246166 -0.638472 0.329351 1.191250 -0.558070 -2.451045 -0.276076 0.114595 -1.204526 -0.212162 0.084588 
5.150057 1.028390 -0.382447 0.424796 0.991222 -0.480532 -2.499671 -0.330827 0.158191 -1.218717 -0.225398 0.115179 
5.048271 1.136554 -0.431334 0.227678 1.272167 -0.800566 -2.466546 -0.121070 0.037910 -1.170437 -0.197939 0.102372 
5.075012 0.928618 -0.347877 0.337277 1.120795 -0.905876 -2.460220 -0.349738 0.046820 -1.146798 -0.198723 0.117282 
4.868777 0.766819 -0.284629 0.457808 0.759327 -1.134632 -2.380954 -0.230301 0.077326 -0.994084 -0.158764 0.120230 
4.299687 0.879101 -0.196795 0.708085 0.590133 -1.469960 -2.117302 -0.137519 -0.013003 -0.714102 -0.077122 0.095304 
4.377166 1.364363 -0.757570 0.119783 1.010878 -1.685738 -1.883787 -0.142963 0.137628 -0.919144 -0.122132 0.072877 
4.775804 1.035610 -0.496788 0.221200 1.404326 -1.284779 -2.425892 -0.090526 -0.137873 -0.934159 -0.150286 0.093813 
4.906756 0.828012 -0.182900 -0.012519 1.567994 -1.122233 -2.293533 -0.065149 -0.044925 -0.941574 -0.164543 0.092599 
4.183038 0.704575 -0.160977 0.620619 1.086173 -0.710678 -2.028669 -0.218988 0.070510 -0.848263 -0.093630 0.097787 
4.180701 1.099393 -0.422173 0.319267 1.308842 -0.965357 -2.054732 -0.225164 0.202062 -0.981886 -0.096850 0.071744 
4.730490 1.617781 -0.782509 0.420790 1.824635 -0.718825 -2.437399 -0.147495 -0.245477 -1.108201 -0.134647 0.074668 
5.218252 1.620862 -0.826362 0.637562 1.386107 -0.369712 -2.781961 -0.348396 -0.308053 -1.189723 -0.250263 0.081505 
5.074405 1.756198 -0.964312 0.699623 1.549111 -0.802145 -2.385714 -0.829366 -0.055182 -1.252605 -0.222481 0.049669 
4.759395 1.847188 -1.057851 0.957994 1.922184 -0.941787 -2.096784 -0.954846 0.041508 -1.121555 -0.166195 0.020833 
4.745780 1.797652 -0.943276 1.248892 1.980610 -0.901204 -1.543682 -1.190789 0.266142 -1.201880 -0.176661 0.008494 
4.735720 2.075611 -1.053354 1.131497 3.073989 -1.398724 -0.942586 -1.390384 0.164106 -1.130271 -0.236583 0.032232 
4.655898 1.712749 -0.505487 1.134387 3.024589 -1.200703 -0.557451 -1.145452 0.125419 -1.056481 -0.286241 0.045836 
4.169866 1.757377 -0.300580 1.472510 2.966301 -0.797598 -0.245802 -1.147770 0.058090 -0.843097 -0.231177 0.003857 
3.755774 1.613671 0.032594 1.542405 2.784590 -0.432268 -0.077796 -0.869970 -0.033360 -0.689080 -0.341129 -0.020680 
4.457924 1.835448 -0.541913 2.050527 4.067109 -0.860895 0.494041 -0.849602 0.021000 -0.659157 -0.489348 0.020300 
3.990115 1.985745 0.124405 1.391870 4.037721 -0.448650 0.812854 -0.531251 0.036299 -0.706984 -0.461444 0.021882 
3.447887 1.951681 0.458970 1.919639 2.846266 0.541182 0.766871 -0.630525 -0.109004 -0.485183 -0.260268 -0.017863 
3.260104 2.669742 1.492364 0.917181 2.276460 0.713902 1.279778 -0.950920 -0.714425 -0.402570 -0.035060 0.022230 
4.059411 3.356723 0.500875 0.483562 5.040022 -0.773047 1.603045 -0.749071 -0.297531 -0.469847 -0.397260 0.084208 
3.813721 3.378437 0.911840 0.670251 4.493931 -0.711871 1.598838 -0.846606 -0.172682 -0.296091 -0.303476 0.068224 
3.836000 3.513840 1.458570 0.458496 4.834982 -0.941094 1.380107 -0.780007 -0.153518 -0.315928 -0.254309 0.069951 
3.790985 3.863749 1.629274 0.276280 4.680530 -1.029848 1.540417 -0.603325 -0.214637 -0.357316 -0.171400 0.076761 
3.231175 3.145452 1.873806 1.149323 2.449155 0.055026 1.089632 -0.256285 0.038790 -0.279207 0.007661 -0.002898 
3.548446 2.878084 2.136468 1.292615 2.292983 0.800194 0.864544 -0.149062 0.249489 -0.488322 0.093520 -0.005395 
3.997493 3.745696 2.360475 0.698851 4.903975 -0.260987 1.096841 -0.470777 -0.049796 -0.592798 0.050773 0.040276 
3.721552 3.991478 2.209298 0.991519 4.864401 -0.596854 0.955313 -0.614430 -0.104403 -0.069793 -0.068373 0.029119 
2.995354 3.105905 2.039992 1.295241 2.607141 -0.115034 0.949088 -0.277312 0.254244 0.094177 -0.073462 0.009270 
3.121274 3.291235 2.453801 1.362004 2.978045 -0.408184 1.138249 -0.352605 0.081691 0.173660 -0.220191 0.023630 
3.463080 4.029337 2.081415 1.412177 5.469901 -1.483976 0.863093 -0.202531 0.223356 -0.043266 -0.280089 0.008408 
3.253704 3.481606 2.430950 1.596920 4.779153 -0.812450 0.856417 -0.187359 0.361714 -0.141115 -0.214711 -0.001882 
3.154897 3.700287 2.010331 1.407951 3.649223 -0.886514 0.962876 0.340947 0.301601 -0.123626 -0.262164 -0.010604 
3.142578 3.380041 1.880521 1.247466 3.242873 0.106204 1.052913 0.097622 -0.047691 -0.429787 -0.063240 -0.034835 
3.072819 2.935793 1.786106 1.389321 2.153347 0.377767 0.915614 -0.013434 -0.183872 -0.203981 -0.071666 -0.028083 
3.331888 3.014493 1.454261 0.909757 2.422246 1.156744 1.134046 -0.124885 -0.442863 -0.236489 -0.063231 -0.013511 
3.409701 3.188039 1.442000 1.141687 1.964109 1.437849 1.245827 0.021906 -0.517950 -0.583108 0.136345 -0.013048 
3.545777 3.344387 1.184904 1.060755 2.267203 1.305135 1.363549 -0.007619 -0.433875 -0.765634 0.211651 -0.004134 
3.318984 2.835995 1.172281 1.063101 1.895335 1.662070 1.295288 -0.138424 -0.000311 -0.819513 0.273892 -0.014528 
3.418821 3.067330 1.077554 0.804295 2.333376 1.562604 1.308867 -0.305399 0.344526 -0.869743 0.241501 -0.027701 
3.450088 2.767133 1.012832 0.832982 2.148394 1.897585 0.970562 -0.382199 0.592846 -0.831168 0.280593 -0.021749 
3.822567 2.943947 1.143148 0.294445 2.410214 2.084108 0.919013 -0.683213 0.992618 -0.981809 0.296298 -0.000523 
4.115082 2.967452 0.778370 0.052056 2.192796 2.664128 0.823766 -0.840797 1.401457 -0.880634 0.305880 -0.003840 
4.255925 2.618806 0.663753 0.301999 1.950587 2.622990 0.636674 -0.458755 1.361164 -0.822428 0.271349 0.012865 
4.327786 2.465721 0.568237 0.212410 1.973290 2.549074 0.850459 -0.395506 1.438351 -0.871950 0.222888 0.019486 
4.839944 2.564683 0.071594 -0.113484 1.974601 2.992118 0.454850 -0.426101 1.665686 -0.915418 0.272275 0.015166 
4.979609 2.423871 0.147567 -0.066374 1.776929 2.765288 0.518750 0.036437 1.444549 -0.652951 0.140130 0.009262 
3.843058 2.081017 0.843671 0.599048 1.828215 2.175749 1.132601 0.652399 0.810258 -0.254379 -0.039346 -0.028351 
