2.547058 1.993668 1.739177 1.539242 1.352763 1.151040 0.960000 0.768781 0.574215 0.391075 0.228073 0.080166 
2.547034 1.991046 1.742616 1.531143 1.357162 1.155638 0.955553 0.768800 0.574204 0.393690 0.229724 0.080161 
2.550337 1.993679 1.739220 1.539169 1.348387 1.155626 0.955489 0.768878 0.574150 0.393703 0.228083 0.080168 
2.548672 1.993676 1.735829 1.539134 1.352822 1.151038 0.964417 0.764811 0.574173 0.393687 0.228079 0.080168 
2.548675 1.993655 1.739261 1.539165 1.348439 1.150987 0.959996 0.764782 0.577628 0.393687 0.226422 0.080171 
2.550387 1.988437 1.742623 1.543271 1.343933 1.155572 0.955588 0.772799 0.570795 0.388507 0.231384 0.080171 
2.548709 1.993660 1.735768 1.543313 1.352790 1.150941 0.955629 0.768768 0.574203 0.393761 0.228027 0.080168 
2.545360 1.993636 1.742610 1.543386 1.339424 1.160077 0.964514 0.760717 0.570741 0.396357 0.228041 0.080165 
2.548693 1.993622 1.742659 1.543327 1.339406 1.155538 0.960082 0.764779 0.574135 0.393737 0.228039 0.080167 
2.547037 1.993591 1.739260 1.539290 1.348238 1.160124 0.951232 0.768812 0.574159 0.393706 0.228060 0.080166 
2.547022 1.993569 1.739316 1.543300 1.343798 1.155551 0.964558 0.760708 0.574154 0.391073 0.229753 0.080165 
2.556150 2.003680 1.740407 1.536338 1.311860 1.152832 0.972014 0.802533 0.604360 0.392063 0.217222 0.080125 
2.513732 1.985372 1.780077 1.580891 1.367098 1.132423 0.989320 0.736865 0.563911 0.401649 0.237141 0.080278 
2.590685 1.970231 1.522473 1.413504 1.315737 1.252360 1.143152 0.902555 0.547492 0.279958 0.166497 0.079504 
2.633009 1.944354 1.566627 1.427103 1.471111 1.333723 1.093692 0.700484 0.513569 0.279830 0.143641 0.080146 
2.742919 2.050695 1.503046 1.084275 1.138599 1.199472 1.222878 1.112702 0.601813 0.220722 0.037901 0.069302 
2.798526 1.982349 1.287743 0.897526 1.122466 1.617150 1.953404 1.430585 0.565850 -0.062772 -0.034528 0.060348 
2.882060 1.803788 0.715387 0.431698 0.810418 1.488875 1.881186 1.426992 0.536688 -0.061547 -0.016810 0.054113 
3.268652 2.008018 0.617637 -0.164702 0.388091 1.063137 1.778745 1.323400 0.609717 -0.016736 0.012406 0.039992 
3.707037 2.351181 0.673989 -0.625759 -0.291571 0.855447 1.877539 1.505771 0.560484 -0.125968 0.045899 0.023871 
3.668894 2.418181 0.813309 -0.592042 -0.373919 0.688724 1.536069 1.316333 0.555348 -0.160519 -0.016193 0.016039 
3.921616 2.918343 1.137189 -0.402893 -0.123826 0.594544 1.851355 1.050716 0.447687 -0.338451 -0.148950 -0.028720 
4.773256 4.155979 1.514105 -0.578084 -0.336359 0.046964 2.454809 0.945093 0.748357 -0.662252 -0.045645 -0.059645 
5.224763 4.265513 0.682387 -0.175947 0.496573 -0.900784 2.277998 0.866171 0.774270 -0.874057 -0.193126 -0.059267 
4.583997 3.597054 1.187413 -0.496072 -0.008039 -0.344324 1.776473 1.073511 0.453244 -0.789135 -0.203748 -0.115774 
4.632685 3.850416 1.116234 -0.800953 0.520017 -0.866719 1.798924 0.891994 0.298927 -0.719075 -0.352318 -0.127833 
4.979380 3.546511 0.934527 -0.869370 1.028821 -0.713551 1.489929 0.581661 0.299028 -0.399426 -0.403699 -0.099694 
5.613468 3.442773 0.521746 -0.816733 1.714090 -1.380081 1.198940 0.315497 0.376289 -0.219210 -0.451489 -0.049215 
5.938688 3.392174 -0.022420 -0.208198 1.535897 -1.888742 1.057195 0.111948 0.392003 -0.220780 -0.398010 -0.004888 
5.765815 3.096537 -0.059647 0.062154 0.666494 -1.248826 0.200569 0.058043 0.433717 -0.256447 -0.207370 -0.037474 
6.046288 2.821376 0.010231 -0.261021 0.848327 -1.762618 -0.053845 0.019639 0.501362 -0.224309 -0.258966 -0.015580 
6.481215 2.747023 -0.146337 -0.584747 1.093543 -1.732491 -0.330271 0.194498 0.502800 -0.198778 -0.329036 -0.017842 
4.999437 2.626439 0.129794 -0.339069 0.046052 -0.724271 -0.397362 0.174542 0.237690 -0.270972 -0.055884 0.010657 
6.462481 2.637112 -0.756343 -0.443749 1.100521 -1.113264 -0.790450 0.469790 0.553846 -0.163695 -0.297148 -0.021219 
7.354819 1.917129 -0.346846 -1.073500 1.875728 -1.629572 -0.322447 0.557248 0.427033 -0.033685 -0.458396 0.008194 
6.324517 2.429588 -0.634162 -0.460264 0.969835 -0.765417 -0.450796 0.373835 0.821230 -0.487753 -0.328276 0.004405 
4.656692 2.194908 -0.135202 -0.622700 -0.041773 -0.178528 0.085723 0.288133 0.151196 -0.451990 -0.092686 0.050625 
6.754464 2.209683 -0.225777 -0.927160 1.792664 -1.045756 0.107944 -0.082590 0.905572 -0.352384 -0.484789 0.030577 
4.564630 2.079593 0.095499 -0.402100 -0.255559 -0.418272 0.175544 0.785191 0.027710 -0.642599 -0.109603 0.075577 
4.899617 2.070656 0.029615 -0.437416 -0.154226 -0.259569 -0.034350 0.574069 0.654563 -0.879771 -0.148429 0.067136 
4.773197 1.856944 -0.140096 -0.631218 0.378156 0.208024 -0.382301 0.460989 0.436066 -0.736825 -0.178865 0.051193 
5.868974 1.785725 0.501130 -0.913821 1.319710 -0.411823 -0.336976 0.254934 1.120389 -0.963147 -0.418327 0.097428 
4.032784 1.708075 0.133718 -0.279580 0.235840 -0.113366 -0.072110 0.513868 0.335250 -0.750546 -0.172959 0.075006 
4.375306 1.793495 -0.042678 0.073511 0.297531 -0.274696 -0.221397 0.650943 0.533905 -0.737386 -0.209465 0.057139 
5.010288 1.923404 -0.326216 0.026448 1.329755 -0.146684 -0.524231 0.283465 1.029450 -0.952126 -0.217374 0.051417 
5.203523 1.759180 0.145594 0.210389 1.217158 -0.165635 -0.469179 0.540621 1.126812 -1.104276 -0.326982 0.070191 
4.309687 1.794738 0.188304 0.131619 1.173095 -0.369768 -0.398744 0.849977 0.821443 -0.832730 -0.248153 0.023928 
4.434915 1.710196 0.247306 0.579856 1.717462 -0.138323 -0.083823 0.404864 0.795798 -1.061433 -0.350388 0.024401 
5.089521 2.102545 0.599334 0.259405 2.182153 0.104807 -0.428391 0.359030 1.266184 -1.326828 -0.320036 0.031112 
4.287299 2.026030 0.613018 0.900889 1.582126 -0.181172 -0.319163 0.422771 0.741151 -0.837689 -0.196685 0.023481 
4.600121 2.340018 0.974827 0.937390 1.703120 -0.348559 -0.710655 0.457877 0.743532 -0.786380 -0.032482 0.062354 
4.855099 2.447992 1.636902 1.319351 1.676281 -0.176499 -1.020041 0.211332 0.823450 -0.865543 0.074062 0.115282 
3.977263 2.680433 1.891002 1.815815 1.802713 -0.539613 -1.254335 -0.030362 0.513165 -0.276750 0.064611 0.051461 
3.667841 2.789928 2.680517 1.931415 1.079807 -0.204241 -0.572032 0.064059 0.184471 -0.323840 0.166192 0.072218 
5.188882 2.788294 3.703819 1.670891 2.549212 -0.308329 -1.323128 -0.042357 1.229474 -0.854029 -0.068720 0.142144 
3.907022 3.026571 3.072573 2.417374 1.859236 0.037334 -0.941839 -0.212071 0.406383 -0.306715 0.075055 0.044178 
3.426721 2.773584 2.315131 1.781719 1.466744 0.472670 -0.181174 -0.070985 0.097858 -0.097255 0.041400 0.032479 
3.850726 3.055901 3.071763 2.390766 1.517335 0.027595 -0.664864 -0.096154 0.540780 -0.225112 0.059616 0.053597 
3.557637 2.896297 2.969425 2.177852 1.969155 0.299770 -0.346819 0.226539 0.241807 -0.002570 0.035276 0.029060 
3.285511 2.830711 2.671802 1.886288 1.883027 0.892273 0.302595 0.305408 0.228846 -0.038993 -0.045620 0.015778 
2.988852 2.568139 2.314972 1.895898 1.860991 0.892100 0.472197 0.476306 0.104620 -0.083280 -0.123362 0.021618 
3.019656 2.666335 2.708917 1.891056 1.995131 0.755887 0.183267 0.418996 -0.077252 0.080516 -0.125568 0.013115 
3.193480 2.699386 2.626015 1.924486 1.697188 0.575194 0.214707 0.451584 0.005192 0.046745 -0.030830 0.025230 
3.108412 2.894525 2.691814 1.942820 2.049984 0.752004 0.431960 0.543233 -0.133800 0.133501 -0.059459 0.014750 
3.106514 2.971702 2.646290 2.042112 2.196933 0.936331 0.677726 0.610148 -0.114766 0.188573 -0.106812 0.010523 
3.126584 2.860633 2.876266 2.044827 2.220651 1.326879 0.684200 0.781567 0.135681 0.060138 -0.004703 0.010579 
3.074700 2.851349 2.873071 2.169595 2.550058 1.478712 0.899213 0.813915 0.054301 0.181330 -0.022902 0.010906 
2.986732 2.778388 2.645464 2.148677 2.221458 1.658035 1.078782 0.765216 0.254574 0.105502 -0.057186 0.018585 
3.016782 2.583584 2.487531 2.073206 1.905425 1.557007 1.022023 0.766189 0.490922 0.117524 -0.024198 0.026956 
3.026587 2.759762 2.643039 2.038241 1.880605 1.382485 0.895957 0.655891 0.298930 0.119228 0.048489 0.022919 
3.172874 2.840778 2.723602 2.285896 2.024425 1.374320 0.985978 0.501642 0.328558 0.057108 -0.002716 0.014074 
3.148401 2.847819 2.854579 2.237612 1.925257 1.378472 0.785964 0.527055 0.310328 0.004341 0.007044 0.011286 
3.226616 2.889421 2.755413 2.148269 1.818401 1.291141 0.636536 0.413404 0.338480 0.071448 0.057433 0.016596 
3.253243 2.843326 2.664139 2.269175 1.934437 1.288991 0.663881 0.483058 0.423108 -0.078906 0.091540 0.014011 
3.373069 2.901642 2.753939 2.459205 2.235093 1.489824 0.976354 0.327465 0.583352 0.013741 -0.034122 0.003919 
3.454979 2.798581 2.810478 2.759163 2.548126 1.762166 0.994286 0.103923 0.422697 0.082448 0.009213 -0.002183 
3.586199 2.743417 2.528692 2.756870 2.595622 1.970610 0.915422 0.272003 0.661811 0.196785 -0.044839 -0.001300 
3.670278 2.849662 2.231694 2.336456 2.932073 2.441355 1.045945 0.174178 0.244799 0.346676 0.070857 0.023312 
3.501878 2.658333 2.210803 2.461317 2.573549 2.259992 0.698619 0.035124 0.336159 0.466363 0.123412 0.027686 
3.507543 2.567157 1.901332 1.837224 2.119171 1.999628 0.951732 0.427148 0.499983 0.461109 0.075156 0.042305 
3.514305 2.688803 1.772151 1.168479 1.763182 1.953248 0.849622 0.418863 0.681766 0.509501 0.185172 0.068034 
3.435414 2.566100 1.787430 1.281762 1.400256 1.546309 0.949371 0.556393 0.757295 0.569684 0.174122 0.066172 
3.163798 2.320490 1.772897 1.348057 1.246346 1.256304 0.749385 0.729496 0.969376 0.551938 0.111912 0.057872 
3.040157 2.267383 1.771011 1.571176 1.598540 1.476874 0.900405 0.705467 0.719022 0.409477 0.151333 0.063079 
3.145651 2.428617 1.820938 1.578628 1.702261 1.434337 0.842021 0.724569 0.740448 0.479857 0.171469 0.066796 
