2.479710 2.007199 1.734869 1.535432 1.273703 1.324954 1.037657 0.628492 0.604102 0.335436 0.233679 0.080215 
2.447661 2.049734 1.808770 1.524692 1.272485 1.154371 0.956970 0.854253 0.489743 0.419246 0.175202 0.080863 
2.454069 2.088048 1.579103 1.653937 1.365183 1.144494 0.887201 0.843781 0.557608 0.417446 0.207693 0.080852 
2.518035 1.957104 1.802085 1.514353 1.288883 1.235547 1.038683 0.770828 0.554908 0.369980 0.244327 0.079999 
2.502253 1.991228 1.684828 1.519488 1.524586 1.071822 0.938987 0.792602 0.569627 0.431694 0.204239 0.080276 
2.484522 1.939232 1.802198 1.534139 1.355016 1.159494 0.948310 0.771185 0.645183 0.336093 0.202815 0.080780 
2.514557 1.935473 1.736783 1.541194 1.356141 1.236491 0.870800 0.839663 0.585231 0.381979 0.268676 0.079959 
2.543942 1.847963 1.739213 1.684100 1.350459 1.160316 0.961827 0.759722 0.583930 0.330755 0.239392 0.080734 
2.514152 1.995930 1.603524 1.686915 1.276082 1.079136 1.106609 0.770951 0.572819 0.343140 0.295471 0.079578 
2.477969 2.002009 1.725902 1.548549 1.423409 1.165325 0.948653 0.698214 0.627631 0.397107 0.232097 0.080032 
2.495761 2.000323 1.735078 1.536236 1.426873 1.089675 0.856858 0.858845 0.556031 0.397482 0.232484 0.079954 
2.462382 2.090314 1.689288 1.582427 1.213107 1.165233 1.008503 0.795576 0.549164 0.397814 0.234009 0.080000 
2.489997 2.003308 1.746333 1.519736 1.433970 1.087004 0.936598 0.791091 0.615189 0.347451 0.205350 0.080364 
2.491905 1.994082 1.742490 1.457271 1.532653 1.142220 0.867668 0.776745 0.563661 0.348829 0.265742 0.079410 
2.529848 1.952091 1.853330 1.472199 1.360786 1.142001 0.964096 0.757191 0.569753 0.406625 0.196037 0.080272 
2.502185 1.997233 1.728012 1.556400 1.350082 1.136496 0.967643 0.761144 0.566230 0.416743 0.188399 0.080492 
2.497218 1.988305 1.787157 1.511541 1.248584 1.134960 1.131794 0.708183 0.546551 0.412571 0.194560 0.080068 
2.495874 1.989072 1.740732 1.629216 1.251210 1.066377 1.054199 0.851670 0.427532 0.453488 0.220677 0.080267 
2.501722 1.929058 1.809373 1.491886 1.240739 1.305208 0.906068 0.848046 0.556054 0.442039 0.203657 0.080298 
2.659421 2.133741 1.760383 1.557466 1.396166 1.048331 1.102703 0.747456 0.488736 0.426740 0.252763 0.081126 
3.509854 2.248515 1.859464 1.278724 0.983645 0.877207 1.265499 1.065692 0.568829 0.182580 -0.017210 0.036823 
4.458498 3.122250 1.398674 0.899417 0.405291 0.901956 1.346646 1.171633 0.395013 -0.453200 -0.185655 -0.068225 
4.321581 2.923764 1.286138 0.588469 0.533827 -0.145760 1.228074 0.923572 0.049869 -0.646602 -0.243183 -0.092768 
4.942326 2.637611 1.070286 0.406391 0.413240 -0.578101 1.456825 0.653232 -0.040275 -0.606468 -0.331246 -0.097319 
5.701461 2.134293 0.818008 0.421846 0.483025 -1.492141 1.996537 0.656572 -0.378601 -0.648423 -0.412609 -0.076767 
4.639027 2.106858 0.486334 0.065817 0.012660 -0.202792 1.396840 0.598647 -0.674816 -0.967788 -0.598783 -0.147921 
3.960875 1.795967 0.022970 -0.196786 -0.024419 0.270078 0.760004 0.314124 -0.675693 -1.130171 -0.750539 -0.167716 
4.817480 1.911020 -0.763884 -0.629450 0.250613 -0.036892 0.720853 0.149708 -0.928289 -1.084599 -0.740294 -0.165032 
5.212046 1.925257 -1.184789 -1.114075 0.552111 -0.878614 1.048691 0.042752 -1.058818 -1.117971 -0.792522 -0.135798 
5.441177 1.984631 -1.024261 -1.401633 0.797707 -1.194463 1.077365 0.039549 -1.176048 -1.049187 -0.792907 -0.101770 
4.712977 2.157791 -0.510730 -1.465873 -0.019007 -0.703410 0.818451 -0.062424 -1.243138 -1.094643 -0.614652 -0.099784 
4.577475 2.209614 -0.557459 -1.623743 -0.194267 -0.862101 0.540900 -0.122578 -1.124728 -1.110101 -0.496428 -0.070378 
5.400783 2.339648 -1.068599 -1.913443 0.489441 -1.872895 0.635455 -0.072106 -1.267830 -0.883311 -0.593358 0.011516 
5.641350 2.235474 -1.212893 -2.318669 0.665937 -1.767665 0.436222 -0.144613 -1.300961 -0.719803 -0.554202 0.025415 
6.411297 1.687876 -1.049681 -2.752337 1.223079 -2.361285 0.514070 -0.412805 -1.299316 -0.610928 -0.700879 0.069865 
5.239209 2.231373 -1.049541 -2.184887 -0.243846 -1.104283 -0.046289 -0.349980 -1.051902 -1.094650 -0.451775 -0.015604 
4.645514 2.129226 -0.593086 -1.899395 -0.788686 -0.516493 -0.064245 -0.253835 -1.087064 -1.192975 -0.421889 -0.039829 
5.981053 2.564757 -0.709237 -2.458620 0.130456 -1.455235 -0.287163 -0.360488 -1.015597 -1.204509 -0.632377 -0.064446 
3.854002 1.912786 -0.226856 -1.357310 -0.914291 -0.194176 0.158956 -0.323807 -1.146710 -1.166056 -0.435442 -0.068190 
4.680339 2.646911 -0.434097 -1.812768 -1.092773 -0.385652 0.162458 -0.473020 -1.084887 -1.260188 -0.459873 -0.075834 
4.092010 2.024403 -0.231158 -1.123371 -0.687289 -0.101242 -0.030869 -0.448297 -1.122639 -1.242825 -0.425201 -0.062714 
5.677869 2.097928 -0.975004 -1.394015 0.041214 -0.703297 -0.659839 -0.683691 -1.111814 -1.294223 -0.480845 -0.026644 
3.921309 1.838048 -0.284893 -1.166092 -0.602725 -0.127412 -0.176715 -0.717226 -1.301870 -1.168612 -0.289745 -0.011927 
4.641314 2.318585 -0.472220 -1.353871 -0.749918 -0.496626 -0.059895 -0.605274 -1.218782 -1.341256 -0.364820 -0.025841 
4.450537 1.912114 -0.536567 -1.105455 -0.021742 -0.204125 -0.166802 -0.495270 -1.227833 -1.233961 -0.415209 -0.037840 
5.261861 2.007365 -0.778461 -1.200018 0.526235 -0.371493 -0.167180 -0.556987 -1.271006 -1.240245 -0.522992 -0.053407 
5.205380 2.131799 -0.829646 -1.103141 1.171711 -0.109933 -0.438123 -0.548713 -0.961147 -1.219366 -0.590547 -0.109500 
4.559418 1.874763 -0.308625 -0.328532 0.687439 0.465271 -0.195858 -0.818389 -0.842491 -1.132293 -0.517427 -0.093601 
4.536047 1.690320 -0.085764 -0.016828 0.932294 0.383595 -0.209018 -0.587148 -1.068091 -1.060658 -0.517512 -0.077937 
4.962497 1.628352 -0.139721 0.335656 1.272931 0.124885 -0.345134 -0.903069 -1.205843 -1.055141 -0.404580 -0.043416 
4.226548 2.015311 0.150790 -0.120765 0.732533 0.001641 -0.233039 -0.635347 -1.257742 -1.037617 -0.387094 -0.059359 
3.961516 2.115811 0.773584 0.198861 0.553475 0.007423 -0.181229 -0.549010 -1.187852 -0.998508 -0.302748 -0.054545 
4.014677 2.149585 1.060707 0.724971 0.678745 0.469128 0.013133 -0.818131 -1.361704 -1.095466 -0.183626 -0.025780 
4.553990 2.481852 0.970704 0.726104 1.599229 0.703464 0.231084 -0.945200 -1.083358 -0.971471 -0.230744 -0.018979 
4.529705 2.553880 1.515508 1.405335 1.841406 0.685387 -0.041088 -0.545184 -1.068969 -1.026071 -0.096477 0.008548 
4.435316 2.544324 1.139709 1.621665 2.011543 0.478220 0.154927 -0.701655 -0.976072 -0.817465 -0.074545 0.023605 
3.690610 2.308173 1.590879 1.335816 1.705583 0.688918 -0.367466 -0.558522 -0.513243 -0.368515 -0.208680 -0.018847 
3.761664 2.367202 1.657554 1.743826 2.041785 0.438063 -0.402869 -0.656142 -0.638751 -0.460961 -0.085177 -0.008888 
5.175279 2.068984 1.766581 0.775496 4.192723 -0.431639 -0.768587 -0.050701 -1.092645 -0.244175 -0.260824 -0.032123 
4.614136 2.207669 1.876587 1.049048 4.083224 -0.119469 -0.698976 -0.065814 -1.280559 -0.331176 -0.146550 -0.027895 
3.296057 2.353656 1.952949 1.358649 1.760955 0.403186 -0.134102 -0.195289 -1.000879 -0.501270 -0.181800 -0.013907 
4.164391 2.610932 2.185881 -0.227866 4.348982 -0.397303 -0.197527 0.156487 -1.512308 -0.569133 -0.158929 -0.021336 
3.950336 2.943073 2.197976 -0.405013 4.315775 -0.374068 0.329791 0.439876 -1.610077 -0.560900 -0.103622 -0.011295 
3.264938 3.156061 2.000503 0.035338 3.062757 -0.389189 0.486768 0.501387 -1.289962 -0.354033 -0.062249 -0.046488 
2.838367 2.492453 2.156314 0.492313 3.030545 -0.139092 0.176320 0.102179 -0.959396 -0.012960 -0.083681 -0.045072 
3.210621 3.060235 2.155628 -0.004030 3.399833 0.220666 1.151743 0.583009 -0.991472 0.087592 -0.179669 -0.012173 
3.217626 3.282749 1.739728 0.694952 3.234103 0.076559 1.394790 0.670007 -1.113945 0.099833 -0.240110 0.014961 
3.203708 2.879073 1.818927 0.388789 3.237816 0.302028 1.371608 0.765700 -0.527824 0.155380 -0.278459 -0.000788 
2.912297 2.454309 1.548728 0.468132 3.355759 0.913775 0.685657 0.597141 -0.296987 0.394661 -0.375677 -0.021807 
3.096274 2.290741 1.825771 -0.434295 4.809206 0.601019 0.402127 0.708442 0.048227 0.322546 -0.424006 -0.075524 
2.993268 2.065472 1.684301 -0.354263 5.332806 1.072980 0.399740 0.886435 0.182145 0.305250 -0.459583 -0.084327 
3.121603 2.124967 1.390302 -0.532014 4.947714 0.804785 0.120078 0.915925 0.244019 0.297637 -0.429725 -0.131557 
3.531672 1.836329 1.141107 -0.513842 5.102197 1.083142 0.397837 0.733839 0.141468 0.174790 -0.362248 -0.107572 
3.898846 1.811001 0.075708 -0.149296 4.651211 1.089871 0.460291 0.621497 0.216971 0.019956 -0.160309 -0.077096 
4.220029 1.246220 -0.263423 -0.092037 3.471111 1.520595 1.069646 0.886228 -0.209081 -0.209795 -0.247701 -0.032713 
4.045079 1.241139 -0.315685 -0.218512 2.845004 2.092689 1.209735 1.105448 0.066032 -0.641340 -0.199535 -0.010914 
4.259351 1.065560 -0.008942 -0.532329 2.779115 2.402254 1.342802 1.385240 0.132175 -0.682729 -0.116409 0.013853 
4.385260 1.167619 0.841206 -1.329551 2.758969 1.809130 1.878435 1.924000 -0.257856 -0.562498 -0.076440 0.014219 
3.616545 1.592550 0.766769 -0.647059 1.613941 2.323947 1.610321 1.761521 -0.211396 -0.425188 0.022234 -0.018774 
3.791799 1.933258 1.268347 -0.753689 2.198181 1.277503 1.163727 1.278390 -0.165311 0.425047 0.195190 -0.012474 
3.765182 1.979817 1.483777 -0.323618 2.733064 0.448563 0.148690 1.278600 0.251368 0.922892 0.263779 -0.048583 
3.428765 2.069166 1.488276 0.180180 2.353417 0.744023 0.156267 1.388774 0.273493 0.800204 0.162627 -0.057212 
3.142670 1.691958 1.536137 0.318859 2.241932 1.149877 0.707592 1.397903 0.300169 0.493939 0.026905 -0.070756 
3.194730 2.180247 1.321340 0.217333 3.049076 1.443521 0.454408 1.635863 0.205539 0.408806 -0.087645 -0.092198 
3.106591 2.073658 1.471818 0.511967 3.383285 1.565950 0.617794 1.714429 0.205637 0.296989 -0.153697 -0.078031 
