2.612711 1.929815 1.634572 1.462851 1.369593 1.149421 0.914695 0.764781 0.551041 0.347413 0.195883 0.080130 
2.610907 1.964471 1.672763 1.566193 1.430500 1.237610 1.083732 0.804207 0.565436 0.246993 0.210164 0.079923 
2.585255 2.008993 1.687135 1.454067 1.321473 1.087068 1.002857 0.852385 0.507506 0.211225 0.197420 0.079650 
2.588228 1.907383 1.727909 1.606413 1.377845 1.005931 0.932127 0.730767 0.647100 0.344987 0.248546 0.080736 
2.567684 2.009270 1.703536 1.561343 1.329145 1.120900 1.125439 0.844897 0.630480 0.379550 0.202187 0.079395 
2.642279 1.926130 1.595487 1.252831 1.487677 1.235596 1.161756 0.800700 0.425487 0.451593 0.282508 0.081841 
2.575200 1.982013 1.714274 1.578417 1.538478 1.140562 0.944484 0.628429 0.416391 0.433632 0.271108 0.080020 
2.566512 1.823395 1.588333 1.334261 1.572046 1.291648 1.026805 0.919855 0.353344 0.267915 0.283513 0.082654 
2.640962 1.917689 1.534708 1.115931 1.163996 1.232099 1.054804 0.752553 0.499280 0.357049 0.286614 0.081235 
2.605957 1.937992 1.758200 1.365025 1.196288 1.044828 1.025820 0.928594 0.669472 0.485614 0.312524 0.079117 
2.586625 2.010545 1.787679 1.396837 1.181101 0.994039 0.934900 0.778541 0.533941 0.503189 0.331382 0.080852 
2.730773 1.923894 1.576228 1.250362 1.123836 1.215472 0.976228 0.731201 0.429243 0.399906 0.280793 0.081753 
2.707817 2.118864 1.752698 1.381053 1.000034 0.877080 1.019966 0.855118 0.691940 0.605168 0.343984 0.083023 
3.058380 2.446900 1.829779 1.188289 0.888377 0.644740 0.730347 0.813587 1.007073 0.787633 0.343656 0.098193 
3.137657 2.498068 1.893247 1.130852 0.366902 0.163464 0.607183 0.820645 0.921216 0.637061 0.298812 0.099403 
3.232602 2.565925 1.733197 0.901906 0.461477 0.063898 0.453635 0.847204 0.921943 0.706999 0.362092 0.107514 
3.791042 3.008896 2.013459 0.972703 0.225402 0.011138 0.521152 1.223384 1.244806 0.725353 0.388831 0.106209 
4.230667 3.409925 2.225468 0.937010 0.298516 -0.069491 0.507782 1.020783 1.118662 0.735587 0.358021 0.101126 
3.998864 3.262069 1.952979 0.600500 0.131428 0.292643 0.929586 1.026086 0.829652 0.617356 0.289162 0.066582 
5.066612 3.705529 1.625183 0.137349 -0.156396 0.483599 1.195293 0.862775 0.811183 0.442798 0.191440 0.037802 
5.354544 3.967608 1.496500 -0.848888 0.123792 0.560769 1.334777 1.054892 0.273715 0.470501 0.056787 0.026822 
6.843931 4.404910 0.761594 -1.937644 1.532196 -0.304522 2.039340 0.636390 0.085772 0.489616 -0.101944 0.076477 
5.152490 3.487350 0.949793 -0.538022 0.573802 0.794944 1.015900 0.384533 0.132034 0.451467 0.039804 0.014239 
4.930276 3.235866 1.025213 -0.601961 0.575896 0.741426 1.192395 0.104029 -0.199562 0.336379 0.027221 0.036076 
5.247197 3.411901 0.501365 -0.634331 0.615702 0.849310 1.340533 0.065118 -0.537295 0.190388 -0.016743 0.047272 
5.154859 3.241110 0.578768 -0.518280 0.384605 0.759835 1.600127 -0.270872 -0.726441 0.113776 -0.017236 0.055989 
4.775479 2.927596 0.659486 -0.385600 0.448299 0.789350 0.960395 -0.069433 -0.704828 -0.062123 -0.003434 0.032472 
4.771776 2.869417 0.759857 -0.400343 0.281542 0.761271 0.732130 -0.165564 -0.682347 -0.148925 0.017036 0.031051 
5.214741 3.156926 0.576120 -0.403350 0.005946 0.480246 0.891117 -0.112104 -0.757342 -0.101772 -0.054425 0.021853 
5.287085 3.084179 0.725828 -0.450013 0.018720 0.245412 0.699078 0.009623 -0.828166 -0.050913 -0.104642 -0.004123 
5.035437 2.954670 0.818125 -0.180694 0.072438 -0.338435 0.459543 0.059814 -0.603236 -0.198997 -0.125985 -0.021059 
5.121898 2.923117 0.704872 -0.171744 -0.047235 -0.653275 0.491017 0.131808 -0.708423 -0.345642 -0.178536 -0.028031 
5.075204 2.913378 0.724432 -0.118644 -0.116304 -1.396370 0.745803 0.065430 -0.863212 -0.456464 -0.209850 -0.019199 
5.175413 2.777053 0.495615 -0.136147 0.177016 -1.864284 0.257047 0.158071 -0.721852 -0.624485 -0.272324 -0.010398 
5.987201 2.492477 -0.004638 -0.150964 0.769841 -2.675399 0.586542 0.304511 -0.845165 -0.669421 -0.407653 0.061753 
5.892482 2.457961 -0.062483 -0.098871 0.717205 -2.564950 0.492678 0.219197 -0.642681 -0.766878 -0.397383 0.062415 
5.553763 2.311988 0.025778 0.101112 0.100431 -1.832053 -0.094204 0.503755 -0.492045 -1.001820 -0.314010 0.039881 
5.502534 2.221852 0.026276 0.213445 -0.142359 -1.579341 -0.001844 0.455319 -0.405620 -1.023753 -0.260513 0.049503 
4.687424 2.063005 0.504681 0.030127 -0.366292 -1.226816 -0.232346 0.554649 -0.586114 -0.867373 -0.061009 0.055418 
5.300345 2.349027 -0.138576 0.110314 -0.166073 -1.819374 -0.115866 0.705831 -0.129997 -0.994547 -0.247742 0.061716 
3.794912 1.776749 0.254768 0.044249 -0.325718 -0.770816 -0.104282 0.264384 -0.282792 -0.652090 -0.115198 0.035811 
5.394207 2.101171 0.020891 0.265091 0.102850 -1.411511 0.044159 0.782231 -0.156667 -1.152923 -0.283556 0.088840 
4.695443 1.993288 0.322690 0.177408 0.106672 -0.957299 -0.137439 0.866423 -0.167985 -1.102955 -0.211737 0.061789 
5.283479 2.086835 -0.059034 0.592669 0.418478 -1.378815 -0.001589 0.774161 0.033274 -1.081594 -0.335809 0.068217 
3.662733 1.949272 0.569143 0.295509 0.136608 -0.305413 -0.000211 -0.003726 -0.386229 -0.656782 -0.104605 0.043234 
5.335287 2.030439 0.012525 0.465438 0.947483 -1.248868 0.095310 0.503554 -0.213214 -1.071425 -0.293928 0.099291 
5.640149 2.120556 0.191859 0.382538 1.319509 -1.858264 0.702906 0.673070 -0.618188 -1.005388 -0.319173 0.158429 
5.846563 2.174537 0.246936 0.501423 1.444081 -2.014022 1.277686 0.571485 -0.650178 -1.023079 -0.333560 0.184337 
5.160441 2.426231 0.495752 0.814414 0.737073 -0.869470 1.132330 0.687521 -0.827261 -1.058653 -0.159376 0.115771 
5.482812 2.411833 0.267842 1.600188 0.672942 -0.895286 1.963996 0.459752 -0.965852 -1.038133 -0.082902 0.111731 
4.903310 2.336130 1.012600 1.627409 0.368451 -0.000480 1.903607 0.642207 -1.216765 -0.969428 -0.077212 0.059266 
4.801080 2.619879 0.918974 1.793104 0.380529 -0.141938 2.251843 0.486713 -1.291452 -0.862822 0.018764 0.075356 
4.793638 2.202580 1.321765 1.955847 0.376490 -0.079551 1.743433 0.698809 -1.250204 -0.847982 0.061225 0.084654 
4.359794 1.982820 1.662316 2.082716 0.724771 0.052012 1.211285 0.453871 -0.883997 -0.880542 0.077114 0.085040 
4.761105 2.201874 1.596355 2.162205 1.098244 -0.654037 1.725404 0.816700 -0.866229 -0.905845 0.067375 0.113937 
4.470671 1.816281 1.592692 2.243603 0.933620 -0.360835 1.223222 1.166309 -0.993858 -0.669603 0.036231 0.089568 
4.163408 2.089024 1.901912 1.933386 0.882647 -0.166955 1.585455 0.944606 -0.802054 -0.401104 0.135017 0.072555 
3.496024 2.260077 2.258781 1.731802 1.080314 0.650191 0.929068 0.374793 -0.096036 -0.014810 0.119108 0.050868 
3.259887 2.202533 1.643858 1.561518 1.092787 0.817935 0.961545 0.579255 0.365901 -0.068814 -0.007315 0.048750 
3.111338 2.276217 1.675058 1.456043 1.300700 0.946293 0.799481 0.299146 0.276357 0.052477 0.055984 0.058031 
3.870295 2.289981 2.127146 1.764852 1.697724 0.788854 0.735917 0.916175 0.101251 -0.209970 -0.085177 0.019103 
3.650494 2.635409 2.148873 1.577465 1.917695 0.803671 1.432555 0.615266 -0.041098 -0.357884 -0.129241 0.009854 
3.328236 2.727147 2.403789 1.499863 1.349190 0.522903 0.573736 0.777901 0.315069 -0.089248 -0.018990 0.026256 
3.207349 2.529557 2.078430 1.474974 1.449885 0.760628 0.590121 0.532964 0.032513 -0.113460 -0.050690 0.029489 
3.428470 2.814212 2.410297 1.860210 1.694681 1.185014 1.189927 0.152276 0.116199 -0.223414 0.011618 0.016788 
4.073474 3.060559 2.965664 1.971225 1.909629 0.698116 0.903323 0.446334 -0.098513 -0.347067 0.156509 0.037151 
4.056208 3.150368 3.037996 1.795969 2.245421 0.875346 1.085609 0.506959 0.080349 -0.476522 0.124617 0.026003 
3.630938 3.280623 3.307099 1.854038 2.229910 0.917246 1.161055 0.567630 -0.011991 -0.424550 0.164933 0.003303 
3.165459 2.764061 2.903935 1.966046 1.810181 1.253375 0.567141 0.324724 0.228307 -0.070232 0.124360 0.019872 
3.235925 2.801922 2.331356 1.788719 1.705925 1.227516 1.027103 0.727921 0.163144 0.032162 -0.020189 0.013862 
3.076481 2.371443 2.249345 1.976438 1.675793 1.271130 0.580370 0.462198 0.419482 0.121950 0.136935 0.032605 
3.216324 2.385540 2.318561 1.528215 1.938488 1.717586 1.036531 0.893259 0.094753 -0.006105 0.037581 0.023392 
2.941085 2.255206 2.326298 2.053389 2.038915 1.445419 0.872361 0.677062 0.217259 0.110946 0.041916 0.030529 
3.181029 2.533869 2.114004 1.786200 2.067396 1.220578 0.762764 0.654156 0.237461 0.134801 0.067097 0.027163 
3.152570 2.355904 2.052747 1.896031 2.073621 1.793265 0.875469 0.564175 0.289838 0.033900 0.067244 0.027244 
3.437200 2.466117 2.011439 2.045681 2.413211 1.845087 0.644721 0.367822 0.576678 0.231809 -0.048950 0.004012 
3.491809 2.249547 1.860976 2.284835 2.637590 2.024214 1.108259 0.624524 0.586627 0.022152 -0.128842 0.005027 
4.015254 2.495651 1.525212 2.132920 2.939585 2.406832 1.148107 1.086623 0.835833 -0.226168 -0.183729 -0.018279 
4.986484 2.294658 1.050154 1.547384 3.926077 2.488328 0.853190 1.338807 0.943561 -0.291939 -0.218187 -0.049075 
5.421419 2.328713 1.167213 0.945015 3.325764 2.407511 0.716269 1.278848 1.273377 -0.480608 -0.198588 -0.029014 
4.424593 2.486907 1.174617 0.960218 1.790908 1.966739 1.120750 1.362611 0.857642 -0.032689 0.029743 0.018662 
5.277616 2.615861 1.050898 0.417947 2.134594 1.863379 0.584825 1.455357 1.263205 -0.101159 0.079972 0.017618 
4.856124 3.036973 1.816153 0.593095 1.163865 1.346117 1.236595 1.516611 0.983308 0.090334 0.129234 0.026322 
5.386674 3.245228 2.271738 0.523089 1.215428 1.373703 0.705631 1.788754 1.041622 0.047311 0.133439 0.012485 
3.863790 2.999423 2.436556 1.378328 1.147920 1.142001 1.057702 1.535651 1.054012 0.305756 0.027532 -0.000376 
