2.461954 -0.745658 1.998040 4.645459 1.231151 -1.193264 1.192030 1.295693 0.107560 0.224291 0.217911 0.092227 
2.459464 -0.955382 1.775802 4.658539 0.969043 -1.049266 1.093070 1.976785 0.112960 0.297172 0.272675 0.104201 
2.505593 -0.603742 1.508630 4.846605 1.076530 -1.405817 1.959781 2.250704 -0.015769 0.305371 0.218931 0.124965 
2.645573 0.036918 1.660670 4.014953 0.953078 -0.697469 2.128374 1.837197 -0.328431 0.265252 0.143567 0.113304 
2.109195 0.334719 2.169860 3.323317 0.728264 -0.385605 2.039596 2.048775 -0.095317 0.235390 0.124455 0.143499 
2.597361 0.556687 1.499651 3.513740 1.252816 -0.916439 2.052395 1.736725 0.056749 0.215076 -0.008495 0.140878 
2.214970 0.819853 2.196474 2.821907 1.061272 -0.369535 1.954381 1.714373 -0.076766 0.206042 0.236499 0.124770 
2.162824 0.388826 2.246360 2.786976 1.626919 0.021988 1.768251 2.077999 0.141833 0.221637 0.169087 0.135880 
2.189102 0.476443 2.299493 2.904134 1.725387 0.094709 2.004483 1.917243 -0.388624 0.311788 0.118806 0.127514 
2.052468 0.737650 1.937326 2.915479 1.375525 0.084180 1.453946 2.018522 -0.068304 0.213680 0.256388 0.128523 
1.514931 0.768053 1.882857 3.690219 1.223061 -0.003232 0.971561 2.010305 0.551921 0.056841 0.528493 0.106236 
0.963168 0.449462 2.134321 4.064977 1.088835 0.327335 0.606973 2.477105 0.642567 0.045034 0.651204 0.072191 
0.831566 0.300625 2.141704 4.195812 0.928832 0.482679 0.188006 2.653211 0.561020 0.063464 0.646768 0.064347 
1.066046 0.564000 2.398219 3.772120 0.668475 0.293289 0.192152 2.151036 0.376392 0.178516 0.529014 0.078356 
0.618441 0.504187 1.836602 3.893305 0.551464 0.966060 1.055519 1.880282 0.693101 -0.098142 0.542702 0.082821 
0.582144 0.320018 2.089298 4.190590 0.103041 1.156011 0.886897 1.614463 0.851912 -0.126358 0.514389 0.083782 
0.389521 -0.444832 1.681636 4.978050 1.001910 0.907050 0.346162 1.964133 1.506196 -0.156934 0.372985 0.048342 
0.518712 -0.487322 1.774806 4.791073 0.799389 0.787107 0.073214 2.070936 1.581144 -0.254657 0.437304 0.042858 
0.323762 -0.644495 2.268373 4.885295 0.533117 0.721747 -0.073971 1.869067 1.441477 -0.048943 0.300234 0.039929 
0.315182 -0.915174 1.425541 4.177074 0.831064 1.338663 0.151633 1.885918 1.383819 0.025992 0.240803 0.028514 
0.043395 -0.756635 1.151277 4.032945 0.714373 1.653501 0.575802 1.794206 1.209248 0.024508 0.223314 0.032912 
0.026950 -0.898155 1.218513 4.135596 0.166603 1.389942 0.549416 1.516097 1.193389 -0.056203 0.274984 0.047462 
-0.281098 -0.937203 1.332620 4.012340 0.383026 1.570468 0.568114 1.663027 1.085620 -0.129260 0.310591 0.051774 
-0.314113 -1.586003 1.310095 4.373922 0.974288 1.212225 0.104005 1.377167 1.403287 0.018841 0.163685 0.023393 
-0.342427 -1.995733 1.602923 4.003400 1.409701 0.399540 -0.086046 1.542838 1.319408 -0.102601 0.266887 0.028324 
-0.418918 -2.040158 1.341138 4.014807 1.996988 0.811302 0.285057 1.586525 1.247888 -0.129346 0.283118 0.012159 
-0.204066 -1.864876 1.473725 3.748020 2.284530 0.771122 0.645202 1.487066 1.267052 -0.110284 0.265223 0.015450 
-0.154141 -1.477955 1.320608 3.580758 2.234579 0.740610 0.360598 1.388709 1.219707 -0.038647 0.201645 0.053480 
0.237771 -0.548440 1.081846 3.040072 2.094707 1.400499 0.749212 0.963445 1.304394 -0.005708 0.179872 0.073838 
0.609315 -0.197391 0.826333 1.893135 1.252794 0.265577 0.104411 1.014751 1.230755 0.283393 0.231930 0.055212 
2.385144 0.474026 0.842848 1.665594 0.762361 0.161211 0.101958 0.611095 0.737503 0.177405 0.032285 0.089411 
3.684420 1.167555 -0.101100 0.715354 1.221219 -0.804014 -0.079449 0.062188 0.399878 -0.309802 -0.055669 -0.001558 
4.681957 1.766708 -0.970578 0.321358 1.891585 -1.514969 -0.708567 -0.250986 0.484166 -0.630873 -0.156542 0.002335 
4.938567 1.693597 -1.366708 0.187212 1.869080 -1.205447 -0.912797 -0.524811 0.574514 -0.766261 -0.185929 -0.019914 
5.083910 1.751589 -1.563232 0.065793 2.042450 -1.319382 -0.990481 -0.902416 0.521749 -0.856347 -0.219223 -0.015459 
3.888550 1.116466 -0.801311 -0.205201 1.401891 -0.975411 -0.988071 -0.603646 -0.019676 -0.718632 -0.195283 -0.051128 
4.987461 1.474183 -1.383918 -0.630676 2.092820 -1.338535 -1.384160 -0.977814 0.039988 -0.933934 -0.365348 -0.037567 
4.757028 1.514481 -1.615982 0.041696 1.254778 -1.227098 -1.092156 -1.269707 0.275323 -1.089981 -0.318494 -0.074441 
4.265837 1.373715 -1.138848 -0.197971 0.800962 -0.699264 -2.064805 -1.013534 0.027323 -0.956221 -0.221253 -0.092248 
3.876580 1.381236 -0.491232 -0.527435 0.350805 -1.108417 -1.433023 -1.178456 -0.612895 -0.563900 -0.163928 -0.063841 
4.607324 1.622007 -0.863309 -0.855416 0.680234 -0.995098 -2.106788 -0.817502 -0.461814 -1.021275 -0.182337 -0.045751 
5.095616 1.463839 -0.611816 -1.519713 1.103657 -1.506347 -1.679782 -0.974799 -0.407234 -1.093908 -0.302059 -0.001928 
4.124975 1.600403 -0.560662 -1.137375 -0.102507 -0.957641 -1.058895 -0.786824 -0.834440 -0.891623 -0.101606 0.003624 
4.358238 1.658735 -0.959923 -1.373636 0.327085 -0.805175 -1.641449 -0.802240 -0.463709 -1.044019 -0.078582 -0.008429 
4.752042 1.701494 -1.010300 -1.605808 0.750969 -1.324217 -1.839627 -0.499610 -0.728494 -0.992500 -0.168361 -0.006945 
5.028539 1.675904 -0.876205 -1.885094 0.967775 -1.473095 -1.717826 -0.624467 -0.718159 -1.010723 -0.250945 -0.017967 
4.648956 1.623181 -0.814504 -1.284828 0.149476 -1.021316 -1.546927 -0.597533 -0.643377 -1.064381 -0.224643 -0.036430 
4.352118 1.663425 -1.019779 -1.281150 0.328636 -0.952353 -1.483682 -0.584657 -0.569167 -1.112084 -0.285181 -0.078564 
5.345559 1.994916 -1.534699 -1.953971 1.526511 -0.838215 -2.401079 -0.594181 -0.410535 -1.102800 -0.456393 -0.182706 
4.640264 1.431356 -1.292644 -1.047858 0.878194 -0.467845 -1.687792 -0.675499 -0.050026 -1.150544 -0.465489 -0.140715 
5.701993 1.922893 -1.444241 -2.158037 1.822391 -0.891027 -2.289002 -0.756643 -0.016457 -1.083920 -0.520089 -0.187099 
4.375849 1.202329 -1.240093 -0.706916 0.930261 -0.578486 -1.394612 -0.443097 0.099210 -0.791199 -0.417627 -0.114802 
5.265542 1.685391 -1.790476 -1.588825 1.886451 -0.631481 -1.657802 -0.222735 0.268429 -0.701465 -0.383984 -0.143990 
4.830127 1.243141 -1.491662 -1.016453 1.550456 -0.041076 -1.237100 0.033651 0.423090 -0.656025 -0.315910 -0.100499 
5.323141 1.463212 -1.471956 -1.852231 2.683022 -0.400056 -0.850939 -0.002306 0.735260 -0.455537 -0.303801 -0.089442 
5.023541 1.178786 -1.613062 -1.488472 2.509408 -0.142694 -0.748395 0.095376 0.842468 -0.395588 -0.262391 -0.098175 
5.187083 1.157878 -1.726562 -1.711581 3.114349 -0.371530 -0.408077 -0.069198 0.895020 -0.205055 -0.320444 -0.091115 
5.221597 1.136922 -1.884889 -1.668807 3.309314 -0.515564 -0.377116 0.070437 0.881581 0.079936 -0.327032 -0.105505 
5.494658 0.750771 -2.062909 -0.868704 3.079317 -0.339991 0.099251 -0.027546 1.085763 0.102042 -0.359407 -0.082835 
5.826576 0.769646 -2.158779 -1.207275 3.675634 -0.408440 0.364859 0.101542 0.897886 0.321952 -0.419357 -0.058520 
5.463220 0.875294 -2.210074 -0.565528 2.594739 0.796423 0.022112 0.084473 1.261827 -0.055764 -0.227376 -0.107339 
5.631081 0.929605 -2.200897 -0.674201 2.905001 0.477934 0.332553 0.128941 1.157513 0.009427 -0.287831 -0.093471 
5.729602 1.360135 -2.472233 -0.635660 2.980176 0.389524 0.345552 0.067995 1.039100 0.101510 -0.231772 -0.085672 
5.626830 1.609915 -2.197034 -0.558750 2.825917 0.812874 0.056763 0.170417 0.939009 0.133390 -0.153954 -0.095047 
5.257042 1.407609 -1.338119 -0.215812 2.364454 0.888442 0.195620 0.121890 0.986575 0.122690 -0.109169 -0.072155 
5.243732 1.556426 -1.009753 -0.071803 2.226235 1.040685 0.144049 -0.036334 0.890082 0.097230 -0.077880 -0.055939 
4.993519 2.034875 -0.809587 -0.197749 2.288562 1.062809 -0.133110 -0.205917 0.814597 0.085262 0.047373 -0.039852 
4.859748 2.196288 -0.545923 0.079283 2.327782 0.613500 -0.676461 -0.142644 0.697895 0.294414 0.171962 -0.004585 
4.604573 2.152261 0.179002 0.352736 2.011596 0.169512 -0.562323 -0.294620 0.769081 0.334508 0.208121 0.030060 
4.494634 2.252989 0.252504 0.508613 1.858414 0.419464 -0.642306 -0.184216 0.320519 0.204475 0.120313 0.028598 
4.147354 2.282536 0.443320 0.355950 1.625638 0.261407 0.046566 -0.150947 0.170694 0.266290 0.103143 0.059819 
5.427383 2.450777 0.062291 0.248249 3.492875 -0.914307 0.409252 -0.220106 0.584003 0.266139 -0.120123 0.094465 
5.235310 2.575551 0.153086 -0.325488 3.568074 -0.412794 0.251994 0.151279 0.645715 0.012919 -0.013940 0.095373 
4.972074 2.639059 0.036787 0.167821 2.913423 0.360986 -0.323669 0.335548 0.742846 0.036322 0.204705 0.049835 
4.114713 2.311791 0.804371 0.866940 1.453812 0.573162 0.257129 0.411900 0.601008 0.064719 0.237477 0.073600 
4.817623 2.515779 0.662606 0.583617 2.365059 0.236819 -0.094929 0.549574 0.674517 0.106759 0.243232 0.084174 
4.379511 2.577438 0.896361 0.892186 1.470195 0.485067 0.223761 0.636043 0.683639 0.167968 0.306764 0.085574 
4.427078 2.824529 1.090993 0.823816 1.141930 0.490142 0.249682 0.692330 0.711959 0.064879 0.283934 0.078262 
4.390421 2.575461 0.819582 0.553937 1.258520 0.311393 0.520978 0.930233 0.662078 0.012454 0.190839 0.063753 
4.728981 2.690831 0.594996 0.147572 1.029827 0.316525 0.896648 0.881676 0.714859 -0.060200 0.137124 0.057352 
4.514404 2.569743 0.515642 0.205553 1.098344 0.381527 0.448822 0.393555 0.531876 0.145034 -0.002650 0.009387 
4.663854 2.604301 0.326739 0.349128 1.060531 -0.055430 -0.040229 0.228246 0.738270 -0.026068 -0.005077 0.007809 
6.413878 2.573471 0.114677 -0.426395 3.486082 -0.479170 -0.253435 -0.499955 0.536593 0.408876 -0.145243 0.006282 
4.719861 2.627051 0.453708 0.640186 1.616277 0.376374 -1.046940 -0.732418 0.459784 0.483260 0.058825 -0.031009 
4.832722 2.509869 0.391661 0.814151 2.102975 0.640008 -1.280795 -0.881778 0.345606 0.322050 0.144961 -0.020595 
