2.642881 1.989830 1.830345 1.656551 1.386339 1.140050 1.050172 0.778852 0.534791 0.303107 0.234138 0.080156 
2.608793 2.021357 1.765200 1.551695 1.276040 1.139629 1.024864 0.691846 0.553297 0.365207 0.265330 0.080144 
2.589096 1.917840 1.642446 1.487668 1.390826 1.200632 1.037843 0.871089 0.689647 0.394244 0.210135 0.079501 
2.604901 2.005949 1.711930 1.622978 1.343547 1.011458 0.973854 0.864480 0.538066 0.382467 0.276326 0.080910 
2.623152 1.925690 1.861003 1.594606 1.472077 1.352436 0.950492 0.721031 0.483783 0.383725 0.197838 0.079660 
2.625998 1.907150 1.695290 1.527595 1.395274 1.142645 0.842547 0.641636 0.538778 0.402767 0.225947 0.079813 
2.679521 2.060352 1.762145 1.466401 1.293411 1.102527 0.751401 0.579792 0.684952 0.576212 0.207546 0.081515 
2.683420 2.010792 1.784162 1.618847 1.450951 1.182000 0.949641 0.833754 0.554067 0.453704 0.200429 0.079267 
2.612056 1.883231 1.731046 1.637973 1.353054 1.261374 0.802986 0.628964 0.534166 0.390018 0.261688 0.079624 
2.581800 1.912603 1.770563 1.573905 1.483107 1.325008 1.068334 0.702797 0.594851 0.477076 0.239827 0.079591 
2.659089 1.734804 1.628470 1.820061 1.611818 1.293929 1.115721 0.582941 0.765364 0.411143 0.264445 0.079239 
2.261662 2.049695 1.355147 1.573460 1.512511 1.189276 1.017866 0.116487 1.158559 -0.001946 0.250949 0.070590 
2.248688 1.797077 1.161537 0.811616 2.604792 1.723942 1.608808 -0.720854 1.229771 0.106299 -0.000033 0.130153 
2.045311 1.687407 1.173338 0.685381 3.050754 1.298121 1.351766 -0.556511 1.178360 0.254047 -0.074019 0.139297 
2.101285 1.619665 0.630177 0.493143 2.906833 1.614841 1.882087 -0.564657 0.670968 -0.140069 -0.170542 0.184114 
1.850385 1.775895 0.488095 0.449551 3.586218 1.579041 2.200482 -0.378400 0.429240 -0.143524 -0.242112 0.236192 
2.082855 1.520085 0.250458 0.025954 3.430883 0.945624 2.543887 -0.119320 0.390841 -0.139625 -0.259926 0.227129 
2.103388 1.609492 0.177317 0.093778 3.014034 1.288714 2.958134 -0.346713 0.230187 -0.020679 -0.240045 0.234254 
2.133415 1.767197 -0.128970 0.201433 3.258364 0.937895 2.642644 0.330873 0.787133 -0.066919 -0.251782 0.159455 
2.789051 1.603070 -0.542581 -0.185022 2.804053 0.704985 2.419334 0.828242 1.541478 0.374171 -0.246412 0.016344 
2.999709 1.949396 0.041017 0.381380 2.529578 0.943941 2.357990 1.152610 1.670501 0.675723 -0.283964 -0.007832 
3.054729 1.761360 0.053762 0.292428 2.337470 0.631536 2.070684 1.462828 1.719958 0.782206 -0.207837 -0.028376 
3.524598 2.054539 0.246657 -0.131900 2.320037 0.593901 1.653648 1.365258 1.757901 0.652334 -0.186908 -0.050925 
3.911434 2.370775 -0.332416 -0.059245 2.107552 0.292716 2.202407 1.405893 1.770727 0.501419 0.082428 -0.003525 
4.015431 2.585060 0.005626 -0.039507 1.391651 0.113736 1.657198 1.261079 1.639074 0.479239 0.113016 -0.006633 
3.788972 2.690062 0.609463 0.153441 0.655599 0.084588 1.538327 1.309334 1.373705 0.425926 0.202073 0.019133 
3.726321 2.551718 0.941061 0.351986 0.661281 0.231824 0.932696 0.986826 1.093961 0.614597 0.238211 0.043443 
4.476075 2.616575 0.757112 0.608829 1.453569 -0.414679 0.975823 0.859687 1.491480 0.689552 0.234588 0.054864 
4.204226 2.751346 0.950144 0.478135 1.248012 -0.019293 0.748586 0.695692 1.240522 0.502834 0.175231 0.033349 
4.145625 2.754658 0.742399 0.730318 0.866002 0.542334 0.706635 0.723790 0.881419 0.253329 0.160927 0.033493 
3.739098 2.624056 1.224992 0.488644 0.621937 0.672171 0.769145 0.572610 0.416702 0.015589 0.021186 0.028046 
4.474404 3.065695 1.048363 0.572171 0.662811 0.163035 1.129746 0.661259 0.802751 -0.362121 -0.046143 -0.013466 
4.289056 3.214569 1.390286 0.510214 0.557394 0.509962 0.973021 0.588729 0.400344 -0.328576 -0.097603 -0.024255 
4.055742 3.079386 1.612183 0.550994 0.525673 0.632365 1.192657 0.689055 -0.115979 -0.361149 -0.177807 -0.027217 
3.718167 2.929871 1.656995 0.633510 0.367513 0.714870 0.941363 0.256596 -0.154390 -0.388330 -0.222258 -0.019530 
4.583792 3.383906 1.664741 0.930958 0.876729 -0.217812 1.643799 0.667996 -0.319504 -0.864714 -0.221516 -0.031541 
4.055084 2.751161 1.508964 1.037548 0.824204 0.378187 0.743785 0.545979 -0.196602 -0.768722 -0.265212 -0.033129 
4.132309 2.659701 1.540827 1.148902 0.967584 0.515657 0.512373 0.283121 -0.443093 -0.701622 -0.236650 -0.017079 
3.421905 2.377204 1.705810 1.431786 0.764214 0.206710 0.339922 0.102620 -0.397696 -0.590605 -0.101306 0.019898 
4.756652 2.565294 1.246871 1.489508 1.399233 0.154426 0.129047 0.466306 -0.193910 -0.983971 -0.270418 0.001583 
3.956945 2.454793 1.384600 1.610569 1.187225 0.181121 0.260966 0.223970 -0.400754 -0.933842 -0.154213 0.018327 
4.071681 2.400209 1.340999 1.515931 1.302496 0.189180 0.167047 0.350448 -0.365344 -1.025055 -0.192009 0.019610 
3.715833 2.392555 1.618255 1.382789 1.001240 0.445423 0.275221 -0.146988 -0.590138 -0.578198 -0.069715 0.027737 
4.033164 2.463710 1.428604 1.607538 1.305403 0.137564 0.131423 0.327333 -0.363029 -1.024350 -0.128932 0.027407 
3.876529 2.479416 1.555771 1.659826 1.127180 0.130918 0.088361 0.296254 -0.416019 -0.812948 -0.144583 0.019685 
3.738542 2.543367 1.690565 1.652075 1.166246 0.254033 -0.045213 -0.018586 -0.362849 -0.604355 -0.146647 0.009299 
5.124275 2.664612 1.304175 2.326861 1.904189 -0.134293 -0.282079 0.274358 -0.298851 -0.795816 -0.139994 0.061073 
3.693851 2.580683 1.776842 1.723719 1.323749 0.371552 -0.027900 -0.098204 -0.420808 -0.545939 -0.098902 0.009000 
3.797596 2.625680 1.948043 2.006435 1.381180 0.309895 -0.071375 -0.281911 -0.477624 -0.554074 -0.042164 0.014497 
3.523920 2.399663 1.653191 1.711417 1.330823 0.316755 -0.097164 -0.216913 -0.364470 -0.463485 -0.123420 0.019881 
4.521908 2.605903 1.709231 2.305610 1.897857 0.238308 -0.416854 -0.180513 -0.343261 -0.610821 -0.016753 0.037939 
3.582427 2.533926 1.839723 1.866111 1.532417 0.382427 -0.289028 -0.216043 -0.368715 -0.412100 -0.083545 0.010757 
4.062948 2.630417 1.962489 2.406535 2.102878 0.279048 -0.441064 -0.314426 -0.409866 -0.511896 0.009809 0.015450 
3.518711 2.677859 2.036910 1.675754 1.016174 0.310340 -0.062884 -0.217966 -0.301126 -0.329740 -0.085304 0.017664 
4.259766 2.690151 2.049511 1.999239 1.336520 0.124151 -0.136727 0.054561 -0.436220 -0.580133 0.020660 0.042622 
3.705572 2.786306 2.330426 2.081776 1.412958 0.196289 -0.364172 -0.296602 -0.375787 -0.387269 -0.002195 0.015416 
4.480044 2.861571 1.786119 2.114009 2.165431 0.326189 -0.568698 -0.483304 -0.312155 -0.465784 0.013385 0.022236 
4.078819 2.615975 1.619660 1.884952 1.705482 0.259960 -0.538368 -0.365480 -0.131895 -0.327891 -0.067842 0.010205 
3.734689 2.543583 1.567308 1.723959 1.687120 0.359586 -0.578446 -0.570847 -0.143883 -0.211944 -0.008312 0.023586 
4.371104 2.259836 1.143769 2.131102 2.478590 0.431333 -0.533427 -0.545195 -0.322281 -0.648032 0.035753 0.050361 
5.013703 1.969991 0.795176 2.165625 3.464790 -0.141729 -0.439652 -0.509975 -0.316443 -0.590313 -0.106738 0.077320 
4.804429 2.049695 0.563232 2.456353 3.188318 0.102003 -0.654956 -0.426507 -0.191886 -0.666097 -0.055224 0.074312 
3.754565 1.997342 0.873577 1.682674 1.967573 0.671055 -0.530945 -0.543810 -0.181331 -0.270667 -0.008267 0.035615 
4.347831 1.909580 0.815124 2.398696 2.704642 0.163130 -0.395968 -0.481348 -0.220967 -0.453056 0.006438 0.052817 
4.213841 1.944376 1.069802 2.356052 2.403942 0.116335 -0.331009 -0.371130 -0.286695 -0.441223 0.109811 0.078701 
4.804506 1.869561 0.511320 2.151847 2.630685 -0.204165 -0.341565 -0.113269 0.114235 -0.313884 -0.005103 0.087463 
4.058365 1.892028 1.065925 2.252129 2.334689 0.186023 -0.569895 -0.151685 -0.144476 -0.289813 0.086637 0.065825 
4.206268 1.957239 0.921590 1.903984 2.003138 0.159946 -0.439112 -0.058483 0.114391 -0.170823 0.112466 0.078276 
3.972928 1.808121 1.079537 2.042565 1.843167 -0.082554 -0.487248 -0.189370 0.058245 -0.004366 0.219088 0.097208 
4.215641 1.928705 0.966092 1.805578 1.871400 0.034590 -0.327011 -0.069153 0.228049 0.172417 0.324324 0.117754 
4.063230 1.995553 0.882232 1.800654 1.809759 0.216079 -0.396664 -0.037896 0.153318 0.124282 0.344967 0.118317 
4.065914 1.810476 0.584479 1.408446 1.700674 0.313683 -0.175534 0.042068 0.213513 0.057278 0.337929 0.130740 
3.680047 1.868278 0.765802 1.349665 1.770625 0.834679 0.064379 0.079853 0.002257 0.080311 0.396438 0.124349 
3.789926 1.795127 0.635685 1.255420 1.459619 0.686494 0.327450 0.341477 0.026621 0.075199 0.593614 0.176211 
3.657429 1.948704 0.601921 1.042126 1.522617 0.622679 0.726987 0.306989 0.104245 0.052738 0.699457 0.186561 
3.690829 2.178408 0.796262 0.873148 1.314529 0.847376 1.192017 0.433816 0.138718 0.240471 0.686896 0.177683 
3.453365 2.154006 1.009515 0.915241 1.154211 0.683593 0.962476 0.233600 -0.268296 0.008506 0.777752 0.185311 
3.125290 2.142766 1.207911 1.024914 1.209164 1.353879 1.173099 0.534989 0.397447 0.536203 0.576332 0.113046 
3.151340 2.165873 1.575295 1.670647 1.497787 1.288791 0.900026 0.555801 0.298613 0.426696 0.528838 0.104306 
3.117230 2.195917 1.234574 1.015851 1.687257 1.656327 1.421505 0.601461 0.313582 0.392895 0.234686 0.090645 
2.909374 2.062054 1.672332 1.521739 1.835434 1.368408 1.176067 0.602077 0.426029 0.488724 0.355075 0.086408 
2.795726 2.057869 1.777715 1.745970 1.821794 1.438206 1.083867 0.862598 0.662372 0.486453 0.237998 0.077778 
3.068638 2.342836 1.568789 1.382791 1.488104 1.569677 1.311778 0.556732 0.263487 0.301980 0.455120 0.100924 
2.932392 2.047360 1.495866 1.591206 1.586443 1.318946 1.290478 0.818506 0.416504 0.313009 0.406261 0.090484 
2.896093 2.073921 1.828076 1.695079 1.671821 1.296866 1.054931 0.633697 0.313907 0.304586 0.287827 0.078236 
