2.287570 0.651196 1.756414 3.079250 2.575437 -0.204171 0.065697 1.836795 1.200242 -0.159896 0.088264 0.140678 
2.240167 0.693424 1.391062 3.216415 2.203787 -0.410452 0.567943 1.799259 1.069581 -0.026600 0.055005 0.146920 
2.219869 0.547991 1.514155 3.437160 2.275948 -0.304750 0.200619 2.018864 0.847407 0.099147 -0.042108 0.146070 
2.317015 0.821574 0.604608 3.804386 2.093612 -0.217421 -0.045260 1.359154 1.147257 0.239422 -0.005202 0.093433 
1.919208 0.435062 0.661756 4.388325 1.822385 -0.545746 -0.290735 1.445630 1.374371 0.238986 0.079994 0.076841 
1.550999 0.572937 0.903371 4.786350 1.253319 0.056932 -0.371697 1.537241 1.568977 0.311568 0.045007 0.059269 
1.444803 0.476500 0.995226 4.661141 1.653853 -0.244870 -0.384386 1.482215 1.460247 0.219514 0.097654 0.053668 
1.607435 0.243070 0.614981 4.917546 1.818573 0.032469 -0.136298 1.450696 1.496530 0.070244 0.157393 0.060856 
1.683614 0.357744 0.635712 4.560124 1.898062 0.042201 0.167438 1.181666 1.199546 0.086819 0.124778 0.078962 
1.567397 0.362732 1.163488 4.430361 1.910791 -0.473617 0.444520 1.457881 1.566863 -0.112372 0.207424 0.091909 
1.617736 0.256240 1.275284 4.596189 1.521604 -0.162095 0.702824 1.345035 1.341703 -0.076461 0.286937 0.091016 
1.351983 0.086601 1.315733 4.283494 1.702099 -0.518321 0.864992 1.659242 1.461928 -0.069332 0.277768 0.097103 
1.530271 0.705430 1.507969 4.059104 1.449004 -0.886047 0.914887 1.325078 1.182511 -0.044694 0.188541 0.129329 
1.687322 0.505158 1.255665 4.393262 1.767182 -0.860161 0.861415 1.085994 1.640059 -0.164560 0.310219 0.084132 
1.678205 0.408019 1.240925 4.526404 1.731335 -0.842098 0.599212 1.369512 1.733140 -0.225006 0.302213 0.093753 
1.715482 0.595647 1.410620 4.565386 1.067758 -0.691251 1.136018 1.172997 1.563615 -0.097076 0.131998 0.110365 
1.625101 0.457675 1.814287 4.532221 1.510456 -0.516918 0.754689 1.717984 1.375339 -0.141640 0.170775 0.146476 
1.762769 -0.265731 1.866818 5.016862 0.727422 0.285953 1.433759 1.061280 1.346772 -0.133934 0.118385 0.132548 
1.722129 -0.090360 2.232580 4.979760 0.449650 -0.007313 1.895364 1.085553 1.293021 0.024985 0.101700 0.122489 
2.095890 -0.049632 2.027216 4.281949 0.154697 -0.208029 1.862890 1.103228 0.890988 -0.059491 0.049098 0.133792 
1.225066 -0.429693 2.599628 3.954754 1.254061 -0.216424 1.758212 1.025673 0.469516 0.339742 0.009491 0.135205 
1.431335 -0.842079 2.695775 3.978662 1.800193 -0.706271 1.448495 0.977770 0.169535 0.360835 0.156156 0.089693 
1.135998 -1.119169 2.760007 4.223785 2.082953 -0.832061 1.078810 0.548881 -0.270878 0.388623 0.071347 0.097939 
1.235774 -0.888327 2.889832 4.315786 2.361716 -0.703056 1.361859 0.828385 -0.165373 0.409351 0.078775 0.078157 
1.795887 -0.689095 3.305678 4.639386 2.211787 -0.580946 0.825446 0.352276 -0.026100 -0.106876 -0.004576 0.024799 
2.999707 1.072461 2.611929 3.478584 1.367612 -1.130138 0.670328 0.234208 0.135158 0.001955 -0.337879 -0.013723 
3.967306 1.555508 1.895475 2.655890 1.921194 -0.962626 -0.456794 0.250314 0.207320 -0.156678 -0.439990 -0.065769 
4.329692 1.863355 1.493783 2.579400 1.806841 -0.955175 -0.961249 0.373453 0.287666 -0.370515 -0.444497 -0.069240 
5.219497 1.951366 1.003517 2.497015 2.161847 -1.016428 -1.448647 0.086700 0.461536 -0.502827 -0.461495 -0.069182 
5.919833 1.976403 0.348365 2.496453 2.468606 -1.568988 -1.437942 -0.238911 0.264795 -0.445275 -0.478245 -0.051826 
5.806131 2.102062 0.211341 2.005779 2.253026 -1.298135 -1.717246 -0.435224 0.157701 -0.538857 -0.474444 -0.064579 
5.439186 2.101772 0.482328 1.762744 1.935577 -1.086504 -2.030144 -0.596294 0.122997 -0.642870 -0.447198 -0.079852 
5.772443 2.027144 0.384305 1.677443 1.818266 -0.980382 -2.004212 -0.824182 -0.031990 -0.761918 -0.499332 -0.085263 
6.775407 2.008179 -0.180281 1.679572 2.146361 -1.070113 -1.551389 -1.038820 -0.099271 -0.736483 -0.614563 -0.111865 
7.387871 1.958296 -0.543670 1.620055 2.366177 -1.380792 -1.131790 -1.067213 -0.151794 -0.727794 -0.630823 -0.101496 
6.584700 2.398603 -0.067091 1.023760 1.767274 -0.536941 -1.611151 -0.766805 -0.305241 -0.796936 -0.567758 -0.110946 
4.922727 2.628326 0.766046 0.689024 0.627357 -0.548961 -1.200382 -0.837661 -0.523914 -0.843078 -0.230431 -0.042340 
4.069274 2.526740 0.923620 0.366877 0.279053 -0.458447 -1.317161 -1.378905 -0.860653 -0.353803 -0.101183 -0.028766 
3.877689 2.484547 1.188927 0.492436 -0.216512 -1.180062 -1.550122 -1.010904 -0.513090 -0.283499 -0.162296 -0.034155 
4.704480 3.013222 0.807826 -0.242326 -0.609239 -0.851246 -1.006503 -0.855424 -0.592091 -0.534804 -0.126403 -0.024964 
5.169236 2.765044 0.325254 -0.324543 -0.114322 -0.686249 -1.107960 -0.930559 -0.630485 -0.528295 -0.132558 -0.019864 
4.377687 2.595386 0.450382 -0.467940 -0.380386 -0.533758 -0.945816 -0.974433 -0.696042 -0.401775 -0.129646 -0.027409 
3.951962 2.241292 0.504603 -0.301016 -0.499047 -0.714028 -0.858366 -0.736607 -0.563498 -0.400266 -0.171066 -0.047128 
4.148453 2.290194 0.459147 -0.251962 -0.477444 -0.806511 -0.917402 -0.633865 -0.324549 -0.280536 -0.204728 -0.064230 
4.541546 2.487164 0.428661 -0.440898 -0.417804 -0.524651 -0.918564 -0.620048 -0.160395 -0.129046 -0.190822 -0.072771 
4.897953 2.636074 0.240797 -0.391287 -0.005348 -0.532263 -1.160906 -0.570633 0.216122 0.072496 -0.149959 -0.092378 
4.310699 2.416225 0.484745 -0.027295 -0.108055 -0.736238 -1.066215 -0.368110 0.394078 0.218753 -0.188957 -0.075009 
3.996414 2.064002 0.563278 0.244635 0.058034 -0.716988 -1.036168 -0.215110 0.452927 0.234044 -0.211898 -0.064396 
4.054651 1.899493 0.338933 0.363066 0.401255 -0.518863 -0.994510 -0.177617 0.570884 0.226396 -0.216462 -0.072487 
4.382259 1.851207 -0.051022 0.356047 0.809068 -0.200558 -0.847073 -0.106521 0.636119 0.157796 -0.216582 -0.089384 
4.665682 1.919560 -0.298832 0.443794 1.330558 -0.117244 -0.943323 0.060999 0.763058 0.154735 -0.225157 -0.103864 
4.648863 1.634398 -0.237230 0.729511 1.491242 -0.067068 -0.670782 0.161677 0.666223 0.132155 -0.274432 -0.091282 
4.452471 1.636983 -0.101398 0.690004 1.525044 0.192525 -0.719202 0.208027 0.733007 0.143429 -0.282216 -0.094404 
4.803451 1.551074 -0.333702 0.871882 1.809290 0.266478 -0.665212 0.340691 0.746395 0.065383 -0.274919 -0.085754 
4.907148 1.541494 -0.422151 0.797527 1.748543 0.364556 -0.460139 0.324010 0.824225 0.107654 -0.216897 -0.075523 
4.713786 1.645535 -0.168511 0.624318 1.318615 0.162268 -0.409561 0.480255 0.929238 0.255461 -0.047203 -0.028191 
4.515820 1.673796 -0.095779 0.349307 1.111515 0.262137 -0.243470 0.515778 0.907996 0.347019 0.067189 0.003572 
4.327890 1.953954 0.159646 0.345595 0.868569 0.304563 -0.203971 0.535222 0.955539 0.453398 0.211782 0.041812 
4.229226 2.147632 0.204697 0.176993 0.811667 0.400015 0.163314 0.450401 0.802531 0.560132 0.284342 0.068132 
4.106297 2.292005 0.713943 0.831591 1.022180 0.401728 -0.071897 0.236166 0.767847 0.576644 0.249326 0.067871 
3.752866 2.492820 1.281073 0.710972 1.088909 0.981774 0.327215 0.384824 0.633005 0.571675 0.189800 0.065457 
3.255357 2.415907 1.587717 0.987179 0.579951 0.382607 0.556136 0.784668 0.703222 0.400767 0.275370 0.073364 
3.131228 2.392626 1.842725 1.326760 0.908452 0.488176 0.330759 0.401744 0.524386 0.598499 0.324354 0.073339 
3.604586 2.702360 1.826278 1.533033 1.225917 0.685192 0.558289 0.351360 0.385413 0.279765 0.276978 0.063032 
3.737460 2.861639 1.987052 1.523999 1.167401 0.671741 0.532484 0.490792 0.254082 0.080720 0.207785 0.051835 
3.842493 2.951180 1.857488 1.319026 1.134950 0.636844 0.526918 0.323251 0.185962 0.006435 0.296802 0.073496 
4.008712 2.931498 1.757445 1.399389 1.342547 0.433639 0.369537 0.584449 0.471562 0.182114 0.277599 0.076418 
3.802212 2.867646 1.735237 1.289614 1.120790 0.728963 0.494653 0.423371 0.388698 0.205071 0.234477 0.067218 
3.903185 2.755902 1.740098 1.414416 1.773369 0.645832 0.386315 0.463018 0.372358 0.216200 0.157887 0.051955 
3.572750 2.662804 1.753163 1.445218 1.641620 0.834451 0.796084 0.526240 0.286661 0.149266 0.078288 0.041768 
3.894180 2.789840 1.435434 1.250956 1.514340 0.834952 0.728261 0.628794 0.460998 0.026641 0.111707 0.043252 
3.929379 2.698653 1.625378 1.503867 1.400936 0.899108 0.628828 0.777255 0.642095 0.051985 0.178332 0.054941 
4.140088 2.928206 1.605159 1.314799 1.604794 1.083715 0.981935 0.690508 0.469918 -0.023372 0.268818 0.078106 
4.621986 3.187847 1.535164 1.309315 1.835147 0.518529 0.802343 1.018354 0.666570 -0.022506 0.226983 0.078880 
4.938060 3.223516 1.467750 1.196149 2.047286 0.160370 0.293933 0.329326 0.469686 0.177367 0.211513 0.081430 
6.116396 2.918246 1.448904 0.634920 2.699233 -0.789056 -0.117552 -0.492474 0.833004 0.097988 -0.040501 0.092884 
5.843190 3.253995 0.762645 1.187926 2.215176 -0.544819 -1.071129 -0.555198 0.647390 0.036322 0.076931 0.035339 
5.792887 2.943519 0.503020 0.949132 2.064586 -0.161242 -1.554838 -0.656064 0.434800 0.079690 0.115094 0.023989 
5.355743 2.710234 0.701863 1.032166 1.464341 -0.197691 -1.786323 -0.766508 0.502182 0.116018 0.123234 0.019112 
5.619663 2.607602 0.393635 1.024374 1.614238 -0.411653 -1.658907 -0.439623 0.539236 0.023219 0.056945 0.033001 
5.145079 2.416112 0.578183 1.005079 1.254694 -0.398839 -1.326038 -0.369044 0.452702 -0.007743 0.104466 0.054089 
5.110210 2.595295 0.247650 0.723827 1.512327 -0.020608 -1.345908 -0.442882 0.370698 0.027581 0.127375 0.028170 
5.115459 2.287093 0.294807 0.961361 1.591803 -0.035778 -1.220113 -0.344268 0.379731 -0.075909 0.105775 0.049089 
5.619646 2.164394 0.013593 0.970439 1.946088 -0.025173 -1.115996 -0.296923 0.365820 -0.072567 0.046058 0.051952 
5.137449 2.034999 0.144105 0.982350 1.699554 -0.071720 -0.953467 -0.272908 0.280172 -0.001760 0.095240 0.050531 
