2.328816 2.040319 1.659532 1.633030 1.049163 1.220761 0.916779 0.655933 0.868173 0.109885 0.332395 0.075479 
2.217734 2.052253 1.926760 1.240313 1.477065 0.895783 0.723660 0.596216 1.154707 0.149430 0.249196 0.084735 
2.245054 1.844987 2.086190 1.255829 1.641368 0.774373 1.044277 0.405131 1.024814 0.030043 0.068201 0.101631 
2.256341 2.043776 2.062710 1.102198 1.618411 0.795675 1.096532 0.501273 0.890293 0.331657 0.117710 0.092693 
2.190277 2.230743 1.626307 1.228282 1.711839 0.792197 1.225909 0.720659 0.843126 0.088907 0.223121 0.078240 
2.331806 2.248332 1.803485 1.390121 1.431661 0.691118 1.245309 0.673727 0.788353 0.329026 0.189414 0.084088 
2.390836 2.185250 1.819749 1.096992 1.415198 0.863360 1.266975 0.846832 0.658893 0.162595 0.188417 0.079108 
2.384972 2.075833 1.591311 1.617018 1.588927 1.275301 0.732326 0.852848 0.754392 0.163822 0.227171 0.076753 
2.427109 2.038636 1.411716 1.848362 1.527472 1.123779 0.801511 0.827057 0.714886 0.203416 0.165924 0.078382 
2.329125 2.215771 1.359098 1.662574 1.575192 0.852365 0.672004 1.242276 0.704856 0.288928 0.191666 0.078083 
2.256116 1.782258 1.701289 1.538973 1.263265 0.625425 1.049551 1.170963 0.637305 0.130568 0.257856 0.084096 
2.267666 1.925245 1.880732 1.708764 1.164517 0.772343 0.932162 0.878915 0.493568 0.505751 0.145816 0.083602 
2.536175 1.864598 1.744648 1.261591 1.472009 0.666411 1.075392 0.901450 0.853373 0.250991 0.230345 0.082261 
2.503475 2.085191 1.667672 1.762734 1.367108 0.924871 1.253597 0.945851 0.971200 0.243626 0.229649 0.079307 
2.776499 2.225441 1.731699 1.606462 1.001836 0.619786 1.016922 0.513065 0.708648 0.277123 0.190123 0.078884 
3.261649 2.903453 2.460328 1.607483 1.317675 0.271582 0.924154 0.137629 0.238529 0.055719 -0.074596 0.038830 
3.326898 2.860516 2.485899 1.737228 1.153084 0.660073 0.440550 0.087417 0.074325 -0.440324 -0.203898 -0.007324 
4.058112 3.606369 2.686792 1.812801 0.789093 0.317039 -0.008731 0.208658 0.168341 -0.495307 -0.133976 -0.035907 
3.368551 2.799156 2.240575 1.538050 0.808761 0.346381 -0.019486 0.043297 -0.018422 -0.256741 -0.280758 -0.020338 
4.971631 4.092613 3.122161 1.673707 0.696057 -0.350401 -0.274570 0.514245 0.229990 -0.680006 -0.148342 -0.067199 
4.081751 3.385578 2.759589 1.875162 0.884976 0.190111 -0.230132 -0.058580 -0.268323 -0.474671 -0.253354 -0.064499 
4.463877 3.622128 2.517957 1.536790 0.928826 -0.414916 -0.320048 -0.328029 -0.129225 -0.275858 -0.270597 -0.066560 
3.496253 3.004602 2.383889 1.564615 0.552421 -0.175251 -0.314907 -0.304032 -0.409321 -0.522510 -0.261532 -0.059925 
5.654582 4.125823 2.611972 1.330803 0.999133 -1.517359 -0.168285 -0.044155 0.339242 -1.151482 -0.296181 -0.055207 
4.655276 3.962773 2.723851 1.233207 0.219269 -0.775782 -0.230505 -0.241904 -0.344719 -0.822622 -0.078514 -0.039287 
3.554003 2.754096 1.996407 1.343704 0.467742 -0.220395 -0.417539 -0.354594 -0.442905 -0.455154 -0.115228 0.004465 
4.388901 3.652679 2.473361 1.413188 0.323737 -0.838290 -0.524419 -0.184238 -0.296621 -0.714952 0.011300 0.016662 
5.108843 3.903502 2.395382 1.396637 0.421608 -1.759594 -0.614687 0.153043 0.031998 -0.795639 -0.033699 0.037668 
5.263331 3.717412 2.190108 1.593386 0.377819 -1.891487 -0.786952 0.259746 0.257763 -0.829714 -0.073071 0.049751 
3.764674 2.980484 1.954407 1.170668 0.120202 -0.540730 -0.647166 -0.371791 -0.291276 -0.373337 -0.061993 0.033619 
5.192784 3.509698 2.192577 1.484302 0.241661 -1.575670 -0.935310 0.416681 0.148510 -0.780367 -0.065963 0.052948 
5.103980 3.351045 1.833567 1.299718 0.719714 -1.291412 -1.074404 0.318892 0.109091 -0.655090 -0.095267 0.042414 
3.749211 2.905983 2.124949 1.051386 0.179535 -0.710395 -0.638209 -0.165852 -0.297036 -0.291876 -0.052015 0.048988 
4.794379 3.479039 1.979444 1.092592 0.476150 -1.342669 -0.889250 0.165837 0.079948 -0.624824 -0.016859 0.045852 
5.057877 3.403449 1.819234 1.093902 0.483742 -1.272412 -0.998254 0.448473 0.238684 -0.775681 -0.052639 0.046836 
5.283819 3.377608 1.588791 0.816685 0.682997 -1.203708 -0.869744 0.674088 0.283391 -0.863031 -0.129211 0.029159 
4.026777 2.737283 1.716650 1.020347 0.016554 -0.831705 -0.576450 0.099865 -0.071564 -0.521485 -0.076110 0.041209 
4.963551 3.230008 1.658383 0.960070 0.635948 -1.336270 -0.685332 0.411618 -0.030667 -0.811672 -0.109669 0.036047 
3.924212 2.853493 1.781637 0.884326 0.118159 -0.850669 -0.737677 -0.266971 -0.461519 -0.401781 -0.069419 0.025112 
5.542651 3.518280 1.764506 0.497730 0.377659 -2.165395 -0.687538 0.470903 0.016098 -1.195954 -0.283377 -0.001858 
5.492927 3.796996 1.431869 0.266512 0.627833 -2.163221 -0.730732 0.378319 -0.482103 -1.094934 -0.361519 -0.034792 
4.419427 3.102116 1.484328 0.359853 -0.016040 -1.119955 -0.777653 -0.334419 -0.579579 -0.718536 -0.116360 -0.011820 
3.707546 2.711969 1.578504 0.687327 -0.114365 -0.669640 -0.468489 -0.521238 -0.574317 -0.598836 -0.131336 -0.009077 
6.091159 3.342064 1.797374 0.115021 1.866083 -2.124069 -0.853617 0.996360 -0.276262 -0.873163 -0.535335 -0.039380 
5.509061 3.461569 1.836554 0.783417 1.083200 -1.696519 -0.835641 0.484194 -0.022406 -0.701405 -0.229799 0.007417 
4.399910 3.191764 1.875033 1.237269 0.620936 -0.963104 -0.820957 -0.154995 -0.159483 -0.315244 -0.127653 0.012028 
4.382387 3.185138 1.768110 1.155119 0.540055 -1.085875 -0.541866 0.177562 -0.093686 -0.505333 -0.066373 0.031607 
4.607587 3.295360 1.815395 0.905515 0.151128 -0.934052 -0.181960 0.394743 -0.133535 -0.615941 -0.003846 0.038514 
5.564257 3.289102 1.709217 0.821068 0.678532 -1.184831 -0.245775 1.068745 0.091286 -0.922885 -0.168414 0.049048 
3.586496 2.770806 1.655428 0.670833 -0.068877 -0.198684 0.088896 -0.105989 -0.254398 -0.283263 -0.021232 0.047393 
5.344731 3.612571 1.696983 0.857441 1.032681 -1.221930 -0.145192 1.033690 -0.165407 -0.855702 -0.108769 0.058550 
4.047051 3.112375 2.069042 1.178863 0.354070 -0.768940 -0.551379 -0.014923 -0.106317 -0.241940 0.028215 0.055525 
4.799977 3.575796 2.233444 1.173198 0.576700 -1.108738 -0.365114 0.486238 -0.052624 -0.682159 0.110537 0.076184 
3.477589 2.728775 1.879278 1.107351 0.078365 -0.598171 -0.290636 -0.037298 -0.077905 -0.099423 0.049618 0.078625 
4.900427 3.413804 2.211238 1.007582 0.108453 -0.511129 -0.169137 0.263208 -0.089845 -0.566114 0.083152 0.067461 
4.270878 3.223539 2.298548 1.166309 0.283944 -0.606274 -0.366805 0.050890 -0.110041 -0.329136 0.062427 0.057879 
3.865627 3.077121 2.142481 1.039907 0.216065 -0.201911 -0.117724 -0.065507 -0.229178 -0.196070 0.013385 0.045257 
4.246745 3.262705 2.143006 0.993185 0.426065 -0.135692 -0.051208 -0.028096 -0.282616 -0.374247 0.062289 0.047320 
3.646530 2.716445 1.836893 1.257327 0.518475 -0.182700 -0.207621 -0.117870 -0.081366 -0.183774 -0.032239 0.046262 
4.702863 3.650822 2.026054 0.689196 0.348426 -0.342938 0.076517 0.043779 -0.164142 -0.334941 0.023131 0.036407 
3.967505 3.109332 2.058337 0.959456 0.354438 -0.174092 -0.193725 -0.056844 -0.201372 -0.155564 0.033010 0.049327 
4.337122 3.385912 2.145463 0.894975 0.174089 -0.403324 0.055205 0.274482 -0.215481 -0.369472 0.052328 0.037438 
3.751369 2.980735 1.838050 0.841795 0.336245 0.039605 0.037730 -0.160520 -0.243827 -0.066849 0.032876 0.055690 
3.722322 3.095655 2.132664 1.071369 0.258658 -0.024219 0.116079 0.027446 -0.178974 -0.227284 0.027586 0.037381 
5.872508 4.030895 1.904143 1.014617 0.381350 -0.921008 0.640846 0.796466 0.140839 -0.579116 -0.061645 0.041387 
5.931085 3.936925 1.855527 0.923227 0.697706 -0.765619 0.178349 0.722656 0.140496 -0.404329 -0.066597 0.034446 
4.352991 3.328535 1.912647 1.201813 0.664910 -0.222430 -0.150921 0.204578 0.026176 -0.140471 0.003703 0.025552 
3.805595 2.800247 1.824304 1.033791 0.423518 0.021064 -0.041912 0.181031 0.001138 -0.061674 0.021202 0.039545 
4.899804 3.054092 1.741149 1.122500 1.307094 -0.453813 -0.353142 0.858886 0.239513 -0.265349 -0.066010 0.015008 
5.140718 3.103414 1.314367 1.251225 2.002704 -0.541766 -0.018887 0.606988 0.200866 -0.188663 -0.056725 0.048747 
4.337805 2.619323 1.108914 1.327801 1.652417 0.156918 0.123130 0.398261 0.001853 -0.292712 0.154739 0.091535 
3.697143 2.113772 1.141235 1.254106 1.358117 0.452859 0.309814 0.410147 0.096683 -0.271788 0.137048 0.082732 
4.122780 1.889300 0.490661 1.125208 1.492043 0.511114 0.078452 0.481801 0.374629 -0.455036 0.210759 0.128953 
4.137039 1.766522 0.580043 1.232385 1.912671 0.863108 0.343170 0.680385 0.277234 -0.449764 0.236831 0.137411 
3.740897 1.799588 0.740797 1.318553 2.046422 0.761456 0.310825 0.820243 0.295294 -0.466520 0.092165 0.093763 
3.079272 1.921495 1.042434 0.848038 0.859591 0.601899 0.584494 0.589897 0.356249 0.013497 0.117349 0.088960 
2.906601 2.007740 1.563654 1.492508 1.612559 1.422835 0.869103 0.413133 0.110927 0.080940 0.196889 0.080401 
2.844667 2.157590 1.781845 1.473158 1.398302 0.916374 0.802723 0.598620 0.274130 0.247796 0.197597 0.077145 
2.767550 2.056675 1.730186 1.492778 1.329835 1.332896 1.012814 0.739112 0.386822 0.157357 0.233151 0.079685 
2.757319 2.139502 1.807724 1.509541 1.297191 1.210523 0.886975 0.689388 0.534616 0.108976 0.115836 0.074237 
2.615655 1.961768 1.707005 1.479060 1.336053 0.925401 0.803812 0.699897 0.627672 0.236938 0.122565 0.080034 
2.688269 2.083300 1.748050 1.322699 1.259037 1.016318 0.893092 0.948388 0.802828 0.411322 0.279134 0.080417 
2.635221 2.011358 1.724447 1.411593 1.167418 1.030637 0.921430 0.770577 0.568882 0.306417 0.296083 0.081304 
2.692790 2.207214 1.824135 1.415825 1.033026 1.083071 0.921419 0.683061 0.573181 0.318818 0.274157 0.080835 
2.692360 2.068313 1.788624 1.630411 1.173552 0.999404 0.781601 0.546838 0.426348 0.205272 0.182862 0.078835 
