0.354027 1.176961 3.855330 0.847493 1.671766 0.411964 0.964868 1.093634 -0.017635 0.074925 0.145453 0.148087 
-0.280031 1.066670 3.671560 1.063109 1.354348 0.513581 0.944095 1.612703 0.335212 0.137455 0.265372 0.130851 
-0.595326 1.145273 3.797820 0.865560 1.147561 0.100621 0.864911 1.494475 0.815188 0.166694 0.355287 0.076660 
-1.187407 0.798995 4.162248 0.211994 1.139103 0.417772 0.962219 1.770934 0.876790 0.455985 0.155078 0.061118 
-1.370275 0.758228 4.651968 -0.473092 1.551481 0.482919 1.117591 1.488769 1.011274 0.445614 0.029344 0.108952 
-1.685987 0.352759 4.663836 -0.448469 1.794038 1.096797 0.945151 1.074943 1.081796 0.326137 -0.008229 0.123737 
-1.716200 -0.223606 5.337530 -0.486653 1.613842 1.592170 1.762487 0.432724 0.622171 0.709679 -0.061905 0.085209 
-1.683624 -0.247116 4.827712 -0.754023 0.850567 1.821929 1.203981 0.074779 0.865227 0.642171 -0.061742 0.089001 
-1.460383 -0.451047 5.030956 -0.604464 0.193797 2.243452 1.174536 -0.083354 0.927328 0.635946 -0.059956 0.096344 
-1.527437 -0.536108 4.861493 -0.448332 -0.134934 2.215152 1.289813 -0.028739 0.864770 0.762506 -0.099963 0.096525 
-1.539868 -0.302671 4.144415 -0.358784 -0.689434 2.568568 0.752081 -0.068486 1.153489 0.690587 -0.019488 0.087969 
-1.783090 -0.512231 3.904886 0.497427 -0.593675 2.295921 0.532407 0.218101 1.011428 0.744055 -0.019823 0.061689 
-1.687641 -0.231915 3.714580 0.886140 -0.840317 2.157029 0.517547 0.279043 0.752263 0.877524 -0.002548 0.047408 
-1.682670 -0.389360 3.875928 1.050513 -0.740303 1.852379 -0.063235 0.049563 0.876211 0.815181 0.039510 0.064021 
-1.727153 -0.643699 3.481233 1.269969 -0.942280 1.865877 -0.475937 0.117107 1.227972 0.779060 -0.023499 0.060812 
-1.726457 -0.676037 3.880300 1.797840 -1.389681 1.682206 -0.480433 0.145643 1.198522 0.645798 0.007338 0.072642 
-1.584789 -0.865176 3.819765 1.660437 -1.518024 1.703569 0.006940 0.336730 1.302618 0.505422 0.012881 0.061920 
-1.737507 -0.988952 4.015223 2.036906 -2.159267 1.458926 0.031199 -0.198527 1.254362 0.745294 0.061046 0.066237 
-1.593326 -1.232854 4.308237 1.826870 -1.505220 1.380906 0.076769 0.145183 0.771790 0.858579 0.034559 0.034071 
-1.651786 -1.251726 4.529092 1.769549 -1.557160 0.992283 0.140275 0.206471 1.097986 0.562275 0.106308 0.038990 
-1.318457 -1.197363 4.347964 1.540470 -1.678329 0.950566 0.424406 0.531093 0.996429 0.440254 0.113765 0.008682 
-1.036353 -1.152049 4.166085 1.239200 -1.209419 0.284030 0.222102 0.801355 1.264076 0.237707 0.132352 -0.015233 
-0.497393 -0.555389 3.725691 1.383031 -1.150447 0.090345 0.320976 0.936566 1.567440 0.141278 0.074686 0.032827 
0.643522 -0.174352 3.512165 1.715536 -0.509352 -0.477033 0.674605 1.075958 1.000346 0.378663 -0.049733 -0.005852 
3.127808 -0.056558 1.455634 0.362483 0.889390 0.634585 0.331368 -0.450374 0.192408 -0.435503 -0.628332 -0.005340 
4.368604 0.309013 0.583252 1.044641 1.369726 -0.006143 -0.104763 -0.741481 0.787220 -0.917014 -0.513083 -0.025727 
4.989391 0.661166 0.230794 0.347582 1.831726 -0.757110 -0.714735 -0.736937 0.805012 -1.060952 -0.496472 0.011900 
5.219131 1.134278 -0.269243 0.025496 1.771305 -0.927077 -1.106356 -0.693707 0.585385 -1.229104 -0.420956 0.009119 
4.671126 1.625920 -0.598602 0.365331 1.349421 -0.761956 -1.604849 -0.349859 0.314693 -1.105172 -0.224308 -0.059254 
5.390110 1.788035 -1.044582 0.046817 1.338676 -1.092685 -1.596305 -0.634610 0.196879 -1.158222 -0.332043 -0.019356 
5.358011 1.846373 -0.982911 -0.232563 1.373138 -1.139470 -1.634540 -0.636203 0.066155 -1.115892 -0.335784 -0.029521 
5.137000 1.879818 -0.852131 -0.172389 1.084390 -1.125825 -1.572446 -0.642575 -0.051954 -1.070541 -0.296167 -0.037565 
5.080308 1.910874 -0.859780 -0.301922 1.003632 -1.132101 -1.779242 -0.665014 -0.165244 -1.062742 -0.324287 -0.058229 
5.940739 2.003594 -1.264345 -0.619993 1.442281 -1.687484 -1.754079 -0.922061 -0.308007 -1.036648 -0.583437 -0.063832 
3.940207 1.824744 -0.060265 -0.296932 0.020800 -0.904769 -1.344371 -0.845400 -0.665329 -0.801487 -0.169389 -0.065540 
3.603885 1.609859 -0.038721 -0.283472 -0.218699 -0.986827 -1.246321 -0.844609 -0.648510 -0.636760 -0.193142 -0.077865 
5.336287 2.538055 -1.296426 -0.633542 0.238950 -1.009557 -1.553046 -0.978092 -0.430600 -0.904068 -0.295725 -0.082485 
5.609299 2.262827 -0.841819 -0.965857 0.323955 -1.115740 -1.717868 -0.680887 -0.665319 -0.881900 -0.338922 -0.059253 
3.939565 1.815836 -0.019644 -0.587320 -0.626084 -1.326434 -1.366336 -0.824380 -0.633233 -0.611950 -0.132221 -0.054700 
3.581325 1.922220 0.209172 -0.862614 -1.045282 -1.151210 -1.227014 -1.270785 -0.974346 -0.563977 0.015449 -0.032746 
5.540018 2.180175 -0.853050 -1.217154 -0.051315 -1.582743 -1.724768 -1.072860 -0.531947 -0.922488 -0.260426 -0.028734 
5.105782 2.058519 -0.545298 -0.999516 -0.572265 -1.345834 -1.803008 -0.832045 -0.567610 -0.997016 -0.182381 -0.012897 
4.538098 2.247925 -0.367653 -1.274079 -0.985294 -1.152991 -1.369156 -0.939512 -0.748015 -0.863124 -0.079720 -0.016428 
4.857976 2.111004 -0.753119 -1.127068 -0.629105 -1.188474 -1.630882 -0.916741 -0.647536 -0.952137 -0.114037 -0.006211 
5.683610 2.059787 -1.137600 -1.310171 -0.260207 -1.112608 -1.781407 -1.072284 -0.452007 -0.956434 -0.239644 -0.015170 
4.849597 2.004170 -0.775515 -1.253600 -0.815910 -1.083553 -1.274981 -0.717246 -0.808207 -0.869361 -0.093718 0.014776 
6.557542 1.884803 -2.109499 -1.475534 0.210396 -1.129369 -2.300261 -0.457645 -0.651568 -0.601605 -0.411079 -0.048864 
5.958032 1.865588 -2.129457 -1.319099 -0.274230 -0.758528 -1.972055 -0.659336 -0.287942 -0.739815 -0.327607 -0.050512 
5.535288 1.872415 -2.052504 -1.591631 -0.091517 -0.762933 -1.654451 -0.699010 -0.063295 -0.783933 -0.235344 -0.067802 
4.967449 1.659307 -1.592637 -1.472227 -0.284998 -0.983079 -1.189909 -0.341575 -0.186768 -0.798232 -0.164162 -0.041819 
6.254676 1.974241 -3.058163 -0.977655 -0.171195 -1.070773 -0.992671 -0.675286 0.070112 -0.615393 -0.319560 -0.088045 
5.333235 1.852069 -1.958196 -1.500969 -0.282538 -1.001755 -0.905043 -0.146761 -0.010004 -0.720770 -0.230762 -0.065025 
6.043157 2.092127 -2.992712 -1.242462 0.014686 -1.204417 -0.797566 -0.382393 0.198150 -0.543808 -0.329728 -0.098206 
4.987691 1.688797 -1.652078 -1.568480 -0.500183 -0.797813 -0.642528 -0.168036 0.099271 -0.735896 -0.108946 -0.060894 
5.895312 1.900350 -2.943079 -1.505667 0.465012 -1.585794 -0.602977 -0.118402 0.319305 -0.481205 -0.382914 -0.086554 
5.369593 1.680015 -2.338978 -1.858503 0.161574 -1.135894 -0.599445 0.047315 0.341588 -0.688789 -0.243369 -0.082952 
5.960763 1.771444 -2.937215 -2.004738 1.175491 -1.639296 -0.338804 0.190312 0.214453 -0.318284 -0.468300 -0.070210 
4.897076 1.521121 -1.754278 -1.773147 -0.050774 -0.574878 -0.371698 0.361118 0.273107 -0.762153 -0.055365 -0.048065 
5.434413 1.520475 -2.150405 -1.817909 0.697634 -0.767487 -0.420454 0.513838 0.351478 -0.536374 -0.210677 -0.056257 
5.591742 1.562825 -2.148339 -1.640294 0.942989 -0.593339 -0.331597 0.590831 0.458856 -0.398879 -0.199841 -0.048947 
6.650191 2.030947 -3.069116 -1.320465 1.876608 -1.040689 -0.141164 0.816046 0.250622 0.127462 -0.437383 -0.013217 
5.813856 1.824188 -2.019013 -1.192297 1.326263 -0.221512 -0.247763 0.776339 0.457252 -0.128823 -0.143322 -0.018715 
5.040946 1.908206 -0.995465 -0.776072 0.685503 0.336371 -0.009398 0.611148 0.238605 -0.329316 0.032604 0.011947 
4.630651 2.018330 -0.353679 -0.318833 0.842420 0.422758 0.179545 0.192769 0.068855 -0.353476 0.022914 0.004363 
5.116125 2.342457 -0.254102 -0.147094 1.413736 0.385952 -0.162070 0.139627 -0.111659 -0.295028 -0.038370 0.001005 
4.678993 2.439967 0.224114 0.243170 0.939208 0.585306 -0.272008 0.030536 0.095158 -0.289085 -0.024404 -0.014400 
4.097993 2.191995 0.637690 0.557245 0.743617 0.587471 -0.013429 0.251401 -0.044921 -0.316783 -0.051849 0.005125 
3.432263 2.081994 1.005917 0.630458 1.009032 0.337389 -0.186479 0.035818 0.222693 0.365491 0.192653 0.037882 
3.739157 2.328554 1.068053 0.753143 0.573009 0.368454 0.642609 0.958080 0.749859 0.104228 0.134002 0.019799 
4.118484 2.306449 0.692127 0.508012 1.026559 1.124037 0.928894 1.089615 0.397489 0.096603 0.184883 0.045621 
4.108180 2.414084 0.657678 0.462865 1.355694 1.269363 1.325747 0.901218 0.369369 -0.066839 0.063480 0.026640 
3.958199 2.253287 0.943659 0.616401 1.361870 1.476376 1.448369 0.990018 0.115051 -0.221607 0.054404 0.038117 
4.651871 2.546353 0.759829 0.362189 1.786352 1.641287 1.225542 1.183030 0.007418 -0.500526 0.061399 0.064635 
4.684446 2.804817 0.414096 0.601961 1.677722 1.651264 1.401940 0.904595 0.091852 -0.476249 0.023263 0.050413 
4.230347 2.683619 1.054823 0.384168 1.269560 1.505753 1.595658 0.903624 -0.111439 -0.407742 0.094752 0.056071 
4.006021 2.522272 1.003660 0.580066 1.384298 1.579155 1.182813 0.784300 0.019646 -0.374663 0.073384 0.038902 
3.828225 2.596554 1.262288 0.732771 1.042804 1.332713 1.196711 0.746462 0.031751 -0.268433 0.129996 0.040604 
3.874199 2.581083 1.286896 0.837483 1.072726 1.151294 0.938172 0.616564 0.083596 -0.205204 0.184767 0.053410 
3.725978 2.464684 1.403972 0.965293 1.117275 0.960909 0.806901 0.449185 0.073456 -0.105304 0.181123 0.051976 
3.514900 2.204436 1.265217 1.125356 1.210486 0.984998 0.733150 0.510324 0.187579 -0.017799 0.138912 0.040711 
3.526173 2.274430 1.185766 0.981991 1.126416 0.863379 0.506658 0.500795 0.342596 0.061676 0.144108 0.034001 
3.766055 2.363668 1.136217 1.109734 1.317639 0.906692 0.527012 0.520520 0.214155 -0.049644 0.133095 0.035751 
3.831319 2.246178 1.054943 1.103563 1.454175 0.907673 0.312383 0.560041 0.393782 0.037066 0.075528 0.020919 
3.723845 2.254360 1.075128 0.971688 1.385899 1.072520 0.446673 0.351488 0.410844 0.161077 0.091113 0.022446 
3.579920 2.301663 1.017092 0.869419 1.253418 1.070642 0.515160 0.311485 0.212224 0.019445 0.034549 0.022196 
