3.341471 -0.504664 1.903529 3.370528 0.100435 -0.252447 1.736645 1.195278 1.012565 -0.515525 -0.116423 0.151254 
3.287119 -0.513774 1.904421 3.171752 -0.164741 -1.003065 1.680261 1.100850 0.675005 -0.418973 0.010441 0.159329 
3.322629 -0.858385 1.982945 2.885877 -0.099355 -1.259257 1.065292 0.915703 0.322543 -0.289493 0.126384 0.189296 
2.759223 -0.905361 2.177644 2.626302 -0.508146 -1.135961 0.124023 0.825595 -0.082937 -0.116117 0.259962 0.222382 
2.193633 -1.034258 2.561197 2.706014 -0.629262 0.073246 -0.983421 0.223874 0.272392 -0.174467 0.187768 0.267302 
1.916257 -1.185621 2.784005 2.838549 -0.859715 0.939835 -0.834545 -0.381414 0.295763 -0.064204 0.066154 0.275749 
1.510143 -0.567264 3.012397 2.608251 -0.685740 1.225313 -0.950254 -0.169130 0.445335 0.065627 -0.098110 0.233637 
1.414250 -0.602136 2.972633 2.581903 -0.507811 1.532690 -0.818415 -0.187659 0.606475 0.112366 -0.150558 0.230792 
1.223135 -0.412451 3.587432 2.360654 -1.077581 1.423290 -0.606043 0.154398 0.711618 0.106416 -0.145687 0.244036 
1.107126 -0.225529 3.425445 2.282144 -1.646924 0.926003 -0.605219 0.297867 1.002024 0.186541 -0.043397 0.260666 
0.552111 0.214575 3.187051 3.225322 -2.316187 1.134971 -0.198147 -0.034504 1.218801 0.199085 0.120103 0.160958 
0.288315 0.180998 3.227263 2.694161 -2.231879 1.600701 -0.348248 -0.560300 1.247259 0.292317 0.054911 0.133570 
-0.390104 0.152917 3.371293 2.341068 -0.990651 1.155178 -0.444383 -0.689343 0.713490 0.502068 -0.099431 0.167698 
-0.950729 0.308224 3.541029 2.322808 -0.809758 0.859709 0.331455 -0.852628 0.354532 0.640295 -0.177844 0.171608 
-0.975675 0.226381 3.750628 2.417532 -0.559646 0.656420 0.761833 -0.301434 0.352447 0.594145 -0.220281 0.205903 
-0.863787 0.142915 3.869892 2.269849 -0.485403 0.339648 1.303616 0.310372 -0.090116 0.651047 -0.191627 0.219193 
-1.121939 0.183994 3.506931 1.981986 -0.864916 0.376191 1.958660 0.488561 0.274477 0.673235 -0.185408 0.199066 
-1.391341 -0.048628 4.184806 1.941950 -0.757428 -0.032474 1.965082 0.747542 0.001542 0.731429 -0.086427 0.193301 
-1.753613 0.180007 3.861289 2.467216 -0.435852 -0.203454 1.676650 0.809217 -0.149788 0.784097 -0.171386 0.187715 
-2.085707 0.064389 3.413796 2.590126 -0.595998 -0.328972 1.150463 0.569006 0.188060 0.872842 -0.150238 0.176903 
-2.003159 0.008688 3.429969 3.065502 -0.105648 -0.591974 0.798092 0.754269 0.249560 0.678168 -0.200860 0.177164 
-2.083637 0.039878 3.110045 2.984998 -0.383563 -0.841975 0.885808 0.789961 0.316542 0.627522 -0.032208 0.169103 
-1.802170 -0.236065 2.943326 2.608050 -0.514679 -0.867257 0.528296 0.784865 0.456449 0.544553 0.034999 0.220919 
-1.800224 -0.655544 2.998764 2.397540 -0.769413 -0.465806 1.089115 0.455649 0.770589 0.549149 -0.018593 0.209942 
-1.738074 -0.919813 2.871449 2.152808 -1.079417 -0.336277 1.486492 0.483695 0.617495 0.627322 0.079349 0.197694 
-1.409864 -1.086021 3.120780 2.215825 -1.015658 -0.414246 1.327094 0.286884 0.445866 0.625946 0.039257 0.192310 
-1.237021 -1.035944 3.305269 2.182089 -1.170758 -0.454682 1.643048 0.143484 0.236643 0.599401 0.087134 0.151810 
-0.236045 -1.220963 2.669939 2.002640 -0.595738 -0.809497 1.269931 0.597746 -0.879762 0.588566 0.078049 0.114216 
0.366695 -1.259325 2.549085 1.296677 -0.449968 -0.751146 1.495595 0.310321 -0.846091 0.164173 0.151771 0.092137 
1.479540 -0.510881 0.892506 0.676532 -0.644678 -0.741790 1.356723 -0.321889 -0.592072 0.008318 -0.040620 0.003192 
3.223656 1.340405 0.702331 -0.422341 -0.692891 -0.567882 1.308979 -0.335113 -0.735479 -0.483259 0.046056 -0.048710 
4.221995 1.086729 -0.279009 -0.295196 0.633416 0.210333 0.672291 -0.329013 -0.152930 -0.966570 -0.195556 -0.021635 
4.981046 0.983939 -0.613282 -0.791646 1.477019 -0.393853 0.638824 -0.395799 0.151914 -1.215286 -0.395908 0.036128 
4.646571 1.433144 -0.992983 -0.411011 0.996517 0.177237 0.342270 -0.116725 -0.164576 -1.270191 -0.276450 -0.013875 
4.733670 1.342981 -0.852507 -0.563542 0.913456 -0.263526 0.440411 -0.205954 -0.242322 -1.230554 -0.297842 0.005121 
4.717428 1.353517 -0.815646 -0.700475 0.982382 -0.327919 0.246653 -0.386336 -0.462279 -1.017423 -0.283037 0.001217 
4.948498 1.239254 -0.861088 -0.863314 1.425483 -0.816406 -0.195144 -0.247249 -0.708036 -0.779989 -0.322673 -0.000355 
4.438712 1.533494 -0.886845 -0.816944 0.882390 -0.263525 -0.884285 -0.367364 -0.575092 -0.851094 -0.201550 -0.038020 
4.312541 1.569630 -0.834255 -0.797825 0.345432 -0.126571 -0.649421 -0.902809 -0.584530 -0.755937 -0.155002 -0.038234 
4.510192 1.638981 -0.925835 -0.715326 -0.068464 -0.149080 -0.601886 -0.914052 -0.838341 -0.777198 -0.133904 -0.015571 
4.850116 1.631480 -1.035608 -1.012478 -0.208476 -0.309446 -0.879648 -0.860341 -0.679774 -1.076630 -0.170530 -0.004022 
4.688638 1.738319 -1.093356 -1.414456 -0.175978 -0.246092 -1.033697 -0.770816 -0.673031 -1.120241 -0.165851 -0.026708 
4.424327 1.668468 -1.108711 -1.368822 -0.315279 -0.308627 -0.769046 -0.756866 -0.802416 -1.049505 -0.169893 -0.035833 
4.600122 1.552126 -1.220489 -1.270578 -0.496665 -0.527287 -0.573433 -0.809688 -0.871241 -1.036426 -0.188191 -0.026059 
4.596009 1.587290 -0.982678 -1.545285 -0.521548 -0.511927 -0.529224 -0.749929 -0.812501 -0.926545 -0.155379 -0.030577 
5.495685 1.621267 -1.539260 -1.542696 -0.376589 -0.685484 -0.605759 -0.844441 -0.412666 -0.895067 -0.219993 -0.029155 
5.928518 1.765712 -1.817965 -1.546975 -0.239778 -0.793436 -0.399197 -0.617452 -0.450018 -0.709912 -0.227926 -0.027816 
4.709191 1.916781 -0.926715 -1.727264 -0.644334 -0.078564 -0.316074 -0.241575 -0.479998 -0.625383 -0.047338 -0.026156 
5.186808 2.016874 -1.341108 -1.525008 -0.058289 -0.163774 0.097757 -0.107765 -0.266703 -0.527454 -0.068796 -0.009861 
5.425089 1.986878 -1.559881 -1.501286 0.550891 -0.439742 0.592524 0.113033 -0.251955 -0.421960 -0.106119 0.020125 
5.067043 2.021782 -1.470197 -1.464687 0.706078 -0.339817 0.900747 0.384318 -0.391979 -0.392509 -0.117483 0.028393 
4.633985 1.805022 -1.244683 -1.424404 0.644097 0.316783 0.760822 0.432986 -0.298230 -0.599995 -0.069084 0.009608 
5.963598 2.107639 -2.348580 -1.679933 2.487866 -1.228660 1.142528 0.596066 -0.475786 -0.147420 -0.542689 0.087059 
5.811807 2.001089 -2.315860 -1.685476 2.714807 -1.077937 1.032741 0.798222 -0.518018 -0.156284 -0.595210 0.066578 
4.709044 1.591571 -1.584191 -1.346063 1.620754 0.062152 1.007378 0.809559 -0.548904 -0.705596 -0.292078 0.008875 
5.030611 1.595081 -2.348882 -1.421068 2.707601 -0.331966 0.997978 0.775672 -0.418425 -0.475997 -0.554823 -0.011724 
5.330217 1.615544 -2.921999 -1.555820 3.343705 -0.618307 1.021095 0.876424 -0.298118 -0.201912 -0.757976 -0.014636 
4.854744 1.111841 -2.142433 -1.506405 2.896467 0.019816 1.019258 0.757296 -0.252292 -0.554886 -0.510978 -0.042962 
4.651377 1.004780 -1.939533 -1.275012 2.565604 0.351211 0.890055 0.752402 -0.181174 -0.630767 -0.403882 -0.048299 
4.964051 1.255798 -2.082142 -1.561394 2.542647 0.162966 0.809307 0.617543 0.006560 -0.562154 -0.391492 -0.050436 
5.162734 1.371502 -2.242403 -1.520017 2.105450 -0.029244 0.595738 0.481928 0.182892 -0.544365 -0.343696 -0.046624 
5.078858 1.328188 -1.872706 -1.532874 1.603893 0.158154 0.329529 0.448208 0.241010 -0.576884 -0.201120 -0.030339 
4.667900 1.497185 -1.523076 -1.345663 1.023732 0.442502 0.365535 0.231227 0.060395 -0.592002 -0.043156 -0.011522 
4.823575 1.619087 -1.462454 -1.194416 1.029986 0.523601 -0.032957 0.193736 0.111036 -0.474092 0.031231 0.001256 
4.704459 1.829681 -0.847551 -0.965491 0.956069 0.215087 0.300574 -0.052917 0.020279 -0.367776 0.012803 -0.001866 
5.406208 2.071536 -0.722473 -0.344299 1.282979 0.450166 -0.082908 -0.377354 0.144942 -0.568087 -0.094088 -0.009398 
5.629509 2.466488 -0.903371 -0.421184 2.300271 0.097990 -0.191343 -0.859279 0.088367 -0.365049 -0.072352 -0.022117 
5.615320 2.461467 -0.456311 -0.351465 1.932340 -0.045441 -0.009107 -0.514277 -0.126950 -0.249272 -0.079339 -0.008424 
5.667508 2.309174 -0.437292 -0.558642 2.776296 -0.004545 0.077698 -0.146579 -0.081681 -0.145311 -0.181916 -0.026524 
5.512713 2.337811 -0.156594 -0.674307 2.737976 0.686927 0.530499 -0.143972 -0.044897 -0.170745 -0.153817 -0.034273 
5.670280 2.633160 -0.146135 -1.000204 3.085293 1.011441 0.448767 -0.019219 0.211522 -0.466771 -0.149494 -0.032566 
5.823232 2.438834 0.020706 -0.801914 3.288485 0.555459 0.547265 0.326362 0.150298 -0.435646 -0.264093 -0.000602 
5.512313 2.599794 0.272955 -0.515975 2.164330 0.604573 0.747619 0.560686 0.006877 -0.718467 -0.148144 0.047560 
5.368404 2.371514 0.630761 -0.656054 1.919174 0.147672 1.115247 0.427753 -0.312971 -0.623149 -0.148808 0.078476 
5.961577 2.143880 0.904279 -1.203998 2.724760 -0.292818 0.905046 0.215177 -0.196830 -0.492028 -0.364073 0.098646 
5.970875 2.411763 0.791080 -1.058264 2.322757 -0.141227 0.972093 -0.127078 0.023474 -0.611800 -0.315180 0.092932 
5.261992 2.731042 0.707989 -0.166664 1.384766 0.158805 0.531009 0.454619 -0.031649 -0.901447 -0.107811 0.042361 
4.441386 2.722182 0.872527 0.153647 0.397654 0.650794 0.663511 0.478457 -0.166157 -0.718279 0.052081 0.030228 
4.352115 2.793995 0.769843 0.127793 0.502968 0.359843 0.048571 0.365416 -0.152003 -0.651364 0.037352 0.018113 
6.179931 2.054888 0.629966 -0.147367 1.448856 0.141769 -0.339816 -0.705215 0.310444 -0.597518 -0.219118 0.049269 
3.578570 1.939632 0.482484 0.286461 0.667145 0.089584 -0.512922 -0.595703 -0.457390 -0.261944 -0.014210 0.005401 
4.784914 2.148064 0.344760 0.435862 0.646029 -0.256348 -1.201443 -0.817619 -0.251692 -0.452338 -0.001196 0.008145 
5.184084 2.480657 -0.290040 -0.269774 1.181130 0.151274 -1.707205 -1.432320 -0.300615 -0.361700 0.145203 0.002622 
4.911376 2.038252 -0.163509 0.122002 0.951863 -0.413029 -1.569184 -1.064241 -0.357991 -0.483399 0.133292 0.055514 
4.129022 2.027460 0.000759 -0.181302 0.280305 -0.584300 -1.450603 -1.191486 -0.467704 -0.208293 0.226525 0.049332 
