2.584527 1.969927 1.753303 1.646550 1.228836 1.282458 0.996725 0.741909 0.728766 0.337531 0.282573 0.079785 
2.741064 2.121214 1.933516 1.337792 1.554093 1.478453 0.992173 0.715257 0.379686 0.475857 0.267930 0.082943 
2.706105 1.907777 1.806290 1.582071 1.487487 1.262442 0.976816 0.738752 0.432811 0.309494 0.388747 0.085053 
2.576646 1.977552 1.802347 1.591322 1.371608 1.171867 0.832514 0.717337 0.642349 0.503549 0.162734 0.078314 
2.583173 1.975227 1.622484 1.527404 1.470450 1.090270 0.765091 0.693090 0.395410 0.339440 0.238093 0.077422 
2.702207 2.253302 1.542190 1.283338 1.402736 1.135916 1.100218 0.467348 0.489876 0.501413 0.241088 0.082112 
2.539608 2.139927 1.360999 1.689735 1.121781 0.635445 0.655129 0.625117 0.343601 0.406258 0.242287 0.084759 
2.672215 2.010852 1.077625 2.162869 0.821035 0.568829 0.473989 0.574938 0.330787 0.465263 0.485872 0.093840 
2.499934 1.958345 1.253844 2.174802 1.110061 0.192866 0.118105 0.126501 0.337626 0.444400 0.556791 0.083274 
2.531829 2.149158 1.231295 1.876369 1.309944 0.363458 0.432557 0.098100 0.258471 0.063941 0.334949 0.081671 
2.612168 2.019232 1.682533 1.571600 1.468630 0.332228 0.919748 0.631635 0.552798 -0.282328 0.309636 0.085056 
3.080920 2.066162 1.709444 1.839805 2.528999 0.680811 0.857223 -0.126249 0.918420 -0.342044 0.234902 0.074626 
3.401828 2.669053 1.934084 1.936470 1.620683 1.086339 0.755063 -0.019909 0.180826 -0.820416 -0.067083 -0.007943 
3.653721 3.099634 2.106414 2.277167 1.827711 0.631541 -0.019323 0.014282 -0.094383 -0.633124 -0.103124 -0.050377 
4.834518 3.879703 1.027543 2.032180 1.942741 0.707032 0.419418 0.011378 -0.698099 -1.288542 -0.191729 -0.047896 
3.706560 2.861501 1.910759 1.624975 1.352324 0.579991 0.008607 -0.784888 -0.811438 -0.710328 -0.092808 -0.069772 
3.817437 2.708683 1.568564 0.938541 0.780911 0.310544 -0.045237 -0.568436 -0.422101 -0.740368 -0.270550 -0.089399 
5.198282 2.926821 0.821501 1.022236 1.733129 0.704973 -0.149779 -0.947097 -0.915037 -0.993617 -0.260900 -0.052832 
3.371247 2.405603 1.544565 1.113122 0.364172 -0.030873 -0.485089 -0.514715 -0.790462 -0.742782 -0.327187 -0.093953 
3.454266 2.190011 1.103318 1.006026 0.848921 0.326188 -0.389376 -0.766221 -0.957162 -0.832072 -0.353532 -0.086496 
4.229447 2.652542 1.075103 0.625709 0.753943 0.156043 -0.354059 -0.770101 -0.960144 -1.069803 -0.344399 -0.094213 
4.514397 2.764688 0.872403 0.674314 0.815366 0.211148 -0.683154 -1.073292 -1.308054 -1.125843 -0.289246 -0.075706 
3.876131 2.459168 1.078824 0.390084 0.306348 0.068054 -0.651274 -1.032717 -1.260513 -0.881613 -0.304624 -0.094888 
4.059870 2.555046 1.036362 0.652945 0.663476 -0.004958 -0.739354 -1.176830 -1.300939 -0.852387 -0.277048 -0.088662 
4.613233 2.736268 0.765046 0.110384 0.660497 0.044734 -0.856859 -1.302930 -1.303337 -0.871539 -0.267163 -0.072056 
4.232753 2.530018 0.699047 0.201203 0.470332 0.021707 -1.006304 -1.378571 -1.306387 -0.970032 -0.197545 -0.062124 
5.600763 2.725698 -0.182978 -0.121963 1.247771 -0.078390 -1.624493 -1.378400 -1.166106 -1.313272 -0.367873 -0.070272 
4.670174 2.425611 0.168251 0.071563 0.647121 -0.279056 -1.503551 -1.453153 -1.166778 -1.139915 -0.180796 -0.044205 
4.903082 2.382312 0.030487 0.022290 0.506953 -0.350704 -1.598297 -1.397773 -1.080294 -1.280390 -0.211556 -0.029876 
4.758433 2.432987 0.008524 -0.064047 0.619199 -0.529717 -1.639884 -1.608431 -1.085452 -1.123254 -0.142766 -0.031080 
5.635713 2.411594 -0.566153 0.176451 1.243623 -0.457444 -2.395548 -1.919596 -0.860323 -1.299900 -0.327359 -0.063984 
4.400661 2.363465 0.280682 0.220141 0.505024 -0.574087 -1.649680 -1.629741 -1.138410 -0.997266 -0.097847 -0.034956 
5.353137 2.642737 -0.284412 0.406388 1.029353 -0.478749 -2.088740 -1.664824 -0.903495 -1.137089 -0.281692 -0.072569 
5.658655 2.743054 -0.266718 0.096818 1.052675 -0.431696 -1.766731 -1.707563 -0.716386 -1.292892 -0.370268 -0.091220 
4.434617 2.592964 0.546663 -0.153621 0.164428 -0.435654 -1.014822 -1.276909 -1.151366 -1.020912 -0.213713 -0.054876 
3.712782 2.237845 0.767446 0.133300 0.051074 -0.478604 -1.192401 -1.500352 -1.185868 -0.794598 -0.127048 -0.062796 
4.629871 2.711776 0.394527 0.079432 0.233797 -0.521502 -1.238440 -1.468157 -1.271349 -1.025976 -0.171327 -0.040549 
5.082452 2.729083 -0.100608 -0.079868 0.629219 -0.285228 -1.729003 -1.408618 -0.979328 -0.902402 -0.211687 -0.067512 
3.600890 2.214885 0.805264 0.034226 -0.078533 -0.510540 -1.117705 -1.366378 -1.269639 -0.642289 -0.101042 -0.053435 
3.785727 2.284673 0.912904 0.350725 0.153208 -0.765052 -1.266697 -1.305548 -1.041438 -0.659051 -0.124541 -0.053989 
4.166175 2.379493 0.979433 0.081615 -0.060544 -0.625176 -1.146276 -1.224765 -1.387876 -0.882064 -0.085902 -0.024165 
5.295009 2.968867 0.097774 -0.218935 0.975746 -1.015281 -1.668381 -0.986699 -1.302571 -1.045772 -0.285206 -0.032653 
3.864597 2.247582 0.820324 0.151116 0.033270 -0.600293 -1.218484 -1.331250 -1.236762 -0.812423 -0.050284 -0.024158 
4.669197 2.627565 0.237894 -0.070519 0.668184 -0.805307 -1.026008 -1.082406 -1.114980 -0.866800 -0.181932 -0.018707 
4.160158 2.219667 0.680169 0.180010 0.752733 -0.518658 -1.031429 -0.955811 -1.120063 -0.678517 -0.146634 -0.022765 
5.442037 3.022970 -0.383184 -0.568304 2.937552 -1.245170 -0.734272 -1.010410 -1.089394 -0.589902 -0.437743 -0.007449 
5.086796 2.936878 0.532040 -0.464781 2.556819 -1.324821 -0.678165 -0.446569 -1.305664 -0.429229 -0.309190 0.019488 
4.257604 2.899028 0.878644 0.108310 1.365792 -1.071878 -0.432884 -0.671394 -1.193037 -0.409690 -0.143176 0.032658 
4.139684 2.738550 0.685259 0.353258 1.464430 -0.992510 -0.670280 -0.781711 -0.606640 -0.341281 -0.142066 0.010718 
4.870886 3.047769 0.179617 -0.258514 2.822286 -1.316941 -0.543743 -0.579163 -1.005067 -0.451598 -0.362353 0.014186 
5.261843 3.005375 0.070428 -0.386279 3.436450 -1.602055 -0.669824 -0.785923 -1.037518 -0.445178 -0.460971 0.028850 
4.055688 2.656985 0.797750 0.083179 1.264656 -0.909420 -0.547641 -0.738784 -0.928974 -0.416781 -0.197497 0.002761 
3.908986 2.874409 0.755209 -0.208190 0.722714 -1.048033 -0.155124 -0.809968 -1.104705 -0.396175 -0.187976 0.020310 
5.141235 3.564402 0.605893 -1.737691 3.485565 -2.275950 -0.179748 -0.453158 -1.365616 -0.532779 -0.567861 0.051559 
5.094713 3.369899 1.007266 -1.952183 3.632595 -1.832100 -0.403309 -0.373524 -1.245223 -0.515332 -0.424062 0.025193 
4.609635 3.432768 0.566841 -1.182206 2.171413 -1.459759 -0.318179 -0.335743 -1.099782 -0.432461 -0.198912 0.036380 
4.034630 2.821005 1.028400 -0.514656 1.162476 -0.483917 -0.766363 -0.580872 -0.723769 -0.445708 -0.014775 0.009181 
3.765945 2.405462 0.535111 0.005113 0.266259 0.073419 -0.349981 -0.534694 -0.894221 -0.423039 -0.139814 0.000222 
4.521653 3.633879 0.032532 -0.847785 1.789521 -0.772385 -0.314791 -0.164327 -1.206154 -0.908089 -0.248897 -0.028827 
5.012172 3.267248 -0.246980 -0.753697 2.592504 -0.895844 -0.737154 -0.458757 -0.758199 -0.930037 -0.361615 -0.075031 
4.638286 2.737584 -0.010910 -0.476851 1.744070 -0.545802 -0.814774 -0.563369 -0.893788 -0.717265 -0.272381 -0.063984 
3.821107 2.416469 0.358316 -0.197764 0.758427 -0.386664 -0.849848 -0.684839 -0.820341 -0.452712 -0.236365 -0.063596 
5.133711 3.298941 -1.072776 -0.695773 2.509281 -0.576300 -1.168801 -0.460365 -0.728635 -0.661811 -0.421056 -0.130875 
5.480552 3.249239 -0.835613 -1.567767 3.066018 -0.801172 -0.877383 -0.464937 -0.747855 -0.776623 -0.519460 -0.148817 
5.774769 2.893394 -0.681898 -1.805450 3.057796 -0.915873 -1.110588 -0.433164 -0.675718 -0.847779 -0.569872 -0.141176 
5.471150 2.524160 -0.338253 -1.423024 1.995094 -0.441949 -0.887803 -0.325841 -0.336401 -1.211118 -0.406355 -0.077920 
6.049550 2.162289 -0.162662 -2.380320 2.938290 -0.996662 -1.544590 0.037699 -0.609202 -0.801582 -0.520097 -0.115875 
5.985076 1.992543 -0.250747 -2.036479 2.456301 -0.938846 -1.528382 0.400894 -0.371386 -0.840199 -0.428381 -0.072100 
5.997222 2.017143 -0.306891 -2.023720 2.725672 -0.906408 -1.303184 0.547849 -0.184646 -0.629836 -0.394607 -0.053683 
5.392625 2.065009 -0.589615 -1.486812 2.114089 -0.654423 -0.779044 0.550947 0.008422 -0.754196 -0.277211 -0.011161 
5.676190 2.235475 -0.550063 -1.835594 2.930281 -1.007270 -0.674195 0.627787 0.126866 -0.470771 -0.373536 -0.023334 
5.667454 1.954717 -0.320055 -1.711307 3.156865 -1.015752 -0.500469 0.631856 0.166203 -0.369478 -0.404390 -0.005598 
5.394103 1.728746 -0.111555 -1.344408 3.001210 -0.899071 -0.529000 0.788353 0.297241 -0.435121 -0.324560 -0.002291 
4.880101 1.546429 -0.138498 -0.178830 2.258619 -0.564787 -1.062094 0.728198 0.566849 -0.334039 -0.054678 0.003350 
5.302572 1.171069 0.252216 -0.410742 3.060858 -0.737202 -1.257355 0.738911 0.697173 -0.113287 -0.065246 0.027987 
4.551399 1.591040 -0.006065 0.506178 2.460456 -0.674672 -1.474007 0.972140 0.983857 0.092827 0.096399 0.007943 
5.038789 1.520173 0.060084 0.703402 2.181264 -0.785106 -1.222164 0.832138 1.368793 0.214723 0.057541 0.050506 
4.159177 1.807386 0.586236 0.584839 2.789963 -0.153635 -0.826967 1.031636 0.998783 -0.083398 -0.100860 -0.031728 
3.997674 2.196539 0.903084 0.645942 2.683525 0.266996 -0.530470 0.859898 0.751436 0.035516 0.036753 -0.016858 
3.423703 1.925128 0.749121 0.829964 1.688877 0.807040 0.066694 0.641955 0.380092 -0.035576 0.040381 0.037340 
3.960644 2.397302 0.550179 0.116944 2.865332 0.184927 -0.174198 0.647852 0.663817 -0.043279 0.061221 -0.000514 
4.115203 2.076732 0.824275 0.072813 3.342072 0.090341 -0.113437 0.599346 0.952227 -0.129548 0.010202 0.011783 
3.499694 1.783241 0.952207 0.683526 2.708659 0.591156 0.286918 0.747579 0.581902 -0.150509 -0.124948 0.022141 
3.605705 2.121370 0.885647 1.001018 2.577539 0.173238 0.227116 0.786157 0.871223 -0.019908 -0.142944 0.006072 
4.359051 2.133140 0.914918 0.969109 3.346005 0.315400 0.296098 0.989054 1.546445 -0.150173 -0.001162 0.027840 
