2.832158 0.724232 1.163454 0.852247 1.448855 1.811292 1.866530 0.070135 0.449818 0.667981 0.262151 0.066920 
2.940276 1.191391 0.932374 0.800570 1.203993 2.092598 1.890768 -0.322098 0.510125 0.668372 0.394149 0.090789 
3.070655 0.831025 0.848202 0.429385 1.480636 1.945111 1.920294 -0.428096 0.555342 0.680456 0.235664 0.095057 
3.021593 0.952948 1.171711 0.686213 1.478778 1.989055 1.502473 -0.298393 0.557694 0.760210 0.275603 0.084814 
3.154375 1.133296 1.058403 0.756501 1.784682 1.982346 1.535167 -0.373390 0.642310 0.412440 0.029137 0.085253 
2.879141 1.011829 1.151461 0.511363 0.850216 1.779518 1.402964 0.029937 0.457716 0.544243 0.206443 0.087152 
3.390948 0.961486 1.265965 0.078522 0.476011 1.511765 1.410280 -0.377009 0.462963 0.753761 0.286469 0.101030 
2.968149 1.311926 1.168601 -0.192277 0.444112 1.084895 1.749588 -0.354312 0.462988 0.395065 0.268971 0.119464 
3.224250 1.400034 0.666317 0.131438 0.077097 1.531092 2.327876 -0.938165 0.901145 0.162232 0.584408 0.138509 
2.244666 2.400767 -0.951376 0.204238 0.750537 0.586342 1.547158 -0.732540 0.820056 -0.083715 0.773514 0.101019 
1.666097 1.452990 -1.388958 -0.009594 1.712324 0.675241 0.628755 -0.441986 0.976059 -0.274470 0.538814 0.153140 
1.589136 1.995926 -1.720407 -0.122050 3.534579 0.284374 1.478211 -0.178977 0.669637 -0.110849 0.194959 0.127192 
1.028983 1.474879 -1.039113 -0.482080 2.719858 2.035072 1.257036 -0.335413 1.386782 -0.462680 0.143532 0.145804 
0.977998 1.354005 -0.834237 -0.579634 3.249843 2.667898 1.647433 -0.212262 1.450423 -0.444698 0.041990 0.151737 
1.179347 1.227859 -1.220907 -1.607020 2.239813 2.283459 2.101692 0.000935 1.732964 -0.094218 0.067484 0.053609 
1.849173 1.917286 -0.233392 -1.270054 2.025429 2.178590 2.048634 0.355399 2.120058 0.117270 0.020066 0.006776 
2.746004 1.757885 -0.523973 -0.563265 2.796405 1.223051 2.277723 0.942989 2.134445 0.533362 0.011727 -0.087344 
3.408318 1.724282 -0.664343 -1.092183 2.966080 0.278849 1.981957 0.800468 2.087235 0.629601 -0.047014 -0.076133 
3.569964 1.727392 -0.539284 -0.988990 2.732590 0.037232 2.130085 0.891402 1.817685 0.647510 -0.093323 -0.048741 
4.007241 2.382161 -0.792680 -1.069000 3.041912 -0.122904 2.033673 0.593713 1.787931 0.736466 -0.040660 -0.056053 
4.745059 3.005330 -1.063400 -1.435443 3.398737 -1.258791 1.767810 0.524141 1.712552 0.890540 -0.060275 0.016863 
4.344837 3.013536 0.542826 -0.804895 1.709360 -0.977086 1.723821 -0.081553 1.100394 0.909940 0.070981 0.063361 
3.935962 3.019906 1.121996 0.135526 0.899354 -0.608556 0.489333 0.051505 0.962601 0.854886 0.242832 0.031659 
4.719448 3.566763 0.743047 -0.160602 1.220668 -0.658766 0.566066 -0.239604 1.232400 0.615646 0.327172 0.039067 
4.956646 4.157751 0.791912 -0.477045 1.083739 -0.647443 0.597612 -0.033435 1.155330 0.347494 0.317247 0.033181 
4.778478 3.782381 0.802643 0.086834 0.037217 0.124000 0.383154 0.435250 0.814616 0.196771 0.247166 0.011533 
4.570111 3.600318 1.271573 -0.254489 -0.011589 -0.015550 0.356922 0.505231 0.287579 0.323298 0.122820 0.011424 
4.898382 3.931353 0.629029 -0.926582 0.139925 -0.286016 1.249680 0.690267 0.498831 -0.008497 -0.003468 -0.016919 
5.081097 3.811381 0.915598 -1.313827 0.531385 -0.457658 1.215630 0.349795 0.405886 -0.245954 -0.128809 -0.030087 
5.251701 3.946926 0.962441 -1.499482 0.556379 -0.774924 1.332546 -0.080148 0.158985 -0.435853 -0.278252 -0.034682 
4.852456 3.634233 1.262288 -0.949827 0.314627 -0.660775 0.976690 -0.234710 0.017494 -0.645484 -0.247495 -0.055926 
4.811891 3.846238 1.410125 -0.718060 -0.137087 -0.773000 0.983553 -0.319821 -0.207963 -0.817780 -0.314397 -0.101004 
5.199630 3.695049 1.404373 -0.854567 0.549979 -1.013179 1.205515 -0.397552 -0.263776 -0.977054 -0.447072 -0.078006 
6.150075 4.126370 1.019588 -0.720526 0.956586 -1.221195 1.673254 -0.950947 -0.199784 -1.124886 -0.621182 -0.070266 
5.522559 3.670052 0.989874 0.035282 -0.046116 -0.016596 0.459356 -0.217619 -0.554370 -1.026122 -0.396848 -0.101505 
4.954871 3.661476 1.604750 -0.026539 -0.009155 -0.360867 0.539172 -0.161217 -0.813056 -1.102036 -0.334182 -0.095812 
4.857785 3.291405 1.686101 0.600618 0.209539 -0.280215 0.095298 -0.239494 -0.853156 -1.426245 -0.243947 -0.060255 
5.231531 3.282397 1.118320 0.640797 1.036168 -0.660950 -0.432816 -0.307842 -0.572385 -1.536625 -0.364700 -0.059303 
4.599212 2.900052 1.428079 0.761644 0.493272 -0.155511 -0.442997 -0.510502 -1.088201 -1.195348 -0.124068 -0.018293 
5.629600 3.045971 1.019509 0.265579 2.017779 -1.008339 -0.655694 -0.340743 -0.675330 -1.488462 -0.522702 -0.042139 
4.944075 3.016041 1.051187 0.506037 1.559450 -0.787994 -0.572992 -0.277206 -0.985451 -1.203022 -0.302359 -0.029766 
4.850583 2.936559 1.211228 0.616058 1.748223 -0.493007 -0.710585 -0.493624 -0.956883 -1.152375 -0.246110 -0.032278 
4.126644 2.566895 1.516589 1.047652 1.221142 -0.386823 -0.822949 -0.869191 -1.032428 -0.643181 -0.087706 -0.030668 
5.268950 2.686246 0.993034 0.438108 3.676146 -1.700966 -0.822712 -0.716236 -0.664032 -0.745628 -0.549616 -0.007374 
5.319238 2.471351 0.985245 0.472094 3.863407 -1.076006 -1.020146 -0.716626 -0.647798 -0.570545 -0.422969 -0.024801 
5.207117 2.587957 0.725728 0.949957 3.900016 -1.040345 -0.862839 -0.645128 -0.622886 -0.526379 -0.406847 -0.018065 
4.931388 2.190096 1.326294 1.168747 2.745559 -0.352377 -1.078846 -0.490278 -0.456677 -0.474548 -0.177650 -0.032863 
4.877307 2.537663 1.195617 1.200970 2.735384 0.313408 -1.124886 -0.618191 -0.523248 -0.809705 -0.089297 -0.022424 
5.794204 2.321144 1.854733 -0.024046 4.650233 -0.578660 -0.613883 -0.877992 -0.322804 -0.753709 -0.571515 0.049764 
4.768019 2.688700 1.392735 1.117984 2.658211 -0.084469 -0.675791 -0.504470 -0.503995 -0.604409 -0.115105 -0.022527 
4.961152 2.739939 1.617844 0.968213 2.667659 -0.388931 -0.588546 -0.393281 -0.501279 -0.703550 -0.127697 -0.001599 
4.489498 2.839119 1.755596 1.257383 2.099845 -0.271058 -0.229975 -0.612158 -0.570055 -0.366623 -0.115432 -0.025605 
5.591147 2.855479 2.342666 -0.636738 3.693884 -0.740467 -0.111585 -0.975500 -0.369475 -0.277087 -0.419013 0.049497 
4.218410 3.249657 2.116664 0.974423 1.676962 -0.496812 -0.241442 -0.587383 -0.331752 -0.238122 -0.107884 -0.025803 
5.008462 3.360487 2.056999 -0.644139 3.235423 -0.984565 -0.191918 -0.647259 -0.382921 -0.165004 -0.168769 0.031565 
4.455323 3.304114 2.320024 0.323555 2.009998 -0.682956 -0.464697 -0.578409 -0.256506 0.099157 -0.088258 -0.003511 
5.150631 3.533951 2.136357 -0.949426 3.195210 -0.828569 -0.550954 -0.589528 -0.115253 -0.046029 -0.017675 0.038267 
4.553833 3.589957 1.859493 0.042209 2.035116 -0.800569 -0.161546 -0.478205 -0.334803 0.238427 0.033736 0.053618 
3.949995 3.080417 2.019402 0.785047 0.721643 -0.894674 -0.487088 -0.286391 0.192628 0.327713 0.009871 0.029916 
5.025946 3.158257 1.574863 -0.001938 2.199094 -1.371219 -0.440381 -0.316062 -0.058390 0.433561 0.005079 0.051788 
4.510543 3.056554 1.204273 0.611849 1.688638 -1.335164 -0.789778 -0.338637 0.259090 0.431314 0.047804 0.033242 
5.859062 2.494216 0.959714 -0.520580 3.731369 -1.774903 -0.377585 -0.563652 0.496827 0.417918 -0.240482 0.119287 
3.823237 2.278601 1.253777 1.167142 1.240170 -0.061635 -0.252222 -0.439010 0.091375 0.176200 0.220294 0.031346 
5.446005 1.852175 1.248389 -0.534727 3.871977 -1.085969 0.037130 -0.605813 -0.000391 0.392147 -0.018778 0.196284 
4.385059 2.690128 0.705525 0.165743 2.283294 0.008541 0.715953 -0.518593 -0.393744 0.339987 0.293738 0.112550 
4.888986 2.634419 0.926716 -0.618372 2.711518 -0.065850 1.174247 -0.547252 -0.477591 0.480625 0.195060 0.156698 
5.185181 2.563453 0.640917 -1.023607 3.150620 -0.471370 1.102583 -0.298353 -0.370167 0.768736 0.256791 0.209832 
4.496089 2.568630 0.932541 -0.743510 1.868677 0.485642 1.026084 -0.027460 -0.200034 0.833442 0.491059 0.162925 
4.023499 2.421440 0.927096 -0.208031 1.693147 0.832949 0.867227 0.338755 0.198811 0.815412 0.566123 0.127093 
4.361125 2.653873 1.190215 -1.265087 2.070448 0.923526 1.211889 0.537224 0.217571 0.763282 0.605975 0.187360 
3.716822 2.298932 1.260921 0.143477 1.753705 1.041224 1.104411 0.519612 0.472212 0.928265 0.548371 0.109300 
3.622167 2.352844 1.843961 0.621109 1.916880 1.148700 1.031974 0.060317 0.583755 0.962514 0.543233 0.124708 
3.305107 2.342260 1.917723 0.585165 1.331709 1.165043 0.728370 0.349971 0.402222 1.041642 0.565541 0.109255 
3.633634 2.287493 1.381471 0.796458 1.301233 1.709535 0.849226 0.085561 0.644863 0.896815 0.777479 0.157746 
3.498885 1.904997 1.428752 0.789824 0.993921 1.756151 1.339806 0.373396 0.712555 0.867502 0.725741 0.126666 
4.087618 1.918748 1.530878 0.760298 1.633688 1.103758 1.359646 0.222708 0.310181 0.785882 0.841091 0.199091 
4.245012 1.842504 1.316544 0.491790 1.662884 1.185261 1.699065 0.356172 0.282132 0.854776 0.829298 0.206346 
3.531071 2.045239 1.244258 1.016072 1.748034 1.002517 1.312725 0.387777 0.100094 0.879999 0.715505 0.128619 
4.282592 1.909236 1.695261 -0.289714 2.367026 0.642108 2.047943 -0.521895 0.213798 1.151771 0.676481 0.271773 
4.421339 2.024356 1.849750 -0.803061 2.499573 0.655129 2.283782 -0.736531 0.192085 1.340829 0.586001 0.322028 
3.196406 2.128488 1.577719 0.265128 1.842891 1.287576 1.215273 0.089147 0.058403 0.967598 0.499141 0.109174 
3.793561 2.069446 2.073592 -0.598576 2.163893 0.479214 2.795623 -0.169956 -0.161184 1.339154 0.588555 0.260890 
3.761232 1.858389 1.750356 -0.256790 2.355294 0.673746 3.125521 0.014618 -0.108333 1.336203 0.483318 0.217760 
3.302535 2.182667 1.354792 0.210574 1.809146 1.178689 2.284574 -0.049530 -0.049797 1.255184 0.502199 0.158084 
3.043173 1.651266 1.543853 0.833590 1.525303 1.305934 1.543231 0.114381 0.243032 1.041280 0.440802 0.079549 
