3.515198 2.765424 2.298208 1.348857 0.931175 0.053311 2.389624 1.337693 -0.033346 0.067574 0.135420 0.026227 
3.268474 2.031754 2.219124 1.484133 1.169087 0.597083 1.796826 1.249721 0.073383 0.080222 0.202519 0.040053 
3.367083 1.578301 2.319771 1.178472 0.821922 0.762642 2.373731 1.299473 0.112808 0.615615 0.318323 0.031643 
3.406351 1.305722 2.446134 0.413857 1.050544 1.038591 2.398725 1.119011 -0.260242 0.656313 0.156808 0.011726 
3.372391 1.376412 2.330087 0.599405 0.755842 0.839723 1.716577 1.059842 -0.312306 0.589404 0.179404 0.017113 
3.144275 1.537153 1.919418 0.629491 0.823268 0.809493 1.296264 1.166363 -0.420380 0.227955 0.200581 0.051486 
3.441965 1.556629 1.778524 0.965770 1.073116 0.821715 1.546879 1.417720 0.590467 0.219736 0.321617 0.080713 
3.307831 1.478304 1.893911 1.411938 1.075220 0.840506 1.382966 1.432549 0.975907 0.429029 0.236198 0.070043 
3.137659 1.537156 1.830642 1.797391 1.237349 1.116370 1.610378 0.704121 0.938403 0.603079 0.294211 0.065658 
3.249977 1.514851 2.165371 1.250665 0.996557 1.573463 2.019200 0.587120 1.061325 0.516331 0.175549 0.066905 
3.104821 1.442392 2.269912 1.132344 0.541828 1.659851 1.546371 1.175874 0.521637 0.509257 0.200269 0.047288 
3.046272 1.402603 2.544523 0.568763 1.002710 1.171396 1.430722 1.311720 -0.107470 0.694026 0.107472 0.006196 
2.836859 1.549300 2.243931 0.166437 0.824969 0.890428 1.076846 1.061172 -0.254943 0.483163 0.314603 0.042873 
2.929075 1.302199 1.178897 0.066538 2.068862 1.229038 1.114350 0.766062 -0.604821 0.129385 0.286844 0.111322 
3.025840 1.368897 0.552412 -0.014585 2.025368 1.722843 1.519002 0.470425 -0.489105 -0.283665 0.104990 0.146429 
2.538957 1.488019 -1.105851 0.835407 2.413420 1.718112 1.668247 0.758848 -0.197285 -0.262959 0.389722 0.165882 
2.337855 1.266576 -1.674160 0.750259 2.726167 2.365802 1.188340 0.862545 0.106612 -0.321983 0.486662 0.118244 
1.581526 1.236084 -2.294769 1.112455 0.838480 3.336867 1.517229 1.406527 -0.380519 0.062858 0.572531 0.080096 
1.215747 0.979555 -2.520807 1.054478 0.949277 3.174367 1.375507 0.756744 -0.092458 -0.071191 0.452784 0.101564 
1.403210 1.477380 -3.155259 0.926674 0.942900 3.576721 1.746974 1.027319 -0.234748 -0.317601 0.332715 0.102014 
1.414486 1.621932 -3.272606 0.778490 1.770023 3.363176 1.631473 0.681802 -0.101799 -0.253973 0.218597 0.104710 
1.853254 2.032355 -3.291052 0.743621 2.186526 2.967209 1.597745 0.634267 -0.006292 -0.269209 0.163843 0.075055 
2.338710 2.075398 -2.538475 0.407433 2.200475 2.581077 2.049818 0.667579 0.193179 -0.178689 0.100278 0.032469 
3.103072 2.393998 -2.159362 -0.116270 2.556633 1.033355 2.402570 1.189229 0.662462 0.204463 0.203443 0.012174 
3.238074 2.821945 -1.368505 -0.368029 2.447595 0.291435 2.317461 1.698596 0.844198 0.598590 0.119991 -0.006789 
3.249828 2.701612 -0.414854 -0.561708 2.130278 0.226569 1.957896 1.723082 0.735288 0.893599 0.147945 -0.014775 
3.409393 2.945772 0.062030 -0.621632 1.669475 -0.185274 0.920750 1.280492 0.815331 1.084972 0.276645 0.012139 
3.432759 2.761633 0.198917 -0.675336 1.272552 -0.212178 0.343216 1.190362 0.509990 0.957614 0.449670 0.037971 
3.754253 3.842850 -0.791453 -0.736030 2.065802 -0.560009 -0.461177 0.770434 0.876746 0.882096 0.551481 -0.015869 
3.585008 3.681370 -0.512930 -0.546702 1.497216 -0.376854 -0.524036 0.712080 0.709234 0.638081 0.672943 0.024920 
3.648547 3.430071 -0.272548 -0.210444 1.479000 -0.803483 -0.742867 -0.510945 0.968636 0.501902 0.699895 0.054222 
3.764612 3.321559 -0.074418 0.200780 1.142083 -0.924911 -0.504117 -0.776298 0.938142 0.364736 0.659236 0.076957 
4.412381 4.462507 -0.804137 -1.179186 3.024729 -2.010913 -0.720257 -0.960102 0.762812 0.559503 0.478599 -0.000156 
4.095987 3.832197 -0.372363 -0.222579 1.544187 -1.433561 -1.041837 -0.671554 0.257557 0.619365 0.287999 0.062479 
4.361774 3.618445 1.092667 -1.539884 1.864675 -1.402631 -0.856761 -0.428511 -0.164170 0.421610 0.192191 0.050771 
4.629616 3.693542 1.029526 -1.553874 1.918251 -1.196565 -1.157935 -0.616518 -0.451517 0.215976 0.105418 0.007329 
4.688971 3.482348 0.729562 -0.887043 1.853219 -0.473671 -1.688469 -0.589803 -0.477250 -0.222835 0.128790 -0.048244 
4.846469 3.216113 0.431694 -0.220609 1.804630 -0.411492 -1.682280 -0.867578 -0.406874 -0.291533 0.024879 -0.054792 
4.086549 2.861822 0.862958 0.318385 0.591903 -0.184664 -0.934101 -1.070886 -0.930142 -0.191132 0.015832 0.005280 
5.140530 3.132219 0.356050 -0.049547 2.109172 0.025987 -1.708870 -0.849319 -0.591259 -0.600934 -0.042715 -0.067384 
5.257654 3.035121 0.422950 0.193504 1.701554 0.245831 -1.691479 -0.881845 -0.780113 -0.719386 -0.081946 -0.045871 
4.220587 2.718593 0.886354 0.500856 0.819205 -0.122209 -0.947705 -0.949588 -0.762469 -0.595177 -0.048922 -0.028025 
4.098909 2.559135 0.829694 0.928952 1.153934 -0.151474 -0.980327 -1.133685 -0.831326 -0.473521 -0.050053 -0.037259 
5.182183 2.808565 0.384924 0.615146 2.003815 -0.012573 -1.687433 -0.993610 -0.822823 -0.665945 -0.102476 -0.043679 
4.960324 2.742426 0.588769 0.795537 2.185004 -0.573096 -1.395440 -0.955359 -0.860116 -0.612317 -0.165512 -0.046473 
4.025942 2.572019 1.091737 0.730458 1.154949 -0.178785 -1.017398 -1.116522 -0.863451 -0.432273 -0.089640 -0.055898 
4.665953 2.705002 1.020398 0.744556 1.998135 -0.280969 -1.454830 -1.223134 -0.908937 -0.450739 -0.103761 -0.066992 
5.013040 2.745973 0.817419 0.744428 2.360845 -0.403760 -1.605823 -1.416487 -0.833258 -0.336226 -0.136315 -0.083973 
4.520980 2.657129 0.847604 1.122306 2.068061 -0.338066 -1.336084 -1.114396 -0.552093 -0.350465 -0.173628 -0.089805 
4.789607 2.900652 1.166587 1.191072 2.954934 -0.994369 -1.749948 -1.296276 -0.647704 -0.081040 -0.262124 -0.116907 
4.243723 2.734352 1.855261 1.776751 2.340742 -0.851175 -1.995870 -1.376645 -0.631931 0.094169 -0.299706 -0.135357 
4.822362 2.861989 1.534120 1.064878 3.937328 -1.720428 -1.933808 -0.939613 -1.068871 0.313158 -0.423408 -0.128456 
4.500341 3.014452 1.461072 1.079927 3.501332 -1.282087 -1.930334 -0.827103 -1.229966 0.287568 -0.327715 -0.121195 
3.677819 2.519872 1.492738 0.615838 1.449382 -0.149659 -0.947373 -0.761392 -0.880186 0.015965 -0.257580 -0.088346 
4.977337 2.605548 1.580691 0.347209 4.707313 -1.463641 -1.894270 -0.817650 -1.459675 0.044408 -0.362683 -0.126683 
4.922840 2.696481 1.643110 0.552764 4.259310 -1.440457 -1.945913 -0.979447 -1.187440 0.156938 -0.335408 -0.134411 
4.470564 2.511241 1.659200 1.020929 3.639615 -1.653248 -1.880187 -1.123141 -1.155319 -0.036965 -0.297621 -0.107818 
3.654278 2.468230 1.435833 0.592286 1.414874 -0.693424 -1.600318 -1.020593 -0.859748 0.058270 -0.187623 -0.089682 
4.792841 2.638620 1.458110 0.450223 4.299880 -2.021966 -2.036704 -1.188446 -1.186044 0.153932 -0.406435 -0.109480 
4.964182 2.642998 1.220575 0.279751 4.286407 -1.921230 -1.922237 -1.158601 -1.310632 0.078744 -0.376325 -0.086466 
4.006764 2.532246 1.920972 1.040207 2.470858 -1.363545 -1.964125 -1.072660 -0.999171 0.042000 -0.217221 -0.108851 
4.717451 2.721071 1.501036 0.258832 4.064616 -1.993498 -2.111038 -1.005932 -0.869775 0.255826 -0.348551 -0.115260 
3.626036 2.886629 1.631910 1.096330 1.732388 -1.336489 -1.572447 -1.128251 -0.491862 0.220131 -0.253752 -0.063223 
4.706256 2.928634 1.605695 0.187781 3.969510 -2.221011 -1.888733 -1.128836 -0.714952 0.494473 -0.333824 -0.063022 
3.657752 2.487016 1.872099 1.042958 1.683357 -1.069089 -1.745735 -1.057831 -0.493970 0.472298 -0.126945 -0.039013 
4.501550 2.768382 1.554037 0.535506 3.078736 -1.952873 -1.176897 -1.402880 -0.766712 0.645529 -0.128089 0.032027 
3.584437 2.513922 1.270670 1.221096 1.027932 -1.202163 -0.888240 -1.035338 -0.300703 0.290039 0.014778 0.012098 
4.433753 3.151802 0.991261 0.629046 2.821718 -1.930269 -0.869277 -1.232810 -0.819060 0.413355 -0.086952 0.068067 
3.882069 2.983694 1.494339 0.502112 1.265319 -0.809430 -0.069892 -0.880869 -0.915348 0.147346 0.116884 0.059621 
5.341250 2.688616 1.692348 0.162437 3.025493 -1.569345 0.032145 -0.742351 -0.838387 0.720830 0.040848 0.129443 
4.258653 2.872344 1.268958 0.952164 2.379652 -0.777169 -0.175414 -0.552029 -0.363815 0.642341 0.183621 0.088062 
4.600451 2.776990 0.856285 0.987429 2.557052 -0.168601 -0.288027 -0.541140 -0.033461 0.667414 0.283899 0.071937 
4.178147 2.431257 0.896869 0.938783 2.392423 0.493350 -0.095080 -0.358078 0.294463 0.731408 0.351297 0.053996 
3.751692 2.165943 1.359028 1.044814 2.018220 0.787811 0.214637 -0.394986 0.286200 0.672913 0.260124 0.036663 
3.714273 1.925756 1.250842 1.364455 2.011626 0.537808 0.016454 -0.131724 0.184175 0.662887 0.320397 0.047934 
4.405751 2.125388 2.202060 0.556356 2.746046 -0.443828 0.532801 0.180466 0.458010 0.721707 0.101558 0.082824 
3.736039 2.417964 2.197359 1.312045 1.528870 0.247421 0.180701 0.143956 0.362743 0.380519 0.187473 0.056233 
3.301422 2.388534 1.866192 1.161999 1.542979 0.371853 1.013689 0.706287 0.434673 0.478679 0.177391 0.053581 
4.066565 2.387938 1.979144 1.603994 2.269112 -0.175355 1.652798 0.532215 0.255617 0.424562 0.228518 0.107773 
3.598670 2.387881 2.369551 1.713947 2.400275 0.478063 1.433888 0.416735 0.156321 0.432383 0.272468 0.078757 
3.331394 2.296720 2.537410 1.843095 2.018246 0.821318 1.094247 0.088749 0.456366 0.477844 0.250116 0.053637 
3.280660 2.470410 2.482700 1.921419 1.949148 1.276228 0.781413 -0.252204 0.443599 0.861215 0.244977 0.048502 
3.862820 2.084310 3.440567 1.397702 2.134791 0.962351 0.850758 -0.793482 0.576309 1.096177 0.186079 0.078768 
3.406965 2.448860 2.524408 1.875054 1.765902 0.921819 0.708914 -0.593241 0.427826 1.023732 0.218644 0.046885 
3.766825 2.612099 2.688394 1.730095 1.671373 1.641287 0.673791 -0.777494 0.575035 0.763498 0.225415 0.069469 
