-0.953079 3.620466 2.227849 -1.251397 2.397799 1.248465 0.206331 0.763502 1.391842 0.152660 0.476143 0.057849 
-0.710131 3.810304 2.432739 -1.708338 1.943373 1.227543 0.573572 1.265223 1.662078 0.258630 0.471734 0.040300 
-0.974269 3.717262 2.164888 -1.948983 2.290928 0.373931 1.332762 1.671451 1.594881 0.686894 0.109964 0.088954 
-1.493403 3.687891 2.853630 -2.227424 1.606538 0.206378 1.750599 1.476866 1.508360 0.859831 -0.075413 0.139722 
-1.504934 3.813004 2.224765 -1.766471 1.538116 0.204299 1.994065 1.171393 1.543519 0.846893 -0.106752 0.124156 
-1.701346 3.737773 2.383445 -2.059582 1.873265 0.723942 2.564970 0.733848 1.398828 0.653594 -0.265423 0.178970 
-1.812725 3.590431 2.538086 -1.976771 2.136580 1.022749 2.670572 0.319231 0.954687 0.486773 -0.218854 0.178832 
-1.976420 3.530595 2.479242 -2.049777 1.927381 0.994657 2.811782 0.092940 1.244992 0.455606 -0.283046 0.216364 
-1.790974 3.572841 3.015604 -1.905640 2.199716 0.862979 2.603130 -0.201983 1.278817 0.487370 -0.245211 0.231896 
-2.036149 3.286340 2.918246 -1.398315 2.160133 0.823364 2.236590 -0.004272 1.383240 0.427455 -0.157851 0.229514 
-2.436762 3.747665 3.447810 -1.680985 2.044582 0.865071 2.237200 0.027832 1.681251 0.256865 -0.048061 0.215735 
-2.452569 3.761771 3.426609 -2.206627 1.919731 1.235835 2.170360 0.096087 1.472313 0.098813 0.010924 0.178732 
-2.510128 3.647603 3.407049 -2.149734 2.218497 1.079820 1.773571 0.123572 1.190620 -0.006466 0.200906 0.131767 
-2.216684 3.315138 3.508714 -2.165179 2.643654 0.746267 1.554787 0.274397 1.040701 0.060543 0.282956 0.088674 
-2.216721 3.658339 3.687320 -2.625719 2.052656 0.613467 1.672746 0.734240 1.048734 0.224519 0.257106 0.046868 
-2.157812 3.228389 3.489191 -2.264654 1.883259 0.926787 1.865481 1.001069 0.933219 0.262894 0.233775 0.018102 
-1.987976 2.475231 3.500207 -1.627802 1.496549 0.850564 1.494970 1.002952 1.010602 0.352700 0.244219 0.024085 
-1.582571 2.250629 3.088374 -1.723516 1.223056 1.046172 1.698394 0.333289 0.892255 0.254774 0.189158 0.097378 
-0.950908 1.876269 3.182055 -1.212548 1.802618 1.269200 1.545025 -0.027034 1.207458 0.013422 0.271348 0.103200 
-0.457504 1.717418 2.766172 -0.939050 1.696640 1.437955 1.015638 0.006668 1.109622 -0.175475 0.421807 0.092565 
0.395204 1.614909 2.243335 -0.757666 2.269317 1.561164 0.912871 0.123878 1.055986 0.017179 0.103181 0.185930 
0.583817 1.798464 2.742364 -0.295408 1.160056 1.912867 0.340019 -0.325425 0.968218 0.154192 0.157803 0.152334 
2.489328 2.326859 2.530223 0.284672 1.151248 0.265932 -0.735807 -0.541534 0.724597 -0.341361 -0.123041 0.023941 
3.383973 1.872745 2.059947 0.706989 1.339566 -0.269454 -1.445900 -0.586722 0.802962 -0.581563 -0.175910 -0.049537 
4.075108 1.817309 1.444171 0.547872 1.355697 -0.235169 -1.476387 -0.688898 0.645568 -0.970686 -0.094475 -0.040898 
4.749273 2.323885 0.374471 -0.001553 2.375248 -1.158025 -1.682753 -0.520758 0.198308 -1.274247 -0.120585 -0.037396 
4.826005 2.684865 -0.124045 0.147094 2.314239 -1.451614 -1.644870 -0.436084 -0.251153 -1.155613 -0.232096 -0.050611 
5.101614 2.814360 -0.136984 -0.143257 2.452093 -1.594520 -1.533889 -0.607865 -0.399839 -1.166856 -0.358607 -0.055381 
4.781328 2.750830 0.306581 0.150923 1.419059 -1.299114 -1.524444 -0.633225 -0.500165 -1.078702 -0.231375 -0.060305 
4.429362 2.603480 0.646492 0.254459 0.854822 -1.172217 -1.231784 -0.880621 -0.648886 -0.823992 -0.203177 -0.063573 
4.676579 2.808717 0.799081 0.173756 0.665924 -1.406083 -1.084056 -1.109342 -0.798980 -0.825970 -0.235400 -0.056742 
5.154100 3.122667 0.726636 -0.450947 1.015022 -1.755068 -1.287873 -1.337203 -0.839828 -0.793560 -0.299197 -0.059170 
4.101532 2.802566 1.074686 -0.016970 -0.476711 -1.045483 -1.223285 -1.370112 -1.035853 -0.739674 -0.148606 -0.060376 
4.568389 3.043901 1.019964 -0.297974 -0.062277 -1.512066 -1.394048 -1.681439 -1.204010 -0.758352 -0.147534 -0.034688 
4.871752 3.198423 0.790563 -0.222641 0.031788 -1.728555 -1.584807 -1.734333 -1.151754 -0.759902 -0.160659 -0.029514 
4.959337 3.128735 0.749592 -0.444656 0.089042 -1.732923 -1.658840 -1.684792 -1.139914 -0.851432 -0.156525 -0.024284 
4.375447 2.838177 1.072864 -0.214566 -0.589483 -1.559910 -1.773203 -1.524421 -1.009597 -0.766308 -0.083471 -0.031452 
5.785652 2.886960 0.586761 -1.018254 0.550019 -2.215560 -1.456523 -1.761516 -0.813587 -0.993270 -0.351634 -0.013742 
3.745931 2.506211 1.153168 0.081565 -0.762440 -1.746999 -1.925302 -1.319945 -0.840423 -0.447953 -0.102698 -0.051504 
5.230716 3.273438 0.427381 -0.706033 -0.385934 -1.284306 -1.566930 -1.449283 -0.900078 -0.693296 -0.158611 -0.043176 
3.801864 2.632975 1.188434 -0.226798 -0.742564 -1.453677 -1.615663 -1.472766 -1.000517 -0.480776 -0.090600 -0.055136 
5.256651 3.043445 0.685987 -0.411191 -0.508752 -1.746156 -1.726135 -1.312481 -0.924651 -0.599927 -0.165512 -0.041374 
3.617203 2.388958 0.849806 -0.430944 -1.059876 -1.473949 -1.463462 -1.192409 -0.895123 -0.441851 -0.049759 -0.071740 
5.088106 2.879275 0.232657 -0.600624 -0.746502 -1.685174 -1.870286 -1.124625 -0.615115 -0.563377 -0.132677 -0.058360 
3.899707 2.199873 0.469499 -0.438965 -0.911432 -1.498362 -1.846169 -1.322847 -0.732408 -0.387949 0.000703 -0.064115 
5.199215 2.720475 -0.067943 -0.802443 -0.551925 -2.219278 -1.763165 -0.981071 -0.497336 -0.540713 -0.154744 -0.055840 
4.273083 2.423771 0.325805 -0.692886 -0.824735 -1.959740 -1.750688 -1.186809 -0.707035 -0.390568 -0.027869 -0.055418 
4.611244 2.475848 0.070358 -0.635251 -0.822895 -1.746724 -1.853336 -1.093943 -0.355807 -0.310275 -0.082197 -0.082468 
5.043607 2.418849 -0.162450 -0.645261 -0.462747 -1.944890 -1.980451 -1.064494 -0.156331 -0.262591 -0.128858 -0.097639 
4.582392 2.387755 0.078920 -0.464348 -0.588282 -1.682879 -2.145511 -1.122330 -0.122926 -0.146172 -0.115112 -0.111463 
5.414847 2.572234 -0.502630 -0.418944 0.068474 -2.130085 -2.129052 -1.123355 0.155126 -0.205004 -0.207988 -0.132049 
4.301116 2.418511 0.468343 -0.149137 -0.362963 -1.550309 -1.778479 -0.879247 0.060767 -0.150357 -0.256676 -0.137941 
5.586476 2.792135 -0.360091 -0.084949 0.426598 -1.470047 -1.607942 -0.931824 0.332111 -0.286731 -0.292958 -0.166917 
4.356596 2.464150 0.397623 -0.000370 -0.007317 -0.905827 -1.139447 -0.632159 -0.095074 -0.219985 -0.280344 -0.129543 
6.345185 2.819569 -1.236088 0.059291 1.274554 -1.931915 -0.645232 -0.672944 0.244972 -0.334804 -0.444604 -0.117573 
4.717393 2.429146 0.157986 -0.207131 0.080717 -0.698047 -0.859703 -0.372179 -0.038777 -0.262425 -0.236325 -0.115526 
5.937599 2.506445 -0.680464 -0.137809 1.006313 -1.547180 -0.770092 -0.128665 0.084826 -0.194452 -0.365205 -0.107498 
4.321599 2.407444 0.369866 -0.330692 -0.054155 -0.642427 -0.458876 -0.312859 -0.137020 -0.021218 -0.232648 -0.109348 
5.609837 2.592478 -0.492893 -0.070351 0.667080 -1.116446 -0.416517 -0.452732 0.462558 -0.398223 -0.269571 -0.111133 
5.567184 2.651835 -0.682847 -0.409898 1.326392 -0.919724 -0.105694 -0.734238 0.265801 -0.244113 -0.222538 -0.092946 
5.531999 2.435899 -0.592446 -0.039945 1.009447 -0.814398 -0.468748 -0.534261 0.488803 -0.259458 -0.178179 -0.090108 
4.310748 2.094464 0.240739 -0.172110 0.512020 -0.250776 -0.495706 -0.156667 0.142706 0.031720 -0.072895 -0.069396 
5.214602 2.491282 -0.197157 -0.098660 0.733802 -0.612832 -0.181621 -0.352902 0.628597 0.094837 0.033005 -0.044623 
4.469976 2.549561 0.316501 -0.099922 0.204299 -0.260269 -0.442408 -0.156250 0.503792 0.322357 0.134956 -0.024120 
4.881261 2.820497 0.350531 -0.065200 0.052355 -0.408469 -0.399464 -0.072748 0.300518 0.251537 0.198666 0.017921 
4.536725 2.987848 1.208643 -0.173771 -0.060873 -0.658648 -0.257863 -0.236877 0.262708 0.431707 0.185356 0.028582 
5.010581 2.569576 0.418946 0.062077 0.438875 -0.009306 -0.411556 -0.036275 0.527881 0.276223 0.237539 0.031959 
3.533023 2.455392 1.125143 0.203900 0.031942 0.480274 0.649418 0.280953 0.226316 0.193036 0.288675 0.039104 
4.168576 3.133754 1.587279 0.908125 0.953279 0.486655 0.115001 0.010316 0.204499 0.237687 0.183641 0.047896 
4.233820 2.830415 1.597977 1.200771 1.138315 1.207418 0.673597 0.416818 0.390603 -0.060728 0.267699 0.067424 
5.137307 3.081021 1.417510 0.650921 1.462912 0.444721 1.385728 0.379283 0.670363 -0.216258 0.268801 0.131622 
4.577443 3.152272 1.551445 0.837208 1.298771 0.652656 0.826802 0.361139 0.308651 0.134580 0.409439 0.131080 
4.841094 3.262173 1.529435 1.110516 1.008721 0.803177 0.509466 0.114977 0.682087 -0.027159 0.348473 0.107363 
4.550248 2.958253 1.399045 1.115305 1.097647 0.979864 0.587725 0.258025 0.621070 -0.016903 0.359938 0.103442 
4.794110 3.153362 1.503576 1.121458 0.965443 0.930926 0.768485 0.297188 0.447954 -0.083781 0.303511 0.100552 
4.093844 3.086782 1.999919 1.206710 0.936085 0.835648 0.774960 0.230476 0.120761 0.053149 0.292303 0.074760 
4.056249 3.110839 2.095195 1.159309 1.041423 0.960704 0.864334 0.419351 0.187603 -0.019876 0.291602 0.070107 
4.335166 3.153448 2.080382 1.491972 1.469849 0.451379 0.327260 0.449845 0.388238 0.328722 0.268970 0.077821 
4.312311 2.894678 1.663381 1.454503 1.594686 0.903436 0.578939 0.347716 0.591032 0.127802 0.323211 0.082994 
3.994940 2.879559 1.630140 1.538566 1.626018 0.833799 0.658766 0.408557 0.552239 0.199330 0.326466 0.075311 
3.779776 2.843294 1.783664 1.378796 1.262213 1.031481 0.808483 0.805673 0.530587 0.021980 0.241641 0.049213 
4.138365 2.978707 1.875465 1.225076 1.288260 0.872410 0.920671 0.712587 0.293561 0.033549 0.308280 0.078718 
3.637047 2.662052 1.847629 1.346972 1.219590 1.007514 0.847411 0.541103 0.420591 0.277700 0.370177 0.077341 
3.557099 2.634090 1.738143 1.150199 1.148747 1.187172 0.985361 0.835269 0.477591 0.173364 0.348213 0.067633 
3.584696 2.744277 1.800586 1.357935 0.997223 0.952585 0.929486 0.723844 0.471110 0.264809 0.312260 0.065026 
