2.949998 1.360836 1.855402 1.380457 0.625137 0.635174 1.853205 0.364757 -0.168322 0.531400 0.443865 0.068143 
2.809767 0.926018 2.260463 1.057182 -0.149347 1.619335 2.605973 0.168024 -0.218964 0.063279 0.443763 0.064261 
3.196385 0.740152 2.626911 0.587954 0.065151 1.019066 1.940095 0.005431 -0.277256 0.071188 0.442859 0.108108 
3.206411 0.649393 2.185047 0.345034 -0.246469 0.647945 1.271971 -0.115231 -0.173699 -0.025708 0.519978 0.165707 
3.242132 0.720048 1.836285 1.051309 0.055512 0.727654 0.491268 0.307309 0.102759 -0.185203 0.399169 0.161561 
3.433156 0.855320 1.120388 1.404051 0.562576 0.499617 0.259171 0.150595 0.596848 -0.275826 0.291171 0.157395 
3.195069 0.363727 1.973199 0.963242 0.217944 0.987542 0.077176 0.018175 0.690533 -0.289296 0.056199 0.162220 
2.932936 0.204647 1.815757 1.235091 0.654869 1.835768 0.146205 0.601848 0.876747 -0.232405 -0.034770 0.138465 
2.850512 -0.081465 1.962703 1.108986 0.759813 1.659625 -0.001919 -0.269743 1.071925 -0.191419 0.096249 0.179503 
2.852931 -0.045883 2.120351 1.056185 0.775228 1.727570 -0.333150 -0.393537 0.774057 -0.273445 0.087091 0.173125 
3.214998 0.591514 1.873461 1.114882 0.709524 1.288042 -0.575133 -0.304358 0.541796 -0.680584 -0.061211 0.148837 
3.302941 0.734811 2.110079 0.983830 0.479061 1.266557 -0.293946 -0.150925 0.489239 -0.775700 -0.071750 0.176709 
3.120917 1.197315 2.008945 1.035901 0.132294 0.911193 -0.039725 0.233599 0.285103 -0.568340 -0.024410 0.134021 
3.075553 1.014890 1.990284 0.997980 0.777373 0.464130 0.707132 0.199196 0.270269 -0.593807 -0.219166 0.120856 
3.173339 1.252917 2.224005 1.042973 0.869727 0.090832 1.417244 0.760110 0.531541 -0.462649 -0.103753 0.101825 
3.027541 1.032478 1.879866 1.056010 1.111717 0.268199 1.080239 0.765660 0.748254 -0.259836 -0.039675 0.113369 
2.884525 1.390220 1.562570 1.136637 1.463176 0.258937 1.030054 0.742527 0.705760 -0.339643 0.111998 0.111358 
2.953109 1.269694 1.575114 0.951803 1.552601 -0.086358 0.635126 0.501557 0.334385 -0.114239 0.122754 0.121045 
2.944313 1.364670 1.767728 1.307889 1.616739 0.134437 1.189026 0.443654 0.617078 0.004296 0.179767 0.109603 
3.038928 2.012696 1.816501 1.833214 1.409655 0.117635 0.423171 0.214827 0.148898 0.001972 -0.133190 0.050981 
3.781133 2.632821 2.800527 2.131085 1.534714 0.266218 0.359703 -0.479112 -0.032397 -0.420604 -0.180598 -0.019969 
4.139289 3.063412 3.059169 1.942706 1.214024 0.253175 -0.354091 -0.569382 -0.154743 -0.649498 -0.183824 -0.043355 
3.630919 3.097826 2.307928 1.124040 0.524297 -0.047931 -0.318679 -0.445033 -0.460332 -0.458051 -0.300427 -0.078448 
3.505208 2.945484 2.287145 1.264672 0.535470 -0.006792 -0.444017 -0.927187 -0.911781 -0.677233 -0.292004 -0.110291 
5.074938 3.313223 3.437954 0.546279 -0.371769 -0.917660 0.154529 -1.736066 -1.115674 -1.352414 -0.470323 -0.117248 
3.954031 3.165980 2.028363 0.824753 -0.246493 -1.030141 -1.305041 -1.626054 -1.454059 -0.901634 -0.199754 -0.102015 
3.652995 2.830095 1.931689 0.709678 -0.325368 -0.951748 -1.365060 -1.540848 -1.396747 -0.919011 -0.118123 -0.100890 
3.974749 3.140653 2.371113 0.750903 -0.480912 -1.260115 -1.821216 -1.941747 -1.719861 -1.031518 -0.176415 -0.095197 
5.066499 3.358409 1.649540 0.240051 -0.520740 -1.109646 -1.567175 -1.638603 -1.513609 -1.718041 -0.295841 -0.062261 
4.529983 3.145821 1.682596 0.288294 -0.777349 -1.295211 -1.657993 -1.332563 -1.303844 -1.176331 -0.137177 -0.042998 
3.786452 2.785599 1.689367 0.254410 -1.094407 -1.635046 -1.542129 -1.266660 -1.183041 -0.741134 -0.070195 -0.031013 
5.209213 3.100951 1.220971 0.251697 -0.834844 -1.896025 -1.999586 -1.112442 -1.016035 -1.614346 -0.281883 -0.020910 
4.936022 3.139969 1.030531 -0.050769 -0.870893 -1.857298 -1.510831 -1.043235 -1.230860 -1.446516 -0.194589 -0.010697 
4.220342 2.856415 1.216424 -0.020371 -0.954172 -1.557780 -1.320038 -1.292370 -1.148138 -0.839592 -0.061929 0.005525 
3.953618 2.767669 1.330000 -0.197328 -1.311525 -1.511770 -1.381031 -1.243951 -1.089942 -0.746315 -0.045350 0.000412 
5.298445 3.183019 1.111487 -0.513595 -1.469817 -1.992332 -1.334988 -0.654573 -1.027327 -1.655256 -0.308876 -0.033776 
5.508974 3.007639 0.939321 -0.403622 -1.136396 -1.813137 -1.641380 -0.775724 -0.892496 -1.659737 -0.369962 -0.021713 
4.169374 2.889050 1.397507 -0.120743 -1.180515 -1.527071 -1.476837 -1.218553 -1.166544 -0.984571 -0.035288 0.000424 
3.398431 2.367372 1.098514 -0.053927 -0.847562 -1.348523 -1.418156 -1.396828 -1.113383 -0.571347 -0.013745 0.008095 
3.996993 2.719221 1.414490 0.077822 -0.760412 -1.264702 -1.359432 -1.249887 -1.115070 -0.802675 -0.025465 0.009843 
7.101210 2.634812 0.986103 -0.255524 0.229596 -2.856708 -1.101577 -0.766290 -0.837876 -1.329098 -0.766011 -0.040652 
4.231722 3.013667 1.278554 -0.017304 -0.825998 -1.545639 -1.385100 -1.347157 -1.280542 -0.997589 -0.035040 0.001218 
3.595386 2.476961 1.194227 0.036100 -0.835357 -1.392753 -1.366471 -1.285136 -1.162812 -0.735271 0.013110 0.000129 
3.832704 2.578105 1.347600 0.363386 -0.570861 -1.520209 -1.582813 -1.436204 -1.277319 -0.749284 0.001969 -0.001378 
5.002443 3.099000 1.040171 0.412793 -0.296750 -1.768638 -1.463131 -1.277964 -1.312577 -1.345127 -0.190538 0.000499 
4.345875 2.877097 1.228919 0.566606 -0.167380 -1.289479 -1.556859 -1.479397 -1.347965 -1.064627 -0.030045 0.002613 
4.219203 2.724724 1.602655 0.604046 -0.443341 -1.132959 -1.377582 -1.167770 -1.380975 -0.986115 -0.002454 0.004613 
4.303990 2.880068 1.483550 0.407193 -0.431701 -1.169296 -1.118145 -0.960266 -0.960153 -0.861089 -0.056306 0.001547 
4.869748 2.992333 1.249858 0.659827 -0.060126 -1.485965 -0.808274 -0.428682 -0.874125 -1.235321 -0.161257 0.010376 
4.839420 2.944387 1.110961 0.629966 0.780062 -1.719905 -0.757468 -0.564696 -0.642887 -1.037595 -0.191746 0.018368 
3.726268 2.396054 1.363644 0.655141 -0.021673 -0.839347 -0.374550 -0.540352 -0.774453 -0.680268 -0.083185 0.004300 
5.260657 2.646536 0.839225 0.578299 1.275236 -2.097891 -0.308790 -0.264337 -0.692502 -1.061731 -0.325033 0.067259 
3.818581 2.658062 1.417869 0.579883 -0.071715 -1.053450 -0.713349 -0.880618 -0.759611 -0.515624 -0.036817 0.008757 
5.318711 2.750604 1.045979 0.659626 0.702060 -1.619885 -0.628886 -0.131242 -0.722338 -0.969624 -0.217498 0.049470 
4.173799 2.741689 1.562408 0.582568 0.021337 -1.156001 -0.733049 -0.630670 -0.797052 -0.602945 0.010357 0.033143 
4.080991 2.421463 1.505236 1.016576 0.116881 -1.483794 -0.788701 -0.493362 -0.664795 -0.453988 0.004734 0.050174 
3.869226 2.383414 1.199929 0.680938 -0.146259 -1.009689 -0.601244 -0.401537 -0.531399 -0.487822 0.029129 0.053336 
5.402337 2.167774 1.249486 1.144568 1.019735 -2.566320 -0.438400 -0.763516 -0.616018 -0.443733 -0.124573 0.095158 
5.051088 2.168205 1.350976 1.246054 0.833528 -2.123275 -0.649309 -0.749555 -0.609756 -0.374785 -0.077235 0.068528 
4.146776 2.585813 1.310345 0.459335 -0.156792 -1.046647 -0.814019 -0.693937 -0.663465 -0.400665 -0.071620 0.018356 
5.393854 2.648149 0.729689 0.382803 0.969554 -2.201737 -0.396203 -0.851296 -0.669958 -0.603919 -0.213222 0.064173 
4.313402 2.549647 0.986925 0.235602 0.033032 -0.962360 -0.605706 -0.644610 -0.630830 -0.530395 -0.061025 0.026939 
6.344898 2.288138 0.246834 0.369373 1.468500 -2.520896 -0.020836 -0.863719 -0.665367 -0.711464 -0.352291 0.105940 
5.007654 2.777909 0.979979 0.530785 0.078780 -1.267375 -0.469986 -0.492645 -0.632603 -0.738320 -0.075566 0.041907 
5.481120 2.843336 0.772870 1.024672 0.648849 -1.657364 -0.525783 0.143130 -0.470719 -0.960273 -0.229222 0.062234 
4.260673 2.627622 1.351402 0.922782 0.110971 -1.173725 -0.752510 -0.072963 -0.370953 -0.660339 -0.075344 0.013632 
6.143727 2.983532 0.592444 1.240165 1.014046 -3.020798 0.552892 0.077048 -0.222052 -1.176720 -0.452226 0.091903 
4.923561 2.842386 1.301091 0.826855 0.031010 -1.748209 -0.291859 0.050045 -0.243150 -1.172832 -0.179531 0.003272 
4.598055 2.839925 1.065780 0.504265 -0.288969 -1.348583 -0.172954 0.038020 -0.604947 -1.106503 -0.122744 -0.017237 
5.107502 3.064355 0.554069 0.314917 0.520756 -1.727429 -0.170460 -0.115513 -0.567115 -0.892610 -0.275434 -0.011957 
5.044122 2.940470 0.841894 0.447202 0.286461 -1.757737 0.097721 -0.020944 -0.352955 -0.814798 -0.220407 -0.012499 
4.850790 2.938936 0.988150 0.585592 0.496085 -0.902659 -0.040982 0.084697 -0.150533 -0.692770 -0.182870 -0.032679 
4.530649 2.845741 1.237579 1.058247 0.441156 -0.945211 -0.122754 0.001450 -0.232828 -0.526859 -0.112263 -0.019165 
5.380869 2.666761 0.905979 0.755498 1.594406 -1.442034 0.321693 0.112432 -0.121515 -0.737383 -0.258886 0.045090 
4.485426 2.431309 1.217389 1.028495 0.741390 -0.460024 0.153067 0.385900 -0.034251 -0.618206 -0.042388 0.019472 
4.865936 2.362030 0.908858 1.175538 1.144361 -1.081740 0.022705 0.357406 0.359597 -0.975796 -0.088763 0.072110 
5.799383 1.693710 0.944566 0.861669 2.152217 -1.838417 1.117545 0.351289 0.179321 -0.872368 -0.422924 0.171497 
5.032349 2.037035 0.428076 1.284728 1.812445 -1.229297 0.499920 0.744912 0.092473 -0.795121 -0.206397 0.102977 
4.275500 1.801048 0.542638 1.242637 1.506956 -0.486007 0.324087 0.893736 0.079307 -0.759513 -0.110176 0.056677 
5.893327 1.055822 0.637165 0.722249 2.762256 -1.709586 1.433689 -0.034042 0.340561 -0.577195 -0.500356 0.214157 
5.394500 1.587416 0.565632 0.446603 1.865360 -0.551762 0.405494 0.392394 0.579652 -0.965920 -0.170528 0.166103 
4.681235 1.540349 0.221499 0.752436 1.661081 0.130326 0.213237 0.559326 0.592433 -0.845162 0.037089 0.131359 
4.809366 1.530882 0.271592 0.374143 1.416144 0.425974 0.317859 0.521855 0.714620 -0.862708 0.054817 0.152384 
4.510510 1.076677 0.039452 0.149664 0.970286 0.391727 0.156212 0.476658 0.809334 -0.611076 0.150414 0.188746 
4.158699 0.909929 0.585588 0.764889 1.114185 1.053191 0.426772 0.430098 0.409750 -0.637615 -0.064404 0.130892 
