2.553696 2.015548 1.730816 1.500120 1.272874 1.069310 0.963342 0.775984 0.577296 0.362473 0.208190 0.080070 
2.572821 2.014555 1.678152 1.452221 1.338005 1.200784 1.074152 0.855954 0.588133 0.387913 0.174441 0.080156 
2.577951 1.994628 1.681612 1.524364 1.228285 1.138549 1.006020 0.813884 0.609823 0.382054 0.233330 0.079753 
2.565532 2.045280 1.792310 1.522095 1.325968 1.177590 0.962855 0.840616 0.625440 0.440937 0.246485 0.080020 
2.587616 1.985753 1.694612 1.431514 1.237145 1.117660 0.995503 0.873058 0.690073 0.434881 0.245526 0.079144 
2.561893 1.974296 1.689405 1.520992 1.361506 1.235473 1.093472 0.807842 0.609725 0.438269 0.233154 0.080057 
2.548621 1.991031 1.672859 1.452858 1.312784 1.105658 0.977154 0.840031 0.620498 0.396739 0.201691 0.080043 
2.574099 1.962409 1.710665 1.455297 1.249837 1.168996 1.063009 0.828048 0.552067 0.400160 0.210960 0.079664 
2.580057 2.038845 1.768131 1.523301 1.306328 1.113423 0.961673 0.714228 0.601997 0.398769 0.215634 0.080167 
2.588568 2.008407 1.693304 1.456874 1.222316 1.173502 1.057403 0.816442 0.594955 0.378094 0.191281 0.079750 
2.613788 2.019369 1.720010 1.551250 1.306510 1.164445 1.066731 0.868359 0.586591 0.366071 0.218950 0.079545 
2.506340 1.949564 1.711158 1.591546 1.441284 1.212019 0.968896 0.753612 0.534933 0.351729 0.218771 0.080556 
2.581014 2.055181 1.725371 1.535543 1.381976 1.093407 1.027885 0.793926 0.578581 0.399138 0.234362 0.080027 
2.589622 2.037627 1.735447 1.548806 1.381682 1.206981 1.034432 0.776712 0.597833 0.380227 0.226256 0.080293 
2.554388 1.915191 1.584145 1.413270 1.415948 1.351720 1.150866 0.798659 0.427397 0.316785 0.182489 0.081780 
2.641676 2.024673 1.507159 1.450553 1.299311 1.638930 1.097340 0.858006 0.373498 0.294568 0.199333 0.083380 
2.471469 2.180656 1.459865 1.279389 1.603230 1.035917 1.295390 0.602618 0.697963 0.183323 0.308145 0.078430 
2.222770 2.638867 0.504693 1.329063 1.341616 1.885837 1.548394 0.611202 0.345415 0.186482 0.292036 0.086709 
2.078000 2.494698 0.278756 1.653670 1.685434 2.211036 1.461324 0.525128 0.319933 0.187307 0.353490 0.092450 
2.199602 2.731158 -0.081936 1.525423 1.391903 1.823288 1.809201 0.548603 0.464761 -0.076084 0.279891 0.073016 
2.250827 2.465955 0.082610 1.433012 1.428826 1.929835 1.725434 0.348489 0.464646 -0.111372 0.297669 0.078820 
2.289028 2.256037 -0.216368 1.239139 1.394100 1.981896 1.608972 0.883089 1.046957 0.155554 0.328721 0.038733 
2.680189 2.361393 -0.790323 0.801659 1.472920 1.829324 1.285661 0.604491 1.259299 0.515074 0.265108 0.019443 
2.967110 2.284468 -0.567062 0.465999 1.040369 1.728308 1.464305 0.944541 1.346337 0.917241 0.291666 0.021100 
2.933115 2.065281 0.031800 0.785654 1.137207 1.709470 1.747256 1.197514 1.349513 0.911359 0.360446 0.027202 
3.087796 2.012969 0.557159 0.501831 0.752590 1.184370 1.371890 1.385129 1.266561 0.853901 0.382390 0.039223 
3.436875 2.504636 0.478359 0.372701 0.587008 0.729728 1.342837 1.603357 1.378404 0.983604 0.448704 0.060869 
3.716283 3.146700 0.596077 0.192366 0.667415 0.254208 1.015337 1.001861 1.316783 1.155277 0.431256 0.101568 
3.493730 2.889900 0.341187 -0.029280 0.200200 -0.064520 0.810348 0.820318 1.391197 0.962752 0.460076 0.093541 
3.299833 2.381029 1.226443 0.265683 0.244417 -0.163881 0.583178 0.845112 1.184409 1.073562 0.561610 0.119730 
3.568651 2.725379 1.052791 -0.147938 -0.034994 -0.448161 0.672831 0.741942 1.006256 0.948323 0.557499 0.141175 
4.221604 3.387051 0.930770 -0.788023 -0.019430 -0.905246 0.814426 0.370738 0.673544 1.036176 0.437499 0.182757 
4.317746 3.636929 1.132072 -0.361719 -0.129231 -0.795831 0.910456 0.370082 0.766051 0.743149 0.493140 0.171787 
3.654748 2.939018 1.314578 0.196048 -0.078057 -0.693877 0.186708 0.076740 0.639627 0.776201 0.436240 0.160894 
3.725425 2.925826 1.734903 0.370265 -0.028555 -0.226273 0.198940 0.394728 0.439416 0.497595 0.363984 0.121781 
4.339657 3.698233 1.931107 0.188855 0.051588 -0.511098 0.498474 0.372296 0.122791 0.291755 0.194581 0.088248 
4.192359 3.562196 1.803594 0.473976 0.053731 -0.131505 0.306560 0.013750 0.044595 0.111502 0.137439 0.078728 
3.855005 3.251229 1.981348 0.633343 0.566172 -0.004297 0.277206 -0.236594 -0.269167 0.147334 0.046490 0.073498 
3.318729 2.593914 1.912842 0.889541 0.460242 0.002046 -0.270164 -0.133957 -0.254627 0.112265 0.165875 0.096694 
3.822068 3.336244 2.209415 1.000397 0.657368 -0.140807 0.087610 -0.343084 -0.262995 0.133595 0.036233 0.068577 
3.935877 3.379828 2.117197 0.945994 0.819310 -0.234858 0.073592 -0.398421 -0.360149 0.157612 0.029963 0.074106 
4.333720 3.807912 2.213203 1.015429 0.814961 -0.093850 0.167301 -0.481315 -0.347795 -0.038776 0.026193 0.059853 
3.215993 2.476693 1.974413 1.220930 0.970545 0.218843 -0.110813 -0.302476 -0.341033 0.014585 0.046593 0.066859 
3.271013 2.739412 2.068751 1.292513 0.880717 0.151601 -0.127547 -0.370791 -0.326802 -0.038551 0.054329 0.063809 
3.557257 3.085522 2.403125 1.538572 1.053737 0.312692 0.001089 -0.245235 -0.300712 -0.089401 0.034732 0.039499 
3.951081 3.476526 2.434353 1.435865 1.039592 0.005842 0.168955 -0.415560 -0.362807 0.138598 -0.003920 0.050703 
3.790812 3.140481 2.485645 1.561340 1.166772 0.217870 -0.131370 -0.185061 -0.340591 -0.014690 0.016177 0.038403 
3.214333 2.680267 2.117204 1.426131 0.804135 0.213781 0.011350 -0.186397 -0.203019 -0.050188 0.017921 0.056127 
3.170138 2.570372 1.990266 1.375900 0.851634 0.238693 -0.042260 -0.288050 -0.178256 -0.057234 0.025547 0.062755 
3.401195 2.958901 2.382414 1.760956 1.139045 0.258375 -0.026008 -0.257318 -0.130702 -0.014255 -0.035968 0.035203 
3.887627 3.358816 2.510546 1.635372 1.420928 -0.013505 -0.009240 -0.301147 -0.216000 0.091857 -0.079457 0.027806 
3.684445 3.101078 2.416892 1.727828 1.437126 0.383459 -0.105356 -0.341667 -0.180515 0.085298 -0.042015 0.028693 
3.199065 2.470388 1.973912 1.726212 1.331000 0.321513 -0.309846 -0.266033 0.089904 0.149850 0.001457 0.050500 
3.596871 2.648572 1.959529 2.002993 1.878243 0.551390 -0.452003 -0.564489 -0.122792 0.141127 -0.015678 0.018395 
3.501579 2.662298 1.847067 1.903444 1.733964 0.350277 -0.584364 -0.579697 0.264283 0.355878 -0.075833 0.022506 
3.953997 2.670081 1.913941 1.911091 2.327321 0.335095 -1.000535 -0.717356 0.142649 0.582572 -0.078267 -0.014389 
3.403454 2.378785 1.941125 1.822407 1.815718 0.296419 -0.561992 -0.388612 0.030412 0.339148 0.021674 0.036470 
4.302068 2.842376 1.708237 1.895711 2.755140 -0.187069 -1.039287 -0.785370 0.073179 0.594709 -0.046177 -0.012110 
3.429980 2.450014 1.737971 1.732792 1.630066 0.368932 -0.468103 -0.458046 0.222801 0.246116 0.040442 0.042853 
3.609445 2.532976 1.779809 1.684955 1.858431 0.271951 -0.692285 -0.643399 0.052140 0.437339 0.055488 0.042906 
3.389039 2.315135 1.726628 1.539520 1.504917 0.212038 -0.528798 -0.430354 0.132839 0.400537 0.101302 0.066958 
3.863379 2.728397 1.318551 1.275504 1.883472 0.213748 -0.438815 -0.647472 0.049144 0.498033 0.190326 0.078825 
3.604375 2.481461 1.054330 0.762742 1.342126 0.373979 -0.026134 -0.552009 -0.019855 0.509906 0.228468 0.111095 
3.596387 2.428902 1.473450 1.245239 1.761835 0.350832 -0.362665 -0.450931 0.078142 0.511147 0.246749 0.086474 
3.871430 2.447527 1.221265 1.209730 1.792648 0.396106 -0.512656 -0.459764 0.230434 0.592059 0.263621 0.082425 
4.109016 2.606745 1.141921 1.351534 1.910923 0.282119 -0.255286 -0.518286 0.254168 0.633430 0.273338 0.085337 
3.557989 2.466950 1.456098 1.415100 1.707860 0.402176 0.020636 -0.231816 0.319686 0.568004 0.289901 0.092491 
3.405254 2.319976 1.533153 1.351753 1.532458 0.906224 0.079289 -0.226076 0.139464 0.532887 0.365295 0.099919 
3.253675 2.334163 1.302417 1.163771 1.510591 1.242213 0.689884 0.098865 -0.007349 0.354479 0.396397 0.109900 
3.290008 2.232658 1.316596 1.057506 1.814024 1.643690 0.970095 0.140544 -0.091805 0.416985 0.428292 0.120421 
2.754183 1.797680 1.308529 1.402151 1.637307 1.358320 0.716660 0.297585 0.296945 0.493138 0.372507 0.087183 
2.878093 2.197408 1.581579 1.287334 1.389322 1.293438 1.170565 0.612747 0.195012 0.327298 0.366083 0.089983 
2.783064 2.139274 1.603979 1.347773 1.132278 0.945969 0.778493 0.553019 0.425158 0.389721 0.350160 0.086724 
2.727613 2.123567 1.840710 1.688360 1.288629 1.008762 0.848422 0.756516 0.691845 0.529397 0.365007 0.085164 
2.700718 2.033054 1.620699 1.454089 1.357240 1.221401 0.921123 0.647042 0.504398 0.408922 0.276892 0.080526 
2.713404 2.089536 1.632132 1.437318 1.444613 1.162620 0.909584 0.520830 0.453984 0.357546 0.311591 0.082178 
2.665508 2.126582 1.883746 1.623495 1.506561 1.112337 0.912697 0.673427 0.494816 0.448275 0.293658 0.080283 
2.670066 2.010043 1.677801 1.559501 1.410310 1.078527 0.661155 0.421883 0.320393 0.381943 0.295740 0.081952 
2.610099 2.045456 1.730437 1.614273 1.381735 1.061498 0.824938 0.642087 0.584804 0.431735 0.256563 0.079720 
2.619869 2.013680 1.762961 1.513181 1.232018 1.087376 0.918276 0.720324 0.574518 0.435542 0.256704 0.080515 
2.688604 2.110559 1.723026 1.451941 1.189207 1.127805 0.865822 0.621828 0.418491 0.384412 0.286721 0.081924 
2.668867 2.066759 1.798511 1.579365 1.394203 1.127817 0.920333 0.767210 0.613710 0.448047 0.195553 0.078657 
2.656503 2.073720 1.786074 1.613416 1.391821 1.063467 0.826272 0.667419 0.512100 0.393280 0.227934 0.079677 
2.642201 1.999255 1.708925 1.599475 1.452981 1.207466 0.963547 0.736482 0.613921 0.474239 0.243823 0.080216 
2.635034 2.169082 1.911999 1.618122 1.349211 1.245846 1.013663 0.754512 0.564589 0.393208 0.209649 0.078657 
