2.555066 1.596831 1.487351 1.886706 1.456450 0.807594 0.795065 0.625905 0.269301 0.335939 0.258555 0.082113 
2.819527 1.755107 1.126586 1.454694 1.137285 1.433202 0.950708 0.267458 -0.106292 -0.014995 0.435174 0.110143 
2.487273 1.986918 1.092183 1.596350 1.345168 1.146402 0.699821 0.094539 -0.043004 -0.099659 0.375484 0.091090 
2.298974 2.227862 0.984317 1.699353 1.355701 1.320855 0.425678 -0.214534 0.225498 -0.019684 0.324488 0.075926 
2.271062 2.301393 1.047713 2.389857 1.337689 1.515451 0.767841 0.189091 0.142367 0.075247 0.482201 0.059585 
2.269177 2.612825 0.257457 2.609538 1.397927 0.882440 0.565388 0.337022 0.828634 0.364229 0.549906 0.041069 
2.084258 2.519130 0.434012 2.753827 1.475480 0.712468 0.218509 0.643078 0.959534 0.881048 0.456725 0.050011 
2.375818 2.460186 0.511196 2.572691 1.305999 0.814156 0.150554 0.196082 0.811730 0.598709 0.412357 0.043472 
2.181588 2.812582 0.081729 2.738361 1.786830 0.525980 -0.896018 0.246348 0.888443 0.749888 0.436754 0.021735 
2.152248 2.675354 -0.062472 2.017060 2.085672 0.789451 -0.786362 0.684484 0.902570 0.799208 0.412353 0.018781 
1.792535 2.624341 -0.613865 2.279189 2.429778 0.728714 -0.837262 0.868392 1.259469 0.893455 0.358181 -0.032361 
1.679671 2.212866 -0.452736 2.557467 2.231558 1.217063 -0.203308 0.916286 1.412991 0.592209 0.171188 -0.007681 
1.429699 2.159403 -1.283470 2.136872 2.992612 1.825910 -0.205117 1.082375 1.555624 0.620485 0.168081 -0.071564 
1.634727 2.239436 -1.014472 2.173796 2.809399 1.794037 -0.382623 0.751048 1.510041 0.530543 0.169936 -0.053481 
1.628979 1.884825 -1.327948 1.883331 3.543747 2.101807 -0.035630 0.838134 1.263545 0.464943 0.231155 -0.051575 
1.973393 1.485249 -0.085651 1.679396 3.299296 1.323760 -0.209015 0.133001 1.259267 0.397708 0.402411 -0.026582 
2.629177 2.137679 0.138596 1.557895 4.138640 1.476679 -0.632733 0.168114 0.635626 0.216155 0.379456 -0.050268 
3.916883 2.562207 0.332362 0.847087 2.790761 0.747926 -2.133237 0.224129 0.003434 0.376063 0.377115 -0.010978 
4.723901 2.464942 0.456714 0.136035 2.112679 0.106742 -2.180506 0.237725 0.122268 0.218798 0.165029 -0.059459 
5.605045 2.906088 -0.319394 -0.800061 2.598288 -0.024972 -2.776499 0.375341 -0.142823 0.054247 0.013864 -0.174691 
5.859828 3.002140 -0.570360 -1.173426 2.391770 0.035339 -2.823520 0.137165 -0.042526 0.037816 0.009140 -0.208400 
6.176685 2.972114 -0.733192 -1.763937 2.558407 -0.557913 -2.618655 0.004967 -0.026653 0.046558 -0.124951 -0.237951 
6.034549 2.720055 -0.801894 -1.110787 2.000805 -0.517908 -2.553345 -0.329144 0.270652 0.031787 -0.118752 -0.186372 
5.824154 2.930569 -1.044338 -1.048671 1.797408 -0.384809 -2.597490 -0.484752 0.302218 -0.015689 -0.049869 -0.183768 
5.656098 2.599936 -0.908811 -0.792204 1.522769 -0.469779 -2.451106 -0.655331 0.406082 -0.022858 -0.033493 -0.141121 
5.121730 2.167244 -0.443873 -0.449301 1.068205 -0.632649 -2.307038 -0.622365 0.383219 -0.024803 -0.019759 -0.093911 
5.020703 2.121326 -0.388408 -0.407377 0.895352 -0.873497 -2.131639 -0.567361 0.281437 0.023351 -0.037748 -0.079366 
5.533699 2.274344 -0.783495 -0.896421 1.177031 -0.644027 -2.316607 -0.560696 0.297434 -0.095631 -0.079584 -0.116000 
5.939168 2.358398 -1.007096 -1.560066 1.576006 -0.455965 -2.645409 -0.316506 -0.019763 -0.158417 -0.142630 -0.174024 
5.469854 2.135614 -0.922698 -0.832167 0.727662 -0.485239 -1.941519 -0.707176 0.190034 -0.373251 -0.176425 -0.113794 
5.145378 2.075197 -0.899598 -0.831552 0.596995 -0.620049 -1.734052 -0.507199 -0.045261 -0.445972 -0.220422 -0.112611 
4.944183 1.911042 -0.815876 -0.843589 0.210040 -0.642027 -1.567050 -0.508946 -0.022831 -0.623378 -0.244045 -0.105448 
4.714768 1.893855 -0.807739 -0.997673 -0.116764 -0.735597 -1.257565 -0.524558 -0.250981 -0.692127 -0.192130 -0.080756 
4.641413 2.007279 -0.937190 -1.117322 -0.058691 -0.724966 -1.308242 -0.675873 -0.358409 -0.503973 -0.141159 -0.083465 
4.953083 1.983686 -1.062554 -1.136724 0.051375 -0.715741 -1.698140 -0.736186 -0.124523 -0.473144 -0.141126 -0.098484 
4.963653 1.918346 -0.822243 -0.998911 0.103766 -0.919723 -1.735696 -0.582016 -0.056305 -0.387029 -0.152224 -0.095620 
4.784324 1.936650 -0.626378 -0.803808 -0.073597 -0.904618 -1.602769 -0.662396 -0.004591 -0.321702 -0.128936 -0.092893 
4.359960 1.858048 -0.410779 -0.673027 -0.212920 -0.822229 -1.394818 -0.657955 -0.064645 -0.280655 -0.116820 -0.090246 
4.477574 1.846615 -0.341925 -0.776582 -0.285565 -0.601066 -1.422031 -0.519751 -0.086609 -0.296688 -0.119849 -0.087912 
4.933857 2.052956 -0.564380 -1.075321 0.313299 -0.700503 -1.304292 -0.447063 -0.170146 -0.150955 -0.141261 -0.101378 
5.498754 2.385661 -1.065094 -1.129710 0.865537 -0.559898 -1.574294 -0.344219 0.011234 -0.050472 -0.160610 -0.131584 
4.812449 2.105680 -0.347146 -0.673285 0.154349 -0.521167 -1.065660 -0.523823 0.241519 -0.120449 -0.137023 -0.097008 
4.703785 2.007370 -0.200294 -0.555428 0.044893 -0.598877 -0.999462 -0.328888 0.104116 -0.018328 -0.153392 -0.091039 
4.915158 2.179527 -0.371004 -0.672748 0.044976 -0.668771 -1.197542 -0.161245 0.095189 -0.107867 -0.156497 -0.094656 
5.306129 2.329800 -0.819130 -1.085701 0.174678 -0.604139 -1.476598 -0.295363 0.092225 -0.154354 -0.154608 -0.118027 
5.280405 2.176560 -0.908952 -1.297433 0.067582 -0.846323 -1.527146 -0.502789 0.099011 -0.256964 -0.154902 -0.119263 
5.395688 2.041728 -1.046229 -1.398795 0.020033 -0.772595 -1.705308 -0.430358 0.099934 -0.322757 -0.170271 -0.121752 
5.523350 1.835646 -1.061290 -1.461689 0.288453 -0.845660 -1.723637 -0.237019 -0.031417 -0.267735 -0.187947 -0.119539 
5.730236 1.852566 -1.105206 -1.518366 0.551466 -0.670186 -1.570364 -0.046764 -0.025387 -0.284413 -0.227335 -0.124516 
5.945367 1.994470 -1.349091 -1.260183 0.426628 -0.178964 -1.455647 -0.015519 0.050753 -0.276590 -0.226891 -0.109830 
5.900159 2.171479 -1.636398 -1.194461 0.530072 -0.338761 -1.125360 -0.194434 0.113568 -0.252324 -0.222069 -0.110221 
6.679915 2.113018 -1.886366 -1.637705 1.071174 -0.321838 -1.299712 -0.030681 0.017316 -0.026009 -0.257099 -0.135668 
5.997928 1.998417 -1.429500 -1.628899 0.631259 -0.160146 -1.178905 -0.267219 0.355328 -0.220057 -0.166340 -0.119770 
5.849859 2.001013 -1.605766 -1.501841 0.544597 0.022279 -1.172424 -0.158321 0.336890 -0.263220 -0.156445 -0.112910 
5.744803 2.052031 -1.579576 -1.566517 0.826178 -0.037549 -1.307090 0.264133 0.160491 -0.205207 -0.176523 -0.119393 
6.169851 2.071856 -1.906999 -2.039399 1.553564 -0.254859 -1.320631 0.202094 0.078545 -0.019511 -0.221295 -0.148627 
6.100743 1.923160 -1.879208 -1.881342 1.292010 0.102511 -1.504786 0.223413 0.185626 -0.091423 -0.184802 -0.147767 
5.888020 1.489205 -1.587428 -1.480798 0.872722 0.252987 -1.610266 0.311907 0.245804 -0.159278 -0.178385 -0.123848 
5.324916 1.422785 -1.504474 -1.179675 0.631610 0.168554 -1.270467 0.053501 0.431005 -0.226783 -0.138524 -0.105427 
3.885684 1.253304 -0.496069 -0.504782 0.118642 -0.000904 -0.366064 0.097699 0.271801 -0.027248 -0.082287 -0.074644 
6.383834 1.834383 -2.036347 -1.127090 2.175048 -0.178378 -1.148607 1.147589 0.327607 0.470447 -0.253503 -0.114967 
5.824496 1.488745 -1.355636 -0.904922 1.622265 0.151710 -1.016249 1.095743 0.722296 0.172028 -0.158919 -0.094816 
5.214653 1.505020 -1.152432 -0.598598 1.046933 0.333744 -0.749845 0.872305 0.919865 -0.023651 -0.121015 -0.071345 
3.814212 1.175284 -0.505303 -0.275782 0.492370 0.112553 -0.238007 0.721995 0.770476 0.027645 -0.093369 -0.078235 
5.903302 1.755062 -2.170189 -1.724421 2.023537 0.210132 -1.257392 1.155536 0.719911 0.276819 -0.232963 -0.198314 
5.860756 1.683301 -2.294900 -1.707635 1.753149 0.470941 -1.293815 0.812291 0.968910 0.166353 -0.185777 -0.210913 
6.320049 1.419543 -2.205292 -1.700555 2.144901 -0.010493 -1.429805 0.877527 0.743807 0.426470 -0.250925 -0.223347 
5.944940 1.487485 -2.290471 -1.361815 2.043217 -0.182257 -1.093598 0.368459 0.984094 0.326299 -0.232130 -0.201490 
5.994774 1.624198 -2.415499 -1.231610 2.522683 -0.450947 -1.061389 0.552731 0.810532 0.595645 -0.278703 -0.201784 
5.968643 1.579695 -2.438324 -1.361126 2.631807 -0.297334 -0.730414 0.536298 0.926140 0.456315 -0.267777 -0.174286 
5.825503 1.441166 -2.256195 -1.418366 2.705435 -0.070528 -0.498068 0.722365 1.020098 0.343148 -0.232681 -0.144727 
5.844938 1.293481 -2.090710 -1.474622 2.953799 0.045627 -0.248859 0.764432 1.122916 0.329369 -0.245906 -0.127183 
6.190206 0.812290 -1.640443 -1.922263 3.601087 -0.503976 0.234492 0.707450 0.902208 0.482588 -0.457153 -0.076088 
4.907203 1.135272 -1.805507 -0.509515 2.815738 0.029620 -0.190746 0.536985 1.102926 0.046876 -0.335186 -0.159636 
5.508665 1.193142 -2.153279 -0.771875 3.543073 -0.481365 -0.040297 0.695642 0.921801 0.420216 -0.465718 -0.150917 
6.062119 0.911677 -1.994277 -0.923550 4.023999 -1.099886 0.305830 0.467467 0.917335 0.607398 -0.573306 -0.090515 
5.578907 1.102570 -1.888175 -0.565590 3.840426 -0.598876 0.101456 0.847494 1.125697 0.546745 -0.448171 -0.123712 
4.487917 1.008159 -1.323730 0.118332 2.718199 0.191900 -0.181069 1.089149 1.458603 0.209874 -0.194161 -0.146407 
6.345879 0.679664 -2.163473 -0.729790 4.563384 -1.122936 1.050053 0.903635 1.381712 0.928724 -0.507205 0.017633 
6.210097 0.535769 -1.845482 -0.691926 4.397085 -1.014252 0.760438 0.862025 1.297254 0.847773 -0.444224 0.014828 
5.328375 0.814529 -2.055658 -0.285352 3.488187 -0.142836 0.315659 0.936317 1.595979 0.424437 -0.191092 -0.044123 
4.321033 0.725395 -1.317301 0.425893 2.446264 0.599688 -0.422274 1.178635 1.595759 0.141473 -0.113484 -0.096648 
5.254487 1.081954 -1.996141 -0.272370 3.543117 -0.193978 0.117963 1.209319 1.438385 0.446065 -0.194358 -0.030784 
5.146993 0.896716 -1.725834 0.059407 3.516296 -0.651313 -0.078683 1.290789 1.552481 0.721238 -0.126254 -0.020895 
5.010310 1.023714 -1.530011 0.257011 3.467553 -0.805839 0.017690 1.193539 1.713757 0.695508 -0.122531 -0.023922 
