1.846460 2.776895 1.080004 1.914013 1.000876 0.815542 1.671454 0.521274 0.821131 -0.078397 0.509021 0.026913 
1.873793 2.747352 0.725491 1.877610 1.247224 1.005352 1.637143 0.686245 0.885372 -0.218173 0.467376 0.026430 
1.847759 2.798627 0.721054 1.921943 0.878164 1.129180 1.681658 0.373520 0.853308 -0.043389 0.484764 0.024178 
1.910209 2.751963 0.968283 1.541399 1.292376 0.683427 1.875857 0.845913 0.892748 -0.179678 0.332728 0.043844 
1.986835 2.594032 0.931671 1.317367 1.172923 0.549266 1.788847 0.827872 0.818924 0.031983 0.428348 0.047024 
1.911394 2.420231 1.087636 1.451533 1.370854 0.746104 1.501564 0.856428 0.689500 0.101822 0.363476 0.060496 
2.114014 2.049014 1.492966 1.180680 1.373352 0.863964 1.575689 0.780375 0.661824 0.233890 0.290557 0.075322 
2.338284 2.366099 1.932090 1.306038 1.211290 0.068609 1.099111 0.473675 0.759719 0.402332 0.331811 0.091778 
2.779021 2.592643 1.881434 0.855091 0.630423 0.272354 0.659396 0.646416 0.622843 0.234739 0.354465 0.088369 
3.235019 2.726297 1.724404 1.003145 0.039856 0.081624 0.068585 0.481255 0.498147 0.225287 0.304776 0.105863 
3.806668 3.288917 1.982573 0.779756 -0.158167 -0.085316 0.095076 -0.087981 0.302924 0.092678 0.146830 0.080274 
3.915205 3.283967 2.102073 0.842303 -0.095184 -0.387262 -0.128189 0.039391 0.145036 0.437717 0.180831 0.099138 
4.923380 3.706982 1.703947 0.692457 -0.172812 -0.721253 -0.189891 0.282273 0.474163 0.113817 0.106441 0.036160 
3.721953 2.653372 1.482795 0.865335 0.255836 -0.093931 -0.035723 0.007114 0.196196 0.006280 0.006791 0.029940 
4.673909 3.350178 1.716703 0.525063 0.018039 -0.333568 -0.304526 0.004084 0.087128 0.087421 -0.037209 0.001315 
4.249886 3.236458 1.694259 0.347418 -0.102472 -0.380770 -0.308679 -0.049098 0.162099 -0.013212 -0.084005 -0.009820 
4.821595 3.448992 1.462440 0.365150 -0.268490 -0.592172 -0.553102 -0.051346 0.213181 -0.160690 -0.046970 -0.016943 
4.204312 3.093253 1.517943 0.278506 -0.416832 -0.623581 -0.441411 -0.206068 -0.125722 -0.220023 -0.058275 -0.013304 
5.234708 3.593757 1.051483 -0.151829 -0.279937 -0.705688 -0.709559 -0.390610 -0.009051 -0.204229 -0.070155 -0.031010 
4.948757 3.546731 1.513335 -0.222592 -0.602900 -1.185568 -0.696425 -0.266673 -0.144794 -0.229421 -0.100980 -0.040101 
5.175112 3.475583 1.107438 -0.074843 -0.358877 -0.786567 -0.939729 -0.558229 -0.287496 -0.263698 -0.122844 -0.042461 
5.574448 3.619214 0.821830 -0.112016 -0.056798 -0.725716 -1.162874 -0.457636 -0.042665 -0.259637 -0.132944 -0.065499 
6.197650 3.700850 0.545845 -0.323691 0.750202 -0.916314 -1.748003 -0.220067 -0.074726 0.038731 -0.120588 -0.091398 
6.644733 3.959951 -0.087368 -0.302648 1.397100 -1.257200 -1.874132 -0.292398 0.035897 0.292654 -0.183607 -0.118489 
6.349979 3.856435 0.231510 -0.362225 1.205983 -1.092199 -1.686269 -0.432299 0.126136 0.234789 -0.089762 -0.099902 
6.412070 3.852061 0.032469 -0.386030 1.246397 -0.840729 -1.936912 -0.423975 0.242499 0.288761 -0.072960 -0.129903 
6.583535 3.766778 -0.326705 -0.651291 1.367581 -0.574716 -1.893858 -0.044993 0.167697 0.266393 -0.166083 -0.165166 
6.396717 3.531250 -0.208829 -0.777964 1.219845 -0.467160 -1.506291 0.082651 0.213411 0.102332 -0.178407 -0.147663 
5.861427 3.232155 0.100464 -0.694392 0.796162 -0.468590 -1.123153 0.283132 0.192227 -0.070159 -0.180354 -0.109020 
5.585846 3.263252 0.216825 -0.583556 0.106243 -0.121522 -0.881521 0.251813 0.362123 -0.295968 -0.148499 -0.085731 
5.121615 3.205571 0.483621 -0.831297 0.050965 -0.266290 -0.457696 0.348973 0.034226 -0.200233 -0.131754 -0.065848 
4.974619 3.268554 0.495010 -0.874305 -0.221543 -0.140001 -0.280216 0.205291 0.090482 -0.132379 -0.121533 -0.063139 
5.095283 3.444927 0.379670 -1.190105 -0.069959 -0.167348 -0.423179 0.444681 0.046411 -0.044808 -0.085549 -0.064780 
5.352567 3.173641 0.435744 -1.198096 0.078829 -0.178208 -0.547931 0.194082 0.547440 -0.113264 -0.029641 -0.069107 
4.302540 2.659475 0.518781 -0.266994 -0.573818 -0.119093 -0.321099 0.065216 0.289959 0.153550 -0.015202 -0.032812 
4.716009 3.096943 0.302053 -0.692940 -0.151136 -0.048875 -0.381084 0.097752 0.497837 0.281690 0.033522 -0.043909 
5.266117 3.642013 -0.063151 -1.213863 -0.235371 0.392806 -0.156613 0.342338 0.562849 0.095236 0.081528 -0.045866 
5.352958 3.639144 0.017914 -1.941570 0.562139 0.628078 -0.289108 0.300714 0.529779 0.116262 0.198094 -0.045798 
3.920361 2.427978 0.648231 -0.248866 -0.313092 0.122834 0.099888 0.659316 0.560597 0.300860 -0.006274 -0.040401 
4.405126 2.738293 0.677019 -0.563582 -0.391756 0.412674 0.191364 0.331893 0.726981 0.375141 0.074479 -0.026192 
5.250283 3.019641 0.295144 -0.985417 0.434660 0.443580 -0.358928 0.313526 1.067464 0.259676 0.165180 -0.048355 
5.329265 3.193125 0.029444 -1.097095 0.799969 0.311800 -0.216070 0.497868 1.010319 0.242061 0.156934 -0.063000 
4.192068 2.578985 0.537138 -0.282523 0.094369 0.213550 0.363978 0.650840 0.846009 0.358989 0.037365 -0.045898 
4.419527 2.517733 0.297403 -0.335870 0.365923 0.288766 0.609958 0.681935 0.839064 0.345555 0.031184 -0.048187 
5.065186 2.747144 -0.374060 -0.295880 0.776057 0.191177 0.607466 0.601671 0.989213 0.294971 0.070316 -0.051122 
5.274138 2.733962 -0.614482 -0.454820 1.199276 0.120987 0.472945 0.732007 1.096278 0.336105 0.032478 -0.071016 
5.032401 2.451837 -0.487364 -0.218447 0.948151 0.488922 0.781574 0.654132 1.100375 0.229480 0.035505 -0.066432 
5.418555 2.600261 -0.877469 -0.660220 1.770788 0.710584 0.303018 0.854801 1.143840 0.289632 0.026912 -0.092523 
5.483751 2.763308 -1.095792 -0.658028 2.182552 0.524890 0.412761 0.815059 1.154261 0.313851 -0.019824 -0.101313 
5.252846 2.608264 -0.881330 -0.585040 2.068380 0.840957 0.312127 0.918558 1.155091 0.189069 0.012150 -0.093374 
5.027380 2.545578 -0.809685 -0.454525 2.021326 0.880145 0.232091 0.900221 1.468429 0.082510 0.039949 -0.107420 
5.339985 2.724115 -1.203496 -0.778863 2.373173 0.923866 -0.020905 0.967164 1.747010 0.169263 0.081188 -0.147977 
5.349314 2.871532 -1.474629 -1.059335 2.765539 0.655778 0.067318 1.117558 1.846059 0.399721 0.115155 -0.164405 
5.345581 2.793730 -1.726533 -0.868485 2.797739 0.492693 0.280181 1.282610 1.745724 0.662066 0.065125 -0.131168 
5.469694 2.145026 -1.377147 -0.851771 2.863817 0.356901 0.582056 1.297928 1.654348 0.767949 0.028683 -0.077094 
4.899304 1.993950 -1.233799 -0.587620 2.548561 0.545571 0.703801 1.296379 1.722386 0.659025 0.124358 -0.059201 
4.925792 1.972283 -1.426963 -0.472541 2.663508 0.573062 0.828433 1.298258 1.797530 0.564148 0.162987 -0.029208 
4.769278 1.687916 -1.111011 -0.227184 2.890129 0.387265 0.746225 1.409479 1.544551 0.635789 0.081225 -0.020664 
4.383666 1.356818 -0.837114 0.334925 2.666072 0.630961 0.729065 1.361911 1.475060 0.517792 0.084899 -0.017535 
4.105926 1.263567 -0.872589 0.654452 2.483191 0.706286 0.728158 1.241492 1.373368 0.478428 0.130180 -0.003936 
4.898848 1.454861 -1.784714 0.581758 3.402840 0.172703 0.876107 1.155566 1.611790 0.623117 0.021978 0.020518 
4.302760 0.881643 -0.694744 0.782698 2.365059 0.758604 0.521460 1.312864 1.578288 0.501044 0.121766 0.001098 
3.894952 1.118464 -0.458919 0.577910 2.224529 0.567333 0.725710 1.435608 1.488812 0.522608 0.144104 -0.000661 
3.844450 1.071990 -0.468076 0.671458 1.923587 1.030936 0.781310 1.540884 1.454717 0.474296 0.171478 0.000762 
4.735119 1.306838 -1.558779 0.430051 2.736925 0.643562 0.975178 1.786222 1.832752 0.463257 0.230243 0.062490 
4.295409 0.944716 -0.851090 0.713932 2.259024 0.865278 1.033171 1.740608 1.850155 0.214716 0.301187 0.072405 
4.065445 1.135862 -0.603874 0.662448 2.311197 0.706212 0.757087 1.405030 1.581413 0.032422 0.307302 0.082216 
4.044927 1.113896 -0.435359 1.079803 2.178380 0.728929 0.736995 1.759209 1.433790 0.272927 0.206681 0.059499 
4.055367 1.226370 -0.439075 1.098155 2.488907 0.747643 0.649180 1.852878 1.722270 0.140612 0.186434 0.058436 
3.813905 1.105918 -0.316491 1.149648 2.242871 0.538960 0.461677 1.755381 1.562275 0.111051 0.250186 0.080441 
3.585558 1.663398 0.101889 1.131441 1.688817 0.363361 0.740277 1.357055 1.139617 0.252547 0.209770 0.067870 
3.522538 1.556387 0.591903 1.415837 1.514207 0.538374 0.612049 1.655734 1.005685 0.027612 0.185473 0.086715 
3.262567 1.553774 0.677436 1.148110 1.789389 0.953407 1.028001 0.870961 0.728071 0.119292 0.261999 0.087674 
3.040115 1.826441 1.299018 1.290439 1.081811 0.718922 1.053420 1.217222 0.719202 0.337733 0.286982 0.080164 
2.897261 1.947231 1.223391 1.079214 1.303065 1.104020 1.156406 0.819398 0.626255 0.163495 0.153543 0.075680 
2.895254 1.956020 1.569685 1.599349 1.614557 1.268653 0.826758 0.906826 0.438982 0.418689 0.166494 0.076297 
2.608756 1.920616 1.582730 1.326121 1.432167 1.229627 1.103247 0.820124 0.493475 0.372801 0.184700 0.078291 
2.884172 1.789010 1.652919 1.471023 1.352177 0.950801 1.159357 1.281386 0.538862 0.460169 0.233837 0.077430 
2.611986 1.726469 2.031912 1.471626 1.392117 0.736682 0.878255 1.407411 0.587138 0.432470 0.243636 0.078563 
2.503273 1.377925 1.731601 1.319965 1.169705 0.966550 0.926114 0.985706 0.393458 0.536480 0.330438 0.072583 
2.319947 1.646939 2.042850 1.504043 0.942199 0.975197 1.312085 0.690899 0.272631 0.580713 0.303672 0.066901 
2.594750 1.317444 2.309541 1.378092 1.015907 1.203777 0.745453 1.045070 0.750203 0.546778 0.327259 0.076175 
2.303839 1.350982 2.225722 1.392723 1.297389 1.691274 0.984039 0.910062 0.820062 0.388152 0.263350 0.083318 
2.340381 1.659119 2.122422 1.069137 1.291718 2.013362 0.694243 0.895290 0.782577 0.269037 0.134798 0.092784 
2.320534 1.183902 2.829009 0.896242 0.472520 2.045336 1.023269 0.315624 0.714212 0.493126 0.166057 0.089527 
