2.666228 1.562280 1.198386 1.992707 1.790485 1.101257 0.364689 0.631609 0.561715 0.633829 0.155739 0.065603 
2.600176 1.583339 1.356495 1.990293 1.863087 0.664750 0.571046 1.056145 0.663893 0.448570 0.067184 0.077917 
2.606527 1.170734 1.459179 2.179780 1.522106 0.628848 0.749848 0.721581 0.399707 0.503412 0.441428 0.077689 
2.688124 1.139943 1.277374 2.305827 1.431593 0.288043 1.065066 0.913695 0.703998 0.495863 0.254355 0.080570 
2.653587 1.249324 1.319422 2.384169 1.605428 0.359824 0.976037 0.852127 0.427522 0.720619 0.118751 0.070685 
2.567600 1.112529 1.237254 2.526435 1.895994 0.250284 1.078704 0.793478 0.511322 0.594640 0.259958 0.076250 
2.521784 1.328333 1.417330 1.995917 1.997921 0.488516 0.554313 0.650012 0.800246 0.410728 0.028653 0.074331 
2.510199 1.107822 1.297556 2.354048 2.041111 0.038989 0.566471 0.897425 0.757446 0.255130 0.053830 0.091778 
2.508714 1.051837 1.147282 2.850400 1.723386 -0.131655 0.648779 0.705492 1.037633 0.250562 0.005767 0.084793 
2.409694 1.191597 0.860377 3.020911 1.422392 0.075569 0.835285 1.212101 1.247289 0.212552 -0.008838 0.091030 
2.359998 1.053238 0.616775 3.176022 1.589574 0.071576 0.780378 0.996875 1.295692 0.399219 0.060397 0.066145 
2.271667 1.278970 0.944141 2.396750 1.413853 0.531684 0.735893 1.121522 1.240357 0.262819 0.254285 0.071007 
2.078815 1.197427 1.315778 3.012437 1.214360 0.168307 1.296629 1.089960 0.938286 -0.050401 0.257990 0.105595 
2.039868 0.748783 1.592059 2.852230 1.580447 0.023734 0.845664 1.218433 0.851886 0.011437 0.345197 0.108749 
1.725868 0.245241 1.930230 3.559946 1.595188 -0.880801 0.552849 2.021596 1.084582 0.130656 0.204257 0.136728 
2.157597 0.300226 1.680736 3.818957 1.859818 -0.660121 0.010531 1.846699 0.523090 -0.187208 0.177767 0.169614 
2.094814 -0.092122 2.298626 3.246079 1.853392 -0.658669 -0.212582 2.142159 0.720423 -0.239802 0.301440 0.163086 
2.104677 -0.450011 1.701998 4.010912 1.773347 -0.456559 -0.873397 1.989532 0.925582 -0.245589 0.318197 0.161183 
1.898081 -0.536970 2.022728 4.129140 1.651494 -0.569005 -0.290565 2.016011 1.225418 -0.123192 0.304818 0.133179 
1.780756 -0.469348 1.504921 4.425932 1.646991 -0.488052 -0.669066 2.259141 1.644731 -0.156032 0.303604 0.117680 
1.999550 -0.604663 0.683666 4.333025 1.568777 -0.482586 -0.574650 1.941412 1.701410 -0.032396 0.228523 0.102931 
2.204055 -0.733781 0.900108 4.018258 1.711693 -0.237256 -0.187232 1.918195 1.756497 -0.036113 0.146753 0.114598 
2.354934 -0.196119 0.518407 2.976364 1.927675 0.160388 0.185015 1.577149 1.409425 0.051194 -0.018273 0.096345 
3.690927 0.921284 0.798186 2.777314 1.160366 -1.308510 -0.564199 1.108305 0.487554 0.279166 0.032505 0.088510 
4.561157 0.966748 -0.069752 1.884175 1.272504 -1.349591 -1.085796 0.589077 0.281546 -0.251748 -0.080620 0.036857 
5.197446 1.241928 -0.702973 1.968683 1.070433 -0.535146 -1.132677 0.322607 0.286480 -0.391553 -0.123063 0.039224 
5.303381 1.274840 -0.600019 1.725631 1.175319 -0.884833 -1.200695 0.052422 0.028199 -0.418891 -0.068863 0.054417 
6.126893 1.349785 -1.698970 2.502916 1.119577 -1.240224 -0.917660 -0.346436 0.073497 -0.511848 -0.064675 0.040272 
6.073865 1.508293 -1.335963 1.907282 1.376352 -1.343188 -0.944693 -0.531052 -0.071769 -0.407402 -0.073843 0.038303 
5.719446 1.483713 -0.863031 1.585971 1.210224 -1.350480 -1.139946 -0.474760 -0.243586 -0.393250 -0.090433 0.034952 
5.998968 1.445842 -0.914008 1.603840 1.341459 -1.613998 -1.060340 -0.607601 -0.303443 -0.382632 -0.135581 0.014051 
6.276598 1.498218 -0.980731 1.628606 1.416362 -1.790971 -1.217855 -0.517730 -0.420004 -0.357125 -0.191783 -0.000739 
4.649272 1.725062 0.121883 0.853542 0.642772 -1.018543 -1.399271 -0.624371 -0.506626 -0.485037 -0.206541 -0.055368 
6.010109 1.684289 -0.711044 0.978006 0.965766 -1.548778 -1.139921 -0.456793 -0.674728 -0.493913 -0.292418 -0.033010 
5.736762 1.847138 -0.531821 0.495815 0.444477 -1.299755 -1.135371 -0.437953 -0.719429 -0.631555 -0.315267 -0.040319 
5.135953 2.107915 -0.284919 -0.034018 0.128815 -1.036452 -1.224088 -0.535544 -0.724910 -0.821751 -0.251662 -0.026751 
4.967417 2.174952 -0.083060 -0.286906 -0.257401 -0.975815 -1.111203 -0.599441 -0.700545 -0.860372 -0.184882 -0.016765 
6.629949 2.032344 -1.162001 -0.151076 0.440725 -1.478661 -1.459406 -0.385208 -0.743338 -0.781025 -0.419267 -0.010556 
4.558733 2.270983 -0.056234 -0.636884 -0.322149 -0.864482 -1.312898 -0.673339 -0.430872 -0.598054 -0.143279 -0.053157 
5.298099 2.344612 -0.380301 -0.716553 -0.232991 -0.974339 -0.891342 -0.506557 -0.637774 -0.854170 -0.256641 -0.031668 
3.795367 1.912555 0.287299 -0.524943 -0.698741 -0.830225 -0.782481 -0.662471 -0.799604 -0.679264 -0.135512 -0.047720 
7.184168 2.010764 -1.208190 -0.771605 1.055293 -2.048860 -0.831973 -0.365191 -0.692162 -0.659119 -0.477307 0.002578 
4.523291 2.306177 -0.020669 -0.772689 -0.486210 -0.911526 -0.824117 -0.367157 -0.530148 -0.696761 -0.161923 -0.040728 
6.099472 2.381328 -0.810635 -0.762887 0.195057 -1.469757 -1.034674 -0.339322 -0.488911 -0.506043 -0.280961 -0.029906 
3.822513 1.945586 0.312909 -0.502833 -0.798965 -1.040726 -0.788247 -0.569479 -0.588062 -0.364886 -0.030978 -0.030201 
6.511173 2.410904 -1.358422 -1.085280 0.524184 -1.838601 -1.030718 -0.291871 -0.541835 -0.352507 -0.316765 -0.017336 
7.168777 2.618547 -2.033829 -1.257864 1.356431 -2.765968 -0.798556 0.018426 -0.626877 -0.194909 -0.550734 0.051952 
6.208143 2.309788 -1.413288 -1.107162 -0.086487 -1.967688 -0.850900 -0.395678 -0.220641 -0.554929 -0.323403 -0.036103 
6.134665 2.213598 -1.301804 -1.162458 0.077951 -1.905091 -0.835556 -0.351911 -0.279592 -0.483570 -0.283641 -0.026009 
6.312427 2.280865 -1.711875 -0.545764 0.156600 -2.119794 -0.588087 -0.387922 -0.186100 -0.461547 -0.260723 -0.005283 
6.697479 2.590860 -2.552434 0.165305 0.734527 -2.943943 -0.042544 -0.868502 0.219633 -0.601309 -0.193108 0.048085 
4.799265 2.248441 -0.499020 -0.805577 -0.243661 -1.332266 -0.716829 -0.575062 -0.179866 -0.397935 -0.040122 -0.037821 
5.351142 2.134946 -1.002220 -0.525513 0.320049 -1.802515 -0.436480 -0.604523 -0.108156 -0.459569 -0.152971 -0.021035 
6.081105 2.582948 -2.345250 0.087590 1.408678 -2.762874 0.192538 -0.748666 0.002904 -0.435628 -0.319174 0.071363 
6.138452 2.407559 -2.171740 0.198645 1.781912 -2.633755 0.393835 -0.517983 -0.084393 -0.367138 -0.343121 0.097423 
4.450527 1.787690 -0.290246 -0.062850 0.295566 -0.607826 -0.417105 -0.048771 -0.201589 -0.369153 -0.045395 -0.025115 
4.855314 1.914801 -0.626952 0.012311 0.870201 -0.837028 0.062742 0.077054 -0.065697 -0.299573 -0.051723 0.014897 
5.667987 2.120208 -1.602036 0.408912 1.492860 -1.456818 0.682455 -0.094215 0.306591 -0.259755 -0.092927 0.063232 
5.260444 1.983405 -1.106550 0.284638 0.943643 -0.680695 0.650538 -0.046631 0.249000 -0.275201 0.039490 0.045608 
4.922136 2.062867 -0.706110 -0.180466 0.974078 -0.366401 0.480383 0.110734 0.359774 -0.178664 0.109229 0.051510 
5.027638 2.202625 -0.712871 -0.001797 0.865313 -0.465743 0.407802 0.232268 0.403521 -0.169045 0.167377 0.079452 
5.082141 2.259948 -0.399208 -0.011340 0.644535 -0.474205 0.740386 0.059618 0.415277 -0.023676 0.229378 0.089869 
4.673110 2.333806 0.299453 -0.011823 0.526181 -0.036099 0.321282 0.268988 0.552728 0.390643 0.281815 0.064916 
4.601479 2.492434 0.602328 0.273593 0.733796 -0.108149 0.672385 0.441167 0.680837 0.487954 0.325417 0.084851 
4.163420 2.754259 1.182100 0.694574 0.777208 0.519335 1.227658 0.442664 0.436305 0.341276 0.219708 0.064148 
4.029427 2.996935 1.873511 1.325879 1.043363 0.466031 0.752628 0.251709 0.500644 0.497640 0.214656 0.068749 
5.508024 2.866933 1.339083 2.162420 1.513601 -0.546341 2.482986 -0.454800 0.641919 0.419326 0.319632 0.059212 
4.457191 3.065415 1.493200 1.527098 1.486014 0.700067 1.629747 0.421843 0.633768 0.292651 0.233485 0.074160 
5.090968 3.046398 0.949586 2.141397 1.601536 -0.081552 1.836180 0.482003 0.834128 0.464440 0.330608 0.094443 
5.319078 3.050757 1.017745 1.937817 1.516291 -0.217554 1.832032 0.601483 0.937977 0.452171 0.395314 0.130645 
4.949722 3.049246 1.676451 1.452338 1.146002 0.390432 1.582644 1.093867 0.675612 0.327542 0.378601 0.133102 
3.865182 2.757003 1.839682 1.547534 1.316117 1.075456 1.194133 0.910582 0.844972 0.536505 0.406191 0.102744 
3.651346 2.734559 2.105172 1.759013 1.388252 1.124676 1.305380 0.975186 0.680002 0.376929 0.372439 0.091290 
3.492794 2.610611 1.957866 1.589467 1.309692 1.068177 1.285826 1.162758 0.649905 0.330968 0.250662 0.065995 
3.068822 2.380281 1.955720 1.643799 1.383627 1.269256 1.168457 0.910936 0.712114 0.463914 0.233993 0.062074 
3.164545 2.440268 2.019255 1.646908 1.461636 1.354491 1.114998 0.762233 0.479699 0.313767 0.298514 0.065984 
3.200563 2.428135 1.873369 1.404258 1.403786 1.347189 1.060255 0.747377 0.476932 0.403218 0.343097 0.073566 
3.292101 2.578870 1.943670 1.332334 1.244861 1.337767 1.142212 1.005684 0.626592 0.431058 0.335646 0.075151 
3.234790 2.571845 1.913037 1.368051 1.232625 1.137047 0.800968 0.567383 0.504756 0.375001 0.370584 0.077872 
3.327808 2.528676 1.930120 1.596505 1.373448 1.273076 0.944608 0.594876 0.439728 0.284619 0.357054 0.073945 
3.429206 2.666459 2.227447 1.795607 1.403254 0.785427 0.502184 0.395182 0.553747 0.550874 0.449811 0.096435 
3.905799 2.990596 2.062206 1.656074 1.175630 0.799206 0.517278 0.307631 0.256227 0.193298 0.348910 0.089954 
4.364774 3.255874 2.043090 1.374973 1.272966 1.098770 0.376192 -0.007707 -0.149853 0.003287 0.257924 0.084386 
5.084100 3.063568 1.634556 1.425388 1.571954 0.710832 0.079170 -0.227050 -0.403382 -0.114085 0.206947 0.094430 
5.858902 2.873638 1.107059 1.574482 1.757065 0.144756 0.022862 -0.442293 -0.436107 -0.178810 0.157036 0.110016 
