2.379409 2.481792 1.035552 1.522707 1.127624 0.810227 1.340351 0.276597 0.868941 0.146290 0.522917 0.059313 
2.559543 2.011824 1.366859 1.392407 1.277377 0.489355 0.993296 0.621275 0.693758 0.344842 0.320301 0.083706 
2.685528 2.099431 1.450285 1.133146 1.152691 0.843646 0.596899 0.280017 0.204542 0.222478 0.201530 0.088529 
3.334445 2.591997 1.467289 0.933553 0.566151 0.539002 0.877185 0.489371 0.252853 -0.073913 0.033343 0.053680 
4.018661 3.047746 1.423477 1.095482 0.932234 0.894658 0.459134 0.004712 -0.128017 0.061400 0.086029 0.063899 
4.135656 3.116978 1.211985 0.680728 1.051589 0.527930 0.669118 -0.108200 -0.024641 0.135546 -0.045159 0.037733 
4.140836 2.656542 1.267513 1.154834 1.547229 0.277259 -0.075938 -0.280853 0.357536 0.175258 -0.126147 -0.009065 
4.881255 2.921080 1.002960 0.824955 1.966396 -0.186013 -0.689451 -0.454115 0.498522 0.434753 -0.110694 -0.058837 
5.353210 3.298617 0.146012 0.587286 2.404910 -0.500991 -0.719231 -0.499378 0.539900 0.433509 -0.103706 -0.080116 
5.549094 3.329073 0.005528 0.237562 2.650853 -0.855103 -0.725091 -0.445204 0.604990 0.445572 -0.151973 -0.084661 
5.505356 3.039345 0.140693 -0.191204 2.628996 -0.902526 -0.512137 -0.349706 0.750728 0.256475 -0.221042 -0.087211 
5.543485 3.206520 -0.297911 -0.096422 2.570969 -1.122497 -0.328880 -0.235899 0.787050 0.217059 -0.291481 -0.092620 
4.693749 2.541914 0.643940 -0.083843 1.227977 -0.304479 -0.531035 0.123432 0.422856 0.201927 -0.241481 -0.078173 
4.237175 2.549934 0.254005 0.165575 0.726356 0.197150 -0.207860 -0.258371 0.392774 0.101081 -0.210387 -0.046314 
4.089926 2.224305 0.468570 0.023789 0.771352 0.216072 -0.428973 -0.146676 0.248148 0.174018 -0.210089 -0.032225 
3.795576 2.118473 0.480833 0.305577 0.727772 -0.039946 -0.342788 -0.206066 0.350267 0.134703 -0.243230 -0.022939 
3.641539 1.993127 0.654287 0.450540 0.497376 -0.086706 -0.479720 -0.065635 0.363075 0.148457 -0.273602 -0.018720 
3.524358 2.010194 0.586738 0.357712 0.546056 -0.067762 -0.304067 -0.146606 0.296432 0.165145 -0.260123 -0.012561 
3.508284 1.985432 0.683198 0.289980 0.385326 0.077969 -0.209635 -0.039157 0.156054 0.113142 -0.227274 -0.006501 
3.456179 1.961919 0.718750 0.289628 0.185185 0.014418 -0.041163 0.105439 0.213353 -0.001764 -0.185364 -0.001528 
3.426739 1.978355 0.729321 0.297897 0.146017 -0.153101 0.067378 0.259119 0.300038 -0.009594 -0.216725 -0.006901 
3.444040 1.909833 0.714414 0.285965 0.057610 -0.153487 0.019162 0.285817 0.376278 0.029049 -0.173337 -0.008193 
3.548119 1.949809 0.675549 0.151795 0.051607 -0.306533 0.008184 0.379640 0.449315 0.137668 -0.147193 -0.013526 
3.657118 1.971218 0.559901 0.059325 0.032518 -0.271327 -0.051253 0.350873 0.507993 0.155388 -0.111918 -0.017792 
3.716318 1.918762 0.435237 -0.009220 0.050734 -0.250162 -0.174394 0.397314 0.604917 0.244446 -0.091068 -0.021327 
3.612557 1.856635 0.396874 -0.055961 0.011643 -0.293543 -0.040248 0.476929 0.615085 0.262265 -0.054715 -0.011578 
3.654552 1.707429 0.282271 -0.041304 0.158658 -0.156746 -0.114984 0.461347 0.726828 0.316666 -0.053452 -0.017058 
3.669141 1.648042 0.159121 -0.048752 0.199660 0.013413 -0.032594 0.489379 0.757589 0.314128 -0.001273 -0.009816 
3.649287 1.498861 -0.028956 -0.094523 0.379537 0.238621 0.091905 0.502431 0.680932 0.328817 0.034879 0.000457 
3.745597 1.445262 -0.208453 -0.079132 0.472566 0.417829 0.221533 0.522106 0.670222 0.215101 0.037358 0.003004 
4.087874 1.446738 -0.485455 -0.297745 0.716697 0.593388 0.315653 0.526885 0.641995 0.137726 0.059323 0.008699 
4.097272 1.401691 -0.622055 -0.283212 0.776020 0.755104 0.432085 0.599119 0.580969 0.036187 0.022579 0.008958 
4.042983 1.389834 -0.592040 -0.285748 0.710541 0.854155 0.580367 0.648795 0.470289 -0.038167 0.017352 0.016830 
4.163563 1.392169 -0.692519 -0.358542 0.826995 0.982872 0.686081 0.607159 0.466769 -0.088586 0.014641 0.015420 
4.625942 1.528606 -1.076398 -0.419006 1.237601 1.125581 0.580361 0.471006 0.512243 -0.087834 0.000355 0.000168 
4.922213 1.697635 -1.316173 -0.758127 1.554137 1.574351 0.370108 0.509286 0.487878 -0.017014 0.022655 -0.025287 
5.111475 1.651534 -1.423388 -0.740525 1.648627 1.240084 0.771246 0.579513 0.582818 -0.014176 -0.024837 -0.029882 
6.642325 1.223759 -1.992243 -0.717126 2.309541 0.385111 0.984773 0.637491 0.905697 0.221371 -0.160306 -0.025384 
4.953849 1.512819 -1.325645 -0.498659 1.088775 1.161025 0.837859 0.827091 0.894061 -0.136975 -0.025898 -0.023855 
4.844867 1.553278 -1.359903 -0.854859 1.508150 1.195043 0.664275 0.978317 0.846840 -0.014279 -0.008463 -0.041974 
5.159620 1.464373 -1.593853 -0.567468 1.424175 1.332918 0.496938 0.996880 1.103680 0.034100 -0.038141 -0.058805 
6.346820 1.506522 -2.267409 -0.857719 2.669796 0.227828 1.022615 0.887136 1.181063 0.359628 -0.218177 -0.056692 
5.341369 1.534367 -1.698167 -0.554878 1.972809 0.722233 0.733838 1.051607 1.162003 0.169368 -0.110759 -0.075423 
5.613645 1.386047 -1.520571 -0.873330 2.473689 0.393730 0.816677 1.125612 1.116027 0.318067 -0.182952 -0.077989 
6.841190 1.739690 -2.649812 -1.169558 3.970373 -0.588993 1.265874 1.084969 0.930339 0.784119 -0.503731 -0.023855 
6.529779 1.837591 -2.751052 -0.968284 3.606087 -0.333708 1.341287 1.027824 1.155709 0.665300 -0.420170 -0.037289 
6.170662 1.484915 -2.065161 -0.935730 3.113859 0.068268 1.082133 1.136994 1.267066 0.517362 -0.301599 -0.075309 
5.413496 1.456418 -1.738473 -0.532089 2.309138 0.808829 0.727924 1.025360 1.448583 0.298065 -0.144465 -0.110391 
5.538076 1.611584 -1.912233 -0.903609 2.782320 0.780712 0.493731 1.227526 1.258716 0.461327 -0.157106 -0.123101 
5.633412 1.329530 -1.890173 -0.509578 2.533361 0.643019 0.813265 0.937326 1.433915 0.341754 -0.176716 -0.100797 
6.070202 1.214949 -1.967648 -0.883054 2.819762 0.845100 0.699123 1.069712 1.427435 0.447564 -0.185994 -0.102474 
5.261992 1.417395 -1.859105 -0.494341 2.468461 1.213609 0.691170 0.897368 1.284050 0.217137 -0.113790 -0.098173 
4.755676 1.193565 -1.337365 -0.297119 1.997650 1.633240 0.560697 0.976049 1.161149 0.106862 -0.086769 -0.081994 
4.446517 1.140671 -1.229394 -0.001140 1.938215 1.366093 0.706452 1.039759 1.122179 0.092654 -0.123273 -0.072725 
4.463150 1.062598 -1.189445 0.087740 2.125337 1.387977 0.477782 0.963998 1.188904 0.122431 -0.170389 -0.090917 
4.825286 1.041291 -1.355562 0.005810 2.415587 1.599847 0.212336 0.863794 1.375053 0.103459 -0.161721 -0.102605 
4.263251 0.967203 -1.079875 0.246941 2.529282 1.517400 0.407625 0.813627 1.165716 0.151683 -0.218727 -0.103091 
3.899886 0.854350 -0.861047 0.581294 2.359447 1.624517 0.546215 0.757952 1.136891 0.197951 -0.275908 -0.100702 
3.817228 0.815719 -0.810684 0.674141 2.277481 1.634374 0.570146 0.863431 1.182482 0.275692 -0.271438 -0.101367 
4.252944 0.875035 -0.870858 0.450466 2.493757 1.549144 0.588264 0.868531 1.323179 0.365137 -0.244847 -0.124232 
4.590324 0.850498 -1.230938 0.309212 2.736217 1.403427 0.571726 0.923667 1.574840 0.402470 -0.175246 -0.125338 
4.344359 0.787839 -1.167311 0.433231 2.719605 1.419745 0.740873 1.011689 1.482844 0.474584 -0.179321 -0.121914 
4.328363 0.808554 -1.387523 0.338517 3.059341 1.466980 0.806090 1.186361 1.456361 0.462893 -0.147907 -0.108951 
5.206138 0.633150 -1.706614 -0.196278 3.509084 1.517972 0.774876 1.294985 1.685766 0.485853 -0.134798 -0.095423 
5.722812 0.391966 -1.679662 -0.572681 3.933473 1.084922 1.208758 1.316982 1.726401 0.671283 -0.203871 -0.063136 
4.669586 0.609923 -1.453683 0.162605 2.959372 1.243188 0.789872 1.266205 1.705327 0.428229 -0.108499 -0.082084 
4.088511 0.888486 -1.748213 0.043536 2.851008 1.971747 0.628375 1.187874 1.663604 0.292686 0.014060 -0.100331 
4.372570 0.690043 -1.593679 0.180974 2.578942 1.248322 0.670207 1.216014 1.657997 0.434179 -0.088418 -0.090402 
5.334579 0.787658 -2.342596 -0.870765 3.877230 1.210964 1.176445 1.541051 1.870051 0.603685 -0.146418 -0.078750 
4.808721 0.436029 -1.936635 0.234457 2.594267 1.622181 0.626668 1.511003 1.945719 0.370719 -0.110627 -0.081511 
3.839506 0.830039 -1.523753 0.240978 2.778758 1.774688 0.664055 1.254849 1.689115 0.364151 -0.069436 -0.105585 
3.893616 0.815347 -0.920520 0.573794 2.450141 1.160436 0.664887 1.208968 1.535694 0.353155 -0.191491 -0.080505 
5.077068 1.278512 -2.178653 -0.397694 4.130972 1.048456 1.169207 1.323984 1.909002 0.574546 -0.118283 -0.072550 
5.194013 0.986759 -1.740866 -0.604074 4.612079 0.585737 1.617833 1.298934 1.883972 0.716525 -0.267962 -0.032970 
4.161245 0.959077 -1.175908 0.307333 3.384225 1.189309 1.016550 1.389143 1.680304 0.516966 -0.090646 -0.085412 
4.104099 0.972977 -0.895442 0.409889 2.902010 1.183573 0.732560 1.519020 1.883966 0.506938 -0.149250 -0.109253 
4.945146 1.453452 -2.345988 -0.286951 4.437089 0.731703 1.367415 1.469010 2.009747 0.793728 -0.124590 -0.058323 
4.207463 0.507335 -1.308903 0.330029 3.206899 1.161982 0.600463 1.510980 1.860665 0.490866 -0.109658 -0.085820 
3.957351 0.620108 -1.197208 0.638111 3.079657 1.383216 0.562596 1.333053 1.741793 0.449300 -0.084753 -0.080054 
5.249586 1.226611 -2.348212 -0.045485 4.695571 0.520711 1.395462 1.363139 1.913209 0.898449 -0.206854 -0.028554 
4.632211 1.038609 -1.435909 0.421409 3.763249 0.783775 0.826799 1.595532 2.064970 0.677515 -0.152019 -0.095136 
3.811458 1.013764 -0.509420 0.871018 2.595671 1.186314 0.529686 1.347879 1.708140 0.586829 -0.192640 -0.099277 
4.531911 0.964912 -0.968032 0.971918 2.711523 0.849893 0.584374 1.301278 1.983632 0.525282 -0.087926 -0.071409 
5.309086 1.282918 -2.054189 0.369120 3.472031 1.306193 0.836621 1.375600 2.239003 0.615073 0.021777 -0.053019 
4.596557 1.144141 -1.142238 0.690228 3.286827 1.713639 0.439707 1.421791 1.944839 0.527224 0.010584 -0.077981 
