2.589805 2.052392 1.427691 1.451159 1.280861 1.241277 1.215499 0.853243 0.440369 0.392847 0.224705 0.081281 
2.471227 2.002577 1.286547 1.477601 1.448693 1.474885 1.069945 0.834691 0.506842 0.356804 0.161259 0.083030 
2.493661 2.136119 1.432085 1.609875 1.052201 1.356029 1.001273 0.802082 0.401222 0.412863 0.204571 0.082401 
2.436000 2.107326 1.602274 1.777205 1.279872 1.459856 1.172362 0.996628 0.441056 0.363863 0.349479 0.079513 
2.574443 1.941555 1.500849 1.615636 1.282928 0.931979 1.251029 1.008725 0.593850 0.341380 0.269757 0.080160 
2.474886 2.090183 1.303168 1.904415 1.029435 1.549112 1.146555 0.621985 0.152017 0.222835 0.351337 0.082175 
2.601082 1.859470 1.038237 1.892485 1.536858 1.168357 1.456775 0.365710 0.229866 0.425715 0.246926 0.086098 
2.339189 1.879462 0.954674 1.251130 1.649006 1.098278 1.392197 0.863758 0.345687 0.413261 0.152046 0.089498 
2.504332 2.299750 0.783350 1.396160 1.627900 0.911788 1.202715 0.710047 0.293271 0.365514 0.234637 0.091879 
2.473599 1.959330 0.795147 1.308810 1.223937 0.861168 1.292227 0.897204 0.641957 0.282601 0.176429 0.078293 
2.404896 2.147538 1.082499 1.312431 1.501483 1.013732 1.392745 0.631164 0.276542 0.573471 0.192519 0.092294 
2.432197 1.690995 1.536493 1.577956 1.657799 0.894140 1.250150 0.753636 0.320414 0.437959 0.220458 0.083770 
2.649221 1.950195 1.669558 1.384003 1.590222 0.628469 0.921488 0.693657 0.470221 0.388865 0.330936 0.084941 
2.505914 2.023141 1.657912 1.362175 1.541885 1.051733 0.890642 0.840451 0.611352 0.374232 0.248663 0.079087 
2.441831 1.767864 1.607449 1.271352 1.192974 0.716836 0.854501 0.733220 0.542144 0.280152 0.200512 0.085346 
2.923314 2.397822 2.009770 1.625148 1.501339 0.771946 0.255614 0.003277 -0.021578 -0.024237 -0.050803 0.046901 
3.070737 2.492314 2.157923 1.607049 0.924677 0.498137 0.484501 0.346194 0.180775 -0.102121 -0.122943 0.034930 
3.312529 2.630057 1.822410 1.382244 1.094741 0.821975 0.587353 0.354151 0.090146 -0.117831 -0.232284 0.005713 
3.326876 2.552624 1.999160 1.509765 1.137459 0.853679 0.546310 0.297600 -0.174648 -0.332605 -0.107178 0.006976 
3.289770 2.494824 1.955039 1.317726 0.963553 0.691091 0.375361 0.006258 -0.254674 -0.305398 -0.105211 0.010029 
3.290129 2.576193 1.988739 1.327416 0.709364 0.567296 0.199335 -0.084506 -0.316119 -0.373882 -0.097214 0.006690 
3.290867 2.598852 1.835395 1.314267 0.720803 0.359588 0.012793 -0.266107 -0.344613 -0.357850 -0.135915 0.007341 
3.363603 2.705975 1.957509 1.180909 0.679607 0.080578 -0.078290 -0.235085 -0.458923 -0.351094 -0.174982 0.000078 
3.506826 2.920316 2.131810 1.101528 0.598266 0.095502 -0.131744 -0.436953 -0.529778 -0.359617 -0.160855 -0.007477 
3.626263 2.987574 2.251034 1.281060 0.783245 -0.006310 -0.265579 -0.483913 -0.638208 -0.377949 -0.151582 -0.012994 
3.616054 3.010634 2.157624 1.280625 0.740188 -0.038520 -0.278862 -0.491319 -0.628694 -0.375054 -0.173482 -0.015250 
3.713343 3.014572 2.146703 1.362949 0.592670 -0.088613 -0.360302 -0.455765 -0.448956 -0.404888 -0.197509 -0.018318 
3.963020 3.140928 1.939402 1.121771 0.803652 0.003063 -0.473226 -0.377143 -0.385810 -0.381961 -0.237658 -0.028736 
5.140472 3.476059 1.824401 1.007293 1.152030 -0.203304 -0.229198 0.053111 -0.544465 -0.697607 -0.232268 -0.032553 
5.100330 3.416751 1.842654 1.300073 0.878493 -0.049742 -0.080378 -0.086451 -0.591922 -0.747390 -0.212909 -0.024758 
4.602463 3.509517 2.090491 0.883594 0.846157 -0.058609 0.132293 -0.003522 -0.782104 -0.696739 -0.200737 -0.035815 
4.412652 3.351744 1.867610 0.780570 0.903352 0.281013 -0.123419 -0.182126 -0.683412 -0.517996 -0.228570 -0.038179 
4.870992 3.600363 1.754259 0.586028 1.019701 0.144562 0.304629 0.004927 -0.745961 -0.666582 -0.268081 -0.044340 
4.496383 3.336106 1.896490 0.584984 0.956142 0.267895 0.242710 0.246198 -0.822123 -0.659747 -0.260736 -0.052297 
4.411290 3.332107 1.807380 0.530840 0.878412 0.303831 0.356609 0.171762 -0.745997 -0.673559 -0.271719 -0.053981 
4.772336 3.484276 1.638270 0.679974 0.841648 0.181307 0.260054 0.195413 -0.671136 -0.666364 -0.275173 -0.054636 
4.079726 3.087285 1.778525 0.730065 0.558513 0.216424 0.096754 -0.434749 -0.640768 -0.485520 -0.191726 -0.026928 
5.107973 3.270566 1.435482 0.569759 0.817400 -0.284162 -0.298970 0.001850 -0.366468 -0.647604 -0.222061 -0.035896 
3.471222 2.500473 1.525569 0.692855 0.264481 0.024368 -0.189910 -0.479978 -0.741946 -0.485725 -0.109642 -0.000431 
5.502415 3.552688 0.669179 0.386115 1.385515 -0.466249 -0.591756 -0.001376 -0.423404 -0.775584 -0.300050 -0.039291 
4.191447 2.716891 1.331572 0.878398 0.749647 -0.174830 -0.488017 -0.364312 -0.550782 -0.534689 -0.156687 -0.003347 
5.582915 3.103499 0.877399 0.659437 1.578055 -0.609491 -0.399524 0.252403 -0.407885 -0.976827 -0.329493 0.008734 
3.267302 2.200903 1.434625 0.860523 0.514043 0.016015 -0.265542 -0.348956 -0.514218 -0.454709 -0.139268 0.044451 
4.709992 2.859938 1.153609 0.639916 0.760510 -0.386741 -0.257426 0.250121 -0.379260 -0.693832 -0.152278 0.027356 
4.325923 3.057539 1.208999 0.271179 0.639082 -0.230737 0.227451 -0.043668 -0.632671 -0.519765 -0.123721 0.039542 
4.779158 3.256685 1.332692 0.825161 1.177944 -0.466953 -0.226904 0.006000 -0.576436 -0.560044 -0.071200 0.050005 
4.539158 2.986053 1.383636 0.922480 1.356824 -0.832878 -0.110603 -0.087315 -0.427969 -0.453186 -0.098290 0.053452 
3.827653 2.636936 1.840871 1.161532 0.844085 -0.587248 -0.404566 0.112793 -0.190020 -0.454843 -0.113101 0.039425 
3.883860 2.599424 1.749091 1.159378 1.319377 -0.895288 -0.528080 -0.034007 0.057174 -0.234679 -0.233323 0.023453 
4.174588 2.774367 1.287635 1.165166 1.643759 -1.265903 -0.365444 0.321333 0.013836 -0.436582 -0.251667 0.030227 
4.574558 3.226029 1.097224 0.588872 1.848170 -1.524776 0.175825 0.514743 -0.066468 -0.641546 -0.272550 0.036773 
4.132909 2.930185 1.669038 0.517143 1.132092 -0.738315 0.010177 0.163381 -0.532222 -0.157112 -0.167431 0.028072 
4.299871 2.980634 1.210129 0.474769 0.994559 -0.726037 0.070536 0.257580 -0.095171 -0.452629 -0.132579 0.028914 
4.085666 2.721580 1.387730 0.454681 0.892942 -0.418898 0.022815 0.211097 -0.350866 -0.404719 -0.095034 0.045110 
4.381588 2.959313 0.918650 0.695880 1.569407 -1.060535 -0.123979 0.374711 -0.316484 -0.370750 -0.176184 0.051952 
4.737157 2.920982 0.749871 0.336352 2.123312 -1.289942 -0.327792 0.850706 -0.358446 -0.471965 -0.239687 0.058298 
4.842743 3.133651 0.786192 0.226627 1.710907 -1.520867 -0.048437 0.855276 -0.232764 -0.426228 -0.229143 0.062755 
4.491214 2.804257 1.355979 0.331904 0.821764 -1.142427 -0.533367 0.873833 -0.339128 -0.287076 -0.067279 0.049019 
4.422890 2.859874 0.958434 0.454589 0.869390 -0.795610 -0.066747 0.188031 -0.182443 -0.322845 -0.069553 0.053632 
5.113356 3.219856 0.239886 0.643101 1.363295 -0.857324 -0.294769 0.259045 0.257433 -0.457558 -0.139915 0.026947 
4.968124 2.919835 0.483170 0.647195 1.377245 -0.739810 -0.294369 0.221150 0.220917 -0.461802 -0.148593 0.019884 
4.803629 2.439367 0.673448 0.634738 1.427974 -0.872023 -0.064015 0.399322 0.468159 -0.391000 -0.222287 0.006801 
4.578904 2.416936 0.692643 0.859232 1.446447 -0.354495 -0.256958 0.491380 0.474154 -0.527758 -0.203568 -0.001925 
5.002413 3.274000 -0.064484 0.981702 2.248839 -0.857547 -0.181943 0.515707 0.848378 -0.639342 -0.281108 -0.039487 
4.246070 2.636768 0.720147 1.270345 1.587304 -0.626472 -0.139635 0.442340 0.798040 -0.365173 -0.193976 -0.018263 
3.885245 2.450260 0.945905 1.201834 1.113209 -0.266306 -0.010009 0.476735 0.834218 -0.154094 -0.055320 0.009970 
4.399695 2.373984 0.909768 1.283964 2.010827 -0.594283 -0.160147 0.553114 0.976063 -0.367972 -0.019031 0.043858 
4.784350 2.849021 -0.106987 0.861283 3.307652 -1.170819 0.030415 0.554442 0.876584 -0.137968 -0.073651 0.095228 
3.791207 2.169882 0.955063 1.098519 1.722998 -0.341745 0.223832 0.803608 0.734067 -0.182713 0.115377 0.068958 
3.470222 1.959931 1.101697 1.442498 1.485521 0.193718 0.220709 0.776039 0.658221 -0.085645 0.143527 0.068375 
3.879152 1.997021 0.902394 1.189911 1.825135 0.025931 -0.017464 1.114197 0.695824 -0.164575 0.156555 0.085864 
4.226679 1.931668 0.508003 0.928923 2.280593 -0.197077 -0.124627 1.247827 0.849542 -0.453005 0.147764 0.122169 
3.072871 1.602887 1.209844 1.116067 1.215789 0.570445 0.481897 1.011001 0.509671 -0.163349 0.074827 0.087937 
2.894406 1.893952 1.131332 1.133191 1.425887 1.093878 0.975433 0.778328 0.535831 0.008908 0.118862 0.076674 
3.148970 2.308262 1.537780 1.160096 1.253508 0.736551 0.729604 0.806200 0.641469 0.334062 0.017232 0.058759 
2.940358 2.110176 1.730653 1.429435 1.284512 0.909249 0.878031 0.571898 0.462093 0.128709 0.159784 0.075081 
3.140946 2.109705 1.713045 1.610332 1.364409 0.814564 0.704247 0.654988 0.500552 0.190643 0.069017 0.065906 
3.076005 2.362911 1.900054 1.325256 1.036749 0.756801 0.977736 0.552116 0.304332 0.411727 0.022314 0.064366 
3.135298 2.228495 1.460406 1.228967 0.953024 0.763563 1.187261 0.483903 0.474070 0.261602 0.088990 0.069286 
3.006296 2.206630 1.516904 1.240550 1.017413 0.870211 0.698961 0.607116 0.588543 0.246436 0.120533 0.073520 
3.033502 2.286506 1.667167 1.487911 1.059566 1.028741 1.114622 0.595685 0.535690 0.244045 0.195368 0.073300 
3.017929 2.335947 1.583439 1.092656 1.081143 0.972076 1.064744 0.934040 0.583789 0.350457 0.075991 0.065828 
3.027669 2.125264 1.677821 1.162512 1.320482 0.495498 0.953020 1.019950 0.734214 0.222544 0.033552 0.066769 
3.052355 2.137968 1.362041 1.353991 1.513555 1.111238 1.621518 1.040977 0.543505 0.199418 0.110154 0.072621 
2.763416 2.059179 1.553965 1.502370 1.458660 1.222663 1.223853 1.023900 0.532799 0.090893 0.072105 0.072033 
