2.375074 2.333324 1.122645 1.866908 1.018266 0.961488 1.042421 0.349528 1.067417 0.661655 0.322122 0.068579 
2.405619 2.126235 1.247448 1.795737 0.839351 0.681196 1.152570 0.426444 1.180834 0.427306 0.231298 0.066908 
2.413716 2.089483 1.302327 1.433911 1.218815 0.504569 1.158248 0.179958 1.010276 0.314738 0.327229 0.075044 
2.299841 2.291867 1.092385 1.385066 1.589553 1.262881 1.594616 -0.254108 1.330271 0.611674 0.126170 0.079636 
2.220580 2.205847 1.151479 2.083714 1.167478 0.981610 2.096874 -0.464086 0.933206 0.603957 0.169974 0.062230 
2.222191 2.026146 1.522538 1.624987 1.577432 0.650307 1.703425 -0.618892 0.793622 0.435701 0.248981 0.080934 
2.281400 2.256696 1.461811 1.536011 0.779268 0.529887 2.048071 -0.196213 0.861839 0.399815 0.319058 0.064712 
2.143478 2.295639 1.448402 1.688126 0.752988 0.619892 2.231079 -0.001434 0.810986 0.550196 0.381366 0.055623 
1.985488 2.487536 1.162937 1.864363 0.886244 0.549174 1.866018 0.025064 1.094483 0.632435 0.442007 0.053304 
1.909088 2.625673 1.190088 1.653869 0.720850 0.134639 2.075337 -0.447765 0.707405 0.643695 0.501905 0.062833 
1.711183 2.749146 1.029681 2.151658 0.317583 0.297969 2.061470 -0.583543 0.697677 0.640021 0.423177 0.047283 
1.763353 2.679270 0.855215 1.686440 0.270961 0.176007 1.969713 -0.895073 0.885110 0.655613 0.367994 0.070261 
1.838268 2.572974 1.197921 1.666007 0.497284 -0.009884 2.164245 -0.812064 0.918356 0.428414 0.338341 0.066889 
1.870092 2.449856 0.941123 2.008548 0.315765 0.039205 2.084540 -0.547866 0.817200 0.456054 0.388583 0.051034 
1.980269 2.627304 0.918119 2.127797 0.696932 -0.336976 2.126782 -0.646520 1.081468 0.340843 0.526276 0.048374 
1.721486 2.429320 0.931075 1.730011 0.773946 0.814879 1.851219 -0.258569 1.181814 0.397708 0.313676 0.050789 
1.804579 1.985500 1.153261 1.748169 1.207276 0.981120 2.035592 -1.088666 1.492491 0.262787 0.281663 0.051682 
1.611097 2.116990 0.982750 1.983665 1.402738 0.730620 1.717636 -0.884034 1.461071 0.532105 0.323495 0.040292 
1.802356 2.041877 1.078269 1.815854 1.275589 0.833760 1.438503 -0.688444 1.485548 0.583548 0.367428 0.037678 
1.781414 2.300446 0.819725 1.786075 1.274452 1.152376 1.273113 -0.837181 1.278991 0.481833 0.266760 0.056975 
1.895459 2.323981 0.850664 1.525418 1.621696 0.887214 1.220537 -0.491315 1.298548 0.516571 0.395486 0.053749 
1.996755 2.164279 0.668091 2.008991 1.353341 0.507835 1.703796 -0.327825 1.452183 0.349116 0.442488 0.030844 
1.952362 2.233975 1.006640 1.733587 1.579014 0.864609 1.271077 -0.813584 1.453994 0.333881 0.406799 0.042620 
1.855423 2.122591 0.726843 1.899957 1.275832 1.047096 1.588881 -0.804008 1.001947 0.207656 0.563387 0.026784 
1.951049 1.954027 0.618223 1.476266 0.967298 1.005523 1.645301 -0.638157 1.389089 0.400334 0.724992 0.006509 
2.417158 2.272605 0.666914 1.902722 0.765324 0.732302 1.377478 -0.736363 1.288160 0.239440 0.579754 0.025105 
2.772062 2.738637 0.769435 1.686569 -0.045757 0.597644 0.646596 -0.708889 0.503800 0.109653 0.431210 0.072161 
3.658955 2.921759 1.224834 1.499210 0.627569 0.432673 0.016755 -1.126763 0.452225 0.061559 0.089263 0.038704 
4.467604 3.246582 1.066128 1.910124 1.138325 0.007272 -0.066436 -1.549636 -0.053822 0.199413 0.117282 0.014612 
5.471090 3.107138 0.649946 1.751210 0.734598 -0.416506 -0.469971 -1.617586 0.366321 0.182406 0.112330 -0.049249 
5.819633 3.088224 0.487856 0.704490 1.032437 0.212665 -1.296450 -1.399435 0.497224 -0.119305 -0.012052 -0.067173 
5.684111 2.980219 0.509442 0.696737 0.820943 -0.115659 -1.255481 -1.384767 0.316519 -0.204882 -0.078993 -0.072727 
4.805215 2.814416 0.646128 0.522539 0.492099 -0.303747 -1.220898 -0.849417 -0.232022 -0.249321 -0.154774 -0.055963 
4.546950 2.835685 0.611977 0.100753 0.061358 -0.160189 -1.147526 -1.145582 -0.526612 -0.219268 -0.145946 -0.048718 
4.361601 2.546478 0.526838 -0.154088 0.007904 -0.721218 -1.355254 -1.252460 -0.163190 -0.041689 -0.195167 -0.081867 
4.496752 2.421325 0.473172 -0.346884 -0.205274 -1.088125 -1.057780 -0.854398 -0.112646 -0.297881 -0.230313 -0.082195 
4.372523 2.328768 0.451273 -0.339822 -0.409000 -1.263708 -1.169718 -0.792182 -0.137095 -0.256867 -0.188115 -0.066557 
4.324782 2.328267 0.191438 -0.456252 -0.557583 -1.151592 -1.323879 -0.952132 -0.116925 -0.233302 -0.110579 -0.051967 
4.198223 2.333857 0.212961 -0.637404 -0.819182 -1.219973 -1.343869 -0.835173 -0.100162 -0.237708 -0.080969 -0.042446 
4.227961 2.267714 0.156259 -0.553677 -0.795763 -1.469766 -1.513270 -0.906255 0.046044 -0.155613 -0.081164 -0.049430 
4.184936 2.092348 0.028904 -0.658792 -0.837702 -1.640584 -1.655150 -0.823742 -0.031313 -0.113726 -0.095427 -0.056709 
4.297333 1.945338 -0.241347 -0.736433 -0.738499 -1.431788 -1.803570 -0.887406 -0.051986 -0.121985 -0.087380 -0.069866 
4.218894 1.957663 -0.338024 -0.734243 -0.758136 -1.242063 -1.788043 -0.773675 -0.091622 -0.064602 -0.111678 -0.083933 
4.525112 1.978711 -0.543291 -1.006745 -0.477717 -1.220742 -1.719666 -0.986478 0.094198 -0.188923 -0.073347 -0.089848 
4.776312 2.128217 -0.681152 -0.978151 -0.392770 -1.168092 -1.703072 -0.906237 -0.012842 -0.127879 -0.073585 -0.089710 
5.031906 2.250371 -0.687781 -0.988583 -0.432700 -1.068333 -1.596481 -0.936373 0.110700 -0.195148 -0.076263 -0.090435 
4.869633 2.263892 -0.563335 -0.931622 -0.507278 -1.002187 -1.392103 -0.780613 -0.049416 -0.107534 -0.081407 -0.084647 
5.509664 2.391101 -0.988587 -1.050493 -0.180474 -0.682885 -1.567988 -0.838520 0.165586 -0.147825 -0.090376 -0.108658 
6.289925 2.852646 -1.985919 -1.294385 0.308675 -0.379128 -2.131773 -0.463566 -0.005687 0.057372 -0.189818 -0.162258 
6.345918 2.692905 -2.079903 -1.211991 0.532290 -0.372038 -2.014922 -0.369537 -0.047124 0.099703 -0.225185 -0.160567 
6.352804 2.613372 -2.222249 -1.196428 0.817098 -0.251590 -2.067365 -0.110991 -0.160968 0.128952 -0.305147 -0.170006 
6.214339 2.416880 -1.958662 -1.280597 0.997446 -0.188817 -1.799536 -0.213969 -0.051788 -0.022851 -0.281194 -0.171729 
6.099181 2.414835 -2.040811 -1.264928 1.239196 -0.195146 -1.592172 -0.211916 -0.101326 -0.013287 -0.292912 -0.170027 
5.826880 2.272482 -1.809116 -1.244349 1.302599 -0.037803 -1.446461 -0.070792 -0.149540 0.015016 -0.237240 -0.153473 
5.907920 2.329131 -1.808369 -1.410908 1.467517 0.058387 -1.054190 -0.669470 0.298899 -0.043877 -0.129789 -0.159619 
5.599320 2.174984 -1.570229 -1.451296 1.331610 0.646192 -1.511154 -0.208488 0.298407 0.027280 -0.030531 -0.155846 
5.459181 2.119901 -1.634177 -1.263695 1.660788 0.375869 -1.546555 0.128198 0.131831 0.311072 -0.053026 -0.158874 
5.287830 1.917903 -1.378665 -0.974061 1.509945 0.163532 -1.135188 -0.104237 0.559070 0.314201 -0.054915 -0.154964 
5.316914 1.814578 -1.361845 -1.016965 1.245723 0.577555 -1.233596 -0.005913 0.681349 0.262880 -0.024183 -0.154526 
5.263924 1.668706 -1.252228 -0.598697 0.745577 0.874302 -0.821113 -0.229248 0.861381 0.263248 -0.041292 -0.144882 
5.381616 1.778690 -1.379161 -0.756287 0.964313 0.868946 -0.758290 0.309863 0.648971 0.349233 -0.034686 -0.136048 
5.348001 1.599071 -1.157377 -0.990125 1.179325 0.761302 -0.573236 0.468831 0.698502 0.283449 -0.025019 -0.127912 
5.388592 1.458005 -1.030456 -1.163445 1.437177 0.679493 -0.465693 0.520467 0.821551 0.259558 -0.025383 -0.127996 
5.373460 1.330152 -1.094097 -1.114154 1.419062 0.799159 -0.554381 0.699996 0.827909 0.242267 -0.026240 -0.128651 
5.875992 1.108270 -1.359968 -1.058591 1.546178 0.713822 -0.362954 0.333688 1.023941 0.261367 -0.092666 -0.132840 
5.786070 1.221263 -1.669433 -0.770472 1.449556 0.862408 -0.522733 0.439765 0.932059 0.246765 -0.098381 -0.138263 
5.982997 1.125041 -1.729838 -0.647543 1.376762 1.094561 -0.630146 0.366121 1.080492 0.313499 -0.096422 -0.141403 
6.193643 1.349160 -2.089198 -0.562792 1.781321 0.868772 -0.528582 0.363884 1.022867 0.429409 -0.104236 -0.154979 
5.181740 1.383155 -1.430414 -0.479866 1.712505 0.866228 -0.410513 0.338135 1.120231 0.301739 -0.036385 -0.142399 
4.050525 1.155858 -0.731964 0.119965 1.090805 0.866064 -0.044936 0.493928 0.870423 0.392429 -0.049677 -0.124270 
3.993562 1.252445 -0.610860 -0.012139 1.363427 0.839845 0.150951 0.469393 0.957696 0.390910 -0.070802 -0.128742 
6.196707 1.261830 -1.956199 -0.893982 2.304639 1.508278 -0.378814 0.558635 1.172414 0.445775 -0.055026 -0.152968 
5.065422 1.132598 -1.565601 -0.377162 2.140379 1.214156 0.065864 0.393497 1.175308 0.242903 -0.066360 -0.137732 
3.715048 0.833231 -0.923817 0.110485 1.591830 1.459767 0.392744 0.634674 0.800383 0.199105 -0.113911 -0.119420 
3.891407 0.668886 -1.212518 -0.014988 1.956226 1.603844 0.576188 0.657461 0.844074 0.150483 -0.137088 -0.121530 
5.740127 0.945436 -2.220290 -1.184526 2.818630 1.965204 0.291561 0.749105 1.423655 0.215397 -0.084561 -0.135860 
5.800698 1.051484 -2.419288 -1.030934 2.666788 2.278755 0.059553 0.912291 1.382556 0.243802 -0.078665 -0.148345 
5.776520 1.233197 -2.672448 -0.776222 2.789613 1.929299 0.306321 0.589034 1.417340 0.271336 -0.078503 -0.154623 
5.845822 1.411020 -2.827712 -0.172391 2.496109 1.704270 0.451736 0.193907 1.542081 0.238856 -0.032047 -0.147836 
5.657318 1.668525 -2.791749 -0.019197 2.562820 1.828857 0.046271 0.426863 1.395807 0.313408 -0.039134 -0.153792 
5.814531 1.637605 -2.976249 0.611154 2.157951 1.748725 0.633707 -0.009318 1.819343 0.200574 0.050449 -0.176475 
5.017990 1.357490 -1.941316 0.065131 2.460750 1.730513 0.339916 0.661933 1.598057 0.275037 -0.018846 -0.131463 
5.343239 1.328668 -2.561873 0.162846 2.446584 2.040157 0.715308 0.557038 1.900624 0.274917 0.061487 -0.118657 
5.622557 1.601903 -3.376784 0.002046 2.759498 2.152950 1.032472 0.745060 1.945150 0.432414 0.142877 -0.110755 
4.970246 0.723115 -2.241187 0.014316 2.689730 2.229043 0.617214 1.000281 1.753921 0.239806 0.058681 -0.055714 
