2.582567 2.029656 1.810781 1.624282 1.467344 1.049494 0.891770 0.810200 0.536079 0.313742 0.156097 0.079151 
2.673733 1.938280 1.673507 1.552795 1.553772 1.201530 0.732841 0.547782 0.620082 0.419508 0.140000 0.076901 
2.636758 1.912448 1.674751 1.582743 1.555313 1.104904 0.713155 0.723178 0.649554 0.413501 0.203578 0.077973 
2.633009 1.958547 1.613959 1.591623 1.533521 1.220691 0.908167 0.694325 0.551264 0.281356 0.171253 0.079003 
2.742767 2.083052 1.826801 2.002463 1.763077 0.996325 0.856331 0.501727 0.526694 0.240135 0.083020 0.071058 
2.671748 2.097892 1.763190 1.525446 1.156990 1.079029 0.392418 0.447593 0.111827 0.157163 0.116223 0.073558 
3.250421 2.966287 2.550508 2.709758 2.371992 1.825197 1.207782 0.562112 0.289208 -0.095947 -0.053665 0.007760 
3.396359 3.319234 2.871408 2.961980 2.230019 1.577458 1.120607 0.521198 0.315795 -0.143209 -0.025191 -0.012563 
3.301794 2.925048 2.757583 2.424061 2.084477 1.621334 0.960455 0.604995 0.106681 -0.145185 -0.087962 -0.011895 
3.234168 2.848291 2.496754 2.240209 1.878628 1.464436 0.744019 0.383348 0.022629 -0.118949 -0.178468 -0.020745 
3.444508 3.086631 2.515774 2.096802 1.767016 1.311590 0.773216 0.393365 -0.120070 -0.142855 -0.174512 -0.030767 
4.583711 4.097605 2.792283 2.397398 3.263702 1.455406 1.382601 0.343739 -0.487988 -0.784449 -0.010445 -0.029840 
3.537247 3.178247 2.695727 2.364230 2.149261 1.316427 0.643063 0.139362 -0.212511 -0.300992 -0.166533 -0.049086 
3.313136 3.064396 2.602864 2.037979 1.639455 1.142378 0.748655 0.256179 -0.087967 -0.388904 -0.279075 -0.050653 
3.539313 3.232415 2.713381 2.418080 1.840536 1.066204 0.401626 -0.110087 -0.201238 -0.318743 -0.236580 -0.064232 
4.058251 3.829900 2.901457 2.237093 1.981650 1.020289 0.594288 -0.190928 -0.528433 -0.346778 -0.183812 -0.069154 
3.254575 2.884774 2.457155 1.926758 1.595572 1.107800 0.417289 0.053455 -0.342662 -0.429352 -0.329022 -0.062179 
3.582046 3.217366 2.849291 2.196064 1.720149 0.761056 0.258239 -0.099528 -0.476056 -0.336173 -0.279000 -0.076178 
4.275479 3.896981 3.336332 2.452130 2.815120 0.443558 0.334710 -0.039870 -1.010539 -0.133552 -0.265293 -0.083867 
3.540231 3.044745 2.546697 1.814166 1.666699 1.003397 0.304934 -0.033029 -0.501125 -0.431647 -0.305622 -0.078256 
3.384816 2.914665 2.546804 2.047116 1.680304 0.749356 0.136561 -0.098231 -0.558671 -0.423319 -0.312320 -0.079553 
3.626764 3.123798 2.647370 1.954254 1.928322 0.894382 0.059488 -0.327647 -0.654480 -0.325865 -0.283944 -0.087887 
4.515117 4.000444 2.559789 1.465207 2.831996 1.186739 0.260899 -0.427878 -1.245571 -0.130032 -0.267326 -0.068168 
3.634959 3.148100 2.558283 1.840416 1.815447 0.896694 0.237643 -0.358673 -0.648807 -0.357752 -0.320087 -0.087143 
4.020160 3.938754 2.759963 2.124511 2.550978 1.249533 0.613167 -0.743818 -1.089858 -0.267775 -0.226807 -0.069500 
3.502026 3.003806 2.503143 1.999440 1.680264 0.893367 0.151763 -0.167534 -0.529981 -0.460178 -0.331603 -0.086780 
3.526534 2.970820 2.438031 2.025723 1.751363 0.998933 0.039784 -0.478740 -0.581364 -0.410759 -0.325707 -0.091686 
4.313836 4.008420 2.842501 1.896415 3.701536 1.338804 -0.067939 -0.794652 -1.238790 -0.144694 -0.179214 -0.091033 
3.434822 2.980190 2.522535 2.035654 1.713052 0.869588 0.135199 -0.466258 -0.624539 -0.483034 -0.300042 -0.092306 
3.533868 3.072794 2.615284 1.916190 1.634438 0.729636 -0.085201 -0.351797 -0.561523 -0.424581 -0.322120 -0.093633 
3.143754 2.603414 2.292551 1.627557 1.080062 0.534591 -0.039075 -0.211865 -0.446537 -0.496302 -0.402463 -0.080456 
4.293438 3.775032 3.085700 2.050596 2.109115 1.076524 0.277677 -0.375629 -0.818602 -0.670116 -0.179888 -0.090489 
3.444968 2.964561 2.466150 1.897879 1.632068 0.875104 0.193502 -0.410651 -0.603489 -0.446740 -0.309476 -0.080209 
3.635755 3.155965 2.564750 1.849345 1.544546 0.643946 0.066281 -0.355544 -0.584619 -0.383841 -0.330266 -0.086086 
3.255276 2.751697 2.229344 1.608440 1.237124 0.589803 0.051475 -0.376179 -0.589136 -0.497273 -0.341358 -0.076426 
4.066608 3.531070 2.871957 1.721007 2.291259 0.847326 0.209803 -0.608301 -1.076113 -0.368689 -0.229927 -0.081753 
4.342933 3.818902 2.881255 1.748802 1.976778 1.212857 0.235531 -0.408073 -1.127310 -0.600626 -0.207898 -0.084419 
3.677025 3.250288 2.472007 1.773877 1.524797 0.730527 0.207529 -0.398627 -0.871975 -0.484761 -0.276371 -0.086652 
3.492988 3.013279 2.353607 1.821997 1.483379 0.682704 0.081615 -0.510348 -0.696121 -0.425116 -0.317489 -0.084521 
3.205510 2.683726 2.183278 1.907548 1.430181 0.606722 0.027859 -0.543543 -0.574626 -0.459140 -0.357291 -0.080902 
4.859674 3.911018 2.844432 1.193176 3.138962 1.350764 -0.001973 -0.594467 -1.405446 -0.238852 -0.207802 -0.076871 
3.642485 3.087877 2.471834 1.764136 1.684403 1.005863 0.199608 -0.407304 -0.688415 -0.526407 -0.282355 -0.083044 
3.558795 3.112926 2.349070 1.897935 1.505518 0.700990 0.157564 -0.500724 -0.696120 -0.487967 -0.294618 -0.086043 
3.252325 2.736672 2.212485 1.801456 1.313205 0.547683 -0.060834 -0.551548 -0.558714 -0.441143 -0.352512 -0.079933 
3.748588 3.153867 2.375407 1.842863 1.669062 0.965878 0.167694 -0.705377 -0.790343 -0.467558 -0.234258 -0.078453 
5.314496 3.921534 2.511553 1.159257 4.169025 1.206554 -0.062144 -1.314468 -1.588243 -0.086338 -0.124290 -0.048888 
4.951429 3.897860 2.382985 1.370967 3.919671 1.186672 0.099832 -1.119642 -1.758619 -0.053280 -0.143724 -0.035909 
3.758517 3.085347 2.360160 1.906486 2.233236 0.839570 0.135509 -0.860731 -1.109744 -0.282983 -0.188443 -0.070432 
3.630252 3.023601 2.189466 1.544690 1.745733 0.783781 0.111213 -0.613743 -0.898505 -0.399947 -0.250113 -0.070886 
4.457872 3.636268 2.341142 1.177460 2.284831 1.034983 0.253041 -0.783523 -1.407620 -0.108916 -0.257297 -0.048278 
3.639879 2.800787 2.077185 1.951318 1.775140 1.020392 -0.003236 -0.793086 -0.794952 -0.383889 -0.230675 -0.073712 
3.664266 2.871103 2.235186 2.023334 2.067417 0.964407 -0.083146 -0.975361 -0.794325 -0.258460 -0.234717 -0.082004 
4.045200 3.265431 2.219622 1.876182 2.521974 1.114464 -0.345246 -1.166830 -0.969461 -0.178547 -0.182795 -0.080566 
4.449187 3.469964 2.201380 1.323838 2.447060 1.233583 -0.428769 -1.244217 -1.088621 -0.032033 -0.209882 -0.070840 
3.541673 2.871241 2.313652 1.878165 1.907567 0.681607 -0.361319 -0.861689 -0.805487 -0.267244 -0.247629 -0.084036 
3.955558 3.048255 2.181940 1.840217 2.661469 0.895050 -0.554869 -1.218809 -0.861220 -0.010759 -0.232054 -0.093471 
4.408903 3.321651 2.171871 1.322767 3.190164 1.371112 -0.779063 -1.419139 -0.955882 -0.086449 -0.094261 -0.082795 
4.554057 3.411676 2.147296 0.922961 3.097900 1.552235 -0.843691 -1.371669 -1.073961 0.105050 -0.104344 -0.076556 
4.371436 3.158256 2.113881 1.439919 2.862288 1.444498 -0.782619 -1.197747 -1.058214 -0.071211 -0.109874 -0.081946 
4.027129 3.051217 2.261810 1.823857 2.303193 0.998959 -0.654502 -0.812354 -0.887733 -0.239693 -0.172510 -0.082161 
4.556955 3.397349 2.138862 1.539163 3.174214 1.157419 -0.604652 -1.104753 -1.031013 -0.090185 -0.131746 -0.083949 
4.485810 3.368263 2.047757 1.678051 2.824406 1.364900 -0.406577 -1.187459 -0.963953 -0.043280 -0.149093 -0.073869 
5.533840 3.623988 2.390821 0.566067 4.499366 1.131968 -1.239843 -0.807626 -1.269351 0.045529 -0.007616 -0.140011 
3.921255 2.878897 2.327511 1.879770 2.230282 1.062961 -0.763063 -0.847181 -0.738313 -0.221663 -0.168781 -0.085609 
4.613249 3.374831 2.376375 1.921043 3.423236 1.461936 -1.475089 -1.162878 -0.912956 0.085317 -0.058199 -0.123740 
4.388814 3.290949 2.541270 1.862116 3.456760 1.452512 -1.368446 -1.009440 -0.960325 -0.001114 -0.026053 -0.114087 
4.956366 3.390653 2.304885 1.476889 4.207658 1.255335 -1.357346 -0.932630 -0.941974 0.138924 0.036024 -0.116042 
3.615206 2.727878 2.166573 1.996756 2.339001 1.068031 -0.287310 -0.805835 -0.504008 0.008258 -0.078344 -0.037593 
3.829344 2.933337 2.103415 1.948023 2.568115 1.320403 -0.038539 -0.689965 -0.705198 0.120795 0.013632 -0.009703 
3.676743 2.622885 2.099938 2.284233 2.542776 1.413573 -0.046765 -0.489181 -0.335819 0.090031 0.068966 -0.004443 
3.561895 2.488003 2.330135 2.580933 3.042948 1.429647 -0.105013 -0.437333 -0.332903 0.268604 0.091355 -0.020579 
3.329537 2.584751 2.017797 2.384046 2.322404 1.583461 0.322546 -0.409237 0.037429 0.130895 -0.040592 -0.001454 
2.948014 2.384918 2.232364 2.043820 1.611376 0.840487 0.286118 0.247122 0.044872 -0.082801 -0.167425 0.026387 
3.125581 2.413888 2.297086 2.224887 2.192996 1.348759 0.449978 0.133536 -0.151612 -0.165860 -0.163875 0.003712 
3.050174 2.475751 2.287793 2.199751 1.878287 1.173001 0.493982 0.212899 0.025089 -0.058038 -0.135180 0.019197 
3.061426 2.637271 2.570758 2.302687 1.970355 1.354487 0.817778 0.253992 -0.199811 -0.145363 -0.109711 0.006143 
2.857681 2.217487 1.927723 1.685718 1.652665 0.911759 0.356817 0.191731 0.042895 0.015270 -0.039915 0.054369 
3.045960 2.455713 2.147427 1.879469 1.707545 1.148085 0.674228 0.403627 0.144832 0.003463 -0.046467 0.040074 
2.790592 2.190282 1.905995 1.808218 1.762825 1.002238 0.487667 0.330603 0.205418 0.132642 0.090007 0.062436 
3.062277 2.246049 2.041941 2.262104 2.272190 1.604509 0.929380 0.273147 0.050828 0.096301 0.043582 0.047437 
2.815172 2.039451 1.727040 1.840248 1.641431 0.960507 0.406475 0.375410 0.450787 0.220883 0.140958 0.069934 
2.916340 2.235589 1.808720 1.933410 1.937170 1.561671 1.050140 0.659764 0.260349 0.179879 0.122327 0.070264 
2.750730 1.928385 1.757462 1.827773 1.888138 1.290677 0.787481 0.459296 0.360272 0.213728 0.210897 0.074833 
2.878168 2.131093 1.924726 2.006961 1.993572 1.122967 0.660751 0.839158 0.349649 0.205144 -0.010669 0.061217 
3.003557 2.140952 1.874156 1.930948 2.015933 1.165156 0.657294 0.472097 0.371900 0.332610 0.043697 0.058463 
