2.787571 1.520423 1.220769 1.141410 1.946126 0.378264 1.425826 1.091473 0.398360 0.485249 0.279227 0.088582 
2.979199 1.338130 1.309714 0.971492 1.940214 0.774948 1.745277 0.953121 0.384425 0.446933 0.288432 0.090449 
3.071974 1.375379 1.588808 0.393080 1.833275 1.432769 1.443249 1.246645 0.373622 0.186696 0.128689 0.068227 
3.060328 1.449587 2.058580 0.168109 1.835069 2.250205 2.051886 0.697659 0.320469 -0.010463 0.069934 0.102595 
3.027152 1.540052 1.486706 0.193474 1.699303 2.634852 1.646472 0.906374 0.417791 0.103218 0.049312 0.073220 
3.327361 2.286456 1.752220 0.200038 1.947145 2.524288 2.081052 1.120378 -0.178770 -0.292745 -0.149578 0.011505 
3.453368 2.858999 1.434219 -0.403918 1.824391 2.197033 1.755523 1.127047 -0.624369 -0.172650 -0.081819 -0.003926 
3.916246 3.363573 1.135856 -1.303800 1.507800 1.197920 1.973712 1.684746 -0.580659 -0.252418 -0.170294 -0.050302 
4.195231 3.150101 1.075703 -1.795067 1.541776 1.401919 1.831102 1.858790 -0.589778 -0.204746 -0.189184 -0.066787 
3.800722 2.387850 0.617299 -0.905266 0.913413 1.202214 1.836408 1.318888 -0.477813 -0.320471 -0.045920 -0.018995 
4.478307 2.966505 0.971045 -2.041181 0.580779 0.682161 1.905700 1.320675 -0.373145 -0.339797 -0.102106 -0.021548 
3.517332 1.990474 0.389711 -0.666368 0.310802 0.816112 1.209890 0.643145 -0.287884 -0.247900 -0.030234 -0.042767 
5.170992 3.323568 0.521626 -2.299581 0.628229 0.226707 1.388674 1.383141 -0.621397 -0.150391 -0.115669 -0.000450 
4.626828 2.708773 0.440702 -1.389789 0.074199 0.518450 1.049805 1.009220 -0.381341 -0.321020 -0.004034 -0.014405 
5.597359 3.135119 0.143492 -2.933499 1.292776 0.515448 0.239105 1.117613 -0.221869 -0.365818 -0.021763 -0.076131 
4.516238 2.658801 0.330504 -1.449868 0.104868 0.468164 0.558292 0.994063 -0.255508 -0.445814 -0.053207 -0.059762 
6.229084 3.266221 0.237479 -4.199105 2.016779 0.393193 -0.125545 1.044567 -0.340622 -0.358115 -0.016712 -0.133592 
5.690825 3.046521 0.294581 -2.798328 0.752072 0.376928 -0.099930 1.342648 -0.345555 -0.528388 -0.139293 -0.129391 
5.596331 3.116406 0.142870 -2.499848 0.572358 0.148569 0.031036 1.293518 -0.558287 -0.484464 -0.229161 -0.125270 
5.691324 2.991449 0.072451 -2.472268 0.729010 0.217161 0.239558 0.907138 -0.561797 -0.532560 -0.307183 -0.124995 
6.716593 2.244458 1.063887 -3.949433 2.135651 -0.090638 -0.473033 0.965472 -0.810809 -0.402837 -0.365876 -0.178986 
5.856788 2.763650 0.534886 -3.129873 1.858086 -0.561434 0.170021 0.665990 -0.828779 -0.497400 -0.471269 -0.133684 
5.371607 2.724853 0.696975 -2.573996 1.428647 -0.425097 0.160967 0.714717 -0.946000 -0.649870 -0.422158 -0.134818 
4.587574 2.563303 0.708451 -1.400106 0.369742 -0.150432 0.301473 0.435353 -1.046176 -0.803572 -0.329405 -0.101329 
4.535974 2.998413 0.267131 -1.411135 0.429334 -0.777327 0.471294 0.326457 -1.155110 -0.780807 -0.400531 -0.084373 
5.406249 2.249335 0.744090 -2.283676 1.454691 -1.486648 0.007931 0.601669 -1.330012 -0.836782 -0.491743 -0.065311 
5.599087 2.082424 0.622954 -2.046791 1.374314 -2.154961 0.133655 0.601228 -1.222624 -0.893600 -0.612606 -0.022529 
4.962778 2.177535 0.358033 -1.335768 0.254423 -1.392775 -0.037423 0.551665 -1.132128 -0.874558 -0.295028 -0.041524 
3.781784 2.050653 0.120329 -0.846810 -0.565407 -0.529236 -0.163743 -0.104932 -0.729284 -0.710337 -0.157929 -0.065938 
4.677295 2.381839 0.133158 -0.655007 -0.194065 -1.530728 -0.250913 0.583101 -0.806243 -1.034433 -0.263017 -0.026625 
5.988650 2.182456 0.040684 -1.135031 0.634680 -2.546089 -0.436157 0.787215 -0.864753 -0.977878 -0.544524 0.012406 
5.221002 2.411191 0.220612 -0.861990 -0.439490 -1.676875 -0.366379 0.469442 -0.705461 -1.069622 -0.275830 0.000880 
3.878326 2.125113 0.452874 -0.572438 -0.768519 -0.877921 -0.354244 0.051870 -0.614946 -0.788496 -0.121251 -0.019113 
4.817727 2.763978 0.037944 -1.137979 -0.525365 -0.827096 -0.316747 0.079419 -0.522696 -0.932243 -0.224534 -0.031159 
5.670678 2.556925 0.357306 -1.402251 0.068686 -1.294938 -0.807147 0.680739 -0.813752 -1.052225 -0.376785 -0.047826 
5.221450 2.929773 0.317817 -1.202115 -0.216955 -0.942731 -0.266320 0.411774 -0.879450 -1.004999 -0.324007 -0.041019 
5.174258 2.782969 0.471619 -0.948137 -0.233122 -0.842941 -0.196852 0.306683 -0.936485 -1.073845 -0.288041 -0.023266 
5.729160 2.846097 0.214351 -1.121036 0.297456 -0.972310 -0.478752 0.564709 -1.081591 -1.018206 -0.393949 -0.030138 
4.635108 2.578756 0.522798 -0.736969 -0.216938 -0.535948 -0.074008 0.202102 -1.107053 -1.008848 -0.159879 -0.002704 
3.739383 2.037102 0.242911 -0.654618 -0.127873 -0.198611 -0.015923 -0.214817 -0.860474 -0.804408 -0.193653 -0.024894 
4.677993 2.689360 0.339324 -1.002007 -0.245247 -0.668456 0.169477 0.262588 -1.127980 -1.220246 -0.239827 -0.012024 
6.659516 2.134399 0.607865 -2.110873 2.138403 -1.912293 -0.447248 0.766390 -1.473865 -0.884833 -0.745715 -0.049177 
4.491892 2.400099 0.185939 -0.764162 -0.054495 0.191061 0.379216 0.183653 -0.914445 -1.195376 -0.384579 -0.060340 
3.534248 1.975191 0.234851 -0.315144 -0.084333 0.571378 0.518069 -0.246947 -0.747493 -0.993918 -0.368341 -0.067610 
5.179214 2.795304 -0.012635 -0.929961 0.604666 -0.229944 0.203478 0.512614 -1.045972 -1.140152 -0.491957 -0.076115 
7.059054 1.944347 0.920521 -1.854091 2.050584 -0.828045 -0.613767 1.108056 -1.283525 -1.093768 -0.637581 -0.138566 
5.035052 3.087091 0.473535 -0.709125 0.860556 -0.204611 -0.001301 0.793603 -1.074122 -1.233464 -0.408268 -0.073581 
4.238039 2.532004 0.784821 0.020295 0.629551 0.279740 0.098411 0.028270 -0.790705 -0.928433 -0.230878 -0.058859 
5.412153 2.955346 1.227503 -0.708595 2.055210 0.075738 -0.936720 0.487416 -1.164760 -1.306765 -0.301837 -0.099017 
5.474884 3.204495 1.316972 -1.123557 2.546182 -0.049167 -1.319620 0.453463 -1.082340 -1.305332 -0.280599 -0.153124 
4.292789 3.065172 1.338486 -0.017097 1.126533 0.224200 -0.605428 -0.308473 -1.031180 -0.789427 -0.155001 -0.075277 
3.585563 2.472772 1.583150 0.548274 1.232837 0.142958 -0.494364 -0.567204 -1.023920 -0.540591 -0.137833 -0.077258 
4.585451 2.892012 1.122691 0.009753 2.475063 0.371229 -0.793703 -0.471090 -0.686881 -0.768041 -0.162816 -0.095031 
4.826338 3.239057 0.930857 -0.407802 3.523392 -0.000664 -0.247971 -0.395717 -0.781897 -0.735170 -0.246432 -0.079678 
4.374628 3.015023 1.079259 0.581289 2.734880 0.037354 -0.127546 0.093981 -0.814253 -0.580229 -0.190849 -0.048305 
3.464669 2.277612 1.709351 0.643071 1.426003 1.160240 -0.215345 -0.218077 -0.769928 -0.402668 -0.028995 -0.043223 
4.063554 2.756425 1.793642 0.095251 2.754624 0.774010 -0.317802 0.210102 -0.760176 -0.662888 0.040186 -0.058681 
4.560653 2.988573 1.613092 -0.574407 4.331325 0.996079 -0.463218 0.445373 -0.513995 -0.852307 0.064699 -0.108267 
3.784768 2.794573 2.040397 0.009408 3.036476 1.060452 0.187062 0.725058 -0.623814 -0.632703 0.067133 -0.071048 
3.159638 2.234638 2.042791 1.206765 1.838946 1.126038 0.076770 0.162982 -0.267714 -0.298917 0.079348 -0.048902 
3.980276 3.077694 1.904807 0.190302 4.222208 0.822885 -0.129413 0.222174 0.086698 -0.803875 0.228256 -0.074980 
3.849547 3.329910 1.779409 0.185870 4.845248 0.532721 -0.380675 0.286894 0.340146 -0.445253 0.172994 -0.148290 
3.414754 2.869787 1.787775 0.683925 3.514635 1.171091 -0.046111 0.380834 0.314372 -0.553907 0.196565 -0.088529 
3.483777 2.661544 1.986342 0.606465 3.253292 1.495732 0.462770 0.609380 0.124248 -0.600277 0.088856 -0.057013 
4.165774 3.245331 1.171171 -0.205310 4.719545 1.430320 0.458866 1.030948 0.332964 -0.797101 0.041333 -0.154375 
3.837724 2.850871 1.351543 0.630334 3.231127 1.542277 0.626229 1.011601 0.186195 -1.014573 0.119672 -0.056135 
4.060016 2.565132 1.018788 0.566458 3.286557 1.692779 0.099055 0.780904 0.400578 -0.955106 0.137480 -0.049650 
4.417752 2.620663 0.085168 0.520882 3.420275 1.856228 -0.475799 1.034858 0.662996 -0.786014 0.031129 -0.112764 
3.835514 2.057359 0.442225 1.339407 2.550495 1.725263 0.242448 1.035907 0.178583 -0.463387 -0.179247 -0.043209 
3.555876 1.729134 0.234463 1.311357 2.348324 1.615862 0.329559 0.690613 0.485072 -0.233239 -0.153885 -0.057268 
4.822123 2.374024 -0.781251 0.867168 3.126676 1.857996 -0.843285 0.772719 0.821853 -0.478369 -0.012803 -0.085370 
4.644629 2.292692 -0.322048 0.841457 2.666843 1.442726 -0.487893 0.810338 0.643497 -0.335996 0.046026 -0.042668 
4.089609 2.040272 0.370075 0.939864 2.376839 1.216498 0.412701 0.823160 0.425199 -0.450904 0.060715 -0.007649 
3.656490 2.164082 1.062388 0.757414 1.498688 1.164890 1.115778 0.933750 -0.035739 -0.337385 0.242226 0.018976 
4.872552 2.605140 0.237125 0.284609 2.368471 1.301968 0.750605 0.898739 0.287403 -0.445948 0.167821 0.061177 
3.878723 2.269846 0.923057 0.487283 1.710717 1.498281 1.499024 1.356800 0.245476 -0.211466 0.117122 0.002891 
4.136767 2.580595 1.130301 0.789749 1.689234 1.003195 0.513770 1.424388 0.641656 0.127330 0.111712 -0.024199 
3.549057 2.263733 1.146344 1.037825 1.789892 0.860943 0.831820 1.125531 0.798379 0.241671 0.014893 -0.045238 
4.422661 2.547610 0.516716 0.700995 1.603268 0.879997 0.625411 1.536511 1.290563 -0.300999 0.079840 -0.041177 
4.036602 2.238740 0.591766 1.038905 1.910013 1.113763 0.793202 1.244403 1.437896 -0.119873 -0.023872 -0.072873 
3.758810 2.160747 0.701926 1.354007 1.948468 1.377283 0.786404 1.342100 0.865246 -0.028389 -0.086223 -0.056934 
3.740976 2.073338 0.630336 0.937170 2.340699 1.513207 1.077656 1.199778 0.935550 -0.067964 -0.064166 -0.056320 
4.481295 1.710650 0.422029 0.878494 2.767761 1.266432 0.606272 1.775950 1.343543 -0.209186 -0.161440 -0.058820 
3.726315 1.715451 0.539065 1.146950 1.974905 1.371723 1.338921 1.523309 0.797864 -0.149918 -0.110695 -0.042412 
3.522366 1.795727 0.853464 1.100064 1.939231 1.447287 0.954811 1.227541 0.656354 -0.017654 -0.067084 -0.042833 
