3.075787 2.850262 2.705856 2.245039 2.283220 1.454883 0.989014 0.570509 0.192916 0.129922 0.015494 0.030289 
3.140851 2.823761 2.421346 2.281816 1.856213 1.394363 0.862377 0.434982 0.065714 -0.125264 -0.099112 0.008534 
3.214876 3.029461 2.968078 2.152502 2.296336 1.436173 0.531072 0.529919 -0.281302 -0.117674 -0.037235 -0.018219 
3.624929 3.887249 3.485343 2.133445 2.971367 1.675400 0.267862 0.561155 -0.799574 -0.263868 0.105801 -0.063997 
3.306291 3.007099 2.622329 2.096063 1.842947 0.885945 0.486333 0.219573 -0.194951 -0.140684 -0.225148 -0.027572 
3.476272 3.484768 3.039876 2.067493 2.443508 1.205954 0.242724 0.271665 -0.539482 -0.286032 -0.078484 -0.055559 
3.387680 3.051810 2.701310 2.218161 2.049576 1.590735 0.278633 -0.087085 -0.370590 -0.427989 -0.132030 -0.046888 
3.624769 3.554734 3.036883 2.212347 2.667092 1.554100 -0.072442 -0.095469 -0.575859 -0.485870 -0.030077 -0.073466 
3.381172 3.171293 2.754517 1.869654 2.118988 0.995697 0.096725 0.079373 -0.415869 -0.415860 -0.215319 -0.061383 
3.498539 3.326600 2.831833 1.851012 2.145235 0.918214 0.300221 -0.087293 -0.617889 -0.301396 -0.244242 -0.064592 
3.622069 3.625352 3.189485 2.048724 1.873679 1.217646 -0.279820 0.074838 -0.486837 -0.651241 -0.090949 -0.080582 
3.336772 2.906545 2.654285 1.779021 1.365556 0.823803 0.093070 0.061566 -0.411358 -0.431780 -0.292345 -0.056551 
3.746187 3.367588 3.095961 2.111995 1.729284 0.733343 -0.137065 -0.060612 -0.311821 -0.405591 -0.239043 -0.069344 
3.385739 3.079230 2.650635 1.924977 1.628557 0.715578 0.183034 -0.095056 -0.327449 -0.407538 -0.295448 -0.059057 
5.150875 5.044407 2.967725 0.994126 2.707557 1.848283 -0.683043 -0.688171 0.108981 -0.899001 0.043815 -0.097739 
3.345861 2.842368 2.424873 1.901403 1.226702 0.624475 0.101515 -0.311769 -0.359334 -0.405898 -0.281964 -0.053992 
4.179497 3.553978 2.813718 2.067931 1.467177 0.811820 -0.008419 -0.559912 -0.418829 -0.490647 -0.184668 -0.064339 
3.620775 3.226025 2.653760 1.838846 1.387564 0.573956 0.000355 -0.317491 -0.497915 -0.502265 -0.222275 -0.063863 
5.733426 4.520177 3.097042 0.638235 2.213013 1.801374 -0.565308 -0.163715 -1.121187 -0.614842 -0.142119 -0.068594 
3.463797 2.953588 2.393960 1.660087 1.119673 0.475991 -0.001237 -0.424171 -0.520779 -0.447919 -0.192530 -0.046177 
4.787991 4.075526 2.713309 1.476560 1.469380 0.732535 -0.124062 -0.324811 -0.846897 -0.467544 -0.178414 -0.048761 
4.152033 3.880232 2.941632 2.020379 1.212171 0.381948 -0.049221 -0.477903 -0.730503 -0.425306 -0.150821 -0.047851 
4.650441 4.134203 3.143092 1.679565 1.265662 0.659545 -0.244178 -0.562408 -0.749931 -0.425705 -0.154243 -0.040588 
3.630732 3.113702 2.617764 1.800600 1.065565 0.207870 -0.304729 -0.533802 -0.506973 -0.339377 -0.169974 -0.037925 
4.138494 3.821851 2.791289 1.753416 0.981073 -0.013620 -0.319933 -0.438322 -0.611312 -0.352362 -0.157784 -0.037274 
4.878970 4.217338 3.133175 1.921086 1.276527 0.064966 -0.584605 -0.809119 -0.618730 -0.203710 -0.213445 -0.043792 
4.187882 3.822664 3.160501 2.138957 1.464051 0.377777 -0.353518 -0.749230 -0.716237 -0.349822 -0.188896 -0.055643 
4.470580 3.654763 2.985453 1.668787 1.549126 0.937490 -0.507026 -0.705029 -0.747464 -0.452697 -0.125145 -0.044152 
4.306085 3.696591 2.758484 1.878704 1.746447 0.729027 -0.538370 -0.786449 -0.704653 -0.268040 -0.156672 -0.048940 
3.679225 3.017812 2.505210 1.995257 1.398422 0.458867 -0.480528 -0.698697 -0.393035 -0.236912 -0.200012 -0.046139 
3.838785 3.304036 2.606515 1.988741 1.687691 0.566765 -0.466081 -0.595457 -0.624790 -0.304244 -0.143912 -0.047441 
3.985604 3.273391 2.555488 1.820291 1.643146 0.836843 -0.400754 -0.797345 -0.570951 -0.242668 -0.165748 -0.046741 
4.992742 3.811352 2.477208 1.548122 2.534061 1.260374 -1.090283 -1.116763 -0.627186 -0.222885 -0.068670 -0.061373 
3.571960 2.959503 2.492927 1.833240 1.172637 0.338215 -0.410777 -0.551783 -0.472448 -0.370562 -0.178981 -0.044927 
4.175663 3.365994 2.440330 1.876754 1.783608 0.624190 -0.793031 -0.956437 -0.593151 -0.244112 -0.159188 -0.057824 
4.260095 3.463237 2.244480 1.691048 1.683435 0.746397 -0.336684 -0.895783 -0.841277 -0.260884 -0.166941 -0.047289 
4.355943 3.547614 2.631236 2.072943 2.104623 0.861850 -0.754054 -1.039001 -0.784874 -0.300498 -0.149387 -0.068603 
4.194162 3.339861 2.426424 2.009452 1.724120 0.553215 -0.550594 -0.960374 -0.619629 -0.266768 -0.184161 -0.063805 
3.587503 2.922177 2.158052 1.509779 1.123851 0.579208 -0.161517 -0.692170 -0.690712 -0.344011 -0.147719 -0.038771 
4.074698 3.197565 2.416208 1.993922 1.645627 0.378385 -0.570388 -0.937549 -0.626375 -0.183032 -0.169204 -0.053089 
4.219906 3.491688 2.392753 1.961645 1.856364 0.908258 -0.416210 -1.140990 -0.839544 -0.314759 -0.095171 -0.042148 
4.788699 3.632927 2.420990 1.889619 1.883424 0.708053 -0.683506 -1.116411 -0.824253 -0.229971 -0.116215 -0.040957 
3.443987 2.765733 2.007343 1.417616 0.964576 0.313519 -0.354404 -0.739615 -0.608764 -0.289774 -0.110725 -0.020553 
4.162596 3.247215 2.398878 1.758805 1.390715 0.457989 -0.622063 -0.900392 -0.802522 -0.323136 -0.052904 -0.020075 
4.197807 3.370331 2.309183 1.662710 1.447261 0.721033 -0.306600 -1.033913 -0.984942 -0.361754 -0.033711 -0.010092 
4.716611 3.593899 2.269171 1.460962 1.751078 0.989351 -0.492834 -0.950931 -1.037608 -0.426148 -0.010813 0.004994 
3.828737 3.100567 2.313107 1.617902 1.273270 0.430964 -0.501506 -0.803186 -0.685092 -0.303672 -0.044263 -0.010889 
4.958682 3.643926 2.004469 1.214947 1.891682 1.079487 -0.602926 -0.984714 -0.938389 -0.322356 0.025228 0.022074 
3.870703 3.065991 2.198463 1.659521 1.432800 0.559087 -0.392780 -0.768946 -0.794314 -0.333695 0.043744 0.010230 
4.357458 3.313007 2.123076 1.464526 1.685887 0.927940 -0.396367 -0.848411 -0.830080 -0.312474 0.051825 0.024075 
3.929153 3.124984 2.026545 1.327128 1.288094 0.787612 0.082753 -0.622253 -0.766399 -0.327309 0.029074 0.027265 
4.923656 3.667298 1.880850 1.131808 2.022935 0.933409 0.294235 -0.237378 -0.880275 -0.595023 0.053010 0.060791 
3.481651 2.683774 1.828029 1.330664 1.228334 1.058726 0.257838 -0.314862 -0.509511 -0.324668 -0.010709 0.029392 
3.673520 2.751628 2.186984 1.767903 1.627522 1.522974 0.532541 -0.159425 -0.324808 -0.394312 0.015229 0.015369 
3.125649 2.574973 2.319074 1.976528 1.778134 1.232049 0.603728 0.157389 0.051363 -0.102140 -0.014385 0.024649 
3.225855 2.630283 2.237426 1.822765 1.665447 1.390118 0.781731 0.434206 0.143318 0.043429 -0.003262 0.036845 
2.947157 2.371512 1.936760 1.672793 1.495000 1.256115 0.769157 0.370900 0.274719 0.137143 0.078360 0.059026 
3.136046 2.477183 2.218336 1.772059 1.539434 1.410739 0.661530 0.407842 0.253712 0.115564 0.212831 0.066671 
2.882726 2.321914 2.042871 1.675034 1.375641 1.211159 0.730113 0.581478 0.358864 0.113715 0.059500 0.062143 
2.792952 2.322035 1.936768 1.682282 1.579716 1.143159 0.823451 0.547779 0.303701 0.185646 0.175556 0.067485 
2.854450 2.227324 1.901915 1.592793 1.434913 1.290749 0.954194 0.428523 0.267782 0.287025 0.170881 0.072404 
3.107212 2.510422 2.137830 1.972708 1.680051 1.085748 0.562106 0.210340 0.138247 0.181569 0.207795 0.063414 
2.776934 2.358297 2.052191 1.670122 1.507640 1.225881 0.894196 0.502028 0.294209 0.160038 0.158734 0.068262 
2.689469 2.069451 1.765289 1.633322 1.492013 1.321277 1.063950 0.602703 0.422565 0.333991 0.237292 0.077766 
2.734488 2.175987 1.746142 1.466317 1.580280 1.375560 0.995997 0.686939 0.413828 0.205409 0.190855 0.076808 
2.832605 2.287648 1.899237 1.658423 1.583804 1.408490 1.178267 0.567893 0.306914 0.234484 0.198385 0.076554 
2.667878 2.054623 1.834595 1.515316 1.452656 1.346097 0.941361 0.699015 0.435209 0.343615 0.192688 0.078179 
2.635406 2.170990 1.880403 1.624415 1.454381 1.104429 0.811690 0.631528 0.446014 0.353067 0.212393 0.076325 
2.654088 2.162081 1.830503 1.629878 1.475934 1.233459 1.126392 0.861650 0.580998 0.351048 0.233349 0.079385 
2.672636 2.166233 2.138589 1.699756 1.333585 1.003318 0.906564 0.654357 0.488155 0.489058 0.281314 0.081333 
2.647111 2.070455 1.831601 1.406127 1.286405 1.220099 1.017261 0.709632 0.566717 0.362088 0.149254 0.078308 
2.597931 2.057843 1.843684 1.549532 1.375641 1.267988 1.131362 0.776910 0.599548 0.410692 0.199885 0.078297 
2.701131 2.117024 1.786441 1.500849 1.120246 1.098041 1.136063 0.616706 0.451911 0.413262 0.228122 0.078890 
2.769458 2.133719 1.671094 1.348983 1.159576 1.105944 0.957980 0.772140 0.471844 0.351553 0.197967 0.079388 
2.581195 2.007987 1.793191 1.399527 1.322898 1.093984 0.824496 0.681249 0.401224 0.316170 0.206350 0.079861 
2.673440 1.990058 1.634700 1.433747 1.210501 1.038522 0.880035 0.693767 0.612546 0.391346 0.226988 0.080185 
2.697105 2.124053 1.908403 1.729868 1.496457 1.222264 0.830557 0.657350 0.538722 0.364940 0.266557 0.079604 
2.584318 1.984536 1.666760 1.435462 1.488810 1.150111 0.902755 0.764215 0.492015 0.327372 0.203289 0.079960 
2.610527 2.005040 1.711891 1.451253 1.436407 1.136183 0.813773 0.723645 0.572712 0.386302 0.254982 0.079544 
2.577706 2.038968 1.897336 1.586296 1.454801 1.150468 0.996095 0.765653 0.530028 0.401536 0.216978 0.079823 
2.564959 2.098941 1.830642 1.493099 1.602779 1.252214 0.894253 0.599360 0.566380 0.324654 0.159851 0.079459 
2.580757 2.011131 1.822447 1.409181 1.367555 1.022376 0.692281 0.508681 0.458530 0.327948 0.195079 0.080733 
2.601699 2.054319 1.785512 1.440901 1.284256 1.048329 0.846119 0.675064 0.518431 0.374326 0.229246 0.079945 
2.542752 2.078315 1.768565 1.414339 1.357724 1.133833 1.124041 0.955053 0.645087 0.406468 0.245726 0.080008 
2.580272 2.045426 1.759362 1.562059 1.273155 1.087282 1.131011 0.848765 0.635256 0.434151 0.201685 0.079563 
