2.542112 1.998567 1.732732 1.546650 1.348616 1.155461 0.968372 0.764793 0.561258 0.398537 0.231220 0.080161 
2.548200 1.993786 1.739131 1.539249 1.348281 1.155667 0.960063 0.764833 0.567603 0.398662 0.227995 0.080168 
2.545013 1.993809 1.752055 1.524017 1.356608 1.164244 0.951696 0.764870 0.573984 0.388976 0.231032 0.080165 
2.548092 1.998680 1.739233 1.531541 1.348349 1.155633 0.976727 0.741980 0.580330 0.394092 0.227776 0.080172 
2.548053 1.993802 1.739290 1.539068 1.340056 1.164228 0.959922 0.764946 0.573874 0.398995 0.224647 0.080169 
2.548127 1.993743 1.739399 1.538858 1.348609 1.155477 0.959982 0.764891 0.574059 0.389013 0.230970 0.080167 
2.551365 1.988755 1.739260 1.531373 1.348614 1.164060 0.959890 0.764892 0.574074 0.398774 0.227924 0.080160 
2.551580 1.988620 1.739363 1.538986 1.348400 1.155632 0.968176 0.757236 0.580742 0.378821 0.237548 0.080170 
2.554767 1.993457 1.739334 1.523912 1.356806 1.155602 0.959892 0.764767 0.580794 0.388589 0.228168 0.080169 
2.548474 1.988673 1.745581 1.546841 1.340120 1.146947 0.959902 0.772294 0.574416 0.393496 0.231312 0.080163 
2.548494 1.993609 1.732713 1.546951 1.348366 1.155539 0.960126 0.764707 0.580734 0.383728 0.228183 0.080172 
2.548474 1.993683 1.745496 1.531689 1.348402 1.155631 0.959890 0.764809 0.574219 0.398495 0.225041 0.080168 
2.551505 1.993779 1.732667 1.531631 1.356590 1.155694 0.959868 0.764850 0.580610 0.388742 0.231208 0.080162 
2.545137 1.998589 1.739240 1.546707 1.340106 1.147126 0.968041 0.757515 0.580339 0.398691 0.224965 0.080169 
2.548191 1.998662 1.745755 1.531270 1.356944 1.147142 0.959631 0.765104 0.567477 0.398672 0.228131 0.080170 
2.551397 1.993637 1.732922 1.531427 1.373454 1.129874 0.976460 0.749810 0.580442 0.393687 0.228182 0.080184 
2.545126 1.993605 1.745739 1.539021 1.348739 1.146785 0.976556 0.757294 0.574115 0.393704 0.228151 0.080167 
2.548344 1.988807 1.745522 1.539337 1.356753 1.138264 0.976742 0.764621 0.567829 0.393802 0.228021 0.080171 
2.551496 1.993655 1.732640 1.547207 1.339816 1.146940 0.968386 0.757095 0.580544 0.384128 0.234210 0.080165 
2.548316 1.993574 1.739177 1.531951 1.356509 1.155313 0.960299 0.764869 0.573955 0.384069 0.234223 0.080167 
2.545133 1.988676 1.745646 1.547091 1.339781 1.155493 0.960190 0.764913 0.567520 0.393839 0.231100 0.080162 
2.545192 1.993383 1.745875 1.531925 1.347821 1.164054 0.952152 0.764719 0.580387 0.393807 0.224972 0.080170 
2.561767 1.994336 1.759448 1.531121 1.346986 1.137107 0.926598 0.718598 0.561638 0.388948 0.240985 0.080305 
2.671583 2.107368 1.686895 1.334558 1.034665 0.768982 0.700492 0.719039 0.614983 0.425579 0.216223 0.083425 
2.991099 2.205419 1.883419 1.576492 1.134839 0.622614 0.318036 0.291617 0.250737 0.222629 -0.002834 0.066580 
3.805655 2.755788 2.015434 1.734392 0.855896 -0.075361 0.190478 0.181599 0.278143 0.220864 -0.109880 0.029358 
4.110550 2.830514 2.017411 1.642172 0.636840 0.008359 0.084786 0.076292 0.272846 0.454146 -0.268284 -0.022333 
4.348227 2.724192 2.121942 1.851089 0.253922 -0.307048 0.277200 0.103777 0.143076 0.353576 -0.249872 -0.039796 
4.050739 2.691879 2.377890 1.557611 -0.225203 -0.357137 0.704206 0.008021 -0.008262 0.341792 -0.203107 -0.022516 
3.910811 2.727776 2.305957 1.340339 -0.219632 -0.432251 0.482616 0.056948 -0.114865 0.310506 -0.089180 0.020447 
4.282864 2.830327 2.188793 1.354516 -0.750398 -0.970599 0.308449 -0.048783 -0.136541 0.625707 0.116145 0.061458 
5.485452 2.667617 1.696635 1.841777 -1.304159 -1.616896 0.481674 -0.636989 -0.167211 0.717323 0.398931 0.048547 
4.964824 2.986316 1.996424 0.598664 -1.013850 -1.418856 -0.111280 -0.475607 0.244464 0.605755 0.306562 0.129482 
3.906009 2.766060 1.775318 0.416748 -1.088702 -1.352421 -0.404439 0.003134 0.347145 0.475947 0.311733 0.158396 
3.972013 2.566538 1.237934 0.109255 -0.807791 -1.010491 -0.351484 0.021518 0.286244 0.427734 0.323762 0.157450 
5.690845 2.817150 0.782100 0.314801 -1.411519 -1.626626 0.068030 0.286836 0.713321 0.236422 0.368513 0.157990 
4.899818 2.936764 0.775222 -0.494180 -1.346068 -1.095066 -0.194693 0.262651 0.538344 0.614775 0.404743 0.157328 
4.479311 2.931214 0.828815 -0.766265 -1.592352 -1.011722 0.020366 0.706908 0.656874 0.511641 0.440350 0.147198 
4.352083 2.703134 0.523632 -0.938069 -1.150523 -0.698409 0.086451 0.441492 0.631274 0.658753 0.455522 0.158148 
3.813714 2.213065 0.510926 -0.600953 -1.125863 -0.671821 0.103690 0.567541 0.628201 0.748762 0.526685 0.162677 
4.673179 2.558076 0.234423 -0.906336 -1.283583 -0.712023 0.546135 0.843059 0.714041 0.708097 0.541632 0.170017 
5.017965 2.570989 -0.061951 -1.125520 -1.186576 -0.582070 0.710949 0.933825 0.687231 0.762950 0.533373 0.177363 
4.832643 2.445122 0.024724 -1.288576 -1.235803 -0.207296 0.730691 0.768323 0.685238 0.804841 0.551245 0.179917 
3.581806 1.909040 0.056996 -0.981971 -1.042837 -0.235208 0.410673 0.774882 0.810617 0.740970 0.639020 0.172844 
5.298588 2.899986 -0.134323 -1.798403 -1.111529 0.064770 1.056228 0.944163 0.710361 0.692170 0.482115 0.176243 
4.702736 2.608404 0.098041 -1.325061 -1.201473 -0.164755 0.845581 1.127189 0.872757 0.623003 0.541827 0.163510 
5.201640 2.783043 -0.017037 -1.538218 -1.187194 0.091841 0.781701 1.059154 0.830029 0.727394 0.509541 0.169910 
4.892930 2.780701 0.192621 -1.416419 -1.145906 0.261918 0.842099 1.184496 0.837149 0.641445 0.544111 0.177599 
4.716732 2.913276 0.359435 -1.147570 -0.914568 0.034673 0.860222 1.031560 0.857472 0.624781 0.556329 0.173693 
3.765639 2.494118 0.656632 -0.657081 -0.700190 -0.095255 0.580628 0.736894 0.828149 0.703063 0.557950 0.153149 
3.969948 2.923324 1.143226 -0.311637 -0.599918 0.128709 0.698402 0.849025 0.751105 0.526398 0.515122 0.138718 
3.266432 2.552126 1.558643 0.719530 0.257434 0.501078 0.730343 0.687770 0.567336 0.401613 0.348696 0.097124 
2.912056 2.294783 1.826795 1.474088 1.339087 1.016161 0.894020 0.563325 0.312175 0.221262 0.158669 0.072629 
2.728927 2.177324 1.885497 1.567917 1.343206 0.858640 0.776754 0.501716 0.500370 0.244468 0.172957 0.075988 
2.726159 2.158119 1.738677 1.450886 0.967773 1.012717 0.959061 0.711662 0.604622 0.400371 0.233403 0.078622 
2.652185 2.103368 1.754954 1.613208 1.372393 1.072397 0.711949 0.569591 0.394094 0.289543 0.253839 0.076902 
2.808595 2.215126 1.918252 1.349389 1.076674 0.825235 0.761631 0.580938 0.594555 0.370193 0.166080 0.078365 
2.653380 1.924040 1.690499 1.346428 1.288833 0.974569 0.910066 0.545081 0.432998 0.310864 0.188352 0.077947 
2.803059 2.231501 1.754373 1.336681 1.095733 0.982487 1.073409 0.901369 0.700302 0.374569 0.167837 0.072181 
2.819083 2.331936 1.850313 1.683337 1.527239 1.208663 0.875999 0.601246 0.555502 0.188722 0.178950 0.068188 
3.054240 2.542894 2.161744 1.907293 1.444159 1.058369 1.265315 0.983626 0.790385 0.313663 0.316592 0.082893 
2.953264 2.329845 1.915414 1.671593 1.634620 1.434198 1.422699 1.093713 0.767326 0.391902 0.342863 0.084271 
3.346513 2.755471 2.397302 2.059103 1.526323 1.111725 1.255276 1.276792 0.885916 0.460110 0.350268 0.099009 
3.253870 2.524949 2.285035 2.127395 1.964178 1.750410 1.571666 1.205543 0.791117 0.383100 0.272218 0.091654 
3.566194 2.687165 2.255546 1.975718 1.548039 1.605592 1.902198 1.586787 0.873038 0.353534 0.377716 0.104974 
3.570270 2.897943 2.167577 1.708099 1.099167 1.644990 1.902081 1.584718 0.747839 0.319907 0.417180 0.097465 
3.893418 3.110618 2.338842 1.513074 1.464864 1.198841 1.430392 1.381735 0.723102 0.247695 0.329025 0.087460 
3.906661 3.134149 2.266408 1.430338 1.494581 1.127423 1.336791 0.862672 0.419862 0.200392 0.333528 0.094238 
3.573271 2.812753 2.232830 1.540913 1.150128 0.965628 1.121032 0.681658 0.451659 0.246112 0.251633 0.075224 
3.525134 2.770922 2.040451 1.705938 1.345509 0.985498 0.746082 0.265748 0.272764 0.051540 0.160538 0.058348 
3.688397 2.977820 1.998890 1.595686 1.510621 0.802994 0.242479 -0.043134 0.137854 0.117734 0.160141 0.061773 
3.581252 2.784872 1.929725 1.361766 0.910438 0.540401 0.316680 -0.079532 0.016722 0.059730 0.188041 0.077566 
3.432450 2.611568 1.776974 1.032595 0.702415 0.419554 0.168345 -0.044941 0.154992 0.112667 0.128929 0.080589 
3.533800 2.629607 1.774015 1.041442 0.622061 0.405200 0.092819 0.040451 0.271706 0.140433 0.127676 0.078079 
3.688380 2.714672 1.570768 1.018449 1.105911 0.478562 0.249094 -0.135281 0.190548 0.058989 0.158414 0.076035 
3.626085 2.527244 1.361664 1.200930 1.324007 0.793924 0.034025 -0.322366 0.347121 0.218240 0.149885 0.066547 
3.510569 2.179138 1.014158 0.991606 1.424967 0.885417 -0.056291 -0.305890 0.465265 0.421560 0.157761 0.067261 
3.662505 2.085083 0.526163 1.163802 1.734572 1.156671 -0.211923 -0.520738 0.728521 0.497026 0.149453 0.033566 
3.830784 1.734336 0.394873 1.284076 2.109529 1.024926 -0.212541 -0.495374 0.834302 0.516355 0.215006 0.029918 
3.923496 1.579952 -0.125592 0.690388 2.004074 1.395611 0.256557 -0.298076 0.571700 0.465656 0.121888 0.032003 
3.642179 1.390660 -0.609408 0.062386 1.447138 1.038177 -0.117819 -0.121753 0.751146 0.609953 0.365616 0.087721 
4.430412 1.255062 -1.222011 0.042882 1.365394 0.940947 -0.323382 -0.297633 0.954638 0.622258 0.501094 0.111372 
4.346851 1.334368 -0.939809 -0.228536 1.362054 1.039866 -0.117951 -0.194843 0.855679 0.453171 0.559040 0.149586 
3.984610 1.575462 -0.638827 -0.482754 1.081705 0.915281 0.149518 -0.155384 0.668926 0.621803 0.592818 0.158070 
3.443283 1.922174 0.317081 -0.210685 0.580612 1.106895 1.023309 0.267580 0.247928 0.572117 0.662904 0.170951 
