2.585942 1.595942 1.451119 1.251870 1.506420 0.738228 1.043897 0.815194 0.787961 0.765892 0.028135 0.069591 
2.745755 1.394041 1.368044 1.661542 1.286252 0.624247 0.871466 1.010744 0.790875 0.622789 0.101751 0.068843 
2.738530 1.611781 1.319699 1.416507 1.260722 0.822332 0.825699 0.803388 0.741004 0.543666 0.158063 0.072731 
2.724720 1.668636 1.250679 1.559798 1.282285 0.919438 0.799848 0.508852 0.674164 0.814859 0.198615 0.067660 
2.806132 1.689495 1.204379 1.506716 1.584902 1.251691 0.808109 0.909351 0.662429 0.652068 0.207757 0.068362 
2.740439 1.767503 0.971090 2.116931 1.391331 0.898774 1.002666 1.076927 0.482018 0.624259 0.302685 0.085755 
2.859627 2.027737 1.162218 1.798226 1.198702 0.824916 0.973479 1.267605 0.703398 0.325897 0.188590 0.079475 
2.931235 2.006902 1.048222 1.504005 1.055325 1.005215 0.874066 1.276969 0.698327 0.290300 0.193901 0.076355 
2.664450 1.895649 1.088085 1.196546 0.840215 0.900617 0.984934 1.352134 0.838594 0.412965 0.097032 0.067304 
2.760991 1.945391 1.437988 1.129428 1.115619 1.157570 1.279640 0.932011 0.847679 0.201147 0.140668 0.070443 
2.782592 2.041450 1.576133 1.406224 1.486314 1.144971 1.328144 0.743926 0.839688 0.397344 0.143221 0.074945 
2.734118 2.046690 1.831112 1.336958 1.346582 0.619000 0.541990 0.413813 0.374210 0.057746 0.015198 0.074656 
4.254901 3.326549 2.292344 1.815355 2.240229 0.693673 0.714424 0.338174 -0.749259 -0.521262 -0.251549 -0.056107 
4.782948 3.352489 2.048207 1.461780 1.635659 0.655268 0.367828 0.077175 -0.631084 -0.765198 -0.269333 -0.064613 
5.350736 3.286193 1.346719 1.171959 1.542898 0.742325 -0.127932 0.057627 -0.476464 -0.922306 -0.372108 -0.083657 
4.146184 2.929480 1.621140 0.917235 0.835095 0.689664 0.131894 -0.250767 -0.563814 -0.849969 -0.371786 -0.086685 
3.800925 2.728672 1.575551 0.838147 0.738058 0.483233 0.064933 -0.145556 -0.534456 -0.713419 -0.483049 -0.096120 
4.846470 2.919857 1.062021 0.666622 1.267645 0.857460 -0.020104 -0.035159 -0.563181 -0.875292 -0.435634 -0.100495 
6.097161 3.334555 0.463179 0.015703 2.624324 0.686202 -0.372871 -0.272801 -0.533894 -0.756433 -0.457160 -0.141677 
4.353368 2.880203 1.324818 0.797806 1.241004 0.638847 -0.180510 -0.672499 -0.580992 -0.555618 -0.318368 -0.070225 
3.867584 2.662349 1.393146 0.962947 1.004771 0.304078 -0.326983 -0.759573 -0.529258 -0.367213 -0.268957 -0.037092 
4.578977 2.786689 1.171377 1.166489 1.687068 0.022365 -0.807391 -1.032739 -0.510189 -0.138888 -0.158493 -0.034472 
4.069990 2.473311 1.200034 1.123803 1.381730 0.056903 -0.889535 -0.934135 -0.410657 -0.136924 -0.185415 -0.019480 
4.060534 2.463320 0.891308 0.947647 1.690707 0.336784 -0.970722 -0.999637 -0.586699 -0.180209 -0.111657 -0.004660 
4.553641 2.313401 0.462674 1.012142 1.673045 0.472866 -0.961121 -1.197490 -0.365124 -0.224268 -0.127328 -0.027957 
4.619567 2.100284 0.593932 0.322279 1.838396 1.032716 -1.492596 -0.863456 -0.383785 -0.430465 -0.109170 -0.029091 
4.081492 2.089283 0.660286 0.116250 1.792143 0.850674 -1.272522 -0.812428 -0.663595 -0.359939 -0.132989 -0.016350 
4.228614 2.130501 0.481808 -0.161563 2.013342 0.954402 -1.511273 -0.733236 -0.683483 -0.451783 -0.100157 -0.034970 
4.504614 2.072483 0.462822 -0.481531 2.274836 1.108182 -1.752536 -0.565799 -0.686030 -0.591134 -0.070049 -0.061039 
4.664021 2.133707 0.366760 -0.551785 2.378073 1.252054 -1.765568 -0.536747 -0.639455 -0.705483 -0.094097 -0.083511 
4.524033 1.999437 0.439765 -0.164158 2.080244 1.424462 -1.730191 -0.556043 -0.583984 -0.736286 -0.168272 -0.080169 
4.367151 2.022553 0.509319 -0.053292 2.037976 1.427722 -1.587117 -0.524220 -0.542573 -0.772919 -0.228611 -0.094130 
4.423196 2.030624 0.459943 0.044751 2.224442 1.241075 -1.474038 -0.477461 -0.518498 -0.861983 -0.275374 -0.106677 
4.908541 2.301446 0.216089 -0.323186 2.747787 1.252183 -2.173434 -0.356334 -0.440077 -0.957235 -0.204475 -0.171561 
4.946253 1.973860 0.314613 0.013059 2.101246 1.277534 -2.047889 -0.467299 -0.322385 -0.995575 -0.308383 -0.130242 
4.781049 1.936959 0.249588 0.346716 1.704743 0.881848 -1.706404 -0.849555 -0.195550 -0.939914 -0.334987 -0.109424 
4.067103 2.099499 0.557385 0.368442 0.907636 0.301764 -1.345236 -0.984433 -0.580895 -0.673265 -0.224210 -0.068103 
5.572384 2.411597 -0.037195 0.446293 1.877307 -0.072898 -2.230565 -0.958044 -0.550418 -0.859645 -0.312455 -0.085000 
3.785195 2.346305 0.901649 0.351359 0.350415 -0.450214 -1.126867 -1.202087 -1.127020 -0.588710 -0.042844 -0.018589 
4.883953 2.583335 0.512011 0.550173 0.753059 -0.293498 -2.098074 -0.928119 -0.782239 -0.913371 -0.145418 -0.021997 
4.242241 2.468757 0.918920 0.617988 0.509529 -0.592755 -1.602213 -1.328801 -0.785393 -0.650412 -0.057124 -0.014982 
5.661008 2.755202 0.248417 0.500522 1.874640 -0.929161 -2.143214 -0.310152 -0.949196 -0.892135 -0.359370 -0.025298 
3.331051 2.101833 1.134329 0.791195 0.427442 -0.766926 -1.226969 -0.852036 -0.631562 -0.384552 -0.105190 -0.002092 
4.020762 2.790692 0.936427 0.247690 0.633356 -0.355278 -0.848762 -0.320158 -0.715210 -0.349846 -0.170535 -0.006688 
4.341954 2.488420 0.843984 0.718937 1.862704 -0.379364 -1.449986 0.423752 -0.796746 -0.819915 -0.196862 -0.017308 
3.884311 2.205527 1.094841 0.796123 1.135441 -0.383052 -0.898942 0.259995 -0.760129 -0.715459 -0.099691 0.022781 
4.096824 2.423848 0.833217 1.101958 2.244543 -1.191659 -1.079075 0.228694 -0.448380 -0.545323 -0.199490 0.024400 
5.079746 2.508374 0.725882 0.714345 3.872173 -1.994965 -1.025690 0.203742 -0.874745 -0.533452 -0.475474 0.072054 
4.575920 2.334246 1.173425 1.016258 2.872608 -1.753972 -1.129620 0.161125 -0.821593 -0.462336 -0.255655 0.045225 
3.903967 2.253100 1.819200 1.006825 1.378048 -0.834620 -1.267449 -0.167050 -0.629124 -0.135722 -0.133261 -0.008756 
4.224214 2.678706 1.649727 1.603508 1.976397 -1.916049 -1.355262 0.296125 -0.684127 -0.311146 -0.207720 0.039061 
3.725932 2.048277 2.057823 1.425703 1.474704 -1.021298 -1.197279 0.270991 -0.760993 -0.208194 -0.044200 0.024689 
4.507194 2.142876 1.010444 1.146381 3.090859 -1.799400 -1.126522 0.917975 -0.758873 -0.171639 -0.317121 0.057709 
4.796200 2.208851 0.569498 0.292463 3.479403 -1.631357 -0.608969 1.055888 -0.802622 -0.448047 -0.433760 0.071106 
4.793434 2.476799 0.259592 0.365022 3.400128 -1.467225 -0.512885 1.128257 -0.963874 -0.538360 -0.417151 0.101096 
3.769824 1.951106 1.314306 0.719684 1.042950 -0.287316 -0.202141 0.233303 -0.810588 -0.652760 -0.010106 0.063032 
4.776177 2.727934 0.878300 0.489898 2.332032 -1.327620 -0.368601 0.704595 -1.155759 -0.741336 -0.172766 0.096965 
5.067242 3.555757 0.272990 0.242465 3.242783 -1.371546 -0.754224 0.558242 -0.443824 -0.842551 -0.417896 -0.012188 
4.688218 2.773342 0.820873 0.499963 1.821469 -0.902928 -0.554416 0.579150 -0.484049 -0.836024 -0.214720 0.013718 
5.074210 3.007863 0.366827 0.177553 2.963616 -0.984870 -0.567856 0.709705 -0.469973 -0.866983 -0.435862 -0.021663 
5.073798 2.653510 0.514120 0.187777 2.360588 -0.879689 -0.254912 0.528194 -0.259238 -0.942908 -0.347407 0.009803 
5.460627 2.717378 0.175055 -0.035434 2.867646 -1.300970 -0.161831 0.633356 -0.504038 -0.819571 -0.517400 0.036783 
4.750421 2.470767 0.401333 0.049812 2.066999 -0.719926 -0.178153 0.516324 -0.551282 -0.862084 -0.243350 0.026112 
4.986244 2.239445 0.332037 -0.101911 2.326091 -0.930852 -0.262657 0.683547 -0.638957 -0.692558 -0.230863 0.063408 
5.429425 1.946215 0.460744 -0.465128 2.854599 -0.877233 -0.670447 1.012259 -0.563544 -0.603560 -0.253496 0.047192 
4.622651 2.222052 0.078095 0.114931 2.521387 -0.828417 -0.482336 0.916610 -0.196854 -0.475234 -0.118311 0.063809 
4.584671 2.252105 0.266066 0.424664 2.338518 -0.750004 -0.713206 1.097773 0.073365 -0.271271 -0.027121 0.065383 
4.232602 1.948462 0.680546 1.198429 1.527306 -0.592951 -0.353013 1.049573 0.428734 -0.196051 0.060089 0.080852 
4.839188 1.928257 0.475117 0.982435 2.397702 -0.720022 -0.468756 1.568821 0.632429 -0.090840 0.058927 0.115626 
4.114188 1.909916 0.413977 1.370374 1.747915 -0.426342 -0.175227 1.160074 1.062231 -0.080524 0.237772 0.110872 
4.359756 1.470491 0.089428 1.154148 2.077213 0.313886 -0.631310 1.303157 1.155422 -0.073288 0.325710 0.140578 
3.802727 1.665793 0.407370 1.293331 1.825140 -0.208157 0.026723 1.177352 0.556370 -0.310366 0.186974 0.127887 
3.757763 1.897311 0.743207 1.266060 1.751444 0.011031 0.032632 1.202819 0.775071 -0.169997 0.136445 0.083410 
3.276113 1.886028 1.174227 1.221217 1.627286 0.768506 0.619945 0.946356 0.770353 0.335793 0.055776 0.049904 
3.587308 2.005841 1.475593 1.096275 1.299728 0.887363 0.376030 0.928292 0.555200 0.137393 0.027316 0.048170 
3.488555 1.918358 1.280515 1.363622 1.163383 1.171844 1.011256 1.105621 0.488939 0.150838 0.059903 0.058664 
3.086824 1.975326 1.353187 1.303531 1.248705 0.737121 0.680033 0.592890 0.609537 0.222773 0.005485 0.060842 
3.056763 2.154373 1.613517 1.203217 0.982613 0.417531 0.643479 0.839980 0.712103 0.351928 -0.021050 0.060837 
3.234631 1.730633 1.402109 1.092086 1.195611 0.899138 0.945548 0.993058 0.504929 0.296873 0.107117 0.066722 
3.019631 1.952169 1.417395 1.263031 1.052977 0.859604 1.110064 1.016469 0.470496 0.468659 0.158181 0.071148 
3.035174 1.972592 1.742752 1.280915 0.839090 0.879903 1.082337 0.865440 0.512815 0.306190 0.057663 0.063014 
3.176680 2.085606 1.792272 1.567793 0.686665 0.901062 1.683648 1.027592 0.170937 0.158653 -0.068822 0.038615 
3.148773 1.744458 1.515783 1.695454 1.216813 1.004685 1.093668 0.590494 0.205135 0.109230 -0.025118 0.061030 
3.188746 1.948316 1.539384 1.345522 0.955832 0.884213 0.754164 0.729962 0.468571 0.299130 0.058350 0.064737 
2.931981 1.890166 1.440160 1.331492 0.987800 0.852793 0.900651 0.669624 0.554517 0.307175 0.139015 0.074862 
