2.698432 1.911789 1.900242 1.527180 1.441650 0.875772 1.104365 0.850341 0.675256 0.257397 0.197317 0.081105 
2.715004 1.976318 2.004836 1.825601 1.408908 0.746164 0.836164 0.662309 0.284282 0.363456 0.209709 0.076959 
2.757573 2.079873 1.872457 1.604806 1.284379 1.179736 1.052117 0.655853 0.461780 0.284874 0.254071 0.078271 
2.791906 2.184656 2.095252 1.640988 1.366060 1.240675 0.823533 0.225575 0.389178 0.368849 0.211483 0.076516 
2.704853 2.108088 1.851890 1.528220 1.439447 1.205305 0.898286 0.332706 0.469826 0.300529 0.223274 0.078581 
2.678725 1.977829 1.905772 1.612003 1.482238 1.399489 1.170381 0.596239 0.580519 0.299876 0.227743 0.078230 
2.828692 2.268353 1.919769 1.851390 1.374181 1.391500 0.912898 0.591240 0.517245 0.411183 0.248012 0.079012 
2.991172 2.442717 2.433440 2.115925 1.702431 1.005696 1.193329 0.574497 0.696040 0.275797 0.266184 0.081109 
2.835838 2.276347 2.176537 1.953301 1.593629 1.208371 1.136343 0.766760 0.473813 0.323831 0.239654 0.076717 
2.685398 2.137020 2.026406 1.716793 1.375852 1.252223 1.155363 0.605312 0.614631 0.409878 0.207095 0.073543 
2.739320 2.431808 2.191295 1.978236 1.385083 1.134444 1.075556 0.567147 0.528024 0.402798 0.253572 0.074464 
3.039457 2.422044 2.485082 1.831383 1.854979 1.387255 1.377380 0.664426 0.672637 0.328269 0.275283 0.086140 
2.787439 2.207807 2.168859 1.616851 1.565194 1.057790 1.144716 0.541424 0.558889 0.427869 0.244195 0.081413 
2.638071 2.015481 1.893427 1.690300 1.266427 1.229430 1.147135 0.830464 0.604344 0.413330 0.307835 0.078709 
2.537250 2.083095 2.002638 1.795094 1.485408 1.279321 1.234042 0.540262 0.552763 0.363004 0.201202 0.077607 
2.664427 2.007959 1.893165 1.770492 1.242539 1.690454 1.614413 0.336921 0.492621 0.625347 0.275357 0.078726 
2.810797 2.382117 2.486868 2.334956 1.642287 1.119144 1.024787 -0.562376 0.324377 0.109867 0.337586 0.045798 
3.218142 2.854556 2.553997 2.207437 1.635610 0.586513 1.055490 -0.225194 -0.168954 -0.013146 0.083160 0.024304 
3.917646 3.563574 3.672447 2.985409 2.087087 -0.159212 0.791522 -0.744864 0.159754 -0.394162 0.164391 0.037395 
3.413790 2.979328 2.471044 2.037366 1.425536 0.536565 0.075556 -0.121921 0.080907 -0.095188 -0.010236 0.008143 
4.611806 3.606346 3.193840 2.686459 1.270377 -0.163762 0.410253 0.063873 -0.496563 -0.715738 0.139801 0.035744 
3.772875 3.270900 3.203039 2.877299 1.760152 0.074768 -0.105541 -0.411006 -0.488316 -0.422449 0.110231 -0.010784 
4.314025 3.304111 3.092038 3.630174 2.318197 -0.351707 -0.481897 -0.140264 -0.661716 -0.824170 0.053140 0.002567 
3.753313 3.097707 2.618837 2.293138 1.263870 -0.179354 -0.557578 -0.533955 -0.588706 -0.532141 0.010707 -0.019260 
5.123804 3.240544 2.519728 3.693444 2.104424 -0.498257 -0.526020 -0.425308 -0.806589 -0.754324 -0.115069 0.004583 
4.305395 3.054772 2.477907 3.204822 2.067243 -0.368893 -1.196665 -0.832666 -0.763851 -0.791348 -0.107249 -0.059531 
3.896000 3.061340 1.955199 1.872530 1.045349 0.111910 -0.751143 -0.754416 -0.865679 -0.593928 -0.084990 -0.043453 
4.090944 3.036013 2.201544 2.612853 1.748791 -0.108945 -0.890925 -1.070554 -1.025608 -0.874975 -0.024238 -0.063432 
4.137464 2.955773 2.193266 2.428140 1.681505 0.004455 -1.089189 -1.243036 -1.287118 -0.777703 -0.074634 -0.083901 
4.327468 2.859261 2.120450 2.569223 1.912793 -0.381305 -0.937241 -1.282244 -1.223125 -0.928994 -0.111405 -0.081426 
3.882371 2.921304 1.985455 1.740976 1.068591 -0.177390 -0.894351 -1.101784 -1.116907 -0.783129 -0.139903 -0.088020 
4.678792 2.828401 1.841096 2.727828 1.945810 -0.314470 -1.200988 -1.442637 -1.363156 -0.939161 -0.199272 -0.098085 
3.414812 2.678812 2.189615 1.943446 0.690152 -0.455033 -1.037098 -0.997946 -0.897064 -0.669283 -0.191924 -0.106729 
4.183805 3.130066 2.089274 2.094540 1.482997 0.039406 -1.197182 -1.683717 -1.316073 -0.837273 -0.173439 -0.117233 
4.175166 2.971944 1.944315 1.757924 1.196464 -0.121388 -1.056051 -1.465639 -1.403470 -0.807369 -0.160249 -0.094813 
5.938832 2.704352 0.891448 2.713207 1.703994 -0.424265 -1.329665 -1.801088 -1.644754 -0.919289 -0.253525 -0.069326 
3.820549 2.659342 1.889429 1.699600 1.063380 -0.145195 -1.296230 -1.684427 -1.382409 -0.659258 -0.125040 -0.105194 
4.158630 2.738177 1.608978 1.907058 1.492154 -0.102389 -1.493816 -1.826397 -1.473718 -0.884863 -0.094999 -0.103179 
3.419947 2.480714 1.737567 1.468911 0.925171 -0.405493 -1.323079 -1.535521 -1.033446 -0.475687 -0.183172 -0.115628 
4.459320 2.805766 1.509363 2.097648 1.771786 0.039162 -1.218539 -1.571662 -1.425879 -0.913645 -0.137154 -0.089943 
4.270270 2.838444 1.746301 1.795432 1.782507 0.097094 -1.335753 -1.608773 -1.296545 -0.779176 -0.161719 -0.111199 
4.313227 2.760990 1.682432 1.717418 1.584736 0.078096 -1.120109 -1.349795 -1.173111 -0.801848 -0.171661 -0.097194 
3.433997 2.413485 1.772705 1.499171 0.968802 -0.332968 -1.029144 -1.083308 -0.897612 -0.638818 -0.205054 -0.108558 
4.428550 2.815458 1.674061 1.874829 1.821408 0.283446 -1.291689 -1.426435 -1.232329 -0.593870 -0.187534 -0.105514 
3.960642 2.582888 1.588227 1.618064 1.595790 0.167001 -1.008200 -1.352648 -1.168974 -0.724359 -0.120295 -0.088653 
4.841739 2.692342 1.379925 1.863667 1.850025 0.131700 -1.127103 -1.624260 -1.170568 -0.606263 -0.154847 -0.081535 
5.145740 2.683469 1.143416 1.808184 1.944605 0.517382 -1.335149 -1.701736 -1.050686 -0.685764 -0.152995 -0.077830 
5.235218 2.752503 1.237566 2.134516 2.285045 0.447470 -1.622502 -1.885749 -1.159914 -0.822589 -0.190657 -0.099473 
3.858670 2.613011 1.688160 1.687038 1.273383 -0.030967 -1.350110 -1.560924 -1.111099 -0.589043 -0.180211 -0.113451 
4.715697 2.819070 1.656596 1.814164 1.466180 0.008858 -1.452053 -1.849741 -1.353760 -0.777435 -0.188231 -0.099949 
4.988037 2.988036 1.430765 2.060167 1.506197 -0.033941 -1.405824 -1.756638 -1.204000 -0.847192 -0.227452 -0.098351 
5.692484 2.794831 0.774090 2.848657 2.441048 -0.307471 -1.653801 -1.853831 -1.427184 -0.808476 -0.298495 -0.105847 
4.045189 2.877897 1.955472 1.589017 1.306924 0.075834 -0.988101 -1.638549 -1.276146 -0.755814 -0.170804 -0.104849 
4.293612 2.988288 1.781247 1.585850 1.400153 0.135878 -1.244080 -1.720490 -1.288600 -0.662297 -0.173329 -0.100060 
3.996158 3.004611 1.874264 1.395063 0.830993 -0.090486 -0.774750 -1.208927 -1.147977 -0.831860 -0.174326 -0.090251 
4.276560 2.942235 1.993076 1.892370 1.448647 0.239480 -1.129330 -1.667680 -1.459253 -0.706929 -0.168235 -0.104417 
3.953485 2.999950 2.133245 1.706947 1.289350 0.090661 -1.187722 -1.702193 -1.340974 -0.737695 -0.166746 -0.114403 
4.123513 3.023484 1.873813 1.441112 1.092169 -0.040543 -1.220931 -1.648342 -1.194445 -0.664817 -0.186936 -0.099147 
3.820107 3.004663 1.906160 1.289797 0.910593 0.070685 -1.004268 -1.543829 -1.182906 -0.513557 -0.202747 -0.092434 
4.166175 3.152819 2.349338 2.092355 1.381657 -0.023578 -1.241660 -1.629157 -1.126182 -0.679583 -0.239350 -0.120896 
4.269278 3.172099 2.103695 1.864121 1.774237 0.548427 -0.937467 -1.677214 -1.391841 -0.783042 -0.137648 -0.099035 
5.220864 3.276494 1.633692 1.480645 1.967585 0.734927 -1.200859 -1.795241 -1.025231 -0.661712 -0.188339 -0.094652 
4.185340 2.965312 1.968845 1.681165 1.466998 0.461756 -0.933450 -1.382560 -1.019246 -0.510372 -0.187397 -0.086068 
6.588978 2.932795 1.118465 1.265978 2.684676 1.238180 -1.625644 -1.903140 -0.866142 -0.579591 -0.200285 -0.108631 
4.773529 3.052334 1.983741 2.002781 2.065667 0.555241 -1.295176 -1.970726 -0.934226 -0.502455 -0.156050 -0.100470 
4.836812 3.287560 1.713616 1.498281 1.816958 0.469714 -1.314720 -1.921145 -1.039389 -0.331841 -0.150237 -0.083429 
4.494921 3.138134 1.819094 1.349913 1.346284 0.430806 -1.111733 -1.772176 -1.195108 -0.434816 -0.144014 -0.063241 
6.014204 3.389566 1.076575 1.350215 2.325760 0.771549 -1.290548 -2.133340 -0.863568 -0.531097 -0.092557 -0.074919 
4.679056 2.936412 1.840896 1.995333 1.968274 0.497639 -1.124269 -1.777320 -1.070738 -0.493370 -0.089505 -0.070934 
4.755281 3.273116 1.774554 1.656542 2.125624 0.689101 -0.690723 -1.718014 -1.378733 -0.545069 -0.072803 -0.042269 
5.684889 3.242645 1.189170 2.188893 2.357005 0.720930 -0.987663 -1.898564 -0.917434 -0.564408 -0.096383 -0.064379 
3.768203 2.794177 1.931053 1.517843 1.299938 0.419572 -0.474005 -1.217672 -1.035940 -0.518272 -0.037508 -0.032678 
3.922713 2.832130 2.075473 2.168312 1.647299 0.319549 -0.935148 -1.421567 -0.915972 -0.411021 -0.046785 -0.055096 
5.037665 3.310623 1.589288 1.780703 2.360112 0.739832 -0.899432 -1.736589 -0.786137 -0.516464 -0.024202 -0.036333 
5.159636 3.241784 1.575775 1.789185 2.133701 0.766770 -0.803565 -1.538812 -0.917573 -0.442002 -0.031750 -0.020495 
3.492295 2.659502 1.883789 1.426907 1.092399 0.291084 -0.545527 -1.080082 -0.668556 -0.297866 -0.087186 -0.015699 
3.803143 2.846129 2.205431 1.856991 1.466167 0.681325 -0.462630 -1.006925 -0.916312 -0.356419 0.025133 -0.010619 
4.257296 3.062794 2.073645 1.698942 1.901927 1.173881 -0.042171 -1.113030 -0.966065 -0.523811 0.061606 0.011656 
4.813690 3.109391 2.333524 2.254137 2.340356 1.607493 -0.092665 -1.040260 -0.892641 -0.503587 0.069180 0.008784 
3.634325 2.893241 2.573882 2.129038 1.814397 0.858624 -0.037872 -0.242035 -0.216789 -0.288480 -0.133351 -0.033878 
4.060825 3.148908 2.767654 2.411514 2.274194 1.173851 0.133026 -0.627648 -0.258537 -0.062116 -0.093433 -0.039383 
3.411318 2.938087 2.817255 2.568968 2.188138 0.911058 0.194757 -0.255854 -0.255824 -0.147285 -0.077801 -0.032816 
5.023885 3.257404 3.314551 1.952413 2.701906 0.746448 0.740804 -0.865868 -0.501339 0.424377 -0.014737 0.009136 
3.493931 3.039456 2.656691 2.088996 1.706305 1.166069 0.398801 -0.175073 -0.345738 -0.159355 0.006908 0.000658 
3.451886 2.811610 2.794652 2.283506 1.721718 0.803912 0.436088 -0.083526 -0.210759 -0.039029 -0.021215 0.002679 
