2.632861 1.915123 1.679766 1.517577 1.352160 1.163669 0.956311 0.640109 0.582655 0.442612 0.162603 0.079485 
2.673538 1.976076 1.789255 1.421007 1.142592 1.064824 1.038177 0.787363 0.623763 0.539905 0.244168 0.079706 
2.658766 1.983211 1.629323 1.337194 1.081591 0.975733 0.990301 0.776260 0.560733 0.451605 0.281118 0.080421 
2.726373 1.989001 1.643846 1.288700 0.971416 0.877650 0.909038 0.846096 0.666806 0.442059 0.313201 0.081736 
2.813277 1.917654 1.467478 1.029218 0.620741 0.587821 0.862797 1.125206 1.097178 0.684009 0.324426 0.077707 
2.865986 1.992218 1.545496 1.254865 0.913008 0.909185 1.068618 0.847600 0.855778 0.626610 0.253363 0.076638 
2.753456 2.165130 1.764918 1.361546 0.946328 0.691407 0.850191 0.871961 0.919750 0.655125 0.215829 0.080921 
2.950893 2.165144 1.552176 0.992926 0.713270 0.964249 1.265323 1.314615 1.145523 0.540669 0.103204 0.053894 
3.640337 2.845853 2.188169 1.149828 0.660606 0.678979 1.347255 1.904714 1.364714 0.727280 0.032546 0.030666 
3.226468 2.552429 1.937652 1.045690 0.843317 0.897561 1.180057 1.210192 1.165754 0.714247 0.074317 0.058330 
3.028886 2.421489 1.673725 1.011533 0.593160 0.689323 1.040933 1.111281 1.102971 0.565757 0.132892 0.062797 
3.091366 2.331711 1.797578 0.901216 0.568627 0.630021 0.972448 1.159321 0.830153 0.536605 0.241822 0.073288 
3.830986 2.936471 2.045353 0.539572 0.308709 0.337369 0.826280 1.102177 1.279088 0.561644 0.296282 0.078658 
3.712409 2.809207 1.926345 0.919990 0.372388 0.310164 0.716097 0.879361 0.987410 0.649757 0.317322 0.092505 
3.371102 2.877125 1.947671 0.895226 0.508514 -0.211686 0.408868 0.700746 0.665764 0.598069 0.230886 0.086477 
3.958391 3.432288 1.959280 1.358743 0.667322 -0.854167 -0.426897 0.213037 1.269670 0.680147 0.136453 0.081267 
4.875583 4.002289 0.739905 0.572031 2.452735 -1.784404 0.066597 -0.470474 1.008687 1.043999 0.061869 0.079495 
4.376723 3.843713 0.936316 0.769601 2.014347 -1.232204 -0.151225 -0.891261 1.165658 1.072451 0.121420 0.052451 
3.903520 3.137100 1.260953 0.655343 1.753638 -1.294944 0.159548 -0.937157 0.853538 1.011966 -0.027313 0.054955 
4.049408 3.427347 1.145971 0.705827 1.708225 -1.530510 0.086091 -1.109291 0.737209 0.915731 -0.049822 0.052013 
4.807612 3.344392 0.951495 0.029270 2.642054 -2.043070 0.112778 -1.230581 0.714286 0.853030 -0.080926 0.064657 
5.124203 3.948705 -0.101214 0.135494 2.871924 -2.213525 0.023521 -1.231243 0.543133 0.765239 -0.096975 0.061593 
4.891605 3.224119 0.893109 0.516105 1.757975 -1.420394 -0.655050 -1.361010 0.522239 0.548243 0.022450 -0.009629 
4.766553 2.898503 0.821647 0.738536 1.345339 -1.107538 -1.032255 -1.099435 0.270592 0.388535 -0.023900 -0.040436 
5.387807 2.965165 0.633365 0.143460 2.330291 -1.568774 -1.089541 -1.399360 0.268665 0.412435 -0.070731 -0.033096 
4.739482 2.999304 0.702769 0.239136 1.799370 -1.558024 -1.058798 -1.524116 0.115879 0.537482 -0.080987 -0.028413 
5.645429 3.319956 -0.229216 -0.054893 2.871822 -2.655332 -0.897119 -1.621567 0.230881 0.477610 -0.256506 0.014271 
5.502139 3.217784 -0.061365 0.023579 2.602142 -2.895149 -0.893183 -1.610262 0.383584 0.296733 -0.281505 0.020907 
6.133899 3.477907 -0.681090 -0.361127 3.277943 -3.212010 -0.709238 -1.651183 0.340511 0.455738 -0.473946 0.051743 
4.647026 2.871479 0.620012 -0.006733 1.052524 -2.135097 -0.848903 -1.101118 0.348124 0.301952 -0.093322 0.014700 
4.238923 2.435667 1.031055 0.048496 0.615611 -1.522622 -0.813041 -0.793395 0.139792 0.135395 -0.072982 0.026684 
4.973341 3.041889 0.212990 -0.302681 1.395485 -2.131421 -0.615948 -0.813510 0.334316 -0.088511 -0.115617 0.033123 
5.043038 3.252543 0.222556 -0.717801 1.348804 -2.308290 -0.083206 -0.784283 0.103903 -0.235618 -0.170350 0.065891 
5.106217 3.101919 0.442455 -0.752294 1.013957 -2.182862 0.187866 -0.568605 -0.125344 -0.354341 -0.197313 0.070985 
4.230296 2.559609 0.880259 -0.587153 0.569108 -1.391843 0.044716 -0.537434 -0.533341 -0.248024 -0.126781 0.044499 
4.916296 3.197329 0.042417 -0.989182 1.532456 -1.649507 0.420676 -1.025104 -0.364159 -0.258570 -0.235237 0.068097 
4.627897 2.942128 0.109045 -0.775437 0.914836 -0.675197 0.279387 -0.782569 -0.367875 -0.396060 -0.192408 0.015320 
6.239708 3.885702 -1.034186 -1.604839 3.991351 -1.952219 0.349663 -1.135505 -0.220062 0.009739 -0.744770 0.007043 
4.212630 2.498459 0.664706 -0.259306 0.355475 -0.187559 -0.088530 -0.289705 -0.529611 -0.347792 -0.138244 0.014429 
5.153813 2.824023 -0.394244 -0.496988 2.165483 -0.985587 0.110255 -0.535858 -0.112154 -0.180899 -0.321186 -0.013746 
4.634046 2.692741 0.008904 -0.396068 1.760433 -0.726799 0.039528 -0.713721 -0.038266 0.033477 -0.288292 -0.035436 
5.738474 2.874355 -0.423327 -1.006666 3.493184 -1.128344 0.367208 -1.163611 0.242902 -0.078286 -0.439532 -0.003291 
3.780560 2.224789 0.428716 0.060402 1.359816 0.134900 0.080976 -0.760126 -0.192779 0.024360 -0.273834 0.000785 
4.732788 2.837638 -0.092427 0.135001 2.314860 -0.847958 0.427497 -0.886622 0.209048 -0.138594 -0.281756 -0.019407 
5.312113 3.510543 0.239545 -1.296067 3.751606 -1.113732 0.426901 -1.024728 0.123135 0.010169 -0.288346 0.034662 
4.377076 3.102700 1.075132 0.027140 2.217443 -0.799131 0.184847 -1.172471 0.028683 0.318903 -0.202204 0.031001 
4.747420 3.368963 0.998428 0.117235 3.324849 -1.048112 0.028494 -1.219348 0.243043 0.490629 -0.181577 0.021062 
4.284825 3.477506 1.299850 0.716515 3.032386 -0.942832 0.253731 -1.158577 0.256002 0.542193 -0.187169 0.038651 
4.726880 3.076259 1.448542 -0.624480 4.562687 -0.406533 0.841245 -0.850283 0.390484 0.402415 -0.312985 0.056957 
3.599541 2.944367 1.901545 0.978979 3.120631 -0.083980 0.801343 -0.971466 -0.067799 0.453926 -0.358668 0.030284 
3.735495 3.099208 1.873328 0.872456 3.190765 -0.330909 0.687517 -0.992022 0.266145 0.705637 -0.362361 0.039115 
3.307564 3.097717 1.871265 1.448990 2.684504 -0.156018 0.399001 -0.785658 0.039088 0.600033 -0.205758 0.052506 
3.592916 3.154269 2.165914 1.473898 3.016175 -0.405549 -0.086660 -1.012550 -0.320281 0.902301 -0.209968 0.051726 
3.655245 3.323282 1.993310 0.760426 3.165013 -0.323272 -0.027315 -0.730425 -0.273638 0.747308 -0.227505 0.050908 
3.637540 3.005518 2.353298 0.928071 2.814911 -0.614080 0.384228 -0.326198 -0.516910 0.676491 -0.257826 0.051530 
3.178124 2.886100 2.050799 1.250631 2.546748 0.071329 0.403137 -0.276566 -0.367797 0.440493 -0.261353 0.031849 
3.372238 2.886998 2.395468 0.955645 2.220887 -0.130904 0.524610 0.145213 -0.308735 0.401688 -0.279567 0.021904 
3.852417 3.832412 2.377228 1.387317 3.391628 -0.206299 0.704451 0.028761 -0.316021 0.714223 -0.257027 0.048334 
4.054962 3.070353 2.588579 0.981483 2.866519 0.903746 0.612830 0.709925 -0.156446 0.700898 -0.201525 -0.035519 
3.643502 3.179392 2.388906 1.839948 2.669717 0.973632 0.794520 0.240979 -0.244411 0.376053 -0.070634 0.007442 
3.540648 2.872132 2.311391 1.483656 2.507299 1.140521 0.746195 0.458591 -0.016798 0.284901 -0.101073 -0.006247 
3.798851 3.199495 2.044766 1.854566 2.968287 0.922629 0.564871 0.231079 0.183375 0.492689 -0.175139 -0.022290 
3.653196 2.933163 2.124076 1.809577 2.455644 1.189334 0.380130 0.265803 0.169704 0.328446 -0.131996 -0.024613 
3.579877 2.771897 1.837701 1.871553 2.908069 1.323101 0.717068 0.181276 0.467909 0.275813 -0.169452 -0.027180 
3.562342 2.560931 1.811366 1.911856 2.373640 1.616381 0.562932 0.215360 0.274048 0.128675 -0.088630 -0.015682 
3.961822 2.750545 1.307939 1.602580 2.022565 1.357008 0.497834 0.309005 0.665321 0.061545 -0.071079 -0.030663 
3.963919 2.567566 1.067189 1.474141 2.118277 1.349359 0.292921 -0.071196 0.864641 0.192651 -0.003183 -0.031001 
4.410810 2.326215 0.655651 1.480192 2.559544 1.211525 -0.183079 -0.145490 1.014660 0.190564 0.080559 -0.038471 
3.926334 2.137697 0.775832 1.386334 2.083198 1.155434 -0.249852 -0.012067 0.802050 0.393097 0.087762 -0.021904 
4.448519 2.254790 0.356974 1.251464 2.457058 0.962448 -0.539162 -0.114187 0.846168 0.412499 0.241469 -0.007055 
6.148003 2.326740 -0.412198 0.242977 3.364095 0.947650 -0.144348 -0.575574 1.301539 0.163699 0.158462 0.040950 
6.409512 2.277570 -0.247676 -0.108311 3.214394 0.664291 0.426964 -0.283923 1.280980 0.082843 -0.005003 0.070393 
4.178016 2.563626 0.852863 0.579906 1.297302 1.526886 0.884555 0.541436 0.344621 0.083267 0.175282 0.044211 
3.731165 2.594491 1.337982 0.885937 1.327992 1.716182 1.522799 0.913107 0.371596 -0.076727 -0.024399 0.003283 
4.693875 2.645218 0.759680 0.932222 2.670553 2.125046 1.984871 1.168126 0.873132 0.080865 -0.154716 -0.038680 
5.378477 2.998727 0.585280 0.722408 3.320686 1.908490 1.452890 0.642576 1.218424 0.558144 -0.001243 -0.083558 
4.101700 2.648705 1.201715 1.524878 2.446519 1.685428 0.862929 0.519533 1.103817 0.742826 -0.043121 -0.045992 
3.364244 2.337664 1.505974 1.385150 1.845732 1.389912 0.800147 0.493836 0.432923 0.471437 0.103650 -0.000030 
4.718214 2.397724 0.422778 1.155423 2.577663 1.668558 0.282343 0.282769 0.940212 0.856436 0.200321 -0.055153 
4.123133 2.095020 0.687140 1.208869 2.304762 1.791983 0.109044 0.173668 0.896532 0.903465 0.174447 -0.062301 
4.145855 1.736038 0.424576 0.954040 2.533275 1.831195 0.286278 0.104319 0.920461 0.925568 0.203486 -0.080080 
3.400634 1.873762 0.765811 0.965564 1.833280 1.732310 0.378852 -0.074197 0.771342 0.790387 0.241850 -0.042584 
4.607088 1.935508 0.646037 0.739896 2.894164 2.108897 0.401696 -0.079245 1.263440 0.900637 0.277938 -0.040262 
3.324780 1.852940 1.023706 1.631894 2.036507 1.356368 0.383710 0.259724 0.836495 0.886817 0.266534 0.001189 
4.383730 1.892412 0.712159 1.505027 2.652222 1.999975 0.711151 0.229258 1.257043 1.171995 0.205889 -0.040539 
