2.472495 2.065581 1.607366 1.366476 1.387071 1.192934 1.012592 0.711485 0.638616 0.392833 0.381260 0.078180 
2.514344 1.941819 1.719983 1.459087 1.342869 1.076326 1.050909 0.770059 0.721131 0.333036 0.251270 0.080018 
2.562465 1.998424 1.591421 1.621890 1.260466 1.205469 0.784799 0.879704 0.563626 0.465316 0.301365 0.080553 
2.704856 2.181559 1.902234 1.509986 1.372977 0.940936 0.837517 0.688843 0.588397 0.303058 0.155828 0.077334 
3.110508 2.418946 1.896436 1.489863 1.204799 0.787222 0.374980 0.168403 0.250203 0.275978 0.152794 0.074457 
3.283570 2.521240 1.743132 1.442565 1.082139 0.636532 0.399789 0.139509 0.172927 0.091171 0.109612 0.067080 
3.550154 2.694417 1.702150 1.341821 1.049989 0.525105 0.155773 0.156123 0.108180 -0.001800 0.040965 0.053164 
3.571862 2.686722 1.655054 1.392467 0.998220 0.381666 -0.148021 -0.219318 0.183170 0.199583 0.089127 0.067150 
3.794784 2.865251 1.624718 1.011443 0.553658 0.229572 0.063573 -0.075958 0.183411 0.082171 0.095778 0.069170 
3.958874 2.788925 1.501979 0.857474 0.705736 0.230075 -0.045892 -0.137244 0.108396 0.022464 0.096252 0.069485 
4.087008 3.064058 1.574427 0.829530 0.531214 0.152228 0.017334 -0.095595 0.009892 -0.081487 0.120037 0.070734 
4.289608 3.160230 1.432895 0.560389 0.436505 0.329011 0.128061 -0.056638 -0.046527 -0.128030 0.048719 0.053465 
4.468042 3.124319 1.281108 0.448720 0.535353 0.339867 0.018260 -0.143136 0.105443 -0.081279 -0.029137 0.025988 
4.722933 3.169512 1.206228 0.420354 0.631210 0.396095 0.098706 -0.151755 0.061116 -0.129613 -0.039251 0.018760 
5.075187 3.161997 0.915221 0.488827 0.842519 0.437829 -0.218381 -0.178099 0.222844 -0.076746 -0.051452 -0.007579 
6.199714 3.856321 -0.253294 0.526623 1.290400 0.561797 -0.423532 -0.548877 0.657896 -0.077350 0.026813 -0.074864 
6.425661 4.273739 -0.677574 0.559831 1.532164 0.155953 -0.330879 -0.723233 0.842023 0.003327 0.068905 -0.106322 
4.914854 3.293996 0.881721 0.590970 0.663926 0.306940 -0.486165 -0.234448 0.365845 0.247897 -0.076878 -0.033766 
4.452425 3.087430 1.230946 0.743967 0.485541 -0.042819 -0.147842 -0.236680 0.550805 0.182309 -0.142758 -0.026512 
4.291058 2.960153 1.321381 0.716615 0.359045 -0.057561 -0.292322 0.110357 0.520472 0.204910 -0.161237 -0.018862 
4.225297 2.881970 1.269474 0.590996 0.236524 0.037982 -0.256364 0.183540 0.484005 0.357226 -0.150506 -0.010072 
4.106696 2.879669 1.214936 0.273391 0.298692 0.022351 0.041933 0.051288 0.503110 0.459880 -0.081124 0.015785 
3.957283 2.669000 1.088757 0.312503 0.170248 -0.028174 0.023691 0.190974 0.646613 0.515309 -0.018377 0.032701 
3.875768 2.470275 0.992257 0.264541 0.197443 0.200100 -0.216761 0.297541 0.720150 0.619506 -0.013499 0.034184 
3.821053 2.371931 0.896118 0.119850 0.351315 0.121379 -0.119539 0.349484 0.781697 0.627305 -0.009627 0.033302 
3.792018 2.404459 0.656756 0.028222 0.522434 0.204197 -0.014815 0.378907 0.783808 0.615826 -0.015459 0.028493 
3.743015 2.263528 0.541866 0.063505 0.660265 0.364719 0.126749 0.325461 0.847490 0.521051 -0.024760 0.023808 
3.765734 2.213991 0.478407 -0.048917 0.630103 0.504940 0.269866 0.353643 0.799299 0.503716 -0.026593 0.023402 
3.756938 2.208461 0.377089 0.005378 0.653873 0.562853 0.424233 0.391544 0.769287 0.466002 0.005713 0.028773 
3.778177 2.177804 0.293097 -0.031474 0.780989 0.573368 0.538603 0.452485 0.721305 0.467543 0.015014 0.028945 
3.734231 2.151167 0.345116 -0.101411 0.792775 0.739939 0.715875 0.520988 0.705202 0.392899 0.036762 0.034019 
3.737202 2.155187 0.325686 -0.200305 0.922629 1.017073 0.691709 0.580805 0.639492 0.447215 0.032121 0.029955 
3.820246 2.129265 0.286380 -0.273134 1.011850 1.155618 0.724665 0.620382 0.677193 0.440561 0.031604 0.022148 
3.767219 2.090268 0.164493 -0.239489 1.062409 1.152263 0.789638 0.673620 0.701951 0.496957 0.038438 0.019882 
3.788453 2.038957 0.137414 -0.203525 1.130088 1.016589 0.872108 0.700934 0.827918 0.458991 0.039613 0.013569 
3.749425 2.048190 -0.027601 -0.063625 0.927975 1.064807 0.977621 0.642827 0.903007 0.507824 0.050282 0.012690 
3.725113 2.014519 -0.106185 0.027805 0.833592 1.155127 0.896167 0.717924 0.944167 0.575146 0.054574 0.008002 
3.759998 2.024226 0.021195 -0.051747 0.590647 1.264697 0.981346 0.910426 0.898332 0.563615 0.070611 0.014215 
3.697775 1.926303 0.202918 -0.130710 0.651241 1.115032 1.058486 1.042949 0.947308 0.517711 0.095161 0.016466 
3.775215 1.990371 0.159966 -0.324517 0.889558 1.152730 1.137242 1.015861 1.033194 0.422817 0.184249 0.028072 
3.869853 2.086340 -0.022181 -0.230928 0.914240 1.301762 1.087856 1.103253 0.842861 0.599132 0.187531 0.030323 
4.046086 1.969402 -0.120508 -0.098514 0.961032 1.553038 0.822911 0.821887 1.185301 0.557194 0.233752 0.020818 
4.026889 1.891614 -0.228705 -0.011712 1.079166 1.461118 0.867904 0.966141 1.141227 0.610241 0.207977 0.012125 
4.393186 1.918635 -0.480166 -0.366982 1.571243 1.539525 0.886898 0.803166 1.223403 0.529453 0.233014 0.005043 
4.132174 1.709245 -0.331274 -0.273198 1.504916 1.907212 0.786769 1.098096 0.937874 0.506651 0.214486 0.018482 
5.147159 1.890301 -0.468804 -0.789748 2.175405 2.092614 0.635526 0.823716 1.149860 0.260899 0.235249 0.018662 
4.749980 2.193123 -0.848981 -0.066441 2.146412 1.883727 0.543506 1.299950 0.814768 0.264668 0.131468 0.011394 
4.289519 1.987211 -0.463824 0.126536 1.799686 1.723552 1.069935 0.921149 0.874948 0.282325 0.119617 0.020436 
3.834287 1.557372 -0.062575 0.491289 1.601219 1.860346 1.018397 1.043320 0.955951 0.385229 0.068851 0.015562 
4.496252 1.827621 -0.673414 0.126544 2.250500 2.032581 0.435920 0.932862 1.143849 0.453175 0.169134 -0.017872 
4.028439 1.678713 -0.363267 0.489286 2.128938 1.909459 0.724466 0.818493 0.894908 0.561276 0.081246 -0.008321 
3.818927 1.719438 -0.118433 0.213467 2.211428 1.853386 0.989173 0.787891 0.805403 0.401770 0.018212 0.002097 
3.892354 1.733475 -0.156411 0.345131 1.757305 2.101784 0.835053 0.408482 0.908388 0.461807 0.065405 0.004555 
4.209334 1.978272 -0.481419 0.216882 1.945727 2.030749 0.771268 0.757256 1.107309 0.411705 0.040221 -0.033929 
3.953010 1.651430 -0.618110 0.320208 2.050911 2.031349 1.112274 0.893962 1.158647 0.486420 0.069582 -0.019784 
4.143230 1.530266 -1.001456 0.247372 2.121235 2.193873 1.051981 0.956285 1.423194 0.418478 0.146188 -0.028925 
3.689961 1.327435 -0.548910 0.308798 1.990491 2.055091 1.132439 1.015415 1.086288 0.464253 0.102292 -0.000447 
3.750850 1.294225 -0.561444 0.589352 1.951937 1.879456 0.847901 1.070335 1.056691 0.423126 0.023973 -0.008145 
4.356059 1.355800 -1.038319 0.381627 2.516849 1.840327 0.923525 1.134746 1.421209 0.275139 0.114922 -0.009477 
5.062628 1.627245 -1.327790 0.373287 2.975833 2.033001 0.607627 0.918350 1.561318 0.335562 0.127801 -0.023632 
3.738321 1.360516 -0.355501 0.839715 2.286472 2.121712 0.959474 0.897666 1.099100 0.333786 0.037086 0.001085 
3.371142 1.206456 -0.224971 0.969421 2.193686 1.922788 1.018742 0.970652 1.030906 0.365742 -0.020328 0.009872 
3.649121 1.064435 -0.561511 0.896234 2.502337 2.026447 1.084031 1.140327 1.343704 0.318006 0.053516 -0.001421 
4.331463 1.071345 -1.381613 0.834373 2.556666 2.221621 0.889706 1.316564 1.666243 0.280211 0.192535 0.011675 
3.363974 1.087290 -0.497638 0.734750 1.874865 1.870703 0.853847 1.023158 0.996950 0.266780 0.035819 0.023947 
3.470127 1.187108 -0.285558 0.726159 1.981741 1.972679 1.272875 1.138246 1.018862 0.374370 0.122759 0.029526 
3.424870 1.402383 -0.124662 0.708945 2.008113 2.053911 1.385701 1.110424 0.975648 0.342722 0.122061 0.036689 
3.576710 1.099230 -0.702574 0.755354 2.113934 1.956106 1.195895 1.282939 1.143624 0.185383 0.167352 0.038998 
3.160410 1.303411 0.288065 1.194659 2.084329 2.018220 1.363172 0.977020 0.695231 0.189133 0.014050 0.062382 
3.402796 1.094044 -0.255358 1.372011 2.231640 1.866038 1.199259 1.621741 1.204833 0.254440 0.032311 0.031733 
3.414068 1.370181 0.218175 1.085948 2.035020 1.662926 1.183773 1.224842 1.057007 0.302342 0.065187 0.036485 
3.487222 1.436410 0.081254 1.111197 2.063149 1.408656 1.074101 1.314742 1.278097 0.339518 0.125876 0.031499 
3.333670 1.623940 0.179852 0.923287 1.482604 1.100838 1.027718 1.253228 1.090118 0.227552 0.166883 0.048171 
3.425228 1.737463 0.032981 1.109589 1.250407 1.525502 1.384249 1.803440 1.484624 0.184189 0.281902 0.041747 
3.213713 1.641487 0.435568 1.171071 1.636945 1.354700 1.236010 1.352196 1.353305 0.352265 0.215759 0.041563 
3.382957 1.789685 0.488654 1.110742 1.709466 1.202976 1.265916 1.166374 1.352119 0.352972 0.317141 0.058528 
3.450291 2.028305 0.804350 1.406124 1.655756 0.738162 0.854916 1.317122 1.472748 0.343213 0.148510 0.044182 
3.134499 1.801901 0.979978 1.547845 1.560823 1.271180 1.208785 1.513709 0.975191 0.285397 0.147003 0.066175 
2.983631 1.725588 0.972881 1.365506 1.402685 1.280416 1.288261 1.330261 1.069591 0.362034 0.201856 0.063140 
3.055062 1.842805 1.134189 1.355568 1.843765 1.341399 1.433028 1.170101 0.844096 0.329022 0.265615 0.080992 
3.093855 1.831545 1.262875 1.482656 1.776425 1.455712 1.550249 1.376045 0.721265 0.215580 0.215363 0.085038 
2.767751 2.029931 1.555113 1.664255 1.531409 1.171495 0.984233 1.103649 0.821754 0.348278 0.184150 0.077381 
2.707600 2.064452 1.738198 1.751815 1.456996 1.211233 1.022868 0.982004 0.677750 0.261071 0.163120 0.078623 
2.795400 2.088118 1.634760 1.667168 1.697971 1.417054 1.124945 0.880637 0.786582 0.332628 0.104033 0.075533 
2.624970 2.062094 1.749234 1.771442 1.565370 1.231174 1.111418 0.976529 0.773766 0.336527 0.138091 0.080390 
