2.249263 2.350992 1.350232 1.609684 1.671848 0.784558 1.475273 0.128896 1.151888 0.078225 0.432259 0.062471 
2.245819 2.337674 1.338913 1.812491 1.435647 0.978255 1.391937 0.166977 1.052069 0.094327 0.445832 0.056654 
2.288703 2.340988 1.234692 1.871780 1.153986 1.452303 0.968995 0.549293 0.767805 0.205728 0.436434 0.063101 
2.339082 2.184739 1.463016 1.683178 1.468223 1.028485 1.052503 0.385801 0.980381 0.220332 0.329998 0.070335 
2.415589 2.028628 1.419784 1.552497 1.636972 0.824511 1.074181 0.518707 0.738704 0.420173 0.276308 0.078519 
2.436756 2.152879 1.489754 1.590842 1.506603 1.201494 0.944725 0.582397 0.504212 0.377105 0.332800 0.077959 
2.504842 1.996316 1.696483 1.425586 1.714637 0.872732 1.092046 0.601728 0.753701 0.255231 0.305463 0.081287 
2.556553 2.072492 1.633875 1.533710 1.386837 1.165742 0.915167 0.646254 0.587378 0.446802 0.221889 0.080430 
2.519233 2.108856 1.690577 1.629421 1.445747 0.916840 1.047136 0.667116 0.634383 0.460990 0.195031 0.081072 
2.685389 2.143348 1.773471 1.435334 1.324050 0.877187 0.680428 0.475611 0.454757 0.294370 0.192954 0.080203 
2.905023 2.332141 2.031885 1.603373 1.251615 0.684827 0.538217 0.380101 0.282611 0.269753 0.256040 0.080057 
3.063189 2.624944 2.188017 1.685660 1.166662 0.589679 0.270633 0.260666 0.242776 0.379864 0.280166 0.086317 
3.266852 2.702924 2.053828 1.475385 1.065148 0.560319 0.464278 0.394876 0.322469 0.344923 0.234845 0.083198 
3.474369 2.922262 2.261592 1.553028 1.040755 0.660770 0.365722 0.239229 0.266206 0.345114 0.240612 0.084560 
4.100211 3.460717 2.413786 1.317391 0.733725 0.401746 0.377647 0.220396 0.289762 0.292064 0.192890 0.080931 
4.157761 3.338289 2.114524 1.112137 0.858366 0.540015 0.251927 0.095682 0.205017 0.353037 0.235893 0.096592 
3.941270 3.242708 2.152950 0.956809 0.376359 0.156878 0.277342 0.370274 0.330912 0.342890 0.224596 0.089260 
3.741446 2.767932 1.602833 0.856426 0.648277 0.393886 0.236417 0.121429 0.303865 0.355403 0.208308 0.090049 
3.613494 2.823221 1.815683 0.981733 0.432363 0.160748 0.192044 0.199510 0.255729 0.224470 0.221277 0.090970 
3.907344 3.037304 1.598658 0.705341 0.417161 0.199963 0.035593 -0.091366 0.352362 0.389605 0.107700 0.079099 
4.034468 3.025223 1.559567 0.547240 0.160451 0.024664 0.152671 0.188414 0.203127 0.214417 0.185981 0.091958 
3.736025 2.802500 1.456710 0.512203 0.322719 0.174121 -0.017239 -0.058763 0.250624 0.432219 0.239834 0.114621 
3.672997 2.580710 1.334572 0.442202 0.088235 -0.056914 -0.069701 0.356879 0.470540 0.318031 0.130537 0.087549 
3.923725 2.888634 1.271378 -0.004709 -0.125380 0.315329 0.377566 0.443560 0.304256 0.205398 0.121137 0.073995 
4.075048 2.695128 1.010133 0.395997 0.478638 0.390527 0.214766 0.119152 0.403171 0.251047 0.053939 0.053895 
4.395119 2.871250 1.069601 0.204126 0.389968 0.498970 0.284785 0.177453 0.255312 0.351434 0.063116 0.051844 
4.565931 2.964138 1.127955 0.127969 0.292720 0.143807 0.179411 0.395713 0.468732 0.439846 0.070810 0.036999 
4.579286 2.982548 1.102175 -0.142017 0.437785 0.125070 0.082525 0.253325 0.513405 0.688963 0.118935 0.046769 
4.568005 3.111080 0.992911 -0.177286 0.151389 -0.022511 0.302078 0.399441 0.592374 0.675147 0.191522 0.069520 
4.760800 2.735292 1.000741 -0.217564 0.215565 -0.104655 0.064556 0.641203 0.677944 0.744897 0.249757 0.067729 
4.788330 2.650284 0.740380 -0.236551 0.221101 -0.002277 0.150019 0.607369 0.789634 0.801657 0.304657 0.077540 
4.452951 2.388505 0.726046 -0.138699 0.182439 0.213830 0.085752 0.784851 0.877102 0.769696 0.322856 0.080395 
4.480951 2.397965 0.423718 -0.152834 0.149518 0.469100 0.354556 0.667165 0.968624 0.667450 0.344077 0.084604 
4.421876 2.494585 0.268827 -0.293701 0.267401 0.402704 0.789656 0.557977 0.833057 0.627635 0.314568 0.084150 
4.710224 2.610396 0.390469 -0.594457 0.276730 0.630207 0.563829 0.814168 0.680505 0.606058 0.291373 0.078791 
4.639737 2.524923 0.498500 -0.345909 0.058598 0.720402 0.564664 0.836463 0.811660 0.457435 0.275049 0.075633 
4.528601 2.490611 0.507919 -0.474025 0.441504 0.633627 0.453141 0.887777 0.642953 0.567231 0.250185 0.063689 
4.215108 2.687946 0.282289 -0.491723 0.511373 0.801629 0.953190 0.542150 0.446036 0.586841 0.215910 0.080811 
3.906700 2.367846 0.479271 -0.150863 0.242446 0.645907 1.002403 0.848934 0.638579 0.440342 0.095474 0.036730 
4.386112 2.660363 0.304595 -0.494461 0.521889 0.999210 0.591407 0.593327 0.822354 0.713006 0.138767 0.019864 
4.712471 2.715775 0.342236 -0.496455 0.678506 0.639282 0.743283 0.656203 0.713707 0.629659 0.182189 0.035098 
4.561074 2.828649 0.339308 -0.439919 0.789472 1.012645 0.639751 0.445963 0.719797 0.819130 0.138459 0.016881 
3.900032 2.290884 0.650018 0.230535 0.681733 0.678820 0.531849 0.831471 1.063974 0.780276 0.101595 0.009367 
4.345916 2.629301 0.474383 -0.254298 0.835007 1.096474 0.664049 0.727256 0.876532 0.756113 0.129877 0.010623 
4.446493 2.476731 0.512328 -0.049655 0.907403 1.020628 0.593333 0.762872 0.833948 0.681388 0.137487 0.011862 
4.743356 2.732897 0.313157 -0.481306 1.211521 1.304133 0.528046 0.720274 0.797256 0.703556 0.148830 -0.005378 
4.603671 2.631948 0.353186 -0.275771 1.360729 1.248408 0.808395 0.826298 0.582337 0.643188 0.080325 -0.000139 
5.200743 2.832051 0.032896 -0.728512 2.109178 1.345158 0.637251 0.817679 0.502168 0.604726 0.101054 -0.033147 
4.363732 2.365478 0.371610 -0.084289 1.327224 1.402219 0.826145 0.776572 0.718126 0.621031 0.059183 -0.004503 
4.809190 2.714760 0.071658 -0.582040 1.754018 1.534541 0.628436 0.850006 0.531664 0.654969 0.088216 -0.023609 
4.569796 2.383133 0.129582 -0.065560 1.556021 1.298192 0.712793 0.751097 0.723858 0.649124 0.061353 -0.016480 
4.449992 2.343163 0.103627 -0.144169 1.491528 1.736619 0.899106 0.743844 0.724763 0.529533 0.048349 -0.009058 
4.147814 2.188696 0.240327 0.158530 1.556914 1.600648 0.862371 0.766737 0.783018 0.613702 0.001433 -0.013975 
4.422802 2.323050 -0.012388 0.058837 1.741749 1.728074 0.814917 0.686444 0.750674 0.581429 0.048968 -0.016721 
4.325735 2.259645 0.117891 0.156159 1.835537 1.664964 0.839018 0.697948 0.770734 0.627189 -0.007745 -0.029128 
4.059561 2.150170 0.276024 0.292639 1.775794 1.626850 0.865377 0.734386 0.831736 0.676132 -0.003261 -0.015867 
4.142297 2.247711 0.164541 0.220713 1.820316 1.756680 0.922657 0.642288 0.900970 0.621770 -0.006309 -0.022494 
3.892758 2.036528 0.227975 0.396412 1.817939 1.638231 0.848344 0.753403 0.964114 0.708113 -0.007381 -0.017135 
3.987189 2.142404 0.192703 0.266011 1.832494 1.722090 0.927050 0.747982 0.842235 0.662139 -0.023812 -0.016137 
3.968862 2.062085 0.229714 0.301290 1.874046 1.823761 0.911677 0.730063 0.866401 0.602183 -0.009978 -0.012517 
4.449969 2.283380 -0.041126 0.047668 2.176112 1.804958 0.817074 0.797361 0.656702 0.696559 -0.052407 -0.051852 
4.025876 2.075874 0.084979 0.315771 1.581822 1.567280 1.314821 0.669778 0.683881 0.527069 0.067310 0.023654 
4.247001 2.085717 -0.418909 0.260173 1.656653 1.777764 1.114149 0.702043 1.118667 0.594839 0.065213 -0.027195 
4.402247 1.742663 -0.327124 -0.016498 1.995573 2.283179 1.125461 0.825081 0.914780 0.605217 0.118363 -0.008624 
4.786317 1.974203 -0.869299 -0.060562 2.436098 2.267078 0.871026 0.900134 0.963875 0.597848 0.154285 -0.029080 
3.829365 1.488027 -0.180056 0.362448 1.769148 1.836959 1.183556 1.145644 1.118557 0.661473 0.028454 -0.021191 
4.369640 1.791824 -0.414608 0.180230 1.888042 1.787662 0.760112 0.793883 1.299447 0.837596 0.108368 -0.052035 
4.589158 2.026275 -0.669663 0.048348 2.011262 1.756959 0.722651 0.687340 1.212632 0.843704 0.196609 -0.039226 
4.029604 1.747795 -0.265389 0.115640 1.663892 1.884766 0.841792 0.757295 1.051891 0.797781 0.142527 -0.010521 
3.564395 1.471928 -0.017965 0.507315 1.638172 1.613408 0.982260 0.878859 1.069028 0.649480 -0.001446 -0.011069 
3.740152 1.587162 -0.097656 0.372274 1.705719 1.746884 0.979292 0.739192 0.951758 0.640569 0.019915 -0.007860 
3.920138 1.600637 -0.306257 0.313726 1.854607 1.826383 0.848203 0.575748 0.947522 0.622436 0.033771 -0.015674 
3.695186 1.480050 -0.170355 0.433739 1.775489 1.668183 0.749900 0.575902 0.919766 0.650746 0.043593 -0.001559 
3.515241 1.379776 -0.079658 0.497777 1.637312 1.573659 0.813069 0.708812 0.920197 0.599235 0.064568 0.014835 
3.528718 1.354662 -0.265890 0.321751 1.690337 1.671516 0.798847 0.633998 0.962539 0.701077 0.120796 0.013384 
3.510364 1.231998 -0.287658 0.357553 1.779410 1.716136 0.877148 0.809820 1.115914 0.746497 0.071484 -0.008885 
3.416006 1.172259 -0.336271 0.432544 1.971140 2.046958 1.185702 0.873577 0.996337 0.575683 0.049362 0.006549 
3.611244 1.141203 -0.462660 0.634808 2.301507 2.163017 1.076574 0.786157 1.063542 0.673885 0.085808 -0.006737 
4.526341 1.733407 -1.052194 0.160921 2.819830 2.499740 0.888348 0.762717 1.152237 0.517735 0.140403 -0.039384 
3.726949 1.469856 -0.157593 0.658915 2.324816 2.450401 1.363114 0.906361 0.943800 0.556141 -0.033968 -0.001697 
3.481474 1.345786 -0.041734 0.749777 2.287564 2.275534 1.254097 0.947377 1.091863 0.680985 -0.016639 -0.004625 
3.512428 1.499675 0.028388 0.697386 2.165527 2.159887 1.187202 0.921886 1.067888 0.681600 0.057691 0.008574 
3.700289 1.553574 -0.164406 0.710035 2.372608 2.175983 0.977613 0.800239 1.218188 0.709834 -0.002491 -0.025127 
3.291854 1.243740 -0.088445 0.748948 2.127247 1.940083 1.067088 1.016952 1.197996 0.673290 -0.028375 -0.009055 
3.142167 1.121164 -0.090041 0.811314 2.185785 2.014725 1.059261 0.929495 1.129823 0.640945 -0.021562 0.003199 
