2.499927 -0.598007 2.081895 3.164857 -0.606096 -1.751991 0.307666 2.101619 0.484652 -0.163350 0.257265 0.210135 
2.194800 -0.887188 2.743762 3.372506 -1.422678 -2.036204 1.503961 1.596964 -0.151756 0.080913 0.117145 0.151189 
1.596732 -1.289027 4.312030 2.504921 -1.401414 -1.012842 0.830799 1.523248 -0.070532 0.211327 0.027400 0.144125 
0.856061 -1.129029 4.361376 2.914919 -0.621062 -0.937051 0.846370 1.532371 -0.493604 0.395566 -0.060608 0.141889 
0.587953 -1.034231 4.062853 2.804552 -0.907104 -0.549815 0.695907 0.953194 -0.389893 0.556792 -0.086307 0.138294 
0.460531 -0.308468 4.201881 2.015626 -1.676094 -0.422708 0.554659 1.136884 0.541667 0.679132 -0.049512 0.139802 
0.334561 0.025121 4.331893 2.017761 -2.696788 -0.204433 0.017986 0.628682 0.957857 0.506196 0.063346 0.133097 
0.266936 0.218924 4.453863 2.040456 -3.411890 -0.074143 -0.171733 0.386989 0.868341 0.341742 -0.055636 0.117133 
0.338336 0.541692 3.996069 2.126681 -2.633454 0.302337 0.145088 0.384937 0.920638 0.373085 -0.093380 0.101564 
-0.054954 1.209639 4.686885 2.515470 -2.454373 0.140013 0.665089 0.062308 1.107819 0.165898 0.093281 0.085265 
-0.391857 0.925529 4.691166 2.758515 -1.378548 -0.229543 0.953931 0.164682 1.036519 0.036827 0.009405 0.038211 
-0.696720 0.791650 4.802724 2.545159 -0.388607 -0.584412 1.324327 0.543482 0.711312 0.242875 -0.029977 0.040548 
-0.681804 0.504387 4.700937 1.657068 -0.102500 -0.331430 1.424529 0.379364 0.868717 0.371574 -0.220538 0.044091 
-1.050184 0.290436 5.036087 1.543552 -0.260387 -0.192080 1.540849 0.315603 0.829730 0.270268 -0.114025 0.057531 
-1.131587 0.339131 5.420613 0.850775 -0.751244 0.198899 1.204442 0.138155 1.025779 0.352449 -0.145724 0.081424 
-1.224010 0.690382 5.168009 0.722925 -1.165579 0.231532 1.047120 -0.034496 1.003796 0.366894 -0.128482 0.052431 
-1.615452 0.610492 4.635274 1.034040 -2.095508 0.162504 0.494546 -0.040793 1.239145 0.261088 0.111214 0.088052 
-2.171872 0.602874 4.585886 0.937692 -2.452281 -0.413458 0.924246 -0.023471 1.013698 0.459887 0.309909 0.095235 
-2.418977 0.604900 4.494521 1.190218 -2.133454 -0.488824 0.778538 0.074256 0.387427 0.276102 0.310689 0.049635 
-2.697441 -0.056039 4.545316 0.930051 -1.749878 -0.055112 0.911403 -0.211383 0.328312 0.167192 0.098352 0.023432 
-2.808607 0.158220 5.193220 0.923230 -1.797288 0.359491 0.873022 -0.275539 0.344368 0.159145 0.088555 0.045061 
-2.409214 -0.096056 4.719213 0.567665 -1.354116 0.692758 0.704097 0.015871 0.603658 0.111473 0.033041 0.046154 
-2.178045 -0.231327 4.811311 0.402839 -0.747183 0.671234 0.440766 0.042092 0.959286 0.194586 0.060521 0.071627 
-1.573399 -0.208842 4.145166 0.026622 -0.063847 0.803270 -0.406997 0.349803 1.489798 0.118803 -0.049533 0.076893 
-1.364426 -0.069958 4.037631 -0.066917 0.506435 0.370049 -0.061945 0.632061 1.373691 0.236397 -0.093277 0.043983 
-0.569360 0.281309 4.424386 0.136818 0.481229 0.475258 0.351574 0.150877 0.876326 0.160727 -0.228902 0.011313 
0.809525 1.033627 3.659670 -0.294219 -0.870493 0.244638 -0.066678 -0.437136 0.474707 0.177796 -0.214564 0.095472 
3.095255 0.823818 2.489878 -0.214912 0.501750 0.589521 0.393858 -0.278534 0.440295 -0.404533 -0.648836 -0.009425 
3.085154 1.060966 0.584841 0.613500 0.406147 0.297199 0.221105 0.159070 -0.122045 -0.605601 -0.479508 -0.091272 
3.654433 1.432974 0.294905 -0.143526 0.603256 0.080723 -0.361533 -0.006026 -0.014391 -0.452572 -0.304820 -0.102844 
4.213605 2.090903 0.106266 -0.162499 0.624141 -0.530348 -0.552496 0.193032 0.051973 -0.811842 -0.211656 -0.077574 
5.601195 1.647665 0.040272 -0.262157 0.865740 -0.353533 -1.251133 -0.163069 0.370819 -1.077875 -0.381050 -0.013425 
4.384237 1.844527 0.080234 0.057054 0.378101 -0.629231 -0.672202 -0.149776 -0.269289 -0.887710 -0.135752 -0.012954 
4.345393 1.951794 -0.331581 -0.311350 0.523438 -0.322545 -1.004315 -0.443833 -0.252276 -0.762709 -0.161050 -0.048753 
4.570516 1.881300 -0.758997 -0.375214 0.910415 -0.351472 -1.249829 -0.571941 -0.126382 -0.870040 -0.222058 -0.065261 
4.810218 1.753802 -0.830314 -0.548381 0.751660 -0.072999 -1.286688 -0.796692 -0.157195 -1.037330 -0.263108 -0.061267 
4.733124 1.696118 -0.824566 -0.818606 0.598741 -0.128625 -1.291386 -0.761951 -0.234610 -1.084176 -0.281783 -0.067963 
4.671734 1.821053 -1.075475 -1.219418 0.392178 -0.237082 -1.204727 -0.668710 -0.392915 -1.105146 -0.263873 -0.073709 
4.541348 1.680175 -0.948503 -1.370349 -0.217382 -0.283305 -0.958114 -0.345218 -0.583359 -1.055831 -0.281343 -0.062112 
4.550230 1.761901 -1.075661 -1.524153 -0.338765 -0.590021 -0.499974 -0.393087 -0.584151 -1.030502 -0.263977 -0.048670 
4.698451 1.905510 -1.123645 -2.094742 -0.680293 -0.155539 -0.808737 -0.218111 -0.483098 -1.064807 -0.178937 -0.040017 
4.854932 1.906759 -1.455416 -2.107901 -0.635863 -0.260779 -0.583621 -0.359073 -0.361654 -0.906262 -0.143132 -0.025150 
5.003510 1.829578 -1.324931 -2.146446 -1.020589 -0.250130 -0.430473 -0.209157 -0.277500 -0.882234 -0.135991 -0.007067 
3.651344 1.425662 -1.035653 -1.684059 -1.185390 -0.649168 -0.005477 -0.034835 -0.560584 -0.642757 -0.009055 -0.011977 
3.931178 1.532970 -0.764777 -2.142278 -1.404232 -0.533372 0.211170 0.064518 -0.491904 -0.751342 0.004295 -0.011346 
5.312372 2.041455 -1.943103 -2.529671 -0.149452 -0.740117 -0.320954 0.174526 -0.140092 -0.750105 -0.200911 -0.037043 
5.558170 2.046439 -2.231803 -2.427040 0.153567 -0.563621 -0.466006 0.035236 0.184575 -0.758690 -0.235844 -0.068192 
3.564298 1.324688 -0.955366 -1.568707 -0.955599 -0.077566 0.519428 0.296712 -0.440665 -0.643675 -0.027027 -0.013775 
3.958568 0.996402 -1.161390 -1.388773 -0.211415 0.038509 0.264239 0.355210 -0.078488 -0.758966 -0.107825 -0.011539 
5.766074 1.873019 -3.015020 -1.313339 1.221269 -0.513198 -0.081777 0.264856 0.670545 -0.487176 -0.394441 -0.090356 
5.347474 1.423353 -2.498742 -1.617642 1.308532 0.067584 -0.349739 0.775255 0.572330 -0.463309 -0.322870 -0.092999 
5.176049 1.553806 -2.978130 -1.538541 1.771268 -0.373407 0.019792 0.795154 0.717625 -0.368412 -0.393551 -0.102598 
5.411672 1.487448 -3.211952 -1.225872 1.861878 -0.196409 -0.108437 0.806973 0.799817 -0.185869 -0.395556 -0.103186 
5.526642 1.288193 -2.995488 -1.363505 2.178154 -0.141637 -0.154750 0.861331 0.739193 -0.065179 -0.379696 -0.103445 
5.477471 1.132191 -2.965152 -1.148632 2.351766 -0.514391 0.338772 0.470825 0.844040 -0.151296 -0.393430 -0.074375 
5.183039 1.236861 -2.656526 -1.085453 1.751338 0.462537 -0.206944 0.714452 1.084944 -0.374950 -0.260534 -0.126878 
5.121467 1.339760 -2.523553 -1.081714 1.773375 0.369077 -0.041226 0.891435 0.771829 -0.199317 -0.253530 -0.110721 
5.627105 1.386664 -2.454725 -1.562302 2.292504 -0.212553 0.609969 0.427340 1.159948 -0.088017 -0.291223 -0.086023 
6.087766 1.817678 -2.559655 -1.891707 2.498747 -0.225597 0.549169 0.687994 1.059283 0.196615 -0.291296 -0.081397 
5.481081 1.988332 -2.111293 -1.576207 1.825480 0.336484 0.413854 0.637741 1.161996 -0.164763 -0.053882 -0.061518 
5.093339 1.856267 -1.227311 -1.139789 0.987241 0.810265 0.454824 0.840969 0.750297 -0.276518 0.069756 0.013256 
5.266096 2.402601 -0.988256 -0.860942 1.227019 0.929502 0.544498 0.592554 0.847445 -0.258880 0.153126 0.028622 
5.349893 2.511495 -0.127892 -0.545591 2.150036 1.038888 0.900940 0.272394 0.435251 -0.321986 -0.019180 0.019694 
5.335497 2.943740 -0.219592 -0.158027 1.805386 0.965940 0.745592 0.687142 0.332488 -0.397474 -0.008368 0.025802 
5.433625 2.697845 0.130666 -0.138421 2.055179 1.118624 0.736904 0.729338 0.251343 -0.339881 -0.041471 0.019303 
5.145621 2.790364 0.347884 0.186042 2.153230 0.828247 0.954297 0.820121 0.260266 -0.348395 -0.011866 0.036772 
5.036063 2.632358 0.929346 0.304069 1.426315 1.111234 1.152433 1.127176 0.247798 -0.326820 0.063550 0.049710 
5.119846 2.651726 0.830488 0.291700 1.500938 1.009321 1.273067 1.425649 0.246540 -0.304207 0.071932 0.060960 
4.693797 2.592274 0.870837 0.344161 1.148345 1.420557 1.465891 1.292603 0.339541 0.003061 0.170879 0.055363 
5.611235 2.563621 0.058093 0.192445 2.607428 0.876843 1.219057 1.180130 0.949995 0.015671 0.050645 0.060042 
6.106230 2.252124 -0.015341 0.087381 3.315382 0.195645 1.340725 1.048121 0.992406 0.220739 -0.093981 0.087634 
5.448749 2.519085 0.375368 0.700043 2.465179 0.650949 0.961438 1.008579 1.037546 0.062011 0.002492 0.023561 
4.584639 2.772652 1.027120 0.565899 1.466392 0.788498 0.732311 0.968439 0.784346 -0.126961 0.023176 -0.007329 
5.665423 3.128478 0.217918 0.283691 1.685712 0.348978 -0.103434 0.821402 0.870625 -0.284733 -0.039702 -0.005227 
5.706670 3.073387 0.223468 0.370421 1.245070 0.140847 0.045511 0.683534 0.577708 -0.393971 -0.076825 0.017039 
5.081321 3.171265 0.670879 0.191984 0.868725 -0.028938 0.504736 0.351776 0.250888 -0.475589 0.032161 0.036056 
4.705057 3.024778 0.948131 0.223910 0.851199 0.156090 0.129404 0.103230 -0.128846 -0.397811 0.073167 0.033510 
4.464646 3.055048 1.268749 0.267227 0.415614 -0.028044 0.062782 -0.156326 -0.377572 -0.458722 0.096978 0.032119 
4.018414 2.896474 1.339025 0.360123 0.224336 0.045753 -0.032587 -0.540835 -0.552622 -0.341828 0.175862 0.037447 
4.119866 2.953181 1.316966 0.356233 0.230126 -0.164124 -0.344049 -0.528934 -0.585278 -0.308765 0.141171 0.030949 
4.780048 3.215988 1.077466 0.220939 0.251700 -0.166093 -0.642746 -0.838794 -0.561492 -0.270984 0.095273 0.038188 
4.791073 2.934275 0.969574 0.373734 0.161007 -0.404569 -0.916249 -0.558837 -0.447241 -0.525572 0.072430 0.031174 
3.687525 2.316022 0.993680 0.320634 0.024556 -0.369881 -0.823208 -0.831487 -0.654281 -0.258141 0.139203 0.009672 
4.133998 2.589334 0.673026 -0.334025 -0.226955 -0.456385 -0.466485 -0.443464 -0.496473 -0.326715 0.025849 -0.000054 
5.087572 2.776283 0.066489 -0.589991 0.688106 -0.545316 -0.367594 -0.473372 -0.353715 -0.450054 -0.047792 0.004667 
