2.584571 2.013254 1.736977 1.395067 1.399541 1.034719 1.147187 0.833267 0.707794 0.522034 0.184672 0.079449 
2.522497 1.978561 1.598639 1.535858 1.322791 1.231955 0.812441 0.904832 0.566278 0.284751 0.231039 0.079947 
2.548531 2.067864 1.656826 1.125978 1.411748 0.950464 0.892590 0.922081 0.624717 0.495129 0.230366 0.078193 
2.484502 2.170866 1.582688 1.160927 1.350428 0.956107 1.078475 1.134288 0.695408 0.512252 0.323679 0.075448 
2.410314 2.051048 1.195159 1.119219 1.351000 1.141184 1.507688 1.233147 0.577957 0.333325 0.317788 0.071409 
2.501360 2.210060 1.441161 1.091312 1.015643 1.234523 1.107201 1.386440 0.439134 0.573826 0.252560 0.074247 
2.580193 2.100283 1.215362 0.886404 1.012616 1.546593 1.186002 1.683825 0.307337 0.395818 0.309210 0.069523 
2.618222 2.211935 1.291298 0.674735 1.115878 1.117208 1.240656 1.439549 0.263411 0.390381 0.252436 0.068888 
2.777899 2.062940 0.741224 0.285286 0.899430 1.349341 1.560755 1.318651 0.294311 0.315205 0.303566 0.074973 
3.383617 2.455679 0.583767 -0.198272 0.797832 1.549766 1.725524 1.346194 0.272876 -0.002112 0.477855 0.109686 
3.087689 2.240331 0.889176 0.332561 0.860467 1.402989 1.343846 1.049709 0.010157 0.122833 0.300456 0.091914 
3.661500 2.750651 1.149998 -0.341125 0.625156 1.257072 1.827563 0.915906 0.000449 -0.126817 0.252517 0.092475 
4.186590 2.829210 1.053362 -0.402873 1.140259 0.866118 1.725005 0.855329 -0.123126 0.092134 0.309256 0.141150 
3.834281 2.741066 1.177426 0.012849 0.949548 1.097785 1.434382 0.899191 -0.162111 0.173143 0.196505 0.087069 
3.853293 2.792805 1.186096 -0.014004 0.672390 1.016667 1.384064 0.675992 -0.140482 0.063465 0.208607 0.086157 
4.063296 3.069637 1.349996 -0.126508 0.363836 0.848187 1.257980 0.689379 0.065357 0.102748 0.180703 0.066548 
4.873511 3.798597 1.079312 -0.921807 0.843707 0.941659 1.171699 0.775506 -0.132671 0.377967 0.023053 0.056387 
4.638351 3.418369 1.347490 -0.557258 0.419582 0.452280 1.113134 0.927639 -0.001317 0.170448 -0.031946 -0.001650 
4.645600 3.567403 1.664605 -0.317791 0.317366 -0.014225 0.904975 1.184615 -0.055462 0.073058 -0.139308 -0.058453 
4.470753 3.449686 1.742939 -0.162357 0.224011 -0.003637 0.670863 0.953887 0.171236 -0.104681 -0.122756 -0.065550 
4.705531 3.741061 1.474733 -0.106710 0.473088 -0.383072 0.603814 0.880752 0.272270 -0.173667 -0.164267 -0.072809 
5.009692 3.672289 1.239893 0.294222 0.963965 -1.180859 0.184670 1.103859 0.536352 -0.362274 -0.219365 -0.066778 
5.128902 3.336293 1.079281 0.908279 0.973285 -1.508038 0.354885 0.902858 0.604184 -0.491440 -0.281995 -0.033610 
5.324068 2.941907 1.159254 0.944292 1.179520 -1.838221 0.227143 0.960523 0.538662 -0.544926 -0.331785 0.004676 
5.233405 2.768388 0.913238 1.058376 1.284934 -1.826611 0.054248 0.980468 0.332290 -0.423858 -0.350235 0.009151 
5.138204 2.584543 0.980703 0.807081 1.569576 -2.119974 0.012066 1.134799 0.178360 -0.413043 -0.396964 0.029359 
5.378347 2.538889 0.478881 1.094036 1.608467 -2.479812 0.358287 0.712332 0.185390 -0.303695 -0.357737 0.075191 
4.247233 2.245664 0.748345 0.656494 0.821724 -0.586243 -0.255025 0.683933 0.096935 -0.417232 -0.206939 0.006272 
4.577157 2.269395 0.762337 0.810714 1.412042 -1.597446 -0.152902 1.000337 0.108197 -0.504462 -0.354182 0.025448 
4.906358 2.287846 0.611053 0.389431 2.001494 -1.743683 -0.148909 1.232046 0.032644 -0.604959 -0.485377 0.020495 
4.731325 2.135027 0.567745 0.447409 1.643552 -1.652433 0.024455 1.018449 0.105675 -0.599580 -0.455073 0.020404 
3.937097 2.036073 0.674756 0.574095 1.196355 -1.145129 -0.277001 0.748985 -0.026493 -0.455893 -0.374153 0.011584 
4.614404 2.224665 0.453126 0.057715 1.795966 -1.632536 -0.235584 1.132284 -0.236642 -0.570440 -0.428980 0.018198 
5.187594 2.584502 0.056168 -0.129874 2.248569 -2.283767 0.007901 1.188608 -0.332213 -0.614370 -0.641043 0.052592 
5.166223 2.424758 0.337846 -0.324878 2.115692 -2.095773 -0.125965 1.149330 -0.225137 -0.775173 -0.579259 0.028238 
5.600063 2.570200 0.026695 -0.170808 2.251628 -2.109069 -0.176426 1.165945 -0.339919 -0.780971 -0.690140 0.032839 
5.895163 2.425282 -0.026852 -0.180376 2.217954 -1.828355 -0.235491 1.155206 -0.412016 -0.850998 -0.713236 0.015351 
6.033782 2.329502 -0.148331 0.051608 1.838216 -1.453554 -0.239606 1.223509 -0.606151 -0.951599 -0.651708 0.021148 
4.174723 1.986012 0.535480 0.351183 0.156675 -0.180975 0.283277 0.455607 -0.565871 -1.068639 -0.234068 0.012042 
4.287177 1.929012 0.341041 0.415177 0.673655 -0.215704 0.540354 0.519944 -0.386861 -1.111571 -0.413545 -0.007912 
5.393354 2.190551 -0.047957 0.457134 1.289521 -0.617065 -0.004006 1.105802 -0.441262 -1.300014 -0.569265 0.017980 
5.602357 2.082955 -0.128051 0.580749 1.322390 -0.771549 0.218729 1.059833 -0.411942 -1.258217 -0.590449 0.029338 
3.963163 1.874173 0.474069 0.406545 0.699428 0.219971 0.568860 0.442860 -0.639207 -1.039680 -0.368718 0.010605 
4.212170 1.950377 0.471729 0.574778 0.586913 0.307958 0.764666 0.235810 -0.731683 -1.180074 -0.291595 0.029180 
5.199851 2.205674 0.162283 0.707609 1.099047 -0.337071 0.324370 1.005415 -0.876314 -1.304994 -0.414587 0.066197 
4.486864 1.993483 0.623830 0.121910 0.892592 0.148188 0.475705 0.469366 -0.746824 -1.031255 -0.235958 0.044326 
4.228783 2.279267 0.335778 0.748403 0.911651 0.156072 0.585289 0.653081 -0.867556 -1.018097 -0.160252 0.080762 
4.846881 2.465424 0.094377 0.760960 1.560856 -0.848843 0.991961 0.931738 -1.396604 -0.735588 -0.256021 0.153204 
4.465393 2.447759 0.472652 0.871245 1.511145 -0.549773 0.778518 0.604096 -1.329491 -0.668499 -0.130234 0.127251 
3.868988 2.518888 1.385377 0.588932 0.784161 -0.196544 0.768933 0.476492 -1.235680 -0.667350 0.131223 0.080905 
3.876996 2.257012 1.015499 1.314774 1.184615 0.195484 0.668849 0.277572 -1.358686 -0.714905 0.059680 0.090811 
3.843780 2.365971 1.243987 1.484781 1.533555 0.392616 0.362013 0.005284 -1.071155 -0.687794 0.060422 0.061969 
4.002139 2.288016 1.415717 1.365706 1.796511 0.302586 0.566103 0.311914 -1.217038 -0.509140 0.041915 0.064600 
4.333470 2.668298 1.131673 1.381579 2.285437 0.246974 0.531856 0.229211 -1.169387 -0.424320 -0.053308 0.066935 
4.154228 2.692794 1.637334 1.568416 2.510894 0.078946 0.371023 0.268006 -1.260160 -0.288881 -0.054577 0.038918 
3.448628 2.553685 2.200454 1.576984 2.314064 0.111070 0.189853 0.111382 -0.952701 -0.063705 -0.047346 -0.000644 
3.760341 2.830924 2.429434 1.091050 2.542803 -0.063146 -0.094499 0.580557 -0.976318 0.019633 -0.092109 -0.026428 
3.916729 3.211175 2.190872 1.316178 3.876399 -0.452903 -0.211933 0.853856 -1.112069 0.019613 -0.149994 -0.031037 
3.859523 3.075313 2.625022 1.348960 3.689413 0.186825 -0.026651 0.905499 -1.206150 0.105662 -0.032543 -0.048019 
4.099776 3.231768 2.767641 1.029400 3.936721 0.499884 0.451111 1.129090 -1.344417 -0.118115 0.073682 -0.030654 
3.744475 3.197663 2.631802 1.231885 3.689853 1.002720 0.581426 1.141741 -1.021544 0.038489 0.076062 -0.030681 
3.850685 3.274250 2.653203 1.383761 3.530399 1.283441 0.651608 1.620091 -0.812823 -0.080505 0.125221 -0.027998 
4.048172 3.593333 2.227076 1.343367 4.795366 1.376614 0.998592 2.036697 -0.991981 -0.266140 0.077346 -0.026621 
3.695329 3.395080 2.845615 1.168184 3.519185 1.657249 1.112958 1.911398 -0.983147 0.023499 0.068358 -0.045955 
3.578549 2.912044 3.146873 1.251410 3.547238 1.745610 0.838295 1.787729 -0.826394 0.026495 0.119050 -0.059651 
3.747272 3.167575 2.848140 1.516872 4.328250 1.424083 0.721356 1.937163 -0.807021 0.117903 0.038612 -0.063392 
4.255589 3.560863 2.612267 1.157939 5.269840 1.127668 0.517061 2.021316 -0.638850 0.021361 0.002090 -0.097379 
3.986811 3.177142 2.762454 1.376775 4.277200 1.379232 0.481521 1.910949 -0.577358 0.107343 0.017520 -0.079512 
3.830957 2.632886 2.754512 2.042689 3.182022 2.049625 0.603458 1.239353 -0.082719 -0.114698 0.029848 -0.032005 
4.092430 3.118557 2.155344 1.621478 4.255859 2.050002 0.741609 1.617922 -0.008919 -0.533779 0.070379 -0.046529 
4.729052 3.445130 1.547723 1.269587 4.984620 1.968793 0.368749 1.718182 0.119383 -0.836970 -0.012479 -0.099851 
4.609901 3.078625 1.427024 1.189328 4.479568 1.791397 0.659675 1.132518 0.342323 -0.804217 -0.017437 -0.051329 
4.135983 2.757300 1.586633 1.459733 3.380130 1.765081 0.662505 1.030536 0.184203 -0.562281 0.045385 -0.022097 
4.365254 2.716393 1.164850 1.187284 3.225819 1.947543 0.607358 0.649718 0.225163 -0.201497 0.013341 -0.032881 
3.974553 2.410888 1.286629 1.412132 2.854270 2.003475 0.639134 0.733451 -0.143234 -0.189328 0.091441 0.000785 
4.812042 2.872864 0.693746 0.335161 4.124139 1.821565 0.121023 0.975392 0.022303 -0.150809 0.101595 -0.052845 
4.293530 2.386364 1.208346 0.665249 2.686976 2.220437 0.879455 0.934903 0.109443 0.087758 0.068184 -0.002380 
4.012433 3.033985 1.182476 0.151998 2.205830 1.670498 1.159307 1.165841 0.480317 -0.024828 0.182712 0.016325 
3.447587 2.265294 1.353737 0.806933 1.741963 1.568649 0.914805 0.816827 0.590551 0.309915 0.191562 0.041016 
4.532248 2.777593 1.281444 -1.073736 2.902985 1.277614 1.126042 1.459753 0.447751 0.740562 0.263757 0.035355 
3.652359 2.219595 1.157424 0.336681 1.919896 2.047445 1.362378 1.052760 0.439773 0.587806 0.237281 0.060555 
3.567985 2.329087 1.424153 0.409247 1.643215 1.419798 1.060752 1.233292 0.451948 0.679672 0.253325 0.047988 
4.107602 2.543242 1.176131 0.327148 1.837736 1.695108 0.737192 1.457030 0.511292 0.507143 0.309925 0.053279 
5.178719 2.350267 1.294336 -0.719332 2.736431 1.734299 0.458348 1.755518 0.532131 0.549966 0.319234 -0.018187 
4.067511 2.321770 1.274911 0.233152 1.591158 1.901347 1.039732 1.212165 0.807688 0.301011 0.232114 0.033622 
