2.333133 2.182159 1.315333 1.751834 1.222730 1.237991 1.009803 0.641050 0.698619 0.339901 0.362985 0.072147 
2.293611 2.271864 1.241192 1.866236 1.245635 1.275546 0.805689 0.414671 0.729903 0.273762 0.313425 0.069815 
2.028628 2.500844 1.103095 1.630853 1.184941 1.405058 1.435484 0.811507 0.833500 0.275479 0.320366 0.063757 
2.080515 2.648077 0.846085 1.820348 1.232083 1.580625 1.358144 0.541510 0.976857 -0.031024 0.338538 0.047053 
2.225809 2.668360 1.106619 1.949754 0.728587 1.578033 1.307829 0.655390 0.937037 0.098800 0.221061 0.056581 
2.139926 2.722417 0.917252 1.867455 1.172359 1.693784 1.638390 0.212562 1.031287 -0.106602 0.354783 0.039741 
2.258728 2.576524 1.092326 1.837829 1.051042 1.108642 1.436231 0.166981 1.025457 -0.193059 0.452929 0.035192 
2.340376 2.581546 1.067463 1.630299 1.186289 1.092771 1.572261 0.146783 1.175594 -0.085358 0.560549 0.038032 
2.165910 2.827734 0.786403 1.995896 0.955711 1.430154 1.424197 -0.068363 0.971987 0.018186 0.548770 0.025608 
2.201811 2.701230 1.369315 1.920084 1.139222 1.319887 1.229838 0.341469 0.977464 0.055376 0.342165 0.052362 
2.174768 2.374078 1.242324 1.728346 1.145631 1.316883 1.004813 0.340133 0.697013 0.468248 0.389917 0.068799 
2.236478 2.511064 1.353044 1.779514 1.309397 1.038170 0.481549 0.577828 0.673832 0.549561 0.259818 0.080301 
1.995784 2.715805 1.044347 1.107792 1.482764 1.123341 0.752753 1.115365 0.845497 0.113600 0.645761 0.020862 
1.958616 2.689990 1.217673 1.105296 1.429953 1.120616 0.818258 1.061895 0.850544 0.180486 0.651706 0.023636 
1.912237 2.937924 1.210319 1.132095 1.785067 1.211999 0.946072 1.289875 0.527491 0.188787 0.728068 0.009785 
1.928809 2.714542 1.502056 0.869643 1.445344 1.211785 1.080955 0.981059 0.573069 -0.005916 0.616928 0.022042 
1.656308 3.103493 1.414719 1.299576 1.913773 0.647372 1.525207 0.410605 1.034847 -0.123413 0.657322 0.004573 
1.840451 2.651155 1.257330 1.470449 1.652064 1.078887 1.511447 -0.005697 1.029671 -0.219040 0.682322 0.014700 
1.504805 2.746122 1.092780 1.950117 1.916132 0.905979 1.104484 -0.122358 1.310744 -0.076084 0.594222 0.000898 
1.840342 2.787847 0.962239 1.459909 1.589938 1.126530 1.438663 -0.170407 1.486744 -0.072181 0.610533 0.013680 
1.630612 2.724231 0.641016 1.404917 1.720621 1.014964 1.158935 0.346181 1.134563 0.171804 0.657939 0.004172 
1.732204 2.756224 0.730491 1.589975 1.352408 1.324038 1.338319 0.490008 1.227310 0.169913 0.569329 0.014420 
1.513727 2.929746 0.850323 1.578563 1.340416 1.199912 1.308159 0.489204 1.199552 0.122452 0.583178 0.006004 
1.533572 2.999712 0.821032 1.335909 1.964594 1.102273 1.091300 -0.151175 1.090034 0.387054 0.643278 0.022423 
1.699932 2.479977 0.674867 2.075618 1.817410 1.298875 0.766731 -0.121500 1.209907 0.129870 0.423296 0.023162 
1.811225 2.388587 0.651236 2.017627 1.529865 1.250383 0.830556 -0.040408 1.349834 0.058776 0.462932 0.017036 
1.984577 2.434722 0.529636 2.123814 1.538566 1.682117 0.388098 0.156939 1.198966 -0.025026 0.197839 0.039757 
2.085793 2.345579 0.905234 1.505549 1.478336 1.609762 0.548721 0.062919 1.339575 0.020606 0.282000 0.051647 
2.338827 1.945371 1.631008 1.355749 1.402237 1.300748 1.205080 0.032777 1.108907 -0.147656 0.341965 0.079127 
2.520628 2.085262 1.474688 1.379488 1.143706 0.689100 0.648849 -0.008300 0.970039 -0.034188 0.093281 0.081414 
2.998703 2.720183 1.965520 1.424900 1.700343 0.920903 1.162165 0.365298 0.491144 -0.066899 -0.200206 0.034361 
3.772920 3.069609 1.908042 1.085396 1.533419 0.562856 0.561494 0.330801 0.005114 0.124814 -0.157238 0.007551 
4.251866 3.361646 1.638204 0.588143 1.630093 0.201551 0.558717 0.025148 -0.143588 0.001784 -0.042801 0.032825 
4.764545 3.361789 1.194984 0.076135 1.736405 0.226764 0.624820 -0.101908 -0.185545 -0.035236 -0.104769 0.018726 
5.578223 3.516223 0.264272 -0.551896 2.702365 0.122999 0.426440 -0.113590 -0.020368 -0.267374 -0.178411 -0.015090 
5.547925 3.077795 0.040600 -0.495835 2.690310 -0.066534 0.335107 -0.131007 0.077249 -0.361404 -0.258005 -0.018797 
6.207529 3.075938 -0.305803 -0.831610 3.270294 -0.498059 0.226045 0.009771 -0.094913 -0.250120 -0.467395 -0.027911 
4.483365 2.389368 0.247830 0.139623 1.204386 0.067291 0.252511 0.213852 -0.238400 -0.509308 -0.284013 -0.012955 
4.028944 2.451158 0.294218 -0.164825 0.741027 0.290626 0.106736 -0.260313 -0.275737 -0.196292 -0.180740 0.003034 
4.379870 2.236896 0.164046 0.016000 0.915171 -0.264840 -0.201385 0.222339 0.214679 -0.456224 -0.307150 -0.049208 
5.100060 2.293867 -0.241387 -0.378336 1.358615 0.205943 -0.871917 0.346625 0.210283 -0.583697 -0.284335 -0.073951 
5.071463 2.238603 -0.387450 -0.168107 1.372984 0.026626 -0.721005 0.247951 0.154883 -0.607874 -0.282587 -0.050324 
4.141301 1.984478 0.017765 -0.272759 0.969322 0.311313 -0.407628 0.119424 -0.086320 -0.372016 -0.241501 -0.034831 
3.900871 2.084843 0.274942 0.020857 0.425894 0.031429 -0.023572 0.180580 -0.118997 -0.365111 -0.226271 -0.015172 
4.493022 2.169013 0.425033 -0.345477 0.885818 0.060394 -0.397005 0.419766 -0.072356 -0.305851 -0.179430 -0.029031 
6.311625 2.395986 -0.070862 -1.570311 2.668053 -0.482527 -1.223599 1.132397 -0.433112 0.012945 -0.233125 -0.120914 
4.794989 2.445422 0.315637 -0.630187 0.606003 0.083794 -0.581778 0.278623 0.017149 -0.177440 -0.055802 -0.019044 
4.193202 2.343347 0.380440 -0.324494 0.262144 -0.452155 -0.232993 0.364943 -0.129392 -0.050916 -0.079372 -0.003612 
4.808739 2.214229 0.065691 -0.430851 0.324807 -0.393293 -0.913636 0.327727 0.206257 -0.165549 -0.092763 -0.035837 
5.475514 2.513126 -0.386785 -1.185273 1.449963 -0.942408 -1.474644 0.708902 -0.035897 0.042123 -0.181171 -0.103047 
5.278336 2.242013 -0.386620 -1.064367 0.828773 -0.747965 -1.518278 0.603567 -0.020769 -0.055804 -0.159203 -0.100401 
5.222918 2.156876 -0.418880 -1.263715 0.637986 -0.681889 -1.701393 0.607669 -0.074106 -0.072209 -0.144181 -0.118078 
5.265961 2.087248 -0.217004 -1.469477 0.996857 -1.097911 -1.716414 0.956996 0.015783 -0.023212 -0.149923 -0.129614 
4.928558 2.286210 -0.612318 -0.823194 0.816234 -1.158089 -1.142044 0.504387 0.339344 0.085888 -0.160175 -0.086692 
5.286440 2.133944 -0.591389 -0.915269 1.235737 -0.961005 -1.106582 0.837418 0.258722 0.249683 -0.144928 -0.080688 
5.273295 1.976264 -0.552241 -1.085597 1.218176 -0.484752 -1.246075 1.036769 0.278386 0.224096 -0.073683 -0.088111 
5.500327 2.075749 -0.857204 -0.904483 1.036342 -0.137057 -0.896032 0.716684 0.662914 0.102463 -0.086423 -0.076839 
5.256890 1.980535 -0.706229 -0.774622 0.922300 -0.227413 -0.281488 0.503669 0.681285 0.049738 -0.065097 -0.048117 
5.234529 2.112872 -0.917720 -0.684248 0.909783 -0.071702 -0.278042 0.708024 0.564188 0.045023 -0.078306 -0.048994 
5.213662 2.026265 -0.791573 -0.595456 0.840379 0.127757 -0.196974 0.700278 0.610978 -0.017961 -0.074333 -0.045358 
5.136717 2.161441 -0.976600 -0.630828 1.010746 0.264990 -0.060673 0.678943 0.455206 -0.058867 -0.081832 -0.044422 
5.227783 2.062741 -1.021676 -0.772026 1.400258 0.316902 0.003403 0.750719 0.360706 -0.022333 -0.106084 -0.049552 
5.351073 2.072297 -1.307137 -0.836624 1.756794 0.276753 0.236827 0.485563 0.520734 0.012211 -0.104761 -0.056316 
5.361189 2.015716 -1.370038 -0.851700 1.771065 0.562679 0.209895 0.369945 0.681830 -0.018169 -0.083585 -0.076874 
5.209185 1.894509 -1.250481 -0.783475 1.562490 0.905703 -0.269295 0.656061 0.753203 0.022556 -0.076484 -0.105668 
5.449329 1.683669 -1.307105 -0.769126 2.067513 0.143133 0.367524 0.446623 0.896468 0.096168 -0.212342 -0.107929 
5.119194 1.737954 -1.272739 -0.515865 1.568056 0.637665 0.208251 0.662071 0.881439 0.018838 -0.170021 -0.116636 
4.363713 1.486806 -0.718981 -0.440201 1.240432 0.666245 0.502137 0.708142 0.548172 0.072008 -0.161854 -0.101893 
4.697991 1.405999 -1.171889 -0.127566 1.291351 0.775068 0.264326 0.683466 0.656056 0.087129 -0.149076 -0.102037 
5.845341 1.603893 -1.931779 -0.479402 2.294778 0.176783 0.146641 0.848726 0.701710 0.265652 -0.255889 -0.106578 
4.826284 1.484106 -1.187794 -0.443954 1.788048 0.607345 0.144488 0.690825 0.802901 0.125070 -0.144242 -0.117767 
4.504690 1.214747 -0.861568 -0.116059 1.315159 0.816417 0.194842 0.668474 0.924862 0.042684 -0.123582 -0.102580 
4.703482 1.359423 -0.909935 -0.251698 1.620650 0.408533 0.371078 0.699844 0.806804 0.189937 -0.132537 -0.102098 
5.624575 1.471666 -1.688772 -0.681382 2.641510 -0.042143 0.372875 0.608191 0.962853 0.384947 -0.211834 -0.103730 
5.140475 1.405780 -1.434253 -0.537155 1.947378 0.836171 -0.066056 0.923987 0.898783 0.248071 -0.105834 -0.120292 
5.607454 1.600061 -1.911914 -1.056342 2.818107 0.274328 0.303025 0.760693 1.040812 0.406368 -0.192082 -0.127313 
5.868505 1.680224 -2.276042 -1.080674 3.163974 0.170853 0.171217 1.079787 0.780386 0.609832 -0.275235 -0.125410 
5.504973 1.626899 -2.097478 -0.966351 2.693955 0.804369 -0.028769 1.025970 1.010422 0.386716 -0.148330 -0.144616 
5.915685 1.352648 -1.855232 -1.587196 3.295095 0.879734 -0.178565 1.317873 0.894990 0.538541 -0.133813 -0.161432 
5.492413 1.475696 -1.993322 -1.075807 3.111970 1.037280 0.036354 1.075415 1.075394 0.390333 -0.110409 -0.132783 
5.567034 1.397073 -1.938646 -0.728080 2.625254 1.582838 0.009667 0.833677 1.399412 0.218658 -0.056370 -0.117764 
5.318566 1.202194 -1.503356 -0.635063 2.743061 1.702457 -0.410063 1.218526 1.058274 0.273963 -0.045643 -0.121738 
5.337478 1.267846 -1.552215 -0.386302 2.909910 1.230096 0.141022 0.832077 1.289653 0.319442 -0.074855 -0.102242 
5.968608 1.062302 -1.637666 -0.584588 3.394448 0.914949 0.138904 1.150444 1.080386 0.587481 -0.117429 -0.094244 
4.788618 1.050543 -1.205296 -0.095031 2.848702 1.031114 0.374284 1.042317 1.185303 0.413838 -0.082216 -0.088003 
