2.591927 1.967897 1.762293 1.598246 1.276794 1.053822 1.047600 0.980596 0.670119 0.323450 0.154125 0.080205 
2.595507 2.045677 1.794134 1.537106 1.339111 1.047413 0.943556 0.782656 0.657996 0.437278 0.199126 0.080523 
2.562421 1.915542 1.764243 1.530257 1.289536 1.235610 1.067580 0.835406 0.549032 0.302043 0.224473 0.080607 
2.604036 1.962374 1.688076 1.566143 1.300393 1.134833 1.005627 0.724326 0.603222 0.442145 0.200837 0.079458 
2.671554 1.946029 1.698997 1.575341 1.302756 1.113348 0.889762 0.594278 0.500767 0.444811 0.207596 0.079492 
2.566673 1.936908 1.744279 1.470350 1.364594 1.191174 0.914917 0.706347 0.612330 0.458717 0.194394 0.079738 
2.598397 1.815592 1.505573 1.574921 1.464612 1.117070 1.030430 0.755218 0.647840 0.408462 0.180611 0.079165 
2.553778 1.795179 1.578232 1.690373 1.278031 1.160217 1.074814 0.770994 0.663539 0.437928 0.161059 0.078342 
2.565556 1.732552 1.579615 1.703478 1.685024 1.023829 0.734374 0.757532 0.727076 0.458091 0.195218 0.076406 
2.645330 1.786766 1.621093 1.796439 1.645188 1.159610 0.726927 0.603516 0.813948 0.560327 0.162695 0.073394 
2.677523 1.698069 1.457817 1.836831 1.589536 0.812509 0.565663 0.826235 0.834769 0.512241 0.075144 0.072468 
2.499994 1.734719 1.840509 1.877638 1.442170 0.830863 0.742611 1.051854 0.628445 0.310780 0.080778 0.085153 
2.493010 1.609801 1.674011 2.309628 1.262242 1.021756 0.369770 0.925246 0.965440 0.343278 -0.019934 0.086349 
2.662601 1.171440 1.272249 2.918873 1.375441 0.818578 0.299556 1.343894 0.918241 0.069635 -0.031052 0.106706 
2.416019 1.061279 1.560007 3.236670 1.369905 0.043814 0.801407 1.352895 1.293805 -0.379462 -0.048839 0.148149 
2.246851 1.009703 1.711799 3.300871 0.595927 0.151606 0.943081 1.293179 1.086205 -0.202809 -0.139218 0.152453 
2.131414 0.587469 1.927845 3.698547 0.540209 -0.000937 1.267082 1.186953 0.968262 -0.074302 0.036210 0.144696 
2.248660 0.269665 1.738695 3.790028 0.678428 0.205483 1.418994 0.965796 0.847572 -0.070670 0.161922 0.124196 
2.262343 0.787268 1.717014 3.278003 0.359705 0.397188 1.811884 0.890143 0.402725 0.024334 0.246039 0.096698 
2.087605 0.668840 1.407065 4.107908 -0.212868 0.804150 1.298874 1.317323 0.401642 0.244420 0.374425 0.095797 
1.827425 0.401104 1.688810 4.327450 -0.469532 0.291789 1.613289 0.919674 0.729501 0.233563 0.506649 0.043749 
1.305415 0.277892 2.302021 4.466836 -0.300106 -0.137984 1.222934 1.226241 0.966004 0.335370 0.457551 0.046716 
1.305995 -0.197923 2.264368 4.282000 -0.111167 0.223028 1.162799 1.507313 0.750916 0.532211 0.400250 0.031131 
1.156370 -0.225487 2.392509 4.376975 -0.013022 -0.219628 1.391552 1.733190 0.554314 0.686296 0.409150 0.010350 
0.961659 -0.162783 2.703638 4.442825 -0.145101 0.078752 1.165172 1.564394 0.575487 0.615653 0.490322 -0.009530 
0.915517 -0.251028 2.910541 4.091131 -0.263831 0.351519 1.315201 1.557366 0.407015 0.769476 0.432293 -0.015552 
1.117011 -0.085137 2.659598 3.685716 -0.176561 0.597503 1.444200 0.838210 0.350582 0.792304 0.458104 -0.034185 
1.305061 0.279063 2.842495 3.512114 -0.135074 0.451311 1.760185 0.823835 0.293320 0.773050 0.378141 0.002763 
2.489813 0.758657 2.906718 3.028083 -0.111499 0.291075 1.650242 0.497606 -0.033598 0.715356 -0.087560 0.020978 
3.387463 1.497249 1.602560 2.510829 1.459209 0.857572 0.766688 0.351966 0.679975 -0.363369 -0.502144 0.000284 
4.694215 1.598895 1.118022 1.651458 1.855022 0.542804 0.695591 0.794159 0.408003 -0.972489 -0.435019 0.007134 
5.423358 1.979902 0.635722 1.313313 1.667226 0.346914 0.100417 0.722672 0.391522 -1.105262 -0.424605 0.025447 
5.730853 2.282818 0.290229 1.355101 1.570116 0.144758 -0.146010 0.524324 0.512190 -1.191858 -0.512960 -0.001809 
5.341293 2.273977 0.527883 0.921052 1.599613 0.318522 -0.401193 0.564939 0.146814 -1.134768 -0.450589 -0.024574 
4.880396 2.330098 0.475268 1.013868 1.536600 0.101500 -0.345957 0.399508 -0.015506 -0.975138 -0.424719 -0.046641 
4.949788 2.395755 0.665781 0.903257 1.313622 0.115327 -0.601527 0.342526 0.028036 -0.973825 -0.438393 -0.068569 
5.082587 2.522078 0.575362 0.761616 1.202675 -0.037061 -0.651294 -0.246200 -0.195742 -0.830977 -0.335920 -0.060248 
6.125678 2.377325 0.381771 0.382869 0.899169 0.054188 -0.993495 -0.137739 -0.482140 -0.942751 -0.425671 -0.051315 
4.667016 2.649295 0.544715 0.040272 0.403024 -0.213664 -0.841361 -0.561073 -0.487751 -0.434018 -0.221087 -0.067225 
5.113405 2.854944 0.165685 -0.457386 -0.147019 0.017593 -0.361491 -0.631434 -0.544781 -0.705053 -0.258388 -0.064623 
4.610007 2.642660 0.373921 -0.404755 -0.185997 -0.160602 -0.458742 -0.548928 -0.742112 -0.762961 -0.262149 -0.067082 
5.904161 2.555824 -0.486899 -0.858574 0.327398 -0.543415 -1.023665 -0.471246 -0.511953 -0.834799 -0.384490 -0.091781 
4.911902 2.504797 -0.327880 -1.000429 -0.469290 -0.368170 -0.668425 -0.565529 -0.625683 -0.822222 -0.259582 -0.080026 
5.560689 2.589282 -0.883301 -1.227688 0.315303 -0.596211 -1.139592 -0.348597 -0.438311 -0.748797 -0.350959 -0.118605 
4.878093 2.405784 -0.400062 -0.898323 -0.104599 -0.184584 -0.743148 -0.394027 -0.456806 -0.767638 -0.283832 -0.098137 
6.301630 2.482107 -0.806333 -0.983946 0.625269 -0.350319 -1.098416 -0.022550 -0.400331 -0.663684 -0.468866 -0.137040 
5.896138 2.612205 -0.641692 -0.815056 0.950795 -0.157767 -0.908939 0.312272 -0.570890 -0.615360 -0.470645 -0.135346 
7.361662 2.562849 -1.417062 -1.010820 2.459539 -0.598237 -1.249241 0.876940 -0.667071 -0.131444 -0.646658 -0.174081 
5.325692 2.502533 -0.532361 -0.390908 1.155224 0.021893 -0.512065 0.191868 0.073923 -0.534398 -0.397513 -0.132100 
5.394361 2.182968 -0.624444 -0.118104 1.064206 0.023577 -0.435643 0.467725 0.233632 -0.366044 -0.364780 -0.104806 
5.679254 2.155527 -1.093748 -0.201990 1.258105 0.078185 -0.535188 0.643489 0.682819 -0.286932 -0.321068 -0.088363 
6.926443 1.945473 -1.853195 -0.441966 2.094202 -0.308132 -0.615448 1.476521 0.421049 0.111319 -0.448697 -0.066734 
6.347606 1.876897 -1.541610 -0.340899 1.805761 -0.267829 -0.176014 1.096922 0.832433 -0.018089 -0.362648 -0.058746 
5.109618 1.796082 -0.930423 -0.124665 1.227447 0.212139 -0.140280 1.013637 0.877238 -0.233747 -0.227979 -0.060636 
5.592157 1.853977 -1.198009 -0.347849 1.548558 0.120504 -0.152997 1.073289 0.878719 -0.198106 -0.290478 -0.067751 
5.387977 1.821032 -1.146201 -0.157535 1.462758 0.240147 -0.141350 1.082839 0.844300 -0.182543 -0.277352 -0.071592 
7.181388 1.242145 -1.400754 -0.639169 2.315281 -0.246028 -0.415645 1.563717 0.665320 0.088855 -0.370749 -0.084997 
5.636800 1.826432 -1.193013 -0.252982 1.354260 0.028761 0.045944 1.191595 1.017381 -0.133048 -0.258535 -0.057703 
5.971053 1.830651 -0.874751 -0.184263 1.026368 0.218209 -0.222206 1.210275 1.077572 0.059927 -0.167564 -0.045167 
4.386705 2.010908 0.106629 0.004831 0.519889 0.324213 0.395322 0.741158 0.713944 0.189417 -0.039338 -0.031147 
5.075682 2.575636 0.231888 0.014689 0.837226 0.420045 0.086745 0.416314 0.585331 0.278341 0.033700 -0.010481 
4.469185 2.577610 0.800257 0.405426 0.877501 0.698885 0.260249 0.131756 0.501092 0.235440 0.038925 0.021201 
5.333825 3.151970 0.692863 0.985980 1.842633 0.797054 -0.285756 0.086200 0.485629 0.183388 0.064373 -0.002893 
3.517427 2.492779 1.804576 1.447170 1.293872 0.813472 0.254571 0.181399 0.310808 0.233330 0.144750 0.064587 
3.716788 2.637057 1.745870 1.768055 1.449812 0.859073 0.764914 0.523237 0.591090 0.277064 -0.017055 0.030970 
3.443688 2.444037 1.829594 1.444418 1.494900 1.099293 0.837444 0.763812 0.810179 0.582303 0.124450 0.061982 
4.126924 2.810642 1.795075 1.387380 1.592238 1.302674 1.014247 0.802142 0.684248 0.482537 0.043235 0.031421 
3.814188 2.915699 1.937956 1.291635 1.326387 1.280811 1.299000 0.724760 0.317390 0.325839 0.220395 0.077984 
3.644558 2.760018 1.883988 1.157438 1.039933 1.138198 1.278393 0.859047 0.457007 0.306420 0.296515 0.084592 
3.605102 2.702285 1.825027 1.435947 1.250654 1.180962 1.272787 1.017816 0.534622 0.263283 0.229666 0.072721 
3.525054 2.835540 1.922210 1.351952 1.487250 1.575476 1.234080 0.874767 0.516965 0.264687 0.154763 0.063044 
3.421673 2.527307 1.814626 1.630554 1.637863 1.340620 1.153488 1.004337 0.753769 0.384078 0.120895 0.060334 
3.344441 2.565581 2.005657 1.693140 1.397260 1.162621 1.110985 0.951078 0.639430 0.308364 0.070941 0.053056 
3.468133 2.731409 1.954990 1.479305 1.212693 1.320362 1.311947 0.762814 0.427773 0.170845 0.115600 0.052557 
3.352617 2.460928 1.926512 1.404026 1.238359 1.274918 1.096582 0.730396 0.311581 0.205071 0.079599 0.053724 
3.391963 2.669151 2.035249 1.531404 1.280690 1.155045 1.136392 0.732631 0.335317 0.174572 0.102295 0.052387 
3.475637 2.659023 1.980160 1.565455 1.207876 1.212059 1.370743 1.084640 0.590973 0.166087 0.017680 0.036762 
3.456082 2.606730 1.639087 1.152037 1.143262 1.117023 1.103715 0.937403 0.573484 0.259444 0.157071 0.057726 
3.369280 2.369335 1.705413 1.448093 1.255099 0.915307 0.591037 0.275874 0.271284 0.280694 0.156098 0.065315 
3.522176 2.508627 1.799538 1.335832 0.928448 0.440569 0.240406 0.225811 0.298226 0.098012 0.052064 0.053102 
3.963762 2.860210 1.783184 1.229918 0.817452 0.122029 -0.037551 -0.086607 0.121308 0.195200 0.097046 0.064947 
3.936430 2.901258 1.763299 1.155391 0.848583 0.252508 -0.420430 -0.324367 0.093792 0.297523 0.117882 0.071276 
4.085964 2.932252 1.548355 1.039864 0.801664 0.016949 -0.680105 -0.483197 0.231339 0.364107 0.130103 0.073240 
4.228099 2.665541 1.338670 1.056226 0.826951 -0.147392 -0.887256 -0.401252 0.382528 0.310837 0.111782 0.062216 
4.772064 2.606771 0.826648 0.968352 1.122508 -0.197907 -1.098127 -0.559864 0.576764 0.398797 0.112470 0.029684 
