2.642929 1.908923 1.843939 1.407096 1.678660 1.338680 0.839243 0.976506 0.553474 0.351401 0.204154 0.079288 
2.681781 1.962980 1.799118 1.640529 1.316509 1.222683 0.960188 0.654618 0.477617 0.325805 0.176088 0.078823 
2.646486 1.972703 1.803840 1.702386 1.639216 1.355847 0.844461 0.547300 0.408062 0.256183 0.179202 0.075627 
2.673946 2.047138 1.814778 1.673328 1.511313 1.316845 0.913788 0.523660 0.531019 0.265288 0.256517 0.076983 
2.810255 2.094443 1.877560 1.673684 1.676112 1.303963 0.858436 0.645276 0.428758 0.266037 0.282824 0.078403 
2.647676 2.019144 2.046546 1.476768 1.720684 1.333636 0.783887 0.842066 0.633742 0.225473 0.275310 0.077080 
2.729098 2.072924 1.679955 1.645505 1.644462 1.042723 0.570651 0.556165 0.742745 0.351166 0.242005 0.072910 
2.567728 1.998917 1.881584 1.532747 1.449027 1.056843 0.834535 0.870501 0.550169 0.205968 0.269322 0.077619 
2.631354 1.898104 1.805842 1.643826 1.660257 1.343371 0.625763 0.779034 0.667050 0.152396 0.251574 0.080085 
2.447570 1.968678 1.775473 1.766300 1.940300 0.795032 1.142464 0.294878 0.677784 0.178544 0.235328 0.081449 
2.707588 2.195179 1.792775 1.532843 1.649759 0.862105 0.791392 0.171166 0.901305 0.350859 0.276068 0.082003 
2.606262 2.251004 1.752535 1.429652 1.724601 0.638848 1.028772 0.099888 0.615905 0.178322 0.338175 0.083198 
2.465250 2.401211 1.327696 1.161150 1.740466 0.484613 1.103399 -0.055248 0.961336 0.198402 0.271291 0.080216 
2.567977 2.692397 2.056278 1.190268 1.484872 -0.343192 0.572665 -0.122380 0.826891 0.077903 0.326610 0.093243 
2.831116 3.186772 1.637015 0.281560 1.944411 -1.006113 0.634110 -0.711633 0.687186 0.246681 0.361882 0.152945 
2.748605 3.019894 1.438843 -0.071945 1.526282 -0.812222 0.908171 -0.177521 0.164728 0.440422 0.339767 0.154971 
2.990389 2.705725 0.980842 -0.506799 1.465450 -0.410121 0.845256 -0.089190 -0.237181 0.483594 0.243872 0.170189 
3.328606 2.563414 0.485963 -1.054570 1.355328 -0.126333 1.700458 0.148577 -0.661138 0.028286 0.074428 0.186420 
3.362615 2.507538 -0.067162 -0.616176 0.830879 0.445567 1.210923 0.281110 -0.607966 -0.027622 0.089476 0.169967 
3.729156 3.301101 -0.212525 -1.377847 1.809624 -0.722983 2.207684 -0.024046 -0.349107 -0.125467 0.100969 0.246681 
3.900786 3.871831 -0.128544 -1.733426 1.837113 -0.999805 2.528019 -0.138955 -0.291368 -0.003225 0.117892 0.297578 
4.087404 3.622837 0.039867 -1.723023 2.102139 -0.908859 2.419383 -0.235884 -0.274680 0.125953 0.154851 0.310611 
3.751146 3.371345 0.184983 -1.148708 1.342922 -0.415833 2.296071 -0.202086 -0.324485 -0.046662 0.208367 0.224274 
4.547982 4.360872 -0.286347 -1.892699 2.547124 -0.783703 2.246767 -0.383801 -0.223795 -0.074150 0.051083 0.261354 
4.519071 3.684357 0.032083 -1.142027 1.510020 -0.333654 1.835990 -0.658533 -0.269118 -0.139617 0.146356 0.205170 
4.994659 4.132118 -0.715472 -1.160515 1.648147 -0.647696 1.644595 -1.155541 0.010447 -0.256870 0.192622 0.188296 
5.264360 4.091737 -0.377390 -1.654860 1.707983 -0.460104 1.066056 -1.683447 -0.172709 0.032110 0.309582 0.211693 
4.929291 3.539833 -0.467353 -0.706803 1.772081 -1.139338 0.742937 -2.029651 -0.045479 0.295715 0.307474 0.171563 
4.735666 3.198577 -0.099667 -0.800314 1.576054 -0.847389 0.264221 -1.984884 -0.161557 0.269701 0.302039 0.135845 
4.968919 2.945552 -0.234673 -0.575424 1.861545 -1.024689 0.108702 -2.000735 -0.278055 0.156984 0.259032 0.122377 
6.043345 3.388189 -1.448507 -0.876813 3.190582 -1.621409 0.199564 -2.400242 -0.260922 0.099901 0.006660 0.136443 
5.823944 2.823376 -0.824799 0.085945 1.509123 -0.639207 -0.812228 -1.695969 -0.608690 -0.185589 0.132473 0.050628 
5.238968 2.640275 -0.164729 -0.038646 1.220842 -0.566417 -1.304268 -1.308140 -0.688317 -0.259779 0.062564 0.021987 
5.405790 2.384885 0.016139 -0.141669 1.734396 -1.097930 -1.572707 -1.230728 -0.614674 -0.334179 -0.076899 0.001052 
5.020632 2.567255 -0.006432 -0.253029 1.755083 -1.311047 -1.548293 -1.048532 -0.603983 -0.386049 -0.132938 -0.015743 
5.464813 2.510142 0.222626 -1.327061 3.437072 -2.095806 -1.278298 -1.145008 -0.852195 -0.183506 -0.464244 -0.004860 
3.729664 2.364139 0.840977 0.103848 0.914792 -1.048788 -1.082706 -1.208031 -0.864157 -0.235297 -0.161019 -0.022346 
4.338068 2.950516 0.398570 -0.435484 1.380433 -1.356686 -0.597451 -1.001334 -0.767236 -0.319231 -0.257000 -0.018672 
4.196612 2.664835 0.766601 -0.211098 1.225160 -0.532385 -0.941603 -1.619568 -0.857521 -0.302788 -0.104192 -0.011439 
5.101544 2.931371 0.343818 -1.083254 2.473229 -1.264775 -1.085775 -0.656713 -1.005798 -0.454811 -0.294497 -0.040775 
4.002146 2.383808 0.714053 0.115902 0.855861 -0.507459 -0.760786 -0.913694 -0.832128 -0.548570 -0.150556 -0.010184 
4.343583 2.763639 0.492276 -0.536596 1.065146 -0.525320 -0.756171 -0.697728 -0.863613 -0.751012 -0.150859 -0.014237 
4.237824 2.517271 0.599224 -0.778526 1.042353 -0.373162 -0.595443 -0.764549 -1.062519 -0.711868 -0.155963 0.001065 
4.521671 2.700445 0.386110 -1.198214 1.178013 -0.657330 -0.448166 -0.635648 -1.345064 -0.771980 -0.202673 0.014428 
4.342755 2.423750 0.346197 -1.387682 0.926898 -0.676679 -0.774926 -0.782870 -1.468978 -0.880528 -0.145576 0.017032 
4.648122 2.480281 0.429491 -1.802725 1.482582 -0.980178 -0.858273 -0.825557 -1.529359 -0.940437 -0.186521 0.021494 
4.466159 2.350665 0.875413 -1.827485 0.975059 -0.689060 -0.895978 -0.798298 -1.488471 -1.025716 -0.100878 0.026744 
3.782224 2.341968 0.504054 -1.047906 0.229635 -0.566116 -0.729300 -0.827398 -1.226905 -0.791459 -0.086638 0.021607 
4.193036 2.349006 0.645403 -1.141741 0.466228 -0.079993 -1.007323 -1.133565 -1.309496 -0.880091 0.003092 0.047914 
4.510556 2.451477 0.828022 -1.613655 0.655296 -0.161161 -0.889569 -0.838684 -1.573688 -0.942434 -0.031503 0.046414 
4.673040 2.480400 1.021879 -1.642461 0.528116 -0.049438 -0.907347 -0.564627 -1.517759 -1.053166 -0.052612 0.030681 
3.823237 2.558822 0.675390 -0.727192 -0.293298 -0.104636 -0.479643 -0.863686 -1.360864 -0.910605 -0.116892 0.012276 
4.395070 2.432104 0.654865 -0.329163 0.762767 0.206563 -0.790488 -0.981928 -1.362386 -0.890319 -0.113535 0.021967 
4.907089 2.570784 0.245142 0.064508 1.196325 -0.019379 -1.021615 -0.940678 -1.334743 -1.020502 -0.168787 0.016518 
5.300601 2.387030 0.338826 0.088046 1.778823 0.156544 -1.638636 -0.817648 -1.378040 -1.254275 -0.187764 0.016118 
5.294563 2.757259 -0.107006 0.010782 2.455829 0.021349 -1.572618 -0.983830 -1.057621 -1.293860 -0.224028 -0.021238 
5.056363 2.746462 -0.132279 0.013686 2.858567 -0.670849 -1.058510 -1.000983 -1.055548 -1.195672 -0.260945 0.009837 
4.697669 2.969459 -0.144670 -0.085341 2.843873 -1.069290 -0.510308 -0.861544 -1.025806 -1.047619 -0.255638 0.029031 
4.341189 2.893965 0.151487 0.100953 2.562275 -1.241461 -0.096100 -0.780631 -0.905291 -0.830575 -0.245620 0.039282 
4.536048 3.298606 0.376423 0.127030 3.302149 -1.933020 -0.276118 -0.583967 -0.855810 -0.630700 -0.402359 0.043246 
4.325891 3.524583 0.765186 0.976338 3.354427 -2.138323 -0.262285 -0.377136 -0.578576 -0.143241 -0.425337 0.056961 
3.834055 3.069191 2.061904 1.372102 2.436138 -1.500935 -0.311050 -0.519068 -0.352046 0.005047 -0.316195 0.016522 
3.377245 2.597231 1.981273 1.355802 1.782723 -0.389637 -0.405549 -0.223685 -0.443604 -0.006818 -0.332667 -0.004884 
3.517283 2.735662 1.773507 1.558699 2.796273 -0.882341 -0.640563 -0.321766 -0.357870 0.081514 -0.360802 -0.006041 
4.261123 3.393753 0.628386 1.496609 3.798727 -1.031156 -0.593153 0.087192 -0.847145 -0.014041 -0.286045 0.059963 
3.417788 3.030026 1.383237 0.884349 2.162889 -0.325532 0.416974 -0.731463 -0.610703 0.181411 -0.191509 0.069154 
3.236484 2.547367 1.852954 0.376749 2.849836 -0.569748 0.379196 -0.028354 -0.807968 0.413026 -0.355879 0.050608 
3.355713 3.049301 1.950031 0.402840 3.935574 -0.932159 0.887832 -0.132714 -1.290047 0.202952 -0.202031 0.098077 
3.357587 3.662389 1.822506 0.182006 5.110824 -1.356310 0.786551 0.043309 -1.052573 0.284988 -0.265562 0.080124 
2.832492 3.475632 1.939097 0.795343 3.598876 -0.563839 0.236893 0.393977 -0.681026 0.386218 -0.316043 0.027854 
2.836196 3.420918 2.051130 1.187604 2.603194 -0.063338 0.520113 0.228289 -0.656468 0.293097 -0.173707 0.037592 
3.275456 4.899848 2.109759 1.079191 5.343416 -0.485798 -0.051244 0.037595 -0.666304 0.555779 -0.254242 -0.064030 
3.228872 4.681922 2.190605 0.701729 5.165273 -0.510234 0.679189 0.362918 -0.955400 0.308116 -0.308250 -0.047207 
3.068490 4.186157 2.263689 0.993824 5.031323 -0.423736 1.225752 0.269396 -1.162727 0.032435 -0.219105 -0.013995 
2.861037 3.802319 2.181956 0.899023 3.581848 0.242014 0.825649 0.472186 -1.214144 0.099831 -0.192596 -0.021949 
3.002440 4.583302 2.333847 -0.437591 4.629288 0.902062 0.454519 -0.006940 -1.392082 0.105669 -0.059529 -0.031369 
2.925581 3.743465 2.463994 0.438406 3.601169 1.183902 0.191657 0.254302 -1.497774 -0.043324 0.036765 -0.058416 
2.901795 4.571642 2.268152 -0.614216 3.898872 1.477972 -0.078358 -0.175024 -1.655532 -0.092182 0.145644 -0.011098 
3.031540 4.165392 2.161122 -0.553796 3.236640 1.074544 -0.033054 -0.151331 -1.763854 -0.199698 0.177774 -0.002206 
3.125738 4.409586 1.986455 -0.884917 2.795196 0.859313 0.040257 -0.269153 -1.808740 -0.366456 0.188151 0.027054 
2.944875 3.828717 1.724684 -1.070223 2.389587 0.859349 -0.192297 -0.223674 -1.882460 -0.511603 0.189999 0.029066 
2.973417 4.185716 1.589503 -1.685768 2.437469 0.818364 0.162698 -0.281086 -1.914169 -0.533694 0.113204 0.073201 
2.980988 3.751264 1.278065 -1.667267 2.276422 0.861006 0.090623 -0.145045 -1.820373 -0.548772 0.090244 0.083472 
3.036662 2.924374 1.294789 -1.416707 2.059511 0.798419 0.089789 0.052919 -1.694214 -0.533201 0.068377 0.085226 
3.345058 2.245263 1.063297 -1.252137 2.079309 1.134620 0.038088 0.249869 -1.113397 -0.579693 0.036978 0.075345 
