2.845795 1.900781 2.322068 1.419829 1.224822 1.668196 1.472895 0.598382 0.421306 0.805244 0.288293 0.056712 
2.677226 1.811905 2.656881 1.602632 1.274078 1.917758 1.863034 0.802652 0.471368 0.858881 0.253046 0.056282 
2.894986 1.472439 2.872499 1.712246 1.536684 2.261687 2.070946 0.562711 0.339678 1.291815 0.472646 0.052979 
3.182064 1.352810 2.798365 2.165517 1.547863 2.326362 2.196460 0.844574 0.415394 1.001922 0.260270 0.051358 
2.724385 1.932724 2.523161 1.944542 1.577870 2.103573 1.886002 0.823671 0.824146 0.769057 0.262618 0.080040 
2.647783 1.969771 1.996993 1.834296 1.552045 1.573718 1.441908 0.933281 0.677349 0.591095 0.315795 0.061067 
3.954047 1.201778 3.844328 1.745738 1.134541 2.225094 2.680561 1.194935 0.993370 0.625074 0.142990 0.081658 
2.994450 2.025450 2.502267 1.747273 1.463550 1.812680 1.598975 1.471063 0.875872 0.683029 0.243856 0.077852 
3.248843 2.312579 2.960666 1.053164 1.279276 1.675184 1.482628 1.343654 1.134168 1.137914 0.293610 0.091867 
2.718742 2.204506 2.039293 1.554204 1.514480 1.499225 1.161563 0.919188 0.768198 0.571322 0.280204 0.062340 
2.868499 2.293959 2.446587 1.268724 1.421847 1.966002 1.509655 1.552109 1.349416 0.947232 0.248271 0.089214 
2.895698 2.195755 2.156983 1.754853 1.656211 1.984392 1.669876 0.986070 0.933998 0.843073 0.255333 0.081908 
3.106533 2.048044 2.466955 1.690348 1.779871 2.125765 2.340799 1.461452 1.139994 0.465958 0.190474 0.093847 
2.774728 2.142582 2.128014 1.780992 1.477238 1.653144 1.654515 1.378205 1.041759 0.504712 0.268700 0.070319 
2.823772 2.067864 1.839941 1.747710 1.639076 1.708661 1.510504 1.258278 0.683224 0.508635 0.333700 0.067318 
3.060155 2.216106 2.128625 1.697480 1.511312 2.022978 1.837173 1.339006 1.120293 0.576936 0.240382 0.079376 
2.858408 1.989402 1.683612 1.603444 2.100302 1.814049 0.968309 0.785420 1.235546 0.846393 0.375907 0.057570 
4.121489 2.230794 2.286564 1.745187 2.958764 2.343918 0.787708 0.640549 0.796176 1.042284 0.138975 0.016706 
2.932641 2.538848 2.055177 1.792117 2.075709 1.313851 1.039438 0.445913 0.403510 0.411490 -0.004135 0.021116 
4.037622 2.959810 2.892152 2.692408 3.245152 0.566694 1.632570 -0.757992 -0.964031 0.962048 0.047993 0.004647 
3.128604 3.228396 2.626971 2.396055 2.256383 0.423719 1.266346 -0.240506 -0.394159 0.324670 -0.105922 -0.021975 
3.693299 3.577126 3.205291 2.911569 3.011586 -0.241940 1.308761 -1.055413 -0.977381 0.595250 -0.198546 -0.018574 
2.978218 2.411946 2.280894 2.125364 1.651118 0.868992 0.435570 0.029310 -0.194701 0.096335 -0.047478 -0.052345 
3.586814 4.019031 2.467183 3.235134 4.099726 0.376406 1.162890 -1.459970 -0.857594 -0.001618 0.018937 -0.047619 
3.505734 3.598273 2.280497 2.993003 2.941652 1.264221 0.708597 -1.351199 -0.530154 -0.079867 0.070342 -0.083660 
3.711607 3.873229 2.402312 2.866619 3.602816 0.914253 0.246909 -1.445621 -0.686493 -0.367329 0.041962 -0.115016 
3.219831 3.136239 2.467202 2.439874 2.437387 0.686951 -0.090584 -0.735280 -0.686290 -0.233277 -0.096549 -0.109608 
3.901262 4.325778 2.175246 2.650811 5.020478 0.268860 0.266332 -1.197329 -1.761442 -0.270758 -0.168422 -0.092323 
3.661791 3.389561 2.493334 1.804775 2.940161 0.782110 0.066845 -1.185657 -1.451577 -0.155479 -0.168412 -0.096009 
3.601054 3.053212 2.622255 1.918922 2.323862 0.542528 -0.226541 -1.128144 -0.978046 -0.145720 -0.272189 -0.114597 
4.015695 3.941067 2.004331 1.392879 3.202547 0.282998 0.247520 -1.219227 -1.742500 0.061646 -0.387626 -0.042769 
4.167115 3.954846 2.459801 1.283383 4.396373 0.164279 -0.071069 -1.330829 -2.096603 0.054252 -0.388994 -0.088052 
3.591684 3.350263 2.570049 1.342346 2.811920 0.272162 0.110812 -1.082190 -1.714635 -0.176583 -0.344173 -0.108204 
3.529860 2.963676 2.628213 1.478887 2.411254 0.215239 -0.367995 -0.896790 -1.377434 -0.172534 -0.368293 -0.134190 
4.163194 3.781080 2.126251 1.437486 2.598006 0.264705 0.065276 -1.169048 -1.611992 -0.278067 -0.385719 -0.089694 
3.804612 3.384470 2.350631 1.793722 2.536060 0.706189 -0.160573 -1.483081 -1.619362 -0.465923 -0.230455 -0.121733 
4.082932 3.619761 2.427277 1.745579 3.081088 0.454547 -0.313771 -1.671909 -1.899222 -0.055901 -0.369916 -0.121419 
3.661282 3.025621 2.203516 1.255079 1.905597 0.606491 -0.361972 -1.205872 -1.636909 -0.423186 -0.288387 -0.122636 
3.215438 2.449535 1.936326 1.500307 1.257643 0.146055 -0.709973 -0.968626 -0.963433 -0.503753 -0.353881 -0.134727 
3.175659 2.666413 1.654743 1.082262 0.930558 0.320024 -0.206610 -1.036167 -0.996359 -0.547256 -0.401896 -0.125137 
3.527350 2.901723 2.048996 1.638584 2.124924 0.431218 -0.299983 -1.495772 -1.511663 -0.303939 -0.311439 -0.130696 
3.531320 2.746673 1.911653 1.099942 1.501022 0.551431 -0.502625 -1.272827 -1.299515 -0.529101 -0.310718 -0.127561 
3.070773 2.199155 1.693436 1.144993 0.873038 0.078430 -0.847005 -1.093503 -1.084559 -0.493292 -0.341991 -0.142414 
3.176281 2.502666 1.465237 0.847893 0.933974 0.205319 -0.538577 -1.306459 -1.237343 -0.523338 -0.326427 -0.128431 
3.884679 2.930352 1.975903 1.987503 2.263657 0.438374 -1.019230 -2.055578 -1.474331 -0.356880 -0.253514 -0.164247 
3.965634 2.932840 1.957558 1.738200 2.085275 0.755243 -1.139282 -1.934733 -1.491138 -0.464461 -0.225408 -0.150984 
3.557508 2.708988 1.822741 1.542732 1.462042 0.274646 -0.822119 -1.431202 -1.159835 -0.480462 -0.322070 -0.142034 
3.633708 2.660841 1.896348 1.683513 1.708412 0.218026 -0.916680 -1.467249 -1.217518 -0.390419 -0.315457 -0.147036 
4.653707 3.135517 2.132140 1.470018 2.756364 0.432321 -1.325545 -1.701498 -1.963518 -0.053905 -0.302857 -0.168499 
4.189077 3.087181 1.937306 1.531045 2.501447 0.064463 -1.507979 -2.031722 -1.824687 -0.266232 -0.316757 -0.172468 
3.987192 2.917496 1.756491 1.514521 1.922936 0.296369 -1.319297 -1.933581 -1.511455 -0.331765 -0.283769 -0.153026 
3.745022 2.801259 1.980962 1.622472 1.513336 0.184828 -1.150837 -1.762489 -1.278974 -0.425455 -0.316279 -0.153930 
4.305777 3.182115 2.026899 1.420955 2.358556 0.844576 -1.162958 -1.822790 -1.654704 -0.312253 -0.260132 -0.140173 
4.190187 3.085911 2.103424 1.518643 2.215989 0.779457 -1.153228 -2.042943 -1.555165 -0.307740 -0.282958 -0.149617 
3.775486 2.812717 1.896576 1.701478 1.890553 0.644370 -1.247220 -1.907841 -1.337989 -0.454851 -0.251756 -0.155617 
4.790268 3.058996 2.201934 1.874722 2.745155 0.754623 -1.810407 -2.033765 -1.299388 -0.157096 -0.284267 -0.199080 
4.153622 2.997869 1.991119 1.546359 2.036036 0.620839 -1.244295 -1.773452 -1.280517 -0.308449 -0.303000 -0.148235 
3.430372 2.555491 1.545048 1.067099 0.936793 0.207610 -0.861802 -1.405559 -1.122896 -0.463235 -0.350645 -0.131672 
3.724368 2.689588 1.829485 1.480624 1.761770 0.337484 -1.225493 -1.619495 -1.129639 -0.308610 -0.335545 -0.150743 
4.818961 3.110531 2.189727 1.576831 3.074521 0.414949 -1.835804 -1.972352 -1.436717 0.097226 -0.272155 -0.198001 
4.483307 2.943007 1.908138 1.542457 2.448080 0.541206 -1.857687 -1.935613 -1.284229 -0.011739 -0.245838 -0.170414 
3.493609 2.536272 1.525440 1.066730 1.256966 0.372534 -0.996442 -1.630559 -1.042747 -0.283634 -0.262442 -0.115027 
4.827215 3.236977 1.960635 1.309224 2.531366 0.717217 -1.892880 -2.051418 -1.083789 0.011640 -0.206627 -0.161039 
4.055871 2.980392 2.186273 1.948270 2.536168 0.387648 -2.036452 -2.168570 -1.206858 -0.114105 -0.304630 -0.200025 
4.323953 3.008788 2.109577 1.937360 2.566068 0.524135 -2.301782 -2.346917 -1.255751 -0.162996 -0.283654 -0.211427 
4.062177 3.023166 1.865456 1.684443 2.403091 0.065639 -2.133217 -2.539419 -1.203726 -0.047379 -0.323599 -0.195688 
4.389574 3.090475 1.727206 1.277663 2.612999 -0.082711 -2.219869 -2.387640 -1.247842 0.042344 -0.304882 -0.188539 
3.927807 2.708775 1.624611 1.189010 1.853549 0.012480 -2.216681 -2.306834 -1.202788 -0.094494 -0.267435 -0.165082 
4.015335 2.742814 1.766161 1.437494 2.041104 -0.330375 -2.355287 -2.378636 -1.338763 -0.080400 -0.307696 -0.185685 
4.172837 2.914352 1.832410 1.066339 2.283934 -0.144839 -2.326654 -1.869791 -1.441839 0.071328 -0.313680 -0.176323 
3.288390 2.240189 1.845670 1.558659 1.227387 -0.388505 -1.898686 -1.744742 -0.992454 -0.249699 -0.303371 -0.157244 
3.702900 2.535425 1.899115 1.188708 1.814915 -0.010856 -1.947683 -1.865270 -1.128219 -0.040737 -0.331325 -0.161341 
3.564277 2.398705 1.920213 1.574312 1.962752 0.019225 -2.068361 -1.896250 -1.037638 -0.148829 -0.284596 -0.177009 
4.236564 2.670502 1.847253 1.155418 2.375141 0.047575 -2.613783 -1.990307 -1.150386 -0.031186 -0.253136 -0.197110 
3.292937 2.088068 1.735040 1.594755 1.275840 -0.546501 -2.020157 -1.751375 -0.886333 -0.248467 -0.277272 -0.164739 
3.882527 2.506447 2.004476 1.828983 1.969806 -0.096470 -2.504159 -2.086286 -1.068513 -0.139120 -0.252425 -0.189372 
3.754140 2.400262 1.840766 1.484836 1.423736 0.006217 -2.284734 -1.863444 -0.838334 -0.257677 -0.218925 -0.149277 
5.144538 2.941876 2.687515 0.632986 3.251719 0.351105 -3.565890 -1.721309 -1.400273 -0.094567 -0.084980 -0.270544 
4.271796 2.817739 2.570248 1.540834 2.514494 0.497848 -3.047386 -2.112711 -1.204596 -0.221671 -0.207770 -0.215837 
4.095811 2.847833 2.404626 1.735753 2.360321 0.260569 -2.405475 -2.003003 -1.166686 -0.097834 -0.247071 -0.187715 
4.235221 2.984366 2.086452 1.303128 1.912991 0.472451 -2.048653 -1.809287 -1.075117 -0.193168 -0.188170 -0.134522 
4.314370 3.090761 2.179113 1.517607 1.863860 0.551805 -1.995951 -1.883234 -0.867388 -0.219617 -0.189287 -0.128068 
3.360864 2.487644 2.072383 1.852211 1.247143 -0.029501 -1.297073 -1.352585 -0.692086 -0.305074 -0.151623 -0.112626 
4.322931 3.073685 2.460707 1.745797 2.813302 0.449602 -2.042766 -1.399162 -1.290808 -0.014845 -0.164580 -0.160492 
4.950309 3.157334 2.895092 0.868111 3.473490 0.738020 -2.026218 -1.132431 -1.332425 0.354678 -0.027471 -0.173129 
