2.088467 2.383074 1.261140 1.520689 1.124639 1.181324 0.794643 1.002007 0.670014 0.566568 0.339089 0.073577 
1.983058 2.624764 1.128098 1.626677 1.371859 0.908729 0.852210 0.776884 0.703384 0.449264 0.299388 0.073623 
1.849973 2.555303 1.269778 1.909262 1.446126 0.866773 0.639403 0.825896 0.839117 0.397986 0.343120 0.064090 
1.829386 2.684065 0.824955 1.828701 1.575250 0.748945 0.987337 0.565418 0.770388 0.506643 0.370334 0.065745 
1.750386 2.734556 0.963561 1.757180 2.118428 0.420649 0.880028 0.265896 0.774615 0.547481 0.477450 0.052123 
1.829414 2.831392 0.414986 2.122691 1.856772 0.497382 0.687236 0.223997 0.863810 0.483770 0.391578 0.053976 
1.873568 2.415425 1.147036 1.581400 1.830851 0.941352 0.550107 0.643085 0.600556 0.522217 0.475635 0.049846 
1.696081 2.685214 0.729299 1.620097 1.787903 1.114500 0.539675 0.634951 0.815812 0.605493 0.600277 0.024194 
1.764909 2.714379 0.893357 1.451930 1.554829 0.844717 0.559203 0.790502 0.614338 0.277905 0.504517 0.038002 
1.805586 2.558852 1.392085 1.475187 1.443726 0.694438 0.606434 0.665031 0.637733 0.508933 0.387222 0.064390 
1.976351 2.616686 0.967315 1.560223 1.270388 0.723444 0.912412 0.904560 0.864234 0.221762 0.594125 0.036201 
2.118279 2.343078 1.444221 1.409058 1.135022 1.070556 0.522975 0.765888 0.813479 0.440979 0.503986 0.061722 
2.269478 2.242163 1.313070 1.140052 1.188907 1.082136 0.976689 0.890564 0.615400 0.580572 0.452360 0.070261 
2.443646 2.065813 1.377264 1.069170 1.861638 0.890065 0.676895 0.952168 0.756909 0.524283 0.345397 0.070178 
2.687057 2.382746 1.754503 1.293771 1.690976 0.700755 0.512720 0.277082 0.229580 0.722412 0.458711 0.094784 
3.383395 3.082500 2.001341 1.329550 1.705521 0.516731 0.049577 0.418457 0.066935 0.106962 0.052731 0.044249 
4.171244 3.647027 1.936978 0.271915 1.609451 0.506469 0.543015 0.516559 -0.394627 0.135186 0.002060 0.041071 
4.388394 3.455130 1.518541 0.460168 1.445638 0.381647 0.301901 0.423811 0.032451 -0.045691 -0.060999 0.000332 
5.176951 3.577565 0.988037 -0.464313 2.840397 -0.239544 0.056031 0.533104 0.171851 -0.057311 -0.178238 -0.061334 
5.799939 3.855890 0.493657 -1.149896 3.775035 -0.627453 -0.030454 0.355971 0.237834 0.061410 -0.307502 -0.101382 
6.024527 3.946104 0.137142 -1.279021 3.805749 -0.748352 -0.044897 0.184819 0.182188 0.155776 -0.348663 -0.101331 
5.960443 4.003986 -0.300556 -0.990214 3.325244 -0.767025 -0.106604 0.276046 0.158515 0.159859 -0.329629 -0.081164 
6.039724 3.486494 -0.166154 -0.878932 2.852080 -0.530760 -0.310385 0.204376 0.366230 0.017925 -0.249668 -0.075774 
6.397922 3.729487 -0.716572 -0.937562 3.206107 -0.727364 -0.586259 0.322368 0.364254 0.325308 -0.350161 -0.108650 
6.704995 3.550954 -0.759570 -1.012245 3.165099 -0.742011 -0.839819 0.483878 0.380377 0.448479 -0.371285 -0.124988 
6.521047 3.348503 -0.836566 -0.714178 2.685358 -0.508173 -1.076731 0.410998 0.594835 0.328336 -0.284892 -0.127141 
6.507598 3.041222 -0.802873 -0.542774 2.411069 -0.510307 -1.402478 0.573370 0.552319 0.381363 -0.246983 -0.110947 
6.692094 3.089842 -0.913489 -0.711769 2.714985 -0.813511 -1.367733 0.714068 0.382337 0.524894 -0.331417 -0.117241 
7.047361 2.929314 -0.859932 -1.138864 3.220544 -1.173715 -1.159404 0.751865 0.237081 0.616797 -0.441959 -0.125773 
7.029863 3.094549 -1.259350 -0.991244 3.027687 -1.035844 -1.397876 1.100698 0.023415 0.681304 -0.506583 -0.136138 
7.495487 3.084471 -1.554239 -1.171406 3.284918 -1.105698 -1.293321 1.184148 -0.131360 0.744210 -0.606660 -0.141667 
6.259709 2.967787 -1.039148 -0.632707 2.331245 -0.713579 -1.091497 0.711042 0.535888 0.288133 -0.389139 -0.135534 
4.176291 2.056838 0.438141 0.129042 0.341657 -0.089105 -0.299746 0.236226 0.558949 0.101684 -0.222428 -0.044191 
4.460241 1.994853 0.074044 -0.105715 0.683325 0.040595 -0.458772 0.246548 0.569619 0.162320 -0.143724 -0.048923 
6.406586 2.833675 -1.246787 -0.948318 2.182307 -0.578183 -0.829192 0.654939 0.639746 0.504460 -0.217024 -0.104513 
6.372002 2.699581 -1.570634 -0.617298 2.027165 -0.485203 -0.844495 0.797012 0.563514 0.545334 -0.231774 -0.082722 
4.216776 1.860193 -0.073334 -0.202424 0.388060 0.057955 -0.192779 0.512404 0.666947 0.208946 -0.058793 -0.024964 
4.249022 1.910161 0.011698 -0.418205 0.084407 0.167947 0.017961 0.665195 0.665570 0.229914 0.010985 -0.011187 
5.558565 2.207874 -1.172876 -0.369948 0.775787 -0.070354 -0.510161 0.704764 1.013480 0.449408 0.019147 -0.046955 
6.335674 2.456058 -1.793394 -0.804971 1.339756 0.063041 -0.934346 0.970668 0.979110 0.780772 0.009552 -0.077558 
6.144439 2.312617 -1.470232 -1.104782 1.655116 -0.104023 -0.752247 0.921091 0.971278 0.820506 0.087629 -0.066931 
5.109508 1.957637 -0.559793 -0.588393 0.814902 -0.123947 -0.239960 0.621779 1.155762 0.618597 0.136148 -0.031870 
5.167114 2.064760 -0.807096 -0.568350 0.996480 0.027932 -0.219891 0.583898 1.150638 0.611257 0.149736 -0.030516 
5.749945 2.306786 -1.158900 -1.080269 1.565188 0.172216 -0.244817 0.747388 1.119538 0.622024 0.132195 -0.044489 
5.414411 2.196160 -1.046692 -0.738790 1.262073 0.415520 -0.224313 0.683369 1.171956 0.523832 0.112939 -0.051178 
4.551207 1.928138 -0.494744 -0.409588 0.715937 0.570529 0.270601 0.707750 0.932290 0.447913 0.087523 -0.021561 
5.199981 2.108354 -0.920747 -0.447151 1.095860 0.514768 0.055823 0.718077 1.137685 0.403687 0.069668 -0.048331 
6.043472 2.220271 -1.525287 -0.519128 1.617186 0.308946 -0.001054 0.751385 1.243146 0.522371 -0.000847 -0.072899 
5.306359 2.135761 -1.159031 -0.431735 1.268800 0.696132 0.006191 0.751745 1.181632 0.404972 0.030668 -0.078741 
4.425578 1.765793 -0.576572 -0.053281 0.877521 0.636024 0.280247 0.794160 1.112065 0.416236 -0.010921 -0.069804 
5.790063 1.906733 -1.539969 -0.423647 1.802353 0.639555 -0.074991 1.030226 1.241062 0.503172 -0.055015 -0.098356 
5.994799 1.895439 -1.654593 -0.656778 1.983594 0.868476 -0.217305 1.185738 1.297978 0.518882 -0.064327 -0.110262 
5.697379 1.846456 -1.501666 -0.509039 1.795282 0.972866 -0.156322 1.183467 1.221888 0.403861 -0.063937 -0.102034 
5.514690 1.734068 -1.296119 -0.555684 1.881939 0.968242 -0.004746 1.100383 1.128488 0.340231 -0.063031 -0.099367 
6.137074 1.966206 -1.667034 -0.930209 2.629186 0.838508 -0.280038 1.454741 0.816637 0.646286 -0.113200 -0.130872 
5.772316 2.035158 -1.447848 -0.742903 2.250211 1.138222 -0.171567 1.153004 1.097269 0.499819 -0.043917 -0.127818 
5.292820 1.829674 -1.151472 -0.320597 2.060146 1.039915 0.208275 0.941660 1.119131 0.381923 -0.066154 -0.108567 
5.749257 1.953169 -1.588082 -0.477638 2.416553 0.994138 0.112037 1.148552 1.122632 0.507405 -0.100631 -0.118821 
5.906937 1.872500 -1.662066 -0.586617 2.503529 1.036369 0.342336 1.022150 1.273648 0.449418 -0.089184 -0.106676 
6.474229 1.956749 -2.045343 -0.820035 3.229006 0.561597 0.451821 1.214107 1.007455 0.687711 -0.210361 -0.098472 
5.880343 1.846441 -1.687172 -0.640614 2.783005 0.751887 0.472941 1.150772 1.281113 0.509619 -0.131636 -0.101694 
6.893845 1.793771 -2.076099 -1.226972 4.068571 -0.182896 0.696447 1.464295 0.941023 0.986454 -0.386144 -0.079705 
6.663796 2.036671 -2.398393 -0.999547 3.804013 -0.076452 0.569576 1.609726 1.079381 1.014157 -0.395223 -0.094693 
4.684356 1.596034 -1.043280 -0.006447 1.988010 0.889232 0.237627 1.184797 1.582322 0.370788 -0.122244 -0.132613 
4.011708 1.254374 -0.543024 0.411551 1.340005 0.914170 0.493648 1.098166 1.331054 0.408820 -0.155264 -0.105460 
5.586780 1.386103 -1.223034 -0.579745 2.442369 0.719557 0.243005 1.111128 1.536158 0.330899 -0.167242 -0.113043 
6.671542 2.049189 -2.597160 -0.624120 3.424801 0.252459 0.216710 1.690148 0.863287 0.806962 -0.431989 -0.102485 
4.781838 1.544473 -1.235184 0.008241 2.058836 1.154348 0.405001 0.928283 1.297293 0.068351 -0.175962 -0.112762 
3.851399 1.243568 -0.489834 0.312702 1.593426 1.033924 0.745824 0.960344 0.834118 0.020657 -0.234450 -0.062549 
5.034729 1.518393 -1.163146 -0.176536 2.333907 0.925499 0.279392 0.834692 1.093710 0.057219 -0.173062 -0.079178 
6.442862 2.153728 -2.672463 -0.497081 3.880551 -0.028492 0.692203 0.957171 0.785935 0.655594 -0.437198 -0.022111 
6.009902 1.670044 -1.897678 -0.593962 3.511118 0.320170 0.477966 1.005339 0.904967 0.451355 -0.278904 -0.042352 
4.375553 1.299127 -1.005043 0.233145 1.963361 0.972520 0.402275 0.891470 1.000578 0.132924 -0.193101 -0.056210 
3.739821 0.984636 -0.453496 0.219700 1.582875 1.083272 0.637752 1.032862 1.059631 0.282514 -0.215509 -0.046196 
5.901711 1.745550 -2.158242 -0.692986 3.808368 0.020570 0.866118 1.418102 1.347095 0.762093 -0.343883 -0.050517 
5.530879 1.409253 -1.868354 -0.250512 3.264248 0.966885 0.309475 1.730354 1.243511 0.511702 -0.240388 -0.087212 
4.285748 1.085808 -0.920166 0.573107 2.588818 1.158499 0.695205 1.285724 1.348180 0.181120 -0.263850 -0.082184 
3.611466 0.756085 -0.435178 0.734039 2.349536 1.663768 0.813834 1.473280 1.235888 0.263906 -0.277215 -0.072201 
5.538069 1.422366 -1.890426 -0.525739 3.900809 0.988876 0.551528 1.976232 1.379864 0.670643 -0.233581 -0.094183 
5.399603 1.243588 -1.731343 -0.350722 3.571805 0.993784 0.458703 1.912293 1.670613 0.613593 -0.145456 -0.081302 
5.168524 1.084585 -1.602755 -0.457844 3.431681 1.060339 0.795184 1.699474 2.002845 0.406942 -0.126566 -0.070839 
4.829604 0.995507 -1.558514 -0.005148 2.820534 1.377015 0.367871 1.633077 2.136163 0.308199 -0.092822 -0.092247 
5.074444 1.135869 -1.804366 -0.631346 3.234547 1.296383 0.436258 1.791884 2.135751 0.418727 -0.055806 -0.097736 
5.115475 0.849993 -1.666297 -0.219322 3.433498 0.922880 0.866603 1.607072 2.106975 0.506148 -0.171364 -0.081447 
4.979853 1.231027 -1.928563 0.179911 3.622922 0.795755 0.724492 1.732702 1.809336 0.655598 -0.210575 -0.092857 
