2.526939 1.967233 1.956753 1.493215 1.204088 1.242119 1.050542 0.636268 0.595039 0.330554 0.199743 0.080467 
2.576363 1.939444 1.867134 1.631568 1.315891 1.117104 0.930903 0.800083 0.533482 0.277509 0.199439 0.080376 
2.566797 1.816332 1.733269 1.617132 1.263496 1.185906 0.996881 0.754503 0.450570 0.272604 0.223939 0.081648 
2.702660 1.920522 1.666386 1.586333 1.236410 0.962663 0.894577 0.620644 0.430013 0.324177 0.228575 0.081637 
2.580789 1.930107 1.929829 1.603168 0.941029 0.936064 0.887729 0.690653 0.503250 0.317211 0.176212 0.080916 
2.626657 1.895867 1.857473 1.401801 1.018272 1.011832 1.067405 0.632989 0.551326 0.352573 0.220080 0.080224 
2.601263 1.818636 1.927149 1.739283 0.886469 0.897234 1.246222 0.705717 0.314226 0.264981 0.251591 0.078027 
2.627355 1.807298 2.042491 1.820650 0.938020 0.620253 0.916574 0.427131 0.327793 0.501585 0.383841 0.078793 
2.645019 2.032874 1.900269 1.512062 0.954143 0.876685 1.056086 0.520021 0.437966 0.308349 0.233796 0.078947 
2.683882 1.724286 1.821990 1.592602 0.953198 0.626609 0.755745 0.664205 0.612611 0.353069 0.233111 0.084357 
2.895010 1.892545 2.091668 1.883925 0.585167 0.592831 0.554626 0.429385 0.406552 0.313735 0.320788 0.089751 
2.739580 1.643028 1.792774 1.518327 0.549940 0.870468 0.960012 0.875243 0.617987 0.326428 0.313393 0.081165 
2.918125 1.394684 1.668435 1.274089 0.792241 1.369296 1.421383 0.894451 0.611161 0.369281 0.376511 0.080949 
2.892756 1.513678 1.203749 1.141953 1.266538 1.607275 1.696574 0.699074 0.161063 0.028602 0.402864 0.100039 
3.036703 1.642370 0.514998 0.883260 0.789644 1.289850 1.601815 0.225839 -0.405510 0.105435 0.519568 0.148346 
2.471993 1.721553 0.198384 1.572412 1.894412 2.081898 1.986793 0.441116 -0.259013 -0.276766 0.300855 0.148154 
2.613643 1.723097 -1.136856 1.965565 0.601033 3.136638 1.231696 0.883138 0.027641 -0.164511 0.119224 0.139025 
2.795494 2.076071 -1.343932 1.158454 1.432258 3.016709 1.071953 0.622464 0.388036 -0.145877 0.102317 0.084797 
2.773248 2.035692 -1.949704 0.809799 1.616941 3.376685 1.287950 1.275748 0.410318 -0.061263 0.042745 0.068908 
3.026481 1.950823 -2.011283 0.091742 1.362574 3.016561 1.659763 1.296823 0.902579 0.206703 0.229010 0.001279 
3.439937 1.795511 -2.614927 -0.263634 2.063934 2.442342 1.185024 1.793850 1.081661 0.387416 0.217493 -0.048715 
4.044056 1.954026 -2.127763 -0.095431 2.052698 1.845631 0.979602 1.374203 1.231197 0.580016 0.176232 -0.043710 
4.018847 2.255360 -2.664805 0.023705 2.671801 1.664698 1.062801 1.585280 1.479528 1.016464 0.218505 -0.074914 
3.450773 1.791621 -0.725148 0.158874 1.379595 1.316733 1.295390 1.111621 1.669054 0.862013 0.256495 -0.053585 
4.178613 2.809155 -1.426631 0.062107 2.045517 0.960079 1.088289 0.746408 2.118100 0.999666 0.441578 -0.077368 
4.419368 3.571053 -0.981325 -0.059210 2.040635 0.065915 0.818819 0.317242 1.776616 1.017291 0.328646 -0.035913 
4.117052 3.384433 0.158631 0.383826 1.516589 -0.233421 0.590647 0.236647 2.064635 1.140559 0.317628 -0.000126 
3.757085 2.870773 0.910300 0.861394 0.947978 -0.480579 0.187319 -0.285388 1.588355 1.220846 0.391088 0.086298 
3.996194 3.178768 1.053472 0.875906 1.135402 -0.847812 -0.178213 -0.482726 1.605755 1.154194 0.297600 0.075251 
4.395817 3.448861 1.350346 0.888994 1.034357 -1.060592 -0.740656 -0.528600 1.292824 1.073384 0.233798 0.069801 
4.556006 3.655825 0.943790 1.336862 0.977913 -1.310123 -0.605268 -1.050871 1.188947 1.158132 0.245870 0.064276 
5.576517 4.065821 0.437221 1.361778 1.705132 -1.970427 -0.357645 -1.153531 0.631311 0.851984 0.205451 0.083677 
4.693161 3.352619 1.693065 0.909812 0.065281 -0.692646 -0.835507 -0.418335 0.307930 0.559424 0.100799 0.044476 
4.843565 3.349646 1.784244 0.725723 0.046839 -0.879394 -0.868403 -0.450322 0.204692 0.384197 0.036113 0.023727 
5.870192 3.937275 1.416429 0.545649 0.027731 -0.547173 -0.828896 -0.550025 0.029937 0.242071 0.075513 0.011948 
5.563894 4.012279 1.530187 0.452584 0.042522 -0.705670 -0.510668 -0.559668 -0.200500 0.034047 -0.010959 0.008160 
5.551501 3.967310 1.355595 0.649166 0.977266 -1.100977 -0.638260 -0.795674 -0.380837 -0.003346 -0.070376 0.011025 
5.045137 3.940819 1.964412 1.255655 0.791662 -1.092841 -0.981010 -1.175315 -0.808667 0.246630 -0.143959 0.008956 
4.308237 3.208011 1.867416 1.015970 0.470915 -0.712261 -1.138904 -1.130338 -0.583593 -0.039684 -0.100624 0.000629 
5.345269 3.465701 2.223803 1.390399 1.424858 -1.233414 -1.955831 -1.337807 -0.795458 0.179694 -0.150956 -0.036489 
5.249899 3.509626 2.327045 1.822444 1.009031 -0.971640 -1.940570 -1.496606 -0.584964 0.170897 -0.167721 -0.039738 
4.174887 3.275368 2.346855 1.761776 0.950426 -0.399338 -1.400504 -1.288616 -0.539376 -0.023176 -0.190827 -0.027255 
3.951763 3.207568 2.368678 1.500770 0.714887 -0.342224 -0.874083 -0.987412 -0.471459 -0.149525 -0.139229 -0.010337 
3.839925 2.933215 2.240796 1.528444 0.798140 0.040025 -0.883634 -0.893657 -0.422980 -0.075602 -0.152321 -0.012546 
5.259925 3.808980 3.127502 1.968217 2.560718 -0.825376 -1.643903 -1.925814 -0.312710 0.555451 -0.262636 -0.061148 
3.916280 3.299853 2.658512 1.933117 1.354708 -0.014148 -0.731661 -1.025592 -0.380830 -0.025171 -0.144295 -0.008841 
3.761604 3.068730 2.697427 2.171419 1.409844 -0.043867 -0.817598 -0.904192 -0.331050 0.031736 -0.198518 -0.018928 
3.471445 2.788515 2.294792 1.550908 0.953394 0.064825 -0.391947 -0.514722 -0.425425 -0.072256 -0.153608 0.000287 
4.360107 3.406962 3.015438 2.641661 2.253523 -0.490180 -0.991584 -1.020173 -0.161319 0.179493 -0.323808 -0.053066 
4.845406 3.433561 3.533550 2.743476 2.907436 -0.800698 -1.369676 -0.957178 -0.124661 0.409392 -0.416728 -0.088000 
3.571378 2.956649 2.765102 2.415361 1.815776 0.316943 -0.306966 -0.321263 -0.176785 -0.071952 -0.225796 -0.033211 
3.942816 3.196006 2.892044 2.800565 1.937387 -0.195102 -0.623736 -0.438705 0.009322 0.068783 -0.291963 -0.036885 
4.426884 3.204839 2.717092 3.041778 2.153320 -0.143935 -0.902634 -0.583346 0.092739 0.193166 -0.310273 -0.068616 
4.790996 3.134493 3.291270 3.772861 2.662482 -0.694024 -1.109324 -0.805298 0.131492 0.309460 -0.455012 -0.110844 
3.852390 2.932275 2.512342 2.433614 2.025829 0.385379 -0.866402 -0.657398 0.033839 0.108310 -0.284679 -0.058889 
3.701657 3.014819 2.512763 2.208500 1.531474 0.163847 -0.454386 -0.368403 -0.112691 -0.083588 -0.215418 -0.027351 
5.184064 3.892248 2.919435 2.642769 2.579524 -0.461693 -1.217671 -1.642863 0.099241 0.309719 -0.242504 -0.072977 
5.290596 3.828771 2.810692 2.173352 2.493844 -0.372365 -1.281465 -1.338838 -0.009935 0.254823 -0.168329 -0.054381 
4.090105 3.491087 2.890286 2.148929 1.537015 0.073815 -0.779113 -0.819873 -0.301451 -0.018149 -0.135184 -0.008335 
3.668273 3.056150 2.698090 2.060850 1.117152 0.089552 -0.572982 -0.654674 -0.243120 -0.117037 -0.101909 -0.001026 
3.993653 3.482189 3.093545 2.099093 1.123777 -0.247239 -0.763728 -0.432611 -0.280646 -0.002459 -0.107615 0.011179 
4.643812 3.964773 2.933598 1.879394 1.353707 -0.437089 -0.839150 -0.645073 0.029222 0.029087 -0.080400 0.012411 
3.531697 2.906554 2.359868 1.595269 0.733158 0.321444 -0.155993 -0.244701 -0.048073 -0.112723 -0.022584 0.014572 
4.126494 3.948683 3.172277 1.859036 1.168650 -1.125438 -0.751650 -0.307342 0.135821 0.393434 -0.117370 0.069453 
3.663427 3.371605 2.631399 1.413117 0.797892 -0.593661 -0.286229 -0.147846 -0.083119 0.357747 0.085564 0.080169 
4.645884 3.972507 2.399577 0.967036 1.910287 -1.230410 -0.812137 -0.468704 -0.191890 1.016431 0.046770 0.115651 
3.446665 2.754099 2.026768 0.983258 0.515071 -0.406534 -0.337886 -0.158755 0.058322 0.533480 0.254714 0.115895 
4.829598 3.443697 1.870303 0.983266 1.501560 -0.814518 -0.683407 -0.885106 0.034755 1.168129 0.281208 0.136583 
3.910102 2.866659 1.777952 1.156381 0.880053 0.095480 -0.554175 -0.467865 0.293306 0.702221 0.431557 0.144107 
4.686861 3.215944 1.506606 1.337846 1.008074 -0.135837 -0.258070 -0.481303 0.376771 0.815962 0.472218 0.160439 
3.796078 2.970554 1.991866 0.967844 0.671123 0.090225 -0.149522 -0.251089 0.319466 0.679268 0.380767 0.141390 
4.333098 2.986325 2.010488 0.911301 1.088449 0.061575 -0.060805 0.000723 0.309195 0.728137 0.460654 0.158940 
3.506020 2.753599 2.047986 1.132677 1.008682 0.248340 0.289848 0.405211 0.254452 0.652502 0.549305 0.143111 
2.959805 2.401468 1.888921 1.512211 1.378580 0.796795 0.507210 0.456067 0.617330 0.582572 0.363848 0.087725 
3.023090 2.222501 1.905138 1.454958 1.369159 1.048781 0.641922 0.657278 0.727795 0.647955 0.473320 0.095399 
3.145282 2.482980 2.123241 1.551193 1.193374 0.866846 0.782405 0.531119 0.501432 0.569763 0.399558 0.098083 
3.186513 2.597640 2.040421 1.639907 1.364173 0.924751 0.933346 0.731330 0.727356 0.681516 0.381165 0.101669 
2.813283 2.262251 1.831493 1.509959 1.084947 0.909213 1.032029 0.588489 0.446295 0.459926 0.309002 0.079539 
3.062774 2.254064 1.708538 1.570617 1.214850 0.945745 1.003291 0.847393 0.641050 0.644404 0.423555 0.094907 
3.138509 2.235828 1.820670 1.614469 1.170406 0.743492 0.567648 0.840954 0.803298 0.742344 0.473579 0.105024 
3.003810 2.076506 1.906184 1.716627 1.088359 0.493438 0.753984 0.873708 0.595216 0.525513 0.428101 0.097533 
2.965956 2.133200 2.175097 2.060025 1.334410 0.843730 0.719345 0.598472 0.427995 0.436946 0.306240 0.076772 
2.976058 2.212316 1.870153 1.567113 1.092759 0.821636 0.796410 0.674489 0.589290 0.590471 0.492284 0.096592 
3.010053 2.176050 1.949064 1.965052 1.483051 1.278774 0.744815 0.472625 0.548298 0.512363 0.321044 0.080597 
3.027844 2.227855 2.125442 1.777251 1.289153 1.237132 1.128135 0.944388 0.626930 0.451364 0.354079 0.086755 
