3.225418 1.810342 1.176480 0.721847 1.311860 2.207135 1.791616 0.408583 -0.017502 -0.248990 -0.284712 0.065062 
3.865551 1.947111 1.997255 0.570412 0.496150 2.129030 3.110761 0.497064 -0.009055 -0.462581 -0.260529 0.013179 
3.616732 1.963811 1.415921 0.832461 0.445322 2.182330 2.679171 0.493323 -0.062191 -0.379680 -0.325008 0.008167 
3.679465 2.087127 0.574767 1.272238 0.422998 2.379661 2.686182 0.706570 0.189097 -0.345465 -0.213357 0.011487 
1.878618 2.484019 -0.252616 1.687733 0.696552 1.695247 2.176254 0.158673 0.651335 -0.489079 -0.101847 0.068760 
1.924031 3.474978 -1.125121 1.439423 1.056898 1.259241 2.376567 -0.026334 1.442128 -0.428924 0.217641 -0.021846 
1.793590 3.686174 -1.651770 -0.021127 1.490000 1.685043 3.236692 0.090480 1.075430 -0.565138 0.277773 0.029174 
1.634226 2.749396 -1.187989 0.623265 1.274564 1.449091 3.208923 0.037144 1.280206 -0.456563 0.096097 0.041802 
1.504657 2.884589 -1.418104 -0.059444 2.024979 1.960360 3.150477 0.216256 1.140069 -0.347320 0.120480 0.065757 
1.449240 2.731327 -1.996547 -0.200176 2.129025 2.193428 3.137328 0.337921 1.043282 -0.125887 0.006105 0.077560 
1.742372 2.692962 -1.671899 -0.225353 2.903812 1.853376 3.476517 0.653170 1.013115 0.142299 -0.010809 0.081260 
2.375241 2.876475 -1.241133 -0.456957 2.581154 1.121456 3.121768 1.181650 0.913837 0.067987 -0.066183 0.035210 
2.785279 3.509932 -1.779841 -1.118981 2.783610 0.908251 3.439740 1.389095 0.902047 0.339390 -0.045686 0.037399 
3.022390 2.447723 -0.523612 -0.930062 2.316965 0.985824 2.957976 1.177490 0.863171 0.613574 -0.036319 0.012280 
3.789982 2.657196 -1.018781 -0.880500 2.529072 0.751131 2.711989 1.472214 0.553383 0.876803 -0.031533 0.046299 
3.799551 2.733371 -0.249212 -0.960480 2.343210 0.651009 1.972657 1.056175 0.746134 1.227700 0.140203 0.034949 
3.655550 2.443786 0.391438 -0.177770 1.604785 0.485474 1.058558 0.682753 0.993902 1.238842 0.311527 0.020243 
3.820368 2.732610 0.562137 0.279897 0.992617 0.376136 0.457654 0.209340 0.931650 1.183809 0.516088 0.074056 
4.462380 3.361324 0.513442 -0.165322 1.451299 -0.102223 -0.113586 0.000946 0.691138 1.112437 0.500136 0.103170 
3.963258 2.616087 1.270526 0.495228 0.562247 -0.614063 -0.221407 0.209046 0.708163 0.769806 0.492476 0.100174 
4.073135 2.792666 1.349088 0.770832 0.361638 -0.746547 -0.692377 -0.073869 0.644928 0.821609 0.368355 0.086686 
4.613094 3.094238 1.220059 0.490935 0.383376 -1.059953 -0.939275 -0.480831 0.686536 0.491553 0.253195 0.059009 
5.004528 3.457807 0.873629 0.463809 0.778851 -1.020816 -1.280602 -0.346103 0.204426 0.324942 0.120170 0.019664 
4.622058 2.986664 1.514066 0.435158 0.637386 -0.652132 -1.064002 -0.566719 -0.020342 0.040704 0.042559 0.001640 
5.239814 3.518648 1.205274 0.324607 1.315927 -0.646687 -1.389602 -0.295773 -0.202868 0.058931 -0.024186 -0.038210 
5.225140 3.297574 1.184814 0.255921 0.812939 -0.110552 -1.033890 -0.430819 -0.522883 -0.361004 -0.094370 -0.040406 
5.309383 3.443393 0.749275 0.242511 0.873486 -0.013376 -0.871840 -0.590246 -0.758344 -0.726057 -0.174207 -0.045583 
5.688407 2.920601 0.486406 0.643214 1.034977 -0.376389 -1.167824 -0.241846 -0.998954 -1.127374 -0.387285 -0.041577 
4.946375 2.761517 0.875998 0.484741 0.557075 -0.370586 -0.959768 -0.633828 -0.885071 -1.196407 -0.186082 -0.027883 
6.259378 2.438973 0.425050 0.708592 1.768252 -1.003076 -1.181158 -0.328977 -0.798080 -1.339031 -0.600847 -0.027990 
5.573568 2.348168 0.305719 0.509062 2.253502 -0.886035 -1.812447 -0.389569 -0.969238 -0.999837 -0.423613 -0.057195 
5.831197 2.231294 0.059363 0.315773 3.499979 -1.647774 -1.606447 -0.391238 -1.167470 -0.614705 -0.622358 -0.054784 
4.699761 2.088197 0.507748 0.744725 2.474421 -1.182426 -1.554697 -0.501970 -1.033923 -0.703178 -0.334352 -0.067720 
3.986636 2.443288 0.209848 1.048105 2.050541 -1.348890 -1.262149 -0.750621 -0.660021 -0.432471 -0.383239 -0.095496 
5.075872 2.499803 0.305207 0.106197 4.246517 -1.647483 -1.942071 -0.219301 -1.480962 -0.603364 -0.597068 -0.103066 
5.119128 2.442002 0.902012 -0.786891 4.909563 -2.038874 -1.889648 -0.218181 -1.649383 -0.586961 -0.666296 -0.118908 
4.175821 2.300467 0.873895 0.247301 3.239113 -1.528610 -1.587394 0.030291 -1.450981 -0.481854 -0.389743 -0.108411 
3.493460 2.312412 1.024103 0.440111 2.083331 -1.306712 -1.346787 -0.239200 -1.232931 -0.346709 -0.348801 -0.103615 
3.467420 1.966431 1.408768 0.863212 1.764942 -1.348930 -1.580640 -0.179773 -0.890808 -0.290690 -0.400445 -0.109797 
4.333826 2.227411 1.080115 0.884185 3.532439 -1.634768 -1.775041 0.004526 -1.180398 -0.312642 -0.467831 -0.110446 
4.187502 2.240557 1.311805 1.305426 3.343493 -1.862241 -1.788922 -0.072553 -1.000315 -0.194811 -0.497111 -0.102779 
4.036273 2.173261 1.536097 1.564359 2.726241 -1.354884 -1.814917 -0.137745 -0.648957 -0.364273 -0.398661 -0.101638 
3.398867 2.147759 1.679092 1.151481 1.382634 -0.762084 -1.404129 -0.346639 -0.456235 -0.230109 -0.396815 -0.081949 
4.169870 2.482364 1.649076 1.610612 3.215377 -1.604992 -2.518959 -0.238882 -0.856854 0.034251 -0.435067 -0.145956 
4.337435 2.617729 1.563098 1.586674 3.486054 -1.550530 -2.173826 -0.241420 -0.758949 -0.211366 -0.417710 -0.122593 
4.621797 2.819723 1.356550 1.200898 3.466022 -1.531757 -2.087294 -0.434089 -0.736605 -0.039124 -0.399892 -0.120825 
4.474242 2.832354 1.784282 0.794889 2.731418 -1.171940 -2.027908 -0.315419 -0.889518 0.011270 -0.238882 -0.109502 
5.297374 3.198757 1.036841 0.225331 3.724360 -1.470996 -1.893570 -0.211350 -1.026164 -0.006562 -0.348737 -0.098757 
4.198790 3.000531 1.704151 0.927626 1.935071 -0.702067 -1.631105 -0.756533 -0.653265 -0.007188 -0.195709 -0.076598 
5.652538 3.504971 0.899961 -0.400196 4.098054 -1.555712 -1.786882 -0.090057 -1.054263 0.075541 -0.411229 -0.117680 
5.158913 3.250978 1.081619 0.281297 2.993820 -1.039170 -1.701457 -0.192187 -0.754354 0.079238 -0.133465 -0.051566 
5.334084 2.965916 0.971942 0.094025 3.218507 -1.238334 -1.693144 -0.363119 -0.274476 0.149384 -0.121822 -0.046466 
4.818686 2.554804 1.216915 0.753597 1.735149 -0.681888 -1.569412 -0.036980 -0.387617 0.142857 0.003131 -0.004505 
6.267540 2.811941 0.087021 -0.147582 3.736316 -1.020992 -1.607784 -0.380234 -0.372017 0.439141 -0.157946 -0.038259 
5.650047 2.800521 -0.164191 0.386846 2.852621 -0.802709 -1.455815 -0.888566 0.031813 0.186572 -0.001119 -0.007546 
5.961915 2.751819 -0.756488 0.230028 3.164087 -0.384940 -1.142564 -1.024303 -0.220520 0.214499 0.081927 0.046040 
5.058560 2.320606 0.088698 0.739320 1.986650 -0.014511 -0.775470 -0.836673 -0.303896 0.051089 0.262417 0.092348 
5.828996 2.709683 -0.860149 -0.011801 3.364322 -0.337750 -0.606607 -0.736834 -0.371592 0.267958 0.157080 0.135222 
5.297058 2.626091 -0.418335 -0.155874 2.555046 0.263329 -0.186426 -0.305842 -0.442997 0.258295 0.314722 0.151468 
5.087741 2.420782 0.230171 -0.162870 2.459998 0.221191 0.325029 -0.143615 -0.119965 0.281578 0.408592 0.183390 
3.849793 1.893564 0.656074 0.626130 1.048659 0.529320 0.485316 0.083770 0.309380 0.382263 0.549025 0.136545 
4.410161 2.855070 0.698743 0.312885 1.674719 1.183488 1.115372 -0.055560 0.183298 0.559679 0.488200 0.156987 
4.024954 2.851011 1.333353 0.226375 1.549146 1.820190 1.213321 0.002711 -0.008082 0.393977 0.375433 0.139728 
4.513915 2.888926 1.095247 -0.071921 2.554759 1.328405 1.451062 0.141211 0.342628 0.334130 0.348039 0.138481 
3.594914 2.405553 1.354086 0.998263 1.612470 1.371154 1.276780 0.693140 0.258259 0.276637 0.268894 0.066733 
3.683940 2.825022 1.375632 0.860215 1.059401 1.401947 1.602278 0.430761 0.170255 0.245924 0.326525 0.088296 
3.861914 2.617253 1.245857 1.124865 1.664116 1.154410 1.195972 0.664170 0.241247 0.224586 0.364377 0.101476 
4.182885 2.498988 1.367857 1.387666 1.786459 1.124009 1.073922 0.125846 0.043908 0.187489 0.374650 0.116640 
3.526822 2.431999 1.510389 1.465831 1.416438 1.032378 0.748304 0.444580 0.367199 0.191772 0.400610 0.089444 
3.567871 2.503100 1.444980 1.042932 1.256132 1.007126 0.543838 0.439638 0.206487 0.207212 0.391877 0.099540 
4.080903 2.648949 1.302370 1.413747 1.583777 1.035653 1.115328 0.525973 0.063529 -0.062950 0.252801 0.094305 
3.624668 2.537837 1.372541 1.371839 1.161328 1.144254 0.582191 0.519566 0.562484 0.070014 0.224406 0.063986 
3.501004 2.177018 1.426305 1.358514 1.315752 1.195632 0.425191 0.343324 0.445569 0.104491 0.278258 0.082446 
4.423352 2.419716 1.159957 0.927627 2.387634 1.463619 0.314735 0.764342 1.191683 -0.479938 0.369934 0.113019 
3.386560 2.297273 1.716498 1.334791 1.716122 1.533224 0.855697 0.712646 0.590990 0.067511 0.307203 0.078626 
3.295871 2.135821 1.330825 1.167103 1.563967 1.762161 1.029068 0.889786 0.826617 0.384023 0.277201 0.075926 
3.212197 2.044895 1.474146 1.495736 1.993584 1.904064 1.126331 1.055309 0.710040 0.034859 0.264904 0.083570 
3.889725 2.215443 1.200168 1.309115 2.145733 1.168184 0.821271 0.924419 0.935654 0.020507 0.181895 0.066195 
3.434439 2.249578 1.347087 1.482588 1.759600 1.447762 1.207345 1.124174 0.875452 0.307801 0.081464 0.054446 
3.126814 2.159142 1.658148 1.539481 1.441899 1.385631 1.074445 0.915733 0.517878 0.136157 0.085791 0.063889 
3.044574 2.381529 1.815848 1.425520 1.039783 1.086936 1.054586 0.744031 0.743850 0.283517 0.141537 0.066238 
3.351960 2.616475 1.409301 1.238364 1.258210 0.902932 1.370474 0.881959 0.528517 0.324882 0.409257 0.100665 
3.078979 2.498989 1.670491 1.297625 1.045356 0.886792 1.278427 0.565481 0.540691 0.513583 0.549635 0.107403 
2.946482 2.137451 1.337997 1.136157 1.072916 1.226554 1.120630 0.813757 0.842604 0.285383 0.242933 0.070890 
3.199405 2.098901 1.240563 1.023235 1.127680 1.354990 1.063001 0.710618 0.450053 0.127061 0.145424 0.074204 
