1.598260 -0.044447 3.683701 3.012956 0.241750 -0.137655 2.338851 0.648692 0.429926 0.601790 0.472493 0.031934 
1.331238 0.351834 3.337353 2.874177 -0.077312 -0.450218 3.086048 0.245668 0.310755 0.499270 0.474285 0.029618 
1.444758 0.587640 3.605396 2.517954 -0.016691 -0.131410 2.816385 0.557693 0.019313 0.477705 0.486115 0.028084 
1.194702 0.035347 3.209246 3.019000 0.674323 -0.826901 3.405922 0.468975 -0.043858 0.674111 0.404907 0.046196 
1.223081 0.783778 2.910220 2.806939 0.535333 -0.876733 3.239037 0.529443 -0.141367 0.591292 0.533723 0.032244 
1.053787 0.265661 3.381883 2.835421 0.938855 -1.061931 2.490976 0.834563 0.200761 0.741554 0.515686 0.016183 
0.976614 -0.146181 3.865878 2.820364 1.233616 -1.551728 2.139002 1.226871 0.585173 0.616016 0.456033 0.056946 
0.413096 -0.534824 3.364333 3.160121 1.368200 -1.521630 1.868264 1.511832 1.096388 0.275011 0.431603 0.029219 
0.554771 -0.282535 3.561824 3.222457 1.293782 -1.269929 1.471596 1.505681 1.131894 0.273223 0.469557 0.020203 
0.381915 -0.132228 3.307745 3.621215 1.077113 -1.098615 1.219003 1.488599 0.683260 0.403676 0.470498 -0.028489 
0.129896 -0.103545 3.077819 3.460178 1.010885 -0.731499 1.535051 1.209196 1.001025 0.188725 0.615709 -0.067359 
-0.345978 -0.162745 3.067388 3.422741 1.350281 -0.550812 1.573139 1.139708 0.734803 0.265011 0.600158 -0.093223 
-0.189828 -0.189932 3.007812 3.364766 1.165930 -0.607470 1.747080 1.107733 0.517830 0.256508 0.566145 -0.036582 
-0.485535 -0.145587 3.542879 3.456259 1.071400 -0.661514 2.102262 1.432988 0.493713 -0.028220 0.707805 -0.005475 
-0.435683 -0.051213 3.742697 3.038544 0.943012 -0.881045 1.685182 1.542264 0.202625 0.067512 0.682291 -0.005938 
-0.728057 -0.193265 3.796720 3.023665 1.163399 -0.892578 2.116800 1.097013 0.412272 -0.065819 0.756929 -0.017986 
-0.451520 0.127492 3.658796 2.529061 1.456536 -0.831680 2.424415 1.049756 0.378703 0.042331 0.760643 -0.017410 
-0.727822 0.135003 3.889434 3.063135 1.581034 -1.063705 2.189946 0.954918 0.456313 -0.015649 0.695479 -0.013325 
-0.446576 0.617250 3.704946 3.265407 1.535169 -1.218178 2.575690 0.601419 0.331752 0.177030 0.589593 0.005261 
-0.618940 0.313320 3.669922 3.446567 1.653214 -1.261997 2.127867 0.713502 0.529033 0.112049 0.454544 0.033476 
-0.571601 0.612391 3.658426 3.395021 1.836769 -1.739477 2.646031 0.525281 0.437632 0.227449 0.365941 0.071347 
-0.817021 0.134684 3.422143 2.950450 2.073584 -1.534303 2.837374 0.525130 0.494775 0.246360 0.434649 0.061641 
-0.591082 0.517961 3.540426 3.076155 1.366830 -1.552540 2.808942 0.515875 0.455779 0.323216 0.406157 0.048080 
-0.919291 0.445346 3.538341 3.328829 1.567828 -1.151133 2.969914 0.443656 0.127531 0.429170 0.482394 0.018611 
-0.454989 0.807463 3.642115 3.348255 0.699446 -0.562711 2.702947 0.699397 -0.007101 0.498489 0.510930 -0.002404 
-0.206037 0.826316 3.840215 3.803327 1.272077 -0.232542 2.664477 0.624455 -0.269731 0.695606 0.398694 0.005039 
1.501839 0.899160 2.542845 2.525006 0.248943 -0.491588 2.997491 -0.180962 -0.587621 0.298613 0.234809 0.060975 
3.359843 0.948406 0.962705 1.652320 0.447614 -0.247440 2.634202 -0.407302 -0.530645 -0.345095 0.164652 0.091226 
3.587009 1.328514 0.515860 1.128528 0.852103 0.606026 0.752237 0.265460 -0.266072 -0.507503 0.020648 0.083065 
4.130674 1.620954 0.220660 0.338852 1.362026 0.608157 0.075881 0.349817 -0.071279 -0.684738 -0.008030 0.054629 
4.810932 1.865482 -0.439015 0.561373 1.022234 0.406674 0.121541 0.232434 0.154816 -0.801535 -0.019666 0.077041 
5.516674 1.829184 -0.389506 -0.232185 1.661864 -0.059060 -0.236849 0.455210 0.193027 -0.737099 -0.127996 0.092311 
5.028429 1.892488 -0.542514 -0.119793 1.044632 0.349654 -0.270536 0.299339 0.164502 -0.750850 -0.006738 0.092203 
4.764721 1.953867 -0.602495 -0.477436 1.109056 0.260587 -0.181012 0.337689 0.039548 -0.594184 0.044199 0.090928 
5.013725 1.910621 -0.784534 -0.545670 1.166428 0.330968 -0.447151 0.235399 0.300779 -0.590052 0.045811 0.089387 
4.962229 1.892715 -0.703110 -0.437390 0.981517 0.385161 -0.448530 0.149323 0.216551 -0.527509 0.054517 0.087776 
5.949196 1.948728 -0.750076 -0.529393 1.651916 0.188625 -0.853800 0.333155 0.148836 -0.390072 -0.055741 0.079849 
5.960418 1.832628 -0.546199 -0.504163 1.361047 0.398020 -0.700922 0.077143 0.113617 -0.455149 -0.030136 0.093109 
4.501543 2.025294 -0.137711 -0.569616 0.380768 0.553130 -0.049182 -0.229900 -0.168206 -0.274089 0.170560 0.107212 
5.057817 2.316766 -0.285130 -0.957394 0.578781 0.813439 -0.215254 0.122094 -0.238730 -0.472783 0.126539 0.108576 
4.495751 2.072891 -0.153238 -0.407445 0.441460 0.221869 0.117190 0.178254 -0.380353 -0.490004 0.116240 0.121831 
5.076125 2.318405 -0.021243 -0.701685 0.072392 0.419209 -0.001658 0.306579 -0.273370 -0.436484 0.136558 0.134693 
4.388504 2.117327 0.101995 -0.734188 -0.231050 0.231989 0.208474 0.141594 -0.098201 -0.214685 0.162572 0.111819 
5.555273 2.493740 -0.247162 -1.036626 0.075840 -0.048663 0.089720 0.396828 -0.138463 -0.091108 0.118992 0.104019 
4.367478 2.416216 0.047203 -0.976619 -0.398388 -0.029552 0.414181 0.345309 -0.254506 -0.213530 0.160516 0.099570 
4.910771 2.249817 -0.589743 -1.115892 0.098665 0.039308 -0.124487 0.387780 0.005585 -0.331117 0.064677 0.064117 
5.836758 2.227645 -1.171731 -1.022712 0.169684 0.081626 -0.587639 0.340657 0.416403 -0.278704 -0.036549 0.028517 
6.168196 2.077061 -1.551393 -1.301138 0.883569 -0.371167 -0.580999 0.430577 0.630141 -0.119802 -0.114793 -0.000214 
5.966616 1.999059 -1.665082 -1.255061 0.702888 -0.265442 -0.808276 0.645624 0.623010 0.014733 -0.060051 -0.007236 
5.626842 1.938849 -1.540947 -1.276112 0.603651 -0.071590 -0.535388 0.547123 0.934020 -0.148551 0.027644 0.010079 
6.095972 1.756963 -1.855182 -1.142765 0.947033 0.137890 -0.707870 0.712398 0.917825 0.027811 -0.050408 0.001573 
6.063736 1.682656 -1.970970 -1.070881 1.116569 0.276163 -0.558564 0.574213 0.929177 0.001526 -0.033748 0.013138 
5.946326 1.755303 -2.197395 -1.124426 1.815116 -0.034225 -0.020618 0.344111 0.998423 0.015971 -0.045143 0.027160 
5.763272 1.509340 -2.008397 -0.933603 1.655612 0.535851 -0.331667 0.463757 1.029372 -0.097536 -0.025395 0.029398 
5.006475 1.506448 -1.943021 -0.809364 1.692200 0.744752 -0.385915 0.661733 0.877508 -0.254848 0.000114 0.016350 
4.889014 1.371284 -1.771175 -0.519352 1.927714 1.012279 -0.249582 0.476831 0.917209 -0.287485 -0.053464 -0.004274 
4.934708 1.272725 -1.543657 -0.332618 2.373762 1.065592 -0.336522 0.606024 0.720843 -0.233030 -0.179760 -0.032029 
4.939102 1.455780 -1.605246 -0.125148 2.519538 1.070887 -0.145068 0.406270 1.008690 -0.267536 -0.146769 -0.036950 
4.554214 1.264200 -1.399025 0.038451 1.926991 1.174771 -0.265526 0.552662 0.827444 -0.104303 -0.039814 -0.002860 
4.639666 1.354352 -1.147874 -0.179699 1.744720 1.124075 -0.401572 0.467487 1.048486 0.166660 0.148750 0.009383 
4.680118 1.591734 -1.005101 -0.226086 1.686152 0.748146 -0.198882 0.506556 1.224301 0.173806 0.143648 0.006427 
4.354587 1.770933 -0.482796 -0.223573 1.300982 0.629894 0.051659 0.577688 0.873966 0.284522 0.181258 0.034943 
3.889564 1.827326 -0.000235 0.201824 0.975240 0.830042 0.203301 0.208768 0.571854 0.458717 0.268713 0.077376 
3.929846 1.794681 0.310776 0.388098 1.423780 0.964628 0.015841 0.342514 0.607046 0.342425 0.226227 0.066614 
3.871109 2.031777 0.495129 0.418198 1.228957 1.231743 0.628180 0.689113 0.671783 0.200643 0.276403 0.080271 
3.318900 1.865409 0.901430 1.102083 1.473390 1.297547 1.105229 1.021881 0.417301 0.059867 0.076256 0.058755 
3.282154 2.084426 1.190212 1.047488 1.512050 1.488301 1.200972 0.996841 0.368965 0.085478 0.056198 0.052889 
3.588718 2.500439 1.310161 0.692771 0.947432 1.411102 1.506882 1.168576 0.257758 -0.171449 0.102110 0.046811 
3.783854 2.732274 1.296312 0.546104 0.876384 1.427469 1.614321 1.221519 0.245310 -0.089387 0.032286 0.033010 
3.511380 2.347938 1.193759 0.871039 1.091266 1.305584 1.379479 1.029536 0.235258 -0.153591 -0.013680 0.041030 
3.588758 2.324079 1.133017 0.847688 1.161965 1.250552 1.045936 0.793178 0.376391 -0.019050 -0.056077 0.033972 
3.440809 2.269394 1.153460 0.930274 1.347319 1.350245 0.942772 0.711192 0.479507 0.075750 -0.084080 0.033545 
3.514849 2.365423 1.171151 0.837252 1.095726 1.103856 0.864883 0.693817 0.384394 0.023014 -0.012820 0.043204 
3.475867 2.450107 1.413068 0.948942 0.924742 0.839237 0.923756 0.790218 0.335362 -0.096596 0.015948 0.043290 
3.545752 2.567918 1.569176 0.880527 0.688679 0.724537 0.806317 0.671337 0.266544 0.044807 0.065293 0.050818 
3.605850 2.677824 1.458860 0.735454 0.826884 0.817649 0.521473 0.181948 0.206609 0.156984 0.138397 0.074392 
3.618048 2.619708 1.474750 0.842834 0.785132 0.618753 0.401218 0.177077 0.187725 0.178193 0.144584 0.076940 
3.775294 2.531484 1.434584 0.911190 0.625005 0.349541 0.251962 0.380691 0.188197 0.032136 0.122432 0.074070 
4.196195 2.596858 1.040649 0.866955 0.811317 0.256056 -0.106370 0.034552 0.390063 0.057550 0.039269 0.049215 
4.842484 2.579883 0.500234 0.777725 1.517479 0.401629 -0.855824 -0.242483 0.677242 0.099091 0.004430 -0.010421 
4.918099 2.377593 0.554435 1.093739 1.736091 0.118767 -1.386663 -0.350826 0.800222 0.216531 0.008310 -0.014813 
5.363859 2.348801 0.393239 1.333182 1.954864 -0.225232 -1.721745 -0.409024 0.865998 0.251629 0.025754 -0.000290 
5.932785 2.825299 -0.267531 0.800742 2.221824 0.128847 -1.900371 -0.422204 1.059335 0.120884 0.065533 -0.013475 
4.532780 2.272291 0.593832 0.938989 1.160309 -0.646213 -1.758042 -0.443282 0.773911 0.338047 0.155487 0.053807 
4.016549 2.029469 0.923575 1.235168 0.736826 -1.057705 -1.794402 -0.413105 0.780248 0.416115 0.117386 0.081918 
