2.547332 1.995824 1.733466 1.542664 1.348301 1.155550 0.960093 0.768168 0.571278 0.395923 0.226638 0.080168 
2.548752 1.995810 1.733484 1.546089 1.344540 1.155564 0.960092 0.764759 0.574184 0.393703 0.226657 0.080170 
2.548729 1.993587 1.739273 1.542648 1.344512 1.155548 0.960088 0.768140 0.571285 0.393676 0.230889 0.080162 
2.540437 1.997708 1.747999 1.539534 1.344421 1.155285 0.963886 0.747574 0.565195 0.391485 0.228237 0.080155 
2.542941 2.011544 1.755997 1.504132 1.322332 1.239482 0.943487 0.782609 0.598112 0.392840 0.226844 0.080247 
2.542134 1.943045 1.762849 1.655955 1.302245 1.103511 1.019891 0.739901 0.576771 0.419359 0.267416 0.079868 
2.536489 1.853915 1.878592 1.672490 1.219270 1.098028 1.089585 0.792622 0.491101 0.405308 0.289849 0.079186 
2.528815 1.813516 1.887072 1.643012 1.234458 1.024940 1.015135 0.927248 0.465677 0.333398 0.355949 0.080030 
2.451600 1.761333 2.010029 1.667027 1.148921 1.117535 1.267570 0.859177 0.302233 0.419512 0.384838 0.073944 
2.391703 1.789038 2.128346 1.556560 1.102482 1.119891 1.173401 0.788789 0.366773 0.414141 0.361186 0.072908 
2.424742 1.644800 2.060120 2.022157 0.783835 0.977878 1.502197 0.899252 0.185741 0.341636 0.369542 0.071089 
2.472288 1.446829 2.159751 2.155233 0.825682 0.688660 1.430908 1.038312 0.270690 0.198950 0.410542 0.082118 
2.219886 1.445966 2.543362 2.079327 0.412375 0.939548 1.422356 0.940137 0.157352 0.246395 0.518224 0.058812 
2.024767 1.392672 2.478289 2.232226 -0.060923 1.070610 1.203421 1.040644 0.233333 0.234933 0.492481 0.063568 
2.120815 1.214539 2.468767 2.492713 0.013020 1.042465 1.465057 0.931370 0.273454 0.164902 0.652966 0.056815 
1.827686 1.433966 2.493201 2.591733 -0.017841 1.273774 1.370333 1.017344 0.234346 0.183301 0.564772 0.050357 
1.411159 1.888563 2.233459 2.740983 -0.406823 1.385087 1.578801 0.962643 0.117750 0.179610 0.723074 -0.009456 
1.699522 1.809512 2.016627 2.741674 -0.291762 1.517577 1.238701 0.880612 0.286832 0.129132 0.728730 0.016203 
1.761339 1.908077 1.557803 3.054030 -0.462316 1.657720 1.235173 1.132902 0.203287 0.086972 0.880979 0.008489 
1.567965 2.095599 1.669371 2.935626 -0.591594 1.512369 1.355765 1.087376 0.176944 0.016009 0.999320 -0.036435 
1.411840 2.276791 1.971113 2.927250 -0.620637 1.351559 1.775290 0.809947 0.166894 -0.131770 0.940204 -0.066367 
1.466887 2.097995 1.730135 2.977210 -0.432358 1.303820 1.642106 0.849468 0.251818 -0.303582 0.959649 -0.045475 
1.544857 2.014342 1.725583 3.070445 -0.213343 1.282144 1.559432 0.670094 0.715177 -0.299157 0.844608 -0.022857 
1.689831 2.061911 1.435128 2.921793 -0.109431 1.381053 1.478035 0.944890 0.637503 -0.299457 0.857028 -0.009316 
1.687055 2.168926 1.691301 2.556940 0.145646 1.145819 1.451129 0.842858 0.431462 -0.232334 0.922629 -0.019489 
1.630179 2.111139 1.759512 2.477741 0.360760 0.922963 1.773721 0.911037 0.482498 -0.248143 0.871500 -0.010622 
1.792335 2.061840 1.992890 2.086369 0.518032 0.835014 1.673591 0.922034 0.522504 -0.118500 0.792551 0.013678 
2.145603 1.872354 1.926601 2.226876 1.239239 0.489636 1.992254 0.824758 0.548955 0.036749 0.656411 0.062815 
2.584223 1.869663 2.458989 1.960313 1.349861 0.817295 1.775992 0.580421 0.585613 0.107826 0.290007 0.082321 
3.048505 2.237904 1.898768 1.417117 1.426213 1.061533 1.091055 0.927516 0.311965 0.109133 0.209514 0.072266 
3.358652 2.157786 1.224222 1.079131 1.389655 1.258995 0.927620 0.701088 0.520795 0.197231 0.039405 0.052910 
4.291650 2.326023 0.801747 0.622440 1.428996 0.795091 0.269969 0.530699 0.748726 0.252801 0.114125 0.033995 
4.730035 2.542841 0.173671 0.403346 1.246142 0.729534 0.266725 0.410575 0.708842 0.110435 0.099908 0.021285 
5.297155 2.500652 -0.184672 0.200448 1.409161 0.713883 0.116381 0.111263 0.587236 -0.037648 0.024491 0.003734 
4.500396 2.458266 0.328264 0.166291 0.783722 0.756819 0.356792 0.214409 0.203663 -0.047273 -0.063078 0.004194 
5.576049 2.670596 -0.093291 -0.085431 1.225462 1.214439 0.156475 -0.018991 0.188367 -0.312137 -0.106857 -0.017914 
5.568629 2.823712 0.016706 -0.135536 1.284587 1.208726 0.320141 -0.036112 0.064497 -0.397512 -0.159916 -0.032374 
5.444223 3.122564 0.172195 -0.155900 0.937478 1.134558 0.552069 -0.090911 -0.142398 -0.390625 -0.188093 -0.033817 
4.231695 2.823773 1.043658 0.186722 0.339587 0.686620 0.639829 0.146878 -0.298087 -0.352259 -0.205892 -0.015842 
6.211846 3.721327 0.154915 -0.564847 0.456933 1.085324 0.782955 -0.188059 -0.230692 -0.401034 -0.169962 -0.025551 
7.863499 3.613321 -0.625297 -0.246763 0.300892 1.254448 0.414202 -0.356464 -0.165374 -0.284181 -0.132485 -0.041173 
5.600887 3.557495 0.638434 -0.725276 -0.029871 0.682182 0.432350 -0.059450 -0.274992 -0.298118 -0.159524 -0.011583 
4.238867 2.894845 1.014725 -0.296538 -0.305924 0.006559 0.305713 0.103273 -0.187318 -0.224848 -0.117850 -0.004708 
4.909798 2.906193 0.681665 -0.539704 -0.122671 0.322049 0.223280 -0.046041 -0.245166 -0.223991 -0.101842 0.004760 
5.467746 3.322206 0.762855 -0.610896 -0.339535 0.410625 0.464664 0.232873 -0.247599 -0.269928 -0.084900 0.024195 
4.874215 3.433746 1.041634 -0.649122 -0.495901 0.181575 0.597686 0.311846 -0.144378 -0.167798 -0.043220 0.029464 
4.646182 3.322043 1.096310 -0.583210 -0.583467 0.088384 0.492509 0.416393 0.028229 -0.111814 0.002957 0.029139 
4.474239 3.030447 1.054563 -0.422495 -0.561211 0.094293 0.596220 0.382887 0.019856 -0.040848 0.071518 0.051272 
5.214621 3.447609 0.667518 -0.827998 -0.532168 0.097707 0.646331 0.385411 0.085755 0.037191 0.073294 0.061354 
4.567083 3.242783 1.038787 -0.646176 -0.742360 -0.199164 0.489172 0.461680 0.219509 0.174732 0.154933 0.068744 
4.922801 3.565700 1.090350 -0.933734 -0.946562 -0.053641 0.849064 0.586217 0.243757 0.156345 0.107820 0.059102 
4.829829 3.538569 1.092413 -0.817389 -0.907989 0.017508 0.849659 0.659616 0.322419 0.260073 0.189749 0.077259 
5.033770 3.682142 1.143469 -0.797865 -1.080637 0.130749 0.907185 0.812557 0.357921 0.328049 0.198594 0.079162 
4.916632 3.508854 1.090318 -0.840739 -0.845794 0.112352 0.923998 0.727780 0.387315 0.413456 0.236672 0.091534 
4.943652 3.569408 1.082549 -0.771414 -0.829470 0.077301 0.850491 0.718246 0.507365 0.411559 0.257079 0.090687 
5.264100 3.795059 1.006692 -0.951795 -0.859187 0.262876 0.943763 0.718876 0.445007 0.453335 0.220684 0.093953 
4.902871 3.447437 1.059749 -0.746521 -0.754626 0.263982 0.913743 0.847838 0.410583 0.392387 0.264511 0.094861 
5.349978 3.809740 1.030692 -0.970627 -0.781279 0.414482 0.980714 0.745301 0.482990 0.434260 0.231089 0.096547 
5.200906 3.791891 1.206562 -0.725864 -0.637705 0.372413 1.072957 0.819889 0.440393 0.358208 0.216310 0.087512 
5.376621 4.065775 1.341647 -0.719319 -0.615272 0.471539 1.117917 0.802656 0.348907 0.373115 0.154499 0.079340 
4.557028 3.452922 1.538750 0.169057 -0.106642 0.237863 0.749419 0.815284 0.394764 0.194835 0.192550 0.060939 
4.315546 3.378119 1.782263 0.333449 0.052398 0.547129 0.968669 0.771759 0.282316 0.065236 0.128604 0.043268 
4.418749 3.436841 1.762087 0.374787 0.209208 0.687613 1.061011 0.746429 0.286606 0.031871 0.093797 0.039679 
4.412090 3.448977 1.746125 0.471234 0.140938 0.875819 1.209269 0.945325 0.269107 -0.036500 0.182985 0.061253 
3.462315 2.707497 1.682163 0.820150 0.487102 0.552843 0.860419 0.815591 0.623871 0.459589 0.371106 0.097793 
3.625955 2.786392 1.528465 0.490234 0.262467 0.722173 1.202539 1.047099 0.628308 0.268793 0.275401 0.070567 
3.422510 2.612052 1.557222 0.647482 0.475524 0.785981 1.128039 1.013093 0.573831 0.255821 0.229137 0.066555 
3.481703 2.683876 1.774880 1.047265 0.871720 1.087847 1.272332 1.054268 0.503435 0.155734 0.146988 0.054000 
3.605968 2.963637 1.906104 0.924770 0.548940 0.911690 1.322743 1.113478 0.608601 0.200909 0.167425 0.046314 
3.612367 3.099003 2.052717 0.899560 0.416825 0.646423 0.969307 1.040228 0.673408 0.302811 0.228404 0.060361 
3.267843 2.554354 1.777826 1.165087 0.891502 0.835187 0.816495 0.604212 0.340798 0.210713 0.194308 0.070045 
3.100027 2.322380 1.638909 1.144683 0.868753 0.816165 0.755020 0.558465 0.328518 0.193074 0.126284 0.068754 
3.080894 2.397972 1.703688 1.099970 0.792510 0.762235 0.772576 0.590534 0.315047 0.097360 0.084508 0.063744 
3.139687 2.470350 1.710762 1.007953 0.711013 0.733071 0.759949 0.577117 0.292196 0.087933 0.077971 0.062865 
3.038398 2.392365 1.732836 1.136531 0.868727 0.814913 0.767720 0.555184 0.299339 0.126351 0.059607 0.062115 
2.979039 2.189749 1.478034 1.152187 1.044357 1.021120 0.855953 0.534295 0.231366 0.075940 0.073133 0.064597 
3.076026 2.240469 1.509980 1.048848 0.970064 0.955597 0.782584 0.493959 0.211647 0.093651 0.056174 0.058424 
3.199384 2.349289 1.518918 0.958527 0.787942 0.768243 0.645971 0.426121 0.208359 0.100813 0.041257 0.056228 
3.395686 2.526430 1.546390 0.966560 0.754245 0.722212 0.461158 0.175230 0.123814 0.115615 0.095973 0.063075 
3.446710 2.413257 1.474392 1.082179 0.900978 0.523271 0.116696 0.027336 0.217674 0.212690 0.078171 0.062585 
3.584833 2.499074 1.421135 1.008380 0.880405 0.380080 -0.094588 -0.076031 0.234195 0.252852 0.090419 0.066408 
3.735941 2.377476 1.147326 1.064400 1.125193 0.478370 -0.469981 -0.440297 0.293486 0.435228 0.107840 0.060001 
3.854170 2.260691 0.920734 1.053255 1.387276 0.514073 -0.732747 -0.652568 0.251351 0.536550 0.165953 0.058204 
3.978401 2.136548 0.646237 0.886791 1.576047 0.616967 -0.797480 -0.734562 0.302136 0.559683 0.175766 0.047823 
4.052365 2.085641 0.461869 0.827870 1.558601 0.672969 -0.792575 -0.596943 0.562163 0.629501 0.103873 0.013193 
