2.475125 2.277304 1.433516 1.558398 1.489130 1.166744 1.048182 0.438792 0.752479 0.305639 0.380482 0.073370 
2.273295 2.600568 1.172897 2.006258 1.599161 1.016367 0.978386 0.382992 0.675901 0.164215 0.365758 0.059458 
2.125790 2.626824 0.588279 2.070551 1.460907 1.493392 0.948789 0.312596 0.938743 0.432374 0.555202 0.042182 
2.158516 2.667285 0.518843 2.489921 1.542510 1.146105 0.817400 0.124095 0.866052 0.497671 0.379295 0.049238 
2.068644 2.594901 0.834036 1.637170 1.495208 1.312089 0.558094 0.640020 0.485753 0.432211 0.461156 0.060635 
1.896865 2.389669 0.875029 1.813526 2.159536 1.130109 0.491370 0.464092 0.812635 0.588589 0.449676 0.042844 
1.856216 2.473128 0.568681 1.936487 2.221276 1.076905 0.443413 0.768388 0.768110 0.488736 0.655812 0.016225 
1.597606 2.816018 0.602742 1.934085 2.525707 0.808219 0.584465 0.232041 0.921351 0.330006 0.624787 -0.003582 
1.928614 2.524845 0.684477 1.850817 1.742727 0.753096 0.518245 -0.004438 1.102837 0.349934 0.536637 0.025946 
1.979132 2.456350 0.788521 1.551806 1.629350 0.846953 0.714073 0.592157 1.446152 0.379095 0.588207 0.017749 
1.872569 2.478043 0.704178 1.615252 1.944446 0.442278 0.244489 0.358040 1.572642 0.610872 0.705401 -0.002547 
2.209679 2.503337 0.309111 1.183827 2.226572 0.646378 0.160974 0.510171 1.617668 0.788582 0.592022 0.007792 
2.308042 2.166392 0.898173 1.389533 1.909458 1.038877 0.565267 0.554315 1.191771 0.617912 0.413171 0.051644 
2.456898 1.914596 1.013920 1.619808 1.541092 1.580508 0.684014 0.386602 0.993574 0.357353 0.424245 0.064901 
2.941892 2.500817 0.963920 1.914386 1.611236 1.012732 0.391473 0.085364 0.921465 0.273018 0.234552 0.053791 
3.651872 3.039360 1.159527 1.450798 1.756427 0.967301 -0.613578 -0.160747 0.860008 0.314118 0.261890 0.042333 
3.933719 2.901038 1.112178 1.110930 1.830881 0.534439 -0.337697 -0.212892 0.782076 0.195615 0.049891 0.002280 
4.696268 3.092207 0.646359 0.802283 2.094960 0.462415 -0.789611 -0.498949 0.736108 0.171046 0.004148 -0.068698 
4.950643 2.878259 0.273829 0.807822 1.609627 0.616169 -0.856879 -0.477488 0.822911 -0.138611 -0.055965 -0.081789 
6.151465 3.542755 -0.225685 -0.069071 2.869871 0.020649 -0.895117 -0.487492 1.049072 -0.227754 -0.201890 -0.171079 
5.718202 3.064073 0.025102 0.476607 2.077201 -0.052271 -1.210257 -0.391749 0.943982 -0.147889 -0.162906 -0.121404 
5.628403 3.160163 0.220508 0.529055 2.149645 -0.393330 -1.138980 -0.513120 0.943390 -0.074163 -0.138789 -0.107305 
4.341138 2.732626 1.151661 1.070929 1.120535 -0.408495 -1.157898 -0.422803 0.509926 0.201411 -0.149584 -0.037148 
4.416631 2.976709 1.184865 0.700806 0.946959 -0.412309 -1.125307 -0.454309 0.389970 0.353965 -0.124246 -0.033838 
4.272610 2.686941 1.256165 0.766401 0.690328 -0.404086 -0.970126 -0.051925 0.382304 0.114732 -0.228198 -0.046251 
4.817290 2.852492 0.715498 0.347752 1.134417 -0.217679 -0.584185 -0.349346 0.143810 -0.159648 -0.165861 -0.054393 
4.857268 2.724112 0.431260 0.603607 1.013629 -0.326969 -0.697338 -0.351585 0.318798 -0.337091 -0.243912 -0.083962 
4.658037 2.525396 0.390653 0.376350 0.998281 -0.249809 -0.753979 -0.266270 0.262387 -0.373577 -0.327533 -0.107613 
4.451124 2.418744 0.508275 0.351317 0.581413 -0.363719 -0.563886 -0.080224 0.145295 -0.544097 -0.396294 -0.108059 
5.189997 2.558282 -0.186628 0.218861 1.271892 -0.182741 -0.858236 -0.274626 0.401614 -0.674522 -0.414587 -0.143809 
6.928984 3.364408 -1.705166 0.287863 2.557059 -1.153126 -0.438695 -0.405114 0.293537 -0.311883 -0.705592 -0.146870 
6.052106 2.764242 -0.408197 0.052974 1.958161 -0.609009 -0.650666 -0.074862 0.344892 -0.319522 -0.451863 -0.130001 
6.268033 2.871591 -0.509299 0.161323 2.217419 -1.238865 -0.538220 -0.073020 0.533232 0.003162 -0.429490 -0.103675 
6.607560 3.277392 -1.285587 0.332916 2.557922 -1.587398 -0.545059 0.129242 0.474763 0.258810 -0.525465 -0.070470 
6.080287 3.076248 -0.875759 0.430115 1.928428 -1.215384 -0.709060 0.170571 0.595496 0.167583 -0.364088 -0.087456 
6.227368 2.877574 -0.961836 0.276099 1.857491 -1.259052 -0.661200 0.218901 0.599218 0.171604 -0.360779 -0.084916 
6.201865 2.828007 -1.051239 -0.047123 1.627828 -0.948358 -0.725303 0.146437 0.743498 0.083754 -0.324043 -0.111689 
5.607612 2.687122 -0.882669 -0.145028 1.135131 -0.807471 -0.699796 -0.058739 0.763745 0.079368 -0.187921 -0.108732 
5.181617 2.118912 -0.251608 -0.361714 0.710843 -0.819974 -0.849664 0.111895 0.607325 0.074317 -0.160369 -0.091526 
5.157163 2.145379 -0.764338 -0.092304 0.614463 -0.729190 -1.016590 0.106537 0.699052 -0.007941 -0.160927 -0.096882 
5.899188 2.354765 -1.751392 -0.775796 1.700826 -1.281473 -1.031212 -0.029138 0.585277 0.196424 -0.304088 -0.125816 
5.165090 1.896569 -1.284349 -0.638752 0.972477 -0.710663 -1.255612 -0.034250 0.765098 -0.065351 -0.182284 -0.139651 
4.738995 1.808168 -0.930512 -0.478669 1.062978 -0.564704 -0.854676 0.081489 0.759862 0.076706 -0.118119 -0.113878 
5.072582 1.836947 -1.037220 -0.265154 1.025153 -0.270153 -0.680437 0.193849 1.036605 0.093561 -0.061983 -0.086094 
6.123011 1.995981 -1.651396 -0.407378 1.919452 -0.798384 -0.434144 0.453282 1.033772 0.390891 -0.189830 -0.074183 
5.270798 1.971810 -1.037670 -0.420730 1.459371 -0.190885 -0.458314 0.352387 1.143769 0.243235 -0.046861 -0.081475 
4.674950 1.827321 -0.705861 -0.156835 0.850881 0.347348 -0.258245 0.515466 0.920985 0.169280 0.001923 -0.052359 
5.283581 1.955496 -1.144391 -0.390895 1.525356 0.145524 -0.251817 0.453936 1.155943 0.088213 -0.080414 -0.083713 
6.176717 2.170632 -1.945153 -0.564083 2.410500 -0.288853 -0.050031 0.559489 0.935476 0.370451 -0.238830 -0.084213 
5.655276 1.940858 -1.540212 -0.290546 1.956300 0.433073 -0.267963 0.594123 1.105170 0.180501 -0.157584 -0.109194 
4.817151 1.710258 -0.942944 -0.026242 1.730135 0.444887 -0.027214 0.572822 1.075833 0.134622 -0.155515 -0.111251 
5.451629 1.767127 -1.337331 0.007926 2.117250 0.300479 -0.033048 0.650753 1.248334 0.196801 -0.210236 -0.122330 
6.880287 2.533879 -3.311874 0.200005 3.426735 -0.498019 0.219388 0.806876 0.915591 0.680303 -0.550416 -0.055755 
6.041172 1.889222 -2.028142 0.037637 2.440423 -0.108798 0.067409 0.851421 1.141886 0.353584 -0.325567 -0.124120 
6.093941 2.085630 -2.297398 -0.225370 2.479215 0.049095 -0.126580 1.037067 1.005403 0.449683 -0.365683 -0.142756 
5.851642 1.747067 -1.951526 -0.269545 2.291171 0.042586 -0.004047 0.969628 1.029957 0.336737 -0.316859 -0.143447 
6.297146 1.847326 -2.451152 -0.312603 2.569081 -0.138017 0.135888 0.915501 1.020234 0.410937 -0.381308 -0.138035 
6.417434 1.820570 -2.419357 -0.488356 2.635321 -0.027170 0.322191 0.895566 1.153459 0.444908 -0.337387 -0.131870 
6.300261 2.087943 -2.640866 -0.412949 2.725203 0.211368 0.265476 1.062676 1.073943 0.562327 -0.320120 -0.117441 
5.851761 1.740924 -2.035319 -0.266536 2.368194 0.464270 0.399989 0.813559 1.376217 0.354311 -0.184517 -0.117069 
5.963787 1.901431 -2.358834 -0.247009 2.808757 0.372845 0.372117 0.950463 1.214800 0.532544 -0.224536 -0.104691 
5.780250 1.912117 -2.283220 -0.256380 2.701213 0.699359 0.300805 0.959098 1.246342 0.465382 -0.158997 -0.100498 
5.674730 1.912748 -2.207736 -0.258111 2.820819 0.673316 0.382437 0.882703 1.294964 0.418906 -0.150571 -0.097291 
5.691095 1.974424 -2.398944 -0.204407 2.866876 0.884754 0.327552 1.023649 1.209383 0.453703 -0.152742 -0.090136 
5.502460 1.721451 -2.004604 -0.237276 2.676080 1.052357 0.261994 1.138803 1.286856 0.308871 -0.124322 -0.086622 
5.262119 1.709297 -1.794153 -0.132258 2.876866 0.951250 0.346263 1.040646 1.239160 0.305261 -0.135961 -0.092090 
5.316810 1.746892 -2.058768 -0.055678 2.983079 0.978850 0.435813 1.004683 1.333863 0.363601 -0.112214 -0.087409 
5.454456 1.531238 -2.012878 0.114658 3.019348 0.834751 0.457803 1.124134 1.332897 0.430109 -0.153218 -0.078511 
5.052849 1.525103 -1.633276 0.133229 2.874070 0.982108 0.410319 1.128469 1.381909 0.375929 -0.107301 -0.088192 
4.966716 1.484337 -1.557574 -0.189768 3.081124 1.053441 0.331399 1.275087 1.449238 0.428149 -0.086471 -0.099181 
4.675109 1.273292 -1.488310 0.214106 2.791270 1.150813 0.595564 1.196727 1.499055 0.244012 -0.112261 -0.078586 
5.001174 1.303456 -1.816262 -0.218370 3.331133 1.131715 0.744379 1.282809 1.370107 0.339082 -0.127175 -0.065401 
4.635824 1.043704 -1.637217 0.257279 2.708545 1.282877 0.722564 1.156749 1.479603 0.159485 -0.133005 -0.067297 
4.604804 1.130704 -1.566142 -0.180933 3.188872 1.187149 0.572858 1.231173 1.393844 0.227366 -0.154700 -0.086541 
4.539958 1.104686 -1.598869 0.150340 2.891075 1.008015 0.610853 1.197567 1.479461 0.335972 -0.147269 -0.085360 
5.028366 1.405315 -2.020165 -0.110558 3.534479 0.806305 0.674194 1.205903 1.571343 0.523903 -0.148029 -0.082300 
4.677892 1.064853 -1.268619 0.349888 2.976724 0.698803 0.624837 1.267442 1.430061 0.476288 -0.185080 -0.083861 
5.078783 1.188108 -1.762662 0.341192 2.718050 1.181046 0.390221 1.258451 1.584309 0.414271 -0.115335 -0.090041 
4.508835 0.908626 -1.521824 0.739751 2.102689 1.525049 0.210411 1.239323 1.520251 0.234270 -0.139875 -0.086168 
5.440334 1.543053 -3.033870 -0.012033 3.526232 0.789973 0.868206 1.443083 1.623718 0.578322 -0.254728 -0.082907 
5.472639 1.237553 -2.908638 0.135410 3.576510 0.518879 1.028391 1.203834 1.671456 0.472094 -0.257320 -0.061958 
4.940191 0.978075 -2.221042 0.445988 3.400534 0.882171 0.694469 1.338464 1.660473 0.371125 -0.202065 -0.071647 
4.111999 0.898441 -0.984273 0.913934 2.629830 0.870545 0.458507 1.276524 1.546061 0.206139 -0.250895 -0.087720 
5.030223 1.312709 -2.197149 0.349554 3.588341 1.222403 0.542032 1.630668 1.634713 0.392279 -0.222900 -0.089273 
5.659749 0.838668 -2.509513 0.462286 4.138483 0.527700 1.485530 1.222036 2.006764 0.530180 -0.244463 -0.027245 
