2.772109 1.564302 1.629956 1.270233 1.931224 1.390665 0.922035 1.184528 1.047296 0.101910 0.176955 0.080735 
2.800641 1.697301 1.271570 1.268068 1.615089 1.181527 0.595967 1.282622 1.274360 0.408484 0.082910 0.056218 
2.797908 1.624922 1.698142 1.259569 1.025431 1.144563 0.431092 1.382517 1.257098 0.106415 0.171560 0.083698 
3.058156 1.728325 2.009383 1.576156 1.438499 0.979424 0.802120 1.357123 1.361032 0.292895 0.222428 0.089463 
2.778644 1.821735 1.715623 1.622558 1.443637 0.948083 1.027660 1.616111 0.897890 0.224467 0.242614 0.082622 
2.832372 1.968882 1.532915 1.666156 1.502999 1.008244 1.001547 1.425886 0.831916 0.314697 0.330259 0.082556 
2.849227 2.052612 2.020697 2.608710 1.411933 0.394579 0.854644 1.427086 1.000724 0.269054 0.342436 0.110345 
2.934302 1.517874 1.023582 2.263194 2.261038 0.902678 0.932492 1.562054 0.903706 0.139924 0.431572 0.111772 
2.755615 1.631937 1.486789 1.823787 2.050969 1.383580 1.076807 0.903103 0.719577 0.101326 0.378685 0.091824 
2.691789 1.861313 1.220532 2.022575 1.937557 1.069374 0.532876 0.809789 0.661840 0.292262 0.367847 0.074654 
2.503591 1.799829 1.414415 1.784515 1.471830 1.647451 0.747365 0.608475 0.861697 0.048548 0.301072 0.079820 
2.546644 1.828396 1.165009 1.723422 1.637469 1.654587 1.282397 0.713162 1.063447 0.252890 0.361586 0.074223 
2.385036 1.928772 1.177842 1.830119 1.512982 1.854600 1.308608 0.732589 0.800168 -0.073120 0.266495 0.081159 
2.424383 2.113869 1.210490 1.328004 1.255998 1.837088 0.906070 0.620692 0.784942 0.094503 0.356839 0.073061 
2.490424 1.838685 1.237548 1.335242 1.545097 1.560696 1.301396 0.286457 0.464195 0.177514 0.241585 0.087725 
2.615564 2.047813 1.535628 1.581565 1.741963 1.827715 1.163712 0.171882 0.952190 0.069179 0.210009 0.078751 
2.572479 1.991121 1.471654 1.910499 1.677278 2.193701 0.915467 0.415722 0.648125 0.051000 0.198143 0.083927 
2.669437 2.072158 1.689297 1.552078 0.956524 1.764025 0.755777 0.530913 0.458084 0.275427 0.291746 0.082362 
3.226980 2.684226 2.169298 1.399326 1.341432 1.669197 1.002713 0.196595 0.045366 -0.265993 -0.153343 0.013902 
4.373871 3.508366 2.709048 1.637069 0.681657 1.078480 0.696681 -0.739425 -0.069898 -0.617590 -0.010034 -0.002124 
4.815521 3.800230 2.312828 0.882234 0.858653 0.446342 0.261237 -0.559273 -0.446074 -0.447450 -0.052393 0.009325 
4.863936 3.532441 1.843311 1.150734 0.803449 -0.235315 0.175433 0.405194 -0.893127 -0.942273 -0.174867 -0.024696 
5.129598 3.491106 1.971435 0.726091 0.493292 -0.418377 0.465073 0.317463 -0.947456 -1.247068 -0.301540 -0.063468 
5.313767 3.467511 1.392385 0.844926 0.746148 -0.738594 0.030930 0.015465 -0.909637 -1.403869 -0.422246 -0.072408 
4.957590 3.211981 1.274852 0.583011 0.408565 -0.290851 -0.172269 -0.312767 -1.137504 -1.055002 -0.349715 -0.079743 
4.356444 2.977831 1.317622 0.516842 0.414079 0.003780 -0.313752 -0.588630 -1.050299 -0.985511 -0.300971 -0.089318 
5.085936 3.109356 1.159185 0.623837 0.555352 -0.459183 -0.703224 -0.554666 -1.187973 -1.396917 -0.370876 -0.074262 
4.371055 3.137277 1.229905 0.332988 -0.181632 -0.401503 -0.860943 -0.999814 -1.013898 -0.985532 -0.225822 -0.076493 
5.194927 2.923350 0.971720 0.185592 0.218020 -0.752659 -1.042418 -0.504357 -1.012471 -1.064228 -0.321246 -0.059629 
4.636427 3.021789 0.861121 -0.019589 0.141981 -0.608936 -0.905959 -0.977381 -1.247846 -0.968747 -0.220318 -0.040335 
5.343217 3.092672 0.322880 -0.655140 1.149536 -1.330096 -0.835261 -0.976437 -1.316488 -0.875507 -0.356244 -0.022856 
4.323443 2.810735 0.654985 -0.394927 0.195845 -1.095872 -0.781071 -0.967870 -1.181767 -0.653683 -0.211270 -0.022622 
4.413277 2.638475 0.767488 -0.281803 0.122703 -1.134499 -0.990063 -0.979778 -1.182254 -0.685447 -0.176986 -0.018216 
4.371298 2.736902 0.674719 -0.450171 0.146741 -0.924822 -1.021275 -1.068011 -1.223839 -0.741494 -0.156165 -0.009225 
6.455998 3.353392 -0.826643 -0.944373 2.909606 -2.492236 -1.376680 -0.831302 -1.718550 -0.410411 -0.846105 0.003895 
5.090088 2.942307 0.442607 -0.438285 0.912453 -1.379818 -1.359275 -0.891209 -1.455880 -0.839192 -0.211424 0.014098 
3.920739 2.467957 1.031964 0.050839 -0.142556 -0.891782 -1.195599 -1.145721 -1.213086 -0.642037 -0.007395 0.020330 
4.159283 2.579718 0.815764 -0.482518 -0.134495 -0.939101 -1.054484 -0.945142 -1.138496 -0.521029 -0.066578 0.021971 
3.904363 2.470786 0.811233 -0.174233 -0.179948 -0.657236 -1.166762 -1.114635 -1.215825 -0.399204 -0.019245 0.028867 
4.353014 2.803002 0.750913 -0.244438 -0.784169 -1.002204 -0.852288 -0.637666 -0.864140 -0.830063 -0.066186 0.011772 
4.166334 2.370741 0.829413 -0.194905 -0.435949 -1.024772 -0.918586 -0.988604 -1.060188 -0.834233 -0.026805 0.027702 
4.664181 2.725879 0.528228 -0.033886 -0.032101 -1.243049 -1.470170 -0.826459 -0.904745 -0.898021 -0.071900 0.025716 
3.959945 2.403944 0.810942 -0.240805 -0.546170 -1.078504 -1.078002 -0.880232 -1.030867 -0.786460 0.017113 0.031707 
4.277926 2.589115 0.677104 -0.415058 -0.335109 -1.261349 -1.159478 -0.822076 -0.985674 -0.705343 -0.038443 0.028488 
4.714308 2.592418 0.639405 -0.225162 0.272880 -1.272302 -1.190087 -0.993367 -1.032034 -0.835996 -0.063621 0.040946 
5.052924 3.114548 -0.028327 -0.205473 0.265660 -1.294892 -1.220628 -0.767622 -1.152860 -1.006953 -0.190380 0.027059 
5.199577 3.064373 -0.071108 -0.468764 0.965166 -1.393226 -1.282037 -1.127710 -0.952549 -0.997626 -0.206707 0.010420 
5.214696 3.195715 -0.331312 -0.207242 1.395810 -1.890903 -0.944451 -0.878904 -1.186110 -0.878269 -0.351175 0.040889 
5.250000 3.290486 -0.597660 0.230792 1.626736 -1.740613 -1.039349 -0.673514 -1.094319 -0.873805 -0.410849 0.039423 
4.444163 2.725322 0.559764 0.171142 0.562148 -0.777425 -0.804241 -0.672325 -0.966372 -0.769023 -0.117382 0.011077 
4.597369 2.916217 0.310180 -0.058559 0.757761 -0.897340 -0.630001 -0.460130 -0.765315 -0.871589 -0.224635 -0.013204 
5.164821 3.824810 -0.373518 0.482220 1.978352 -1.572994 -0.841360 0.082358 -0.976823 -0.826985 -0.538427 0.019310 
4.886095 4.502086 -0.775845 0.652015 2.202931 -1.331715 -0.861308 0.227384 -0.915920 -0.694225 -0.565644 -0.000520 
3.824428 2.976366 0.912503 0.325094 0.801466 -0.789233 -0.247265 -0.468479 -0.992865 -0.232543 -0.063920 0.062163 
3.924881 3.746193 0.540287 0.621488 1.475942 -1.330881 -0.572856 -0.235882 -0.778746 -0.164344 -0.127914 0.063112 
3.848556 4.084589 0.289506 0.860288 2.532247 -1.883156 -0.007964 0.337690 -0.794885 -0.238941 -0.332108 0.092416 
4.111831 3.807029 0.167554 0.832355 3.471822 -2.119693 0.158503 0.443658 -0.588393 -0.126483 -0.432131 0.127346 
3.596355 2.861825 1.318739 0.778309 2.197290 -1.194337 -0.252542 -0.063311 -0.526788 0.156238 -0.169029 0.053735 
3.317071 2.981641 1.624972 1.099893 1.310897 -0.961335 -0.466632 -0.409347 -0.026352 0.182095 -0.287659 0.033590 
3.859340 3.221431 1.554126 0.710994 2.186399 -1.265697 0.191257 -0.005429 -0.904319 0.139120 -0.248024 0.057450 
3.769691 3.633918 2.052024 0.005560 2.065955 -1.324081 0.296340 0.058548 -1.014266 0.079369 -0.283998 0.030976 
3.773599 3.573996 1.645734 -0.336596 2.438823 -1.636737 -0.284632 0.250138 -0.851837 -0.078162 -0.239550 0.000899 
3.876152 3.170780 1.250267 -0.438517 2.614518 -2.388285 -0.187191 0.435102 -0.772044 -0.154586 -0.383257 0.030181 
3.821677 3.210874 1.012486 -0.299570 1.915034 -2.296300 -0.471563 -0.063414 -0.920412 -0.165576 -0.244021 0.044543 
4.215277 3.282209 1.138394 -0.713951 2.282904 -2.631847 -0.419920 -0.136255 -0.892014 -0.095178 -0.320636 0.050971 
4.629358 3.629383 0.572663 -0.945399 2.716593 -2.882966 -0.074649 -0.017373 -1.020135 -0.389056 -0.487105 0.078831 
4.799773 3.954680 0.178219 -1.186726 2.302614 -2.287950 -0.322068 0.108735 -0.927587 -0.522740 -0.396934 0.007654 
4.508714 3.265911 0.738213 -0.864894 1.397417 -1.667317 -0.561316 0.078507 -0.851995 -0.529866 -0.190681 -0.005814 
4.796707 3.313668 0.280730 -1.012582 1.624198 -1.878019 -0.818892 0.296669 -0.853468 -0.737204 -0.301253 -0.037925 
5.031204 3.527188 0.048605 -1.327482 2.571255 -1.921300 -1.171599 0.260754 -0.817191 -0.788163 -0.409897 -0.102597 
4.576491 2.955735 0.580401 -0.649731 1.537241 -1.435604 -0.939056 0.215164 -0.591645 -0.835892 -0.223859 -0.061722 
5.027837 3.330255 0.109389 -1.158504 2.672596 -1.989139 -1.120173 0.368427 -0.568717 -0.760970 -0.462185 -0.114011 
4.972478 2.877269 0.450351 -1.008709 2.698614 -1.814228 -0.940623 0.371700 -0.454900 -0.608144 -0.409669 -0.081691 
4.789348 2.650628 0.450351 -1.079734 2.620365 -1.396628 -0.972613 0.153131 -0.188401 -0.446361 -0.267851 -0.091792 
4.269140 2.363237 0.515599 -0.182127 1.648970 -0.982587 -0.916830 0.132700 -0.346196 -0.274023 -0.084373 -0.049703 
4.635439 2.457094 0.319349 -0.680454 2.357773 -1.141755 -1.140980 0.255349 -0.076587 -0.257118 0.046203 -0.018351 
4.510709 2.574744 -0.034960 -0.477050 2.383090 -1.508429 -0.636030 0.602214 -0.071704 -0.098817 0.113294 0.061038 
4.460022 2.472975 -0.127272 -0.110710 2.350257 -1.667049 0.150208 0.905850 0.061151 -0.118751 0.191077 0.169354 
4.422401 2.659426 -0.144367 -0.146739 2.370209 -1.747256 0.671265 1.339457 -0.038775 -0.140522 0.247249 0.235331 
4.270949 2.291074 0.220272 -0.070770 2.382396 -1.525813 0.842899 1.513344 -0.046240 -0.213661 0.324680 0.243161 
3.918210 2.358733 -0.295381 0.678008 2.159635 -0.436409 0.954339 1.392229 0.438352 -0.281728 0.227649 0.127331 
4.345626 2.310499 0.614916 1.252451 2.556385 -0.532916 0.157604 1.376270 0.778841 -0.223636 0.268234 0.151267 
4.098649 2.510346 0.893591 0.749735 2.834778 -0.139601 0.129778 0.691268 0.208497 0.045238 0.177238 0.087452 
3.931608 2.321625 1.082303 0.706099 2.458330 0.071544 -0.001745 0.549942 0.060016 0.180715 0.016273 0.040557 
3.464336 2.550336 1.348646 0.633577 2.092055 0.762038 0.448489 0.168473 0.119691 0.347356 0.012321 0.038587 
