5.540377 3.353082 0.783410 -0.639533 0.291367 -2.155523 -0.355265 0.013664 -0.271426 -0.667859 -0.334972 -0.054815 
5.777704 3.440154 0.899564 -0.732723 -0.105322 -2.735238 0.050788 0.111364 0.010224 -0.916529 -0.430000 -0.055940 
5.630740 3.547493 0.522457 -1.050467 0.126327 -2.656367 -0.192731 0.418749 -0.043473 -0.685224 -0.440138 -0.078162 
5.470781 3.349771 0.606027 -0.636042 -0.198061 -2.522718 -0.174925 0.503187 0.177630 -0.833098 -0.363419 -0.068904 
5.933552 3.229347 0.226443 -0.555787 0.333866 -3.086088 0.079040 0.501674 0.174569 -0.581530 -0.502739 -0.026338 
6.259528 3.061204 0.200629 -0.690909 0.906612 -3.701978 0.266087 0.585484 0.209360 -0.540473 -0.697869 0.018625 
6.582528 2.741817 0.105800 -0.685919 1.392567 -4.009503 0.350082 0.679246 0.145506 -0.535094 -0.863715 0.061490 
6.427788 2.665768 -0.012986 -0.793161 1.591805 -3.894292 0.155958 0.773643 0.006015 -0.603334 -0.949436 0.037848 
6.070550 2.786904 -0.179423 -0.751116 1.599569 -3.713113 0.097303 0.853202 -0.089450 -0.714107 -0.978646 0.008229 
6.234303 2.661909 -0.290894 -0.774776 2.005645 -3.650482 0.139489 0.951678 -0.266110 -0.580118 -1.058435 0.010172 
5.269448 2.205167 0.273686 -0.379872 1.280656 -2.163876 0.009779 1.088762 -0.355319 -0.794139 -0.630156 -0.048888 
3.854696 2.024512 0.556525 -0.176512 0.330374 -0.323464 0.006685 0.504451 -0.206175 -0.534007 -0.444535 -0.099404 
5.656870 2.635735 0.042005 -0.367353 2.077977 -2.396382 0.838152 1.118601 -0.271679 -0.653461 -0.828665 -0.011273 
5.822717 2.665892 0.032229 -0.032250 1.826039 -2.291906 0.889812 1.061945 -0.233417 -0.797658 -0.761205 0.006713 
4.981549 2.498419 0.651575 0.097020 0.880887 -0.771697 0.659954 0.909648 -0.454842 -0.861962 -0.441110 -0.058406 
3.691243 2.097353 1.053686 0.514595 0.500516 0.141149 -0.035582 0.106836 -0.570058 -0.599817 -0.273326 -0.044400 
5.611152 2.529846 0.701954 0.758952 0.735435 -1.026228 0.382764 0.401710 -0.513486 -1.144214 -0.404665 0.001172 
5.338851 3.063306 0.562892 1.193247 0.110130 -0.974183 0.831746 0.486712 -0.846357 -1.270168 -0.351250 -0.013596 
3.884121 2.781271 1.646287 1.110756 0.085957 -0.043004 -0.324566 -0.555909 -1.038006 -0.686007 -0.052073 -0.031812 
4.526611 2.750763 0.839353 1.744068 0.565367 -1.436475 -0.013366 -0.365560 -1.264952 -0.881266 -0.176024 0.001724 
4.802324 2.994069 0.315702 2.176330 1.060902 -2.079690 0.116450 -0.257164 -1.332282 -0.809827 -0.302127 0.047527 
4.631959 2.632997 0.959463 2.172490 1.207864 -1.658733 -0.299160 -0.041077 -1.238937 -0.425981 -0.309111 -0.007133 
3.625784 2.218594 1.701243 1.081453 0.540331 -0.072540 -0.749601 -0.592940 -0.988192 -0.301892 -0.206262 -0.072825 
4.792661 3.386566 1.048799 1.771431 1.797858 -0.985527 -1.132166 0.514656 -0.750779 -1.003101 -0.417819 -0.056881 
4.195884 3.098138 1.410404 1.509368 2.096075 -0.520397 -1.139941 0.633343 -0.453895 -0.659927 -0.370791 -0.107535 
3.610979 2.816319 1.814673 1.553194 1.777613 -0.317925 -0.260696 -0.101378 -0.086239 -0.290268 -0.412226 -0.088557 
3.864187 3.002660 1.805846 1.321118 2.786541 -0.577590 -0.173552 0.275273 -0.317249 -0.172621 -0.433093 -0.093349 
4.019746 3.830340 1.357884 1.747799 4.434804 -1.027224 -0.670107 0.976919 -0.503130 -0.232227 -0.511815 -0.118474 
3.382856 3.192374 2.490572 1.324253 3.178445 -0.078009 -0.587381 0.878311 -0.308870 -0.250254 -0.146582 -0.112818 
3.006816 2.771764 2.239219 1.257134 2.656117 0.309224 -0.065831 0.630685 -0.131082 -0.249232 -0.111572 -0.082614 
3.266241 3.310121 2.298197 1.208413 3.652630 0.435040 -0.801169 0.716006 0.094604 -0.135459 -0.032261 -0.139684 
3.268080 3.324720 2.138555 0.878197 4.290405 0.883753 -0.103503 1.052567 -0.027122 -0.274589 0.001290 -0.145435 
3.116422 2.894499 2.159004 1.273117 3.666031 1.345728 -0.183928 1.089906 0.063631 -0.107663 -0.069596 -0.107308 
3.063292 2.801773 2.259141 1.242174 3.171612 1.238744 -0.011531 0.786877 0.035437 -0.193627 -0.009375 -0.087760 
3.006944 2.803199 2.170606 1.529191 2.770069 1.335094 -0.036022 0.863217 -0.088241 -0.231124 0.050423 -0.081121 
2.923501 2.705670 2.399661 1.588242 2.538277 1.179846 0.343411 0.543994 0.108541 -0.334569 0.068121 -0.069961 
2.837546 2.440458 2.218076 1.691170 2.177286 1.079051 -0.142013 0.571456 0.209183 -0.188013 0.053216 -0.076740 
2.823721 2.470096 2.125589 1.460319 2.408864 1.203430 -0.432614 0.285857 0.088733 -0.067757 0.151088 -0.090608 
2.748001 2.413323 2.306676 1.462563 2.391682 1.043076 -0.544434 0.459593 0.136332 -0.059251 0.115214 -0.096407 
2.917389 2.198973 2.389722 1.342328 2.674865 1.208199 -0.776139 0.427759 0.187959 -0.174827 0.172509 -0.102680 
2.915752 2.296541 2.260853 1.171106 2.513103 1.209937 -0.609563 0.736886 0.393747 -0.241811 0.025736 -0.099627 
3.152670 2.300309 2.284719 0.950015 2.532783 1.865780 -0.335081 0.654300 0.078071 -0.252912 0.032571 -0.085343 
3.169474 2.357448 1.891286 0.995612 2.712011 1.762961 -0.461948 0.939969 0.183292 -0.251192 -0.019263 -0.103512 
3.498134 2.167048 1.774555 1.242841 1.852163 2.406300 -0.046518 1.030140 0.740981 -0.760815 -0.098883 -0.053193 
3.686434 2.254412 1.363288 0.326654 2.878472 1.963468 0.516463 0.933319 0.529496 -0.596605 -0.083160 -0.085826 
3.942119 2.357864 0.751462 0.728685 2.608727 2.369606 0.260790 0.809785 0.744592 -0.597962 -0.064896 -0.092456 
4.052553 2.365667 0.547473 0.600843 2.541161 1.977246 0.459004 0.714680 0.493125 -0.532692 0.015993 -0.063013 
4.749058 2.468253 0.166166 -0.077342 2.757373 1.793873 -0.262952 0.861544 0.767769 -0.663207 0.139071 -0.061353 
4.535680 2.496327 0.292497 0.318568 2.091457 1.719742 -0.609785 1.141819 0.770289 -0.327099 0.186762 -0.048588 
4.222789 2.199775 0.796702 -0.221440 1.882589 1.706870 -0.138657 1.219666 0.500212 -0.113888 0.261227 -0.027050 
3.563349 2.165596 0.988082 -0.057773 1.639649 1.250824 0.136234 1.591156 0.929424 0.267445 -0.009249 -0.093160 
4.636496 2.468786 0.383933 -0.862519 2.772878 1.285132 -0.765884 2.201852 1.386528 0.041665 0.191364 -0.182354 
3.897782 2.292324 0.599348 -0.362411 2.311565 1.343145 -0.093653 2.019181 1.054842 0.242367 0.118474 -0.121897 
3.823646 2.317912 0.610530 -0.152232 2.166114 1.173005 -0.105877 1.941307 0.954730 0.245510 0.151064 -0.099484 
4.331813 2.433458 0.198270 -0.397554 2.579514 1.025083 -0.472593 2.241303 1.047119 0.120386 0.190731 -0.126445 
3.704651 2.276108 0.544884 0.146520 2.145488 1.163081 0.001830 1.407680 0.983732 0.203741 0.198559 -0.082095 
3.676638 2.241274 0.596724 0.451048 1.895910 1.225131 0.821714 1.698967 0.833134 0.028441 -0.017122 -0.074641 
3.239715 2.052515 0.648277 0.800319 1.903289 1.723095 1.135346 1.288249 0.749612 0.055838 -0.096819 -0.064615 
4.455282 2.581365 -0.220593 0.394517 2.931135 1.517385 0.277025 1.751047 1.130374 -0.183298 -0.036969 -0.116813 
3.757748 2.063412 0.734988 0.602747 1.735084 1.700055 1.509780 1.211477 0.671051 -0.068691 -0.021073 -0.040814 
4.023339 2.184594 0.100698 0.430707 1.925206 1.324599 1.015471 1.741401 0.794731 -0.239069 0.124572 -0.027138 
3.552182 1.824258 0.404211 0.434004 1.617188 1.816959 1.329781 1.351369 0.666761 -0.018071 0.024125 -0.054631 
4.378244 2.072328 -0.276265 0.088943 2.535667 1.354188 0.848583 1.907099 1.006625 -0.391158 0.032578 -0.038640 
3.709926 2.119895 0.439608 0.354185 2.065451 1.580546 1.239476 1.574132 0.593701 -0.209863 -0.008076 -0.042581 
3.930697 2.020298 -0.015331 0.305518 2.644828 2.178602 1.014829 1.566386 0.825898 -0.136410 0.051072 -0.050408 
4.305571 2.242863 -0.633312 0.008433 3.074846 2.079204 0.489585 1.513522 1.100871 -0.094778 0.204484 -0.074530 
4.591940 2.597915 -0.938005 0.022182 3.123521 1.747867 0.130206 1.421665 1.287566 -0.074058 0.234187 -0.095284 
3.925171 2.259310 0.405299 0.791457 2.221072 1.612965 0.726329 0.833298 1.202881 0.261797 0.142212 -0.042736 
3.682640 1.974622 0.199529 0.597366 2.181947 1.680769 0.701766 0.967981 1.250172 0.466213 0.199998 -0.050009 
4.063168 1.776922 0.112857 0.669601 2.226704 1.736213 1.075498 1.100468 1.250391 0.177373 0.113922 -0.031348 
3.793327 1.981851 0.330917 0.808493 1.953826 1.607559 0.924707 0.944896 1.077461 0.537799 0.168408 -0.023907 
4.082472 2.179303 0.459167 0.389889 2.394446 1.579273 0.321669 0.866721 1.067118 0.502519 0.220556 -0.036428 
3.839962 2.291614 0.330735 0.513891 2.459774 1.575952 0.740884 1.271087 1.149458 0.569469 0.248399 -0.017238 
4.103810 2.054900 1.001530 0.514266 2.919357 1.695035 0.741267 0.918280 1.478267 0.866191 0.080265 -0.050390 
3.152118 1.997281 1.295180 1.445146 1.768055 1.482171 0.751033 0.738389 1.144249 0.688459 0.121676 0.002170 
4.074550 2.136168 1.009540 1.123501 2.412530 1.516371 1.885022 0.545599 1.436879 1.036710 -0.014733 -0.021601 
3.161956 1.938877 1.336679 1.609514 1.898156 1.671581 1.325495 1.094856 0.929134 0.643469 0.081716 0.028699 
3.684067 2.482841 1.408094 0.849667 2.062501 2.016002 1.797529 0.758897 1.175863 0.633408 0.062763 0.037488 
2.998719 2.210786 1.646775 1.003502 1.800788 1.868868 1.121350 1.066063 1.023965 0.680855 0.170374 0.041823 
3.996716 1.853852 2.326870 0.716852 2.454369 1.503659 1.224090 0.413028 1.623639 1.222809 0.040876 0.034579 
2.860799 2.063263 1.925034 1.472127 1.415072 1.354549 0.700441 0.648323 0.855122 0.740225 0.079266 0.038121 
3.261672 2.232056 1.851464 1.357328 1.649189 0.953085 0.816497 0.030359 1.535717 1.248308 0.203266 0.068873 
3.285241 2.068617 1.871790 1.618531 1.634326 1.287626 0.660272 -0.238240 1.998167 0.930836 0.366666 0.074834 
3.311801 2.573011 1.864225 1.744044 2.008714 1.538306 0.738292 -0.046499 1.592188 0.650207 0.146177 0.032968 
2.696687 2.117442 1.745378 1.678045 1.347537 1.407802 0.499749 0.411951 1.122630 0.484164 0.203216 -0.003153 
