2.668672 1.739022 1.336366 1.432943 1.751986 1.523767 0.834344 0.188064 0.248303 0.637908 0.412919 0.083416 
2.661584 1.763490 1.171946 1.216719 1.844018 1.725352 0.878876 0.205818 0.351951 0.624882 0.522944 0.090632 
2.710698 1.844898 1.144454 1.598384 1.983996 1.517462 0.414278 -0.028818 0.147131 0.483895 0.552684 0.088312 
2.752100 2.173520 1.195559 1.081164 1.346819 1.363014 1.260468 0.056301 0.466125 0.564704 0.457153 0.099088 
2.504175 2.064110 1.935422 1.660804 1.450262 1.286071 0.856951 0.037719 0.586826 0.461350 0.371050 0.075123 
2.593178 2.097924 1.680362 1.514965 1.372862 1.190237 0.612897 -0.059400 0.581426 0.802760 0.573177 0.083414 
2.776658 2.170351 1.569418 1.348228 1.296864 1.218102 0.871623 -0.324651 0.686809 0.555466 0.498814 0.093372 
2.692201 2.276997 1.682317 1.411099 1.218036 0.636419 0.294749 -0.375643 0.315450 0.616019 0.518935 0.098234 
3.073571 2.386179 1.144302 0.769205 1.368865 0.081515 0.671463 -0.523534 0.660294 0.750433 0.477380 0.135039 
3.283302 2.498100 0.959171 0.512413 1.125221 -0.118672 0.844764 -0.553674 0.477351 0.698905 0.547329 0.166143 
3.611956 2.945116 0.578996 0.167590 0.801930 0.061303 0.995732 -0.747352 0.412391 0.707149 0.609386 0.204542 
4.020108 2.893610 0.962370 0.108808 1.042620 0.148065 0.529064 -0.695471 0.209722 0.795658 0.614497 0.215943 
4.206223 3.132065 0.945540 -0.079122 0.843760 0.071888 0.530077 -0.745047 0.504063 0.721270 0.591999 0.202991 
4.460925 3.576869 0.696475 -0.211331 0.719807 0.125942 0.626609 -1.447958 0.527754 0.508570 0.547623 0.194630 
4.855610 3.579873 0.362950 -0.153981 0.524053 -0.053548 0.516079 -1.706693 0.757333 0.351218 0.555321 0.141431 
4.587914 3.867285 0.203238 -0.977564 1.437002 -0.289152 -0.249629 -1.451674 0.660298 0.166239 0.578973 0.108721 
4.567060 3.173412 0.739967 -0.818664 1.336225 -0.242896 -0.797842 -2.055648 0.898449 0.197189 0.429555 0.076282 
4.447668 2.936796 0.702291 -0.354331 1.103971 -0.399737 -1.226053 -1.848329 0.788676 0.256202 0.326620 0.018168 
4.704001 2.839861 0.676938 -0.361308 1.492390 -0.471725 -1.653623 -2.047439 0.917928 0.106784 0.284307 -0.019197 
5.350733 2.540772 0.761136 0.287347 1.200469 -0.234718 -2.189220 -1.893035 0.683402 0.149094 0.110548 -0.056057 
6.031728 3.016887 0.717261 -0.586308 2.233739 -0.626951 -2.448774 -1.553629 0.494671 0.024072 0.036652 -0.106819 
5.416652 2.820936 1.082409 0.258521 1.695245 -0.568598 -2.535418 -1.324462 -0.248808 0.163044 0.014645 -0.088779 
5.703696 3.346075 1.115237 -1.126543 2.610207 -0.757415 -2.036691 -1.448021 -0.550861 0.047763 0.017518 -0.085286 
5.227546 3.301449 0.639468 -0.501401 2.079381 -0.893180 -1.561399 -1.112847 -0.709880 -0.015159 -0.134782 -0.079041 
5.200138 2.939116 0.763455 -0.984885 2.052164 -0.919138 -1.243456 -0.934994 -0.794423 -0.027976 -0.204816 -0.081392 
5.587122 3.044996 0.624434 -1.579559 2.869781 -1.402425 -1.086232 -0.637653 -0.811492 -0.158518 -0.408696 -0.104059 
5.149560 3.085385 0.459143 -1.210953 2.226438 -1.226837 -1.063937 -0.222629 -0.919955 -0.374929 -0.410491 -0.119425 
4.854425 3.045783 0.580581 -1.037740 1.738847 -0.911057 -0.893478 -0.191015 -1.104454 -0.264530 -0.368966 -0.102261 
4.832135 3.000863 0.756946 -1.109577 2.102784 -0.940523 -1.054567 -0.110484 -1.221568 -0.308508 -0.363179 -0.114803 
5.451607 3.092679 0.661932 -1.872252 3.554423 -1.472091 -1.356054 -0.147491 -1.182629 -0.181476 -0.494458 -0.165436 
5.300923 3.333562 0.658287 -1.561442 3.150332 -1.300133 -1.451026 -0.173526 -1.145797 -0.146038 -0.380445 -0.157554 
5.061651 3.131076 1.006149 -0.968119 2.534638 -1.313070 -1.646322 -0.288160 -1.231045 -0.073705 -0.301673 -0.121888 
4.237553 2.852070 1.325876 0.161334 1.152350 -0.822866 -1.556797 -0.902328 -1.081254 -0.146809 -0.247014 -0.069193 
4.314108 2.913544 1.444724 -0.015553 1.097008 -0.667034 -1.650668 -0.989518 -0.996055 -0.131723 -0.229970 -0.071918 
5.924610 3.201777 0.843506 -1.137848 3.515313 -1.528519 -2.343328 -0.516064 -1.338270 0.025351 -0.356367 -0.178581 
3.653855 2.504493 0.996588 0.350171 0.442013 -0.915890 -1.221449 -1.029356 -0.979407 -0.391659 -0.209991 -0.047893 
4.362247 2.811872 1.309953 -0.257723 0.819002 -1.237328 -1.876559 -0.452290 -1.414224 -0.280325 -0.191751 -0.067213 
4.049554 2.656886 1.435043 0.163499 0.296135 -1.387899 -1.968280 -0.907543 -0.862325 -0.200190 -0.217747 -0.056001 
4.076184 2.516863 1.290796 -0.173041 0.575213 -0.808280 -2.071513 -1.322181 -1.067306 -0.083033 -0.148185 -0.061602 
3.458911 2.500987 1.085042 0.194901 0.093562 -0.989750 -1.307014 -1.380970 -1.202956 -0.158051 -0.156136 -0.039443 
4.242465 2.605130 0.718125 0.190514 0.651675 -0.437393 -1.597036 -1.589762 -0.873594 0.046879 -0.143646 -0.053068 
4.107646 2.307540 0.882309 0.221314 0.962822 -0.619195 -1.718395 -1.199100 -0.585601 -0.015192 -0.173151 -0.070411 
4.077976 2.178328 0.749821 0.197038 0.650769 -0.315032 -1.487573 -1.027130 -0.371802 -0.143882 -0.163184 -0.055387 
3.798626 2.253319 0.580770 0.270386 0.927117 -0.181846 -1.341105 -0.910300 -0.491570 -0.032101 -0.109099 -0.025054 
3.780240 2.459965 0.733663 -0.047964 1.202845 -0.005512 -1.320310 -0.800127 -0.514119 0.061841 -0.049167 -0.000635 
3.822460 2.457718 1.223313 0.254596 0.867830 -0.153689 -1.360508 -0.518212 -0.375039 -0.078337 0.068043 0.035346 
4.542716 3.230781 1.020048 -0.187397 2.536108 -0.802386 -2.161085 -0.046706 -0.140205 0.094675 0.091722 -0.053544 
3.941951 2.857342 1.915347 0.882028 1.256217 -0.407596 -2.033043 0.117764 -0.424294 0.023889 0.095766 0.032578 
4.364442 3.926087 1.580289 0.019666 2.603747 -0.069273 -1.837946 -0.868475 -0.164851 -0.125972 0.290407 -0.010505 
3.739167 2.963674 1.949823 0.896420 1.604658 0.361963 -1.258420 -0.640345 -0.285903 -0.142688 0.087686 0.032420 
3.909232 3.208379 2.144900 0.539121 2.278282 0.282172 -1.442178 -0.354407 -0.224716 0.043104 0.011799 -0.014732 
3.694758 2.772244 2.102393 0.809237 2.085572 0.776101 -1.099229 -0.261230 -0.176644 -0.073167 -0.089671 -0.019373 
3.898076 3.222767 1.664351 -0.208874 3.376899 1.136456 -1.560718 -0.304551 -0.307408 0.204702 0.139558 -0.070085 
3.613519 3.357882 1.562251 0.236208 3.820853 0.800733 -1.346496 -0.366250 -0.174751 0.202537 0.159083 -0.071046 
3.307052 2.574712 1.788534 1.099656 2.733442 0.844554 -0.868179 -0.306955 -0.087219 0.152754 0.121586 0.008913 
3.178423 2.320761 1.662785 1.059451 1.887201 0.832696 -0.217630 -0.035174 0.338207 0.344509 0.210812 0.059000 
3.224699 2.986843 2.264434 0.416834 2.574673 0.878985 -0.524737 0.099884 0.109620 0.039010 0.128329 0.019342 
3.355186 3.315350 2.518589 0.424311 2.673302 0.813240 -1.091216 0.185292 0.119740 -0.229858 0.099259 -0.032969 
3.036094 3.058616 2.657593 0.903869 2.480927 0.527418 -0.460043 0.107346 -0.147213 -0.294127 -0.001663 -0.018190 
3.212051 3.255613 2.796899 0.777592 2.873089 1.116883 -0.394473 -0.119853 -0.186077 -0.276458 -0.006370 -0.032750 
3.343704 3.328002 3.286442 1.128637 3.207067 1.284408 -0.972411 -0.248157 -0.159323 -0.385633 0.190684 -0.056021 
3.276000 3.535655 3.589873 0.993033 3.984954 1.179622 -1.389662 -0.043596 -0.217867 -0.017633 0.133493 -0.099760 
3.250954 3.440655 3.491693 0.940446 4.303674 1.135564 -1.249682 -0.258516 -0.217954 0.097917 0.189446 -0.094969 
3.491532 4.051893 3.323222 0.315753 5.019586 1.487530 -1.768722 -0.195192 -0.175798 0.333268 0.304850 -0.132196 
3.475995 3.718070 3.026041 0.507413 5.061910 1.406073 -1.104113 -0.031112 -0.130427 0.224880 0.308729 -0.124910 
3.568127 3.896402 2.976971 0.774864 5.193426 1.463750 -1.003250 -0.324782 -0.092800 0.022193 0.370304 -0.133653 
3.666123 4.483978 2.502531 0.680052 5.363595 1.589219 -0.780213 -0.509099 -0.025886 -0.198461 0.497593 -0.163460 
3.921901 4.635810 2.389797 0.594692 5.086889 1.899464 -0.791167 -0.780651 0.001962 -0.507458 0.603008 -0.153827 
3.561797 3.548007 2.724280 1.389686 3.392130 1.687098 -0.493355 -0.672424 -0.339442 -0.398562 0.377769 -0.056791 
3.470242 3.088621 2.577366 1.734907 2.582108 1.336877 -0.241658 -0.610869 -0.243613 -0.322810 0.310760 -0.038728 
3.363815 2.893727 2.332168 1.982971 2.033502 0.964317 -0.382764 -0.688847 -0.334461 0.056349 0.239450 -0.034601 
4.387397 4.013975 1.979593 0.897021 3.153806 2.030146 -1.197251 -1.661204 0.064082 -0.258791 0.456155 -0.013188 
4.254453 3.102210 1.438657 1.787061 3.115510 1.569358 -0.791244 -1.331257 -0.090959 -0.213020 0.392382 -0.023341 
3.868187 2.550328 1.511599 1.504028 2.547636 1.264297 -0.267748 -1.372182 -0.161462 0.239361 0.351990 -0.001577 
3.824568 2.123788 1.164222 1.280310 1.795032 1.560776 -0.430005 -0.758749 0.032472 0.549606 0.355854 0.005286 
5.312188 2.696495 -0.008350 0.812690 2.533378 2.101394 -0.875312 -1.085452 0.579883 0.368703 0.515930 0.022396 
5.117893 2.804294 0.095262 0.424819 2.797645 1.710640 -0.796860 -0.696148 0.284230 0.533791 0.579693 0.059353 
4.347623 2.460316 0.514959 0.501018 1.887371 1.799087 -0.088209 -0.324150 0.268124 0.577405 0.487731 0.089922 
4.518867 2.028805 0.911914 1.271190 2.549789 1.707932 -0.474706 -0.320590 0.552535 0.868854 0.429936 0.023320 
4.783004 2.299388 0.664241 1.204081 3.213565 1.968039 -0.621706 -0.440790 0.659180 0.781742 0.439130 -0.008398 
4.699679 2.414296 0.529707 0.611773 3.552380 2.379761 -0.508281 -0.174945 0.664215 0.727179 0.412726 -0.044099 
4.432606 2.173920 0.411301 1.478566 3.217782 2.078509 -0.393816 -0.235245 0.535539 0.909695 0.382519 -0.017147 
4.180250 1.755862 0.583282 1.430091 3.076091 1.941637 -0.530528 -0.069240 0.821115 0.892947 0.491804 0.012016 
4.111066 1.629343 0.381289 1.363602 2.709662 1.453544 -0.745545 0.123795 1.052559 1.083040 0.587954 0.028904 
4.624929 1.967307 -0.034117 1.089137 2.726121 1.544532 -0.891863 -0.211936 1.237097 1.013702 0.616313 0.028053 
