1.066872 -0.189998 1.544445 4.725098 0.639429 -0.279256 0.732773 1.803139 1.017561 -0.269087 0.544206 0.094612 
0.973599 -0.357862 1.942805 4.170364 1.071834 -0.879247 0.883422 1.936014 0.874251 -0.089982 0.420681 0.103748 
1.020613 -0.642189 2.081768 3.817139 0.679819 -0.489611 1.543753 1.679850 0.786770 0.125066 0.239274 0.109616 
0.786824 -0.897929 2.729954 3.789924 1.363673 -0.582704 1.457751 1.371524 0.450098 0.271194 0.262878 0.091888 
0.809835 -1.063432 2.806318 3.745607 1.495347 -0.532497 1.166015 1.388017 0.516604 0.228136 0.311621 0.077878 
0.814788 -1.377443 2.867667 3.384582 1.704581 -0.659534 1.172675 1.729098 0.472850 0.152471 0.319943 0.097226 
0.903644 -1.086836 2.920484 3.689147 1.690606 -1.106215 0.648873 1.939551 0.448802 0.190028 0.314087 0.072159 
0.778785 -1.177905 2.587375 4.025072 2.323055 -1.254028 0.313470 2.047027 0.599442 0.162397 0.264971 0.057404 
0.894224 -1.793630 2.880802 3.699134 2.180408 -1.010820 0.454124 2.241795 0.613939 0.136117 0.333638 0.045826 
0.841718 -1.899839 2.989650 3.678099 1.801820 -0.912730 0.349359 2.014289 0.591844 0.166319 0.302772 0.046246 
0.890596 -1.967265 3.248943 3.838029 1.875868 -0.768013 0.315979 2.098823 0.463584 0.106650 0.317091 0.061543 
0.555712 -1.626168 3.215794 3.263671 1.390191 -0.567059 0.822578 1.945426 0.278546 0.085266 0.296781 0.117009 
0.703968 -1.544605 3.551737 3.307372 1.001639 -0.411449 0.960739 1.932450 0.076875 0.148795 0.293013 0.118031 
0.728770 -1.257863 3.761902 3.171335 1.141122 -0.577982 0.913962 1.647177 0.178188 0.022698 0.382913 0.118868 
0.905417 -1.365612 3.942105 2.812931 0.702879 -0.893014 1.187705 1.526142 0.508647 0.069407 0.442757 0.109682 
0.945258 -1.148983 3.991331 3.158293 0.820459 -0.634593 1.048189 1.119826 0.462395 0.124010 0.487576 0.065668 
1.163377 -0.775018 3.628915 3.269297 0.495121 -0.758656 0.972232 1.116079 0.709993 0.085962 0.563794 0.068995 
1.183575 -0.573814 3.569903 3.506835 0.560379 -0.334590 1.323015 1.106829 0.343249 0.183478 0.509238 0.062544 
1.654804 -0.303947 3.090846 3.144260 1.159312 -0.571605 1.175765 1.230560 0.588493 -0.013641 0.516660 0.115340 
2.351156 0.334959 3.063662 2.418186 1.821822 -0.059612 0.971066 0.960851 0.679805 -0.279288 0.488445 0.155629 
3.531259 1.001653 2.107990 1.807779 1.579859 0.389851 0.193549 0.646992 0.464588 -0.153956 0.028149 0.086277 
4.486227 1.352163 1.068972 1.968952 2.002607 0.107716 0.622619 0.532447 -0.256897 -0.256982 -0.098901 0.046454 
4.323509 1.718720 1.126145 1.626843 1.697799 0.473189 0.500800 0.541782 -0.272032 -0.626038 -0.168190 0.031962 
4.669606 1.992889 0.508768 1.741630 2.095637 0.190622 -0.032246 0.534031 0.072124 -0.862869 -0.323337 0.003300 
5.050707 2.165229 0.139834 1.453663 2.702390 0.188655 -0.539317 0.228775 0.076374 -0.777064 -0.355951 -0.028223 
4.567201 1.884702 0.401094 1.723172 1.789456 0.521362 -0.592083 -0.049462 -0.031015 -0.799879 -0.225816 -0.011965 
4.438151 1.891374 0.358372 1.439290 1.928848 0.142012 -0.642693 -0.181352 -0.043814 -0.776760 -0.218637 -0.017863 
4.548579 1.797166 0.360827 1.131980 1.749710 0.143249 -0.766917 -0.265048 0.009711 -0.897490 -0.233299 -0.009595 
4.993470 1.967217 -0.188405 0.862776 2.159222 0.227959 -1.100918 -0.371540 -0.073445 -0.875941 -0.296551 -0.031381 
4.668529 1.864871 -0.023962 1.028237 1.846655 0.445411 -1.033122 -0.529206 -0.117987 -0.886355 -0.284466 -0.036791 
4.524940 1.749858 0.266675 0.949044 1.809543 0.301543 -0.851300 -0.521902 -0.382350 -0.771191 -0.297340 -0.039079 
4.653554 1.923109 0.136288 0.878938 1.783673 0.048467 -0.624583 -1.021965 -0.122660 -0.897603 -0.280306 -0.046613 
5.224877 2.221208 -0.399378 0.558298 1.701040 -0.062762 -0.781918 -1.370417 -0.021569 -0.908866 -0.277418 -0.074060 
5.637389 2.356682 -0.839626 0.208378 1.729106 -0.276647 -0.927028 -1.547541 -0.049356 -0.924616 -0.295045 -0.079457 
5.554911 2.249020 -0.755785 -0.401590 1.907289 -0.665749 -1.052888 -1.243019 -0.286899 -0.786048 -0.302103 -0.050000 
6.085008 1.768267 -0.732410 -0.336980 1.203400 -0.280327 -1.416512 -0.889571 -0.442816 -0.635797 -0.290167 -0.041395 
5.285233 1.988888 -0.731748 -0.433481 0.599324 -0.112985 -1.275102 -1.044618 -0.344673 -0.602032 -0.124933 -0.026079 
4.674971 1.972379 -0.601834 -0.628323 0.383745 -0.364847 -1.404666 -0.945197 -0.243269 -0.437028 -0.067056 -0.044507 
4.648954 1.808222 -0.498968 -0.563388 -0.158499 -0.829158 -1.273835 -0.607431 -0.275211 -0.407838 -0.121783 -0.046029 
5.611884 1.997045 -1.162507 -1.136488 0.016841 -0.683604 -1.535300 -0.720433 -0.097477 -0.639128 -0.203866 -0.059285 
5.275038 1.899978 -1.033631 -1.270261 -0.081121 -0.713873 -1.466086 -0.789153 -0.212758 -0.592592 -0.141109 -0.059114 
4.644207 1.985790 -0.787277 -1.199622 -0.548281 -0.709623 -1.085950 -0.819925 -0.494798 -0.491831 -0.081316 -0.056931 
4.450847 1.777303 -0.480850 -1.156229 -0.670256 -0.925300 -1.043823 -0.582047 -0.400707 -0.630794 -0.112258 -0.069469 
5.381520 2.021928 -1.346639 -0.912889 0.099311 -1.349808 -1.402131 -0.702592 0.032028 -0.603536 -0.292321 -0.113292 
6.626935 1.907824 -1.688423 -0.887478 1.218453 -1.796860 -1.286372 -0.656133 -0.067778 -0.314445 -0.508253 -0.131876 
7.087457 1.586949 -1.500283 -0.301870 1.558865 -2.179489 -0.600973 -0.824555 0.180261 -0.350276 -0.583609 -0.118100 
6.855964 1.534190 -0.996175 0.012631 1.458137 -1.804013 -0.686676 -0.507414 0.207755 -0.284990 -0.523175 -0.126231 
6.251380 1.531279 -0.364628 -0.151247 0.979653 -1.034388 -1.307043 0.185512 0.213636 -0.225304 -0.390301 -0.124387 
6.805928 1.215825 -0.266882 -0.487882 1.408633 -1.187813 -1.316665 0.577200 0.270601 -0.109324 -0.327914 -0.101198 
7.152132 0.968241 -0.130615 -0.834090 1.645839 -1.127197 -1.308572 0.768353 0.388781 -0.020755 -0.281160 -0.089504 
7.123691 0.667538 0.165150 -1.050157 1.592645 -0.799015 -1.422757 0.951698 0.572224 -0.001526 -0.175208 -0.069705 
6.395674 1.222245 -0.388325 -0.279045 1.080918 -0.654907 -1.219989 0.852840 0.838776 0.137134 -0.129056 -0.037998 
6.730655 1.270777 -0.433526 -0.500255 1.288704 -0.401158 -1.628771 1.207541 0.918853 0.286456 -0.037931 -0.047054 
6.925974 1.262024 -0.371720 -0.494209 1.337138 -0.297618 -1.714560 1.398533 1.131398 0.388292 0.016534 -0.036982 
6.935865 1.103339 -0.153867 -0.112309 1.101229 -0.300710 -1.393268 1.246048 1.255125 0.416677 0.049846 0.006741 
7.045732 1.188630 0.119839 -0.344783 1.282701 -0.160523 -1.240867 1.298509 1.155599 0.447483 0.150317 0.022220 
6.814244 1.744399 0.094822 0.194806 0.920187 0.365619 -1.033794 0.763070 1.140815 0.521298 0.140573 0.033344 
5.022104 2.881829 0.762736 0.309708 0.695985 0.337506 -0.213631 0.315879 0.756065 0.429303 0.241876 0.060637 
4.615100 2.856455 0.992485 0.493263 0.925953 0.409137 -0.031195 0.251127 0.720245 0.642162 0.331540 0.090528 
4.275862 2.880640 1.467395 0.857060 0.785581 0.579060 0.175022 0.591049 0.820538 0.658392 0.434052 0.120345 
4.041468 2.893148 1.460669 0.860387 0.960377 0.946614 0.739772 0.715776 0.830443 0.653251 0.404265 0.105433 
3.685367 2.764752 1.563041 1.024403 1.091981 1.195908 1.079452 0.831672 0.679290 0.490910 0.251420 0.070114 
3.825910 2.763021 1.532235 1.052511 1.263974 1.462449 1.517640 0.914396 0.460909 0.193219 0.219342 0.068297 
3.595820 2.589187 1.609243 1.273378 1.553604 1.860159 1.639081 0.860609 0.322880 0.050605 0.130328 0.059938 
3.424592 2.506909 1.636646 1.315473 1.623921 1.778821 1.494568 0.867365 0.258293 0.062812 0.113363 0.058428 
3.262986 2.442516 1.708481 1.347730 1.527299 1.644767 1.305025 0.718950 0.243364 0.126032 0.138643 0.059909 
3.390697 2.549890 1.756915 1.316429 1.506134 1.614702 1.211767 0.763153 0.263413 0.113824 0.160675 0.060847 
3.368747 2.558880 1.754654 1.310454 1.392991 1.482701 1.317411 0.682643 0.265812 0.140584 0.136681 0.058471 
3.464704 2.596896 1.701414 1.216557 1.294004 1.279692 1.064204 0.705579 0.270835 0.086710 0.128190 0.054653 
3.433732 2.468669 1.650820 1.241594 1.247151 1.086271 0.804153 0.573737 0.308720 0.097168 0.094631 0.052316 
3.577040 2.521187 1.603725 1.175232 1.106200 0.910580 0.633452 0.620192 0.353318 0.067818 0.076011 0.048601 
3.590618 2.520373 1.560187 1.049526 0.997376 0.921512 0.661037 0.590187 0.370857 0.110232 0.048843 0.046054 
3.549522 2.506736 1.504965 1.094161 1.137429 1.068433 0.838625 0.768629 0.464103 0.066897 0.030638 0.039890 
3.718609 2.577410 1.534972 1.163543 1.286952 1.081432 0.830088 0.821682 0.687726 0.142466 0.015400 0.028778 
4.554046 2.664740 1.272974 1.509761 1.738767 0.434180 -0.332897 0.380217 1.148461 0.288640 -0.101653 -0.042316 
4.554290 2.633469 1.449493 1.736673 1.735485 -0.055793 -1.077448 -0.076811 1.010307 0.557728 -0.175760 -0.063530 
4.545268 2.555337 1.453213 1.882996 1.633589 -0.211427 -1.411034 -0.374019 0.933659 0.561032 -0.189598 -0.064671 
5.280135 2.368103 1.066113 1.799187 1.774836 -0.519850 -1.697694 -0.449779 0.990094 0.450416 -0.141647 -0.073108 
4.790275 2.295901 1.057062 1.868398 1.493831 -0.662799 -1.783539 -0.480377 0.924335 0.471708 -0.129182 -0.046970 
4.566138 2.314522 0.764711 1.457651 1.609976 -0.666789 -2.017178 -0.565616 0.830880 0.465328 -0.027417 -0.025983 
4.786339 2.353307 0.378228 1.221609 1.767996 -0.497032 -2.303082 -0.636336 0.861301 0.304112 0.058091 -0.020032 
5.191054 2.266402 0.157292 1.246068 1.790118 -0.439514 -2.332292 -0.771258 0.948031 0.214486 0.067953 -0.006347 
5.002230 2.067678 0.279222 1.286612 1.614444 -0.708275 -2.187211 -0.716197 0.900496 0.263160 0.067634 0.015316 
4.805370 2.133524 0.050386 0.995409 1.721711 -0.678044 -2.110385 -0.547946 0.783105 0.322030 0.089452 0.010996 
5.045349 2.253825 -0.317673 0.888562 1.968508 -0.434496 -2.158722 -0.508290 0.922582 0.249740 0.095285 -0.005140 
