2.405618 2.197070 1.964182 1.619893 1.183332 0.775804 0.395197 0.287899 0.903936 0.347219 0.092816 0.086057 
2.611971 2.065574 1.435353 1.817978 1.003382 0.830026 0.697124 0.264039 0.558360 0.363623 -0.057881 0.075532 
2.536808 1.671571 1.899189 1.652095 1.619975 0.777600 0.600825 0.255372 1.001199 0.450942 -0.057467 0.079101 
2.848961 2.018577 1.406963 1.873006 1.779092 1.374877 0.139045 0.402334 0.851400 0.408679 0.017791 0.056416 
2.624548 1.773334 1.435696 1.561394 1.549987 1.012631 0.108564 0.704559 0.781203 0.360111 0.067911 0.071158 
2.626337 2.084643 1.844235 1.975093 1.244466 1.160501 0.067876 0.286926 0.735048 0.390608 -0.194437 0.071140 
2.675794 2.248364 1.926842 2.617227 1.127012 1.770508 0.717494 0.086850 0.954603 0.166508 -0.304356 0.053161 
2.654406 1.929877 2.311277 2.261520 0.806102 1.490809 0.711975 0.600201 0.342197 0.211568 0.073789 0.073295 
2.430632 1.883972 2.008754 2.166308 0.603033 1.227129 0.910719 0.593340 0.153027 -0.008694 0.105005 0.076965 
2.443354 1.819025 2.034650 2.245115 0.914787 1.186750 0.972229 0.813592 0.046630 0.009387 0.094615 0.080476 
2.688735 1.671363 1.841348 2.735645 0.697148 0.936020 0.696276 0.489013 0.026919 0.218957 0.342235 0.079087 
2.510500 2.029521 1.732776 2.157623 1.197524 0.387186 0.875929 0.777212 0.445829 0.196167 0.183353 0.085368 
2.584671 1.836010 1.829776 2.357499 1.140057 0.388390 0.637530 0.520052 0.363626 0.183513 0.250111 0.083349 
2.665530 1.656700 1.937722 1.821480 1.158878 0.572967 0.766406 0.543250 0.558632 0.157385 0.264203 0.086886 
2.501286 1.922692 2.240514 2.182743 1.185996 1.022188 0.858566 0.555132 0.741415 0.198250 0.284290 0.078446 
2.696664 1.889564 1.950853 1.891681 0.948219 0.647770 0.921530 0.537072 0.467294 0.203342 0.323100 0.081278 
2.708851 1.967189 2.216213 1.700159 0.996095 0.910076 0.738315 0.049563 0.402243 0.453324 0.146336 0.074712 
2.979179 2.342897 1.837909 2.344615 1.090622 0.863913 0.996292 -0.154012 0.037177 0.356462 0.154726 0.055757 
2.886978 2.419200 2.345278 1.895620 1.270046 0.812572 0.558392 0.023248 -0.229622 -0.230769 -0.253221 0.018202 
3.557214 3.152227 2.847787 2.282574 1.117806 0.320153 0.590910 -0.354279 -0.466213 -0.221075 -0.165971 -0.029787 
3.811836 3.517071 3.291306 2.049733 0.912214 -0.009521 0.052750 -0.209171 -0.240244 -0.241588 -0.282840 -0.045431 
3.623860 3.198987 2.838495 2.385532 1.499151 0.038888 -0.122126 -0.147769 -0.606945 -0.351938 -0.271814 -0.054995 
3.548534 3.072583 2.625999 2.101791 0.986419 0.277907 -0.244957 -0.226099 -0.339007 -0.511425 -0.302849 -0.060014 
3.906390 3.254278 2.421341 1.671888 1.294651 0.025204 -0.008262 -0.230452 -0.456666 -0.251075 -0.403784 -0.078388 
3.950342 3.195024 2.626333 1.681832 0.845716 -0.048454 -0.338983 -0.204847 -0.123298 -0.174430 -0.462030 -0.084662 
3.546585 2.884223 2.219469 1.603519 0.937073 0.268331 0.122980 -0.284808 -0.359452 -0.440354 -0.463558 -0.083688 
3.703555 2.989036 1.999342 1.179261 0.704603 0.437372 0.402865 0.145297 -0.358012 -0.671525 -0.463487 -0.098520 
4.151177 3.198713 2.163973 0.990838 0.684133 0.353843 0.359776 0.013849 -0.499565 -0.670920 -0.371881 -0.096970 
4.053036 3.316795 2.150159 0.525509 0.324655 0.118646 0.223740 -0.111410 -0.725828 -0.680582 -0.347493 -0.099088 
4.023230 3.129532 1.944602 0.552516 0.177568 -0.056559 -0.086710 -0.263640 -0.818055 -0.721162 -0.273860 -0.077193 
4.262314 3.340999 2.182993 0.410107 0.080064 -0.432232 -0.609381 -0.368682 -0.893709 -0.812999 -0.192702 -0.070757 
4.708773 3.502145 1.870546 0.073841 0.314417 -0.822229 -0.823543 -0.087758 -0.948520 -1.002456 -0.222458 -0.078189 
4.711499 3.340009 1.664666 0.468496 -0.024574 -0.575541 -1.003768 -0.504178 -0.665974 -1.081707 -0.198928 -0.058550 
4.676204 3.186028 1.759191 0.320428 0.090280 -0.843375 -1.030273 -0.285860 -0.724642 -1.094510 -0.184078 -0.053329 
4.971030 3.378432 1.558593 0.191481 0.557996 -1.193685 -1.394376 -0.080818 -0.687091 -1.250974 -0.230013 -0.064006 
4.704542 3.242818 1.802835 0.418460 0.145385 -1.225951 -1.497559 -0.242724 -0.835477 -1.208516 -0.157248 -0.046950 
5.004395 3.302208 1.684449 0.031540 0.421027 -0.921996 -1.903790 -0.398009 -0.795333 -1.189525 -0.175800 -0.060563 
4.654524 3.276928 2.061258 0.269448 0.164244 -1.200721 -1.848833 -0.716029 -0.873906 -0.891033 -0.120732 -0.042576 
3.675025 2.757020 1.841772 0.745186 -0.375448 -0.836467 -1.203242 -1.416477 -0.971713 -0.637853 -0.052857 -0.035163 
3.930086 2.988140 1.693894 0.397481 0.202431 -0.792329 -1.391514 -1.053384 -0.996156 -0.689586 -0.089713 -0.038778 
4.858787 3.347186 2.025282 0.548593 0.809892 -1.489187 -1.931624 -0.365704 -0.969431 -1.070828 -0.195429 -0.058136 
4.503457 3.018955 1.981215 0.702686 0.393585 -1.337588 -2.087792 -0.675872 -0.789437 -0.965465 -0.153509 -0.048331 
3.579097 2.479432 1.717995 0.799129 0.008144 -1.090759 -1.422212 -0.872452 -0.981051 -0.706638 -0.078614 -0.041853 
3.743479 2.655063 1.625538 0.841455 0.125806 -1.201182 -1.665570 -1.026508 -0.791519 -0.695852 -0.111117 -0.043093 
4.548544 2.977156 1.742709 0.519763 0.730539 -1.662382 -2.022094 -0.360428 -0.805851 -1.172861 -0.154867 -0.042454 
4.542343 3.108754 1.660549 0.210697 0.788861 -1.504310 -1.851097 -0.267327 -1.168585 -1.234020 -0.139306 -0.054798 
4.637011 3.009896 1.820146 -0.028017 0.614005 -1.174398 -1.780023 -0.251585 -1.346492 -1.395929 -0.089233 -0.047661 
3.865627 2.615568 1.514696 0.228134 -0.114046 -0.692814 -1.365280 -0.886124 -0.905102 -0.921088 -0.039083 -0.031331 
3.826122 2.708925 1.260417 0.450693 0.353454 -0.841169 -1.246667 -0.806886 -1.085957 -0.839217 -0.084400 -0.040591 
4.712778 2.970076 1.626196 -0.059547 0.801025 -1.074833 -1.586214 -0.323721 -1.132693 -1.341493 -0.171694 -0.059334 
5.698752 2.620396 1.989262 -1.319667 2.307962 -1.689726 -1.904635 -0.041916 -0.767219 -1.504814 -0.549454 -0.090707 
3.790567 2.520655 1.436617 0.252867 0.048137 -0.704745 -1.443049 -0.937754 -0.924036 -0.631842 -0.132273 -0.055709 
3.779249 2.895519 1.453917 0.282523 0.311740 -1.089173 -1.160946 -0.680696 -1.115293 -0.732269 -0.099907 -0.050998 
4.771854 2.733332 1.625217 -0.113298 0.916565 -1.401421 -1.536309 0.419242 -1.388884 -1.203835 -0.179610 -0.052279 
4.133858 2.688206 1.496718 0.265611 0.926627 -1.348822 -1.354926 -0.032829 -1.116158 -0.835508 -0.095497 -0.034289 
3.865570 2.631226 1.620122 0.536135 0.476598 -1.190185 -1.234927 -0.109622 -0.661596 -0.557347 -0.132927 -0.027998 
4.557495 2.893917 1.898635 0.416265 1.544353 -2.078291 -1.480011 0.263976 -0.803942 -0.900645 -0.183992 -0.013087 
4.310154 2.832988 2.058747 0.587395 0.930296 -1.698674 -1.190485 0.409302 -0.734244 -0.806177 -0.109412 -0.007743 
3.544140 2.663097 1.706651 0.438548 0.519798 -0.574292 -0.760964 -0.320420 -0.661087 -0.395041 -0.133116 -0.009284 
3.959109 2.887033 1.787783 0.619243 1.304604 -1.872069 -0.843162 0.008070 -0.351336 -0.270690 -0.268124 0.000991 
4.433864 2.872904 1.950972 -0.003495 1.721829 -1.148625 -0.803774 0.393358 -0.193229 -0.546394 -0.160406 -0.019530 
4.199873 2.921013 1.952864 0.371521 1.712234 -1.541774 -0.083452 0.442816 -0.210293 -0.757389 -0.195618 0.011532 
3.768277 2.430141 1.858247 1.348192 1.459378 -1.478243 -0.182399 0.392661 -0.252085 -0.462978 -0.230234 0.037504 
4.053423 2.912436 2.254389 1.055573 2.931505 -2.785991 -0.018235 0.479666 -0.182606 -0.639043 -0.293773 0.116447 
3.557105 2.757326 2.108967 1.424990 2.057627 -2.566502 -0.030958 0.431126 0.045058 -0.587579 -0.234479 0.107627 
3.813344 2.533594 2.525601 0.696429 2.803951 -3.013553 -0.052201 0.771350 -0.250758 -0.384349 -0.208944 0.168289 
3.140438 2.442255 2.073601 0.838527 2.002423 -1.175957 0.217876 0.181219 -0.351539 0.012188 -0.227997 0.063999 
3.401508 2.958179 2.618023 0.788305 2.663012 -2.178376 0.195915 0.282267 -0.397124 0.052812 -0.268093 0.091691 
3.874118 3.256517 2.460659 0.279189 3.080323 -2.141120 0.425617 0.663550 -0.621578 -0.069594 -0.378075 0.047573 
4.060309 3.348991 2.786791 -0.007862 2.729031 -1.854203 0.844078 0.117808 -0.695414 -0.167757 -0.282523 0.076154 
3.587063 3.130128 1.964009 0.917558 1.726640 -1.154870 0.439787 -0.123453 -0.284502 -0.029143 -0.274280 0.034744 
4.231105 2.998626 2.078481 0.640747 1.324935 -0.793161 -0.082614 0.157529 -0.304087 -0.393180 -0.038170 0.027449 
4.780019 3.099908 2.498674 0.155291 1.606826 -1.966410 0.073816 0.315207 -0.061370 -0.435094 -0.006215 0.113015 
4.947064 2.973350 1.924091 0.282091 1.846331 -1.887117 0.042465 0.559516 -0.046936 -0.632100 -0.013819 0.132387 
4.407135 2.881904 1.406407 0.618490 0.971430 -1.316740 -0.314935 0.290296 -0.116094 -0.593740 0.059314 0.072082 
4.598489 2.928566 1.557611 0.595827 1.430786 -1.675353 -0.130131 0.957571 -0.338744 -0.706657 -0.004868 0.086751 
5.137780 2.541176 1.829890 -0.326438 1.870350 -1.850041 0.155825 1.274668 -0.535747 -0.730399 -0.180787 0.084818 
5.037658 2.617814 1.768116 -0.752341 1.865462 -1.713179 0.153207 1.163913 -0.586856 -0.642289 -0.196363 0.046676 
4.573371 2.868959 1.741066 -0.412920 0.664994 -0.497785 0.074194 0.717952 -0.385427 -0.568230 -0.026165 -0.007184 
5.105363 3.101546 1.776222 -1.045557 0.551908 -0.456419 -0.080825 0.402627 -0.054237 -0.447391 -0.011974 0.002025 
5.203535 2.822344 1.871285 -0.877529 0.921779 -0.739672 -0.534108 0.479451 0.397111 -0.353290 0.025311 0.014613 
4.531094 2.883226 1.840650 0.232022 0.230104 -0.513530 -0.459994 0.300133 0.377721 0.031539 0.155873 0.040794 
4.719771 2.833024 1.437784 0.339080 0.817768 -0.701068 -0.643387 0.738772 0.512067 0.294937 0.229993 0.057562 
5.016538 2.641157 0.703647 0.341819 1.588380 -1.022950 -0.405111 1.166093 0.557359 0.325573 0.237069 0.112684 
4.942221 2.137459 0.798807 0.319589 1.609201 -0.410509 -0.337633 1.204132 0.702584 0.029448 0.311621 0.138626 
