0.541170 0.629605 3.798398 2.413058 -0.550269 0.439008 2.247092 0.104917 1.228165 -0.146512 0.181725 0.194096 
0.614263 0.137661 4.223364 1.948373 -0.885084 0.509468 2.668932 -0.281737 1.348996 -0.018608 0.280192 0.157967 
0.513731 -0.039729 4.017209 2.108956 -0.619003 1.346825 3.040401 -0.447825 1.141462 -0.031850 0.228433 0.147038 
0.377265 0.045015 4.052218 1.429607 -0.717258 1.312587 3.075836 -0.516822 1.026535 0.084567 0.172222 0.140047 
-0.060634 0.134786 3.706982 1.888965 -1.302677 1.527936 2.549465 0.238560 0.901687 0.285992 0.216503 0.085712 
-0.432195 -0.055054 3.880984 1.989214 -1.574546 1.352149 2.321566 0.695799 0.798412 0.409127 0.239598 0.071012 
-0.185788 0.169699 3.872382 2.155208 -0.887558 0.529053 2.340230 0.531458 0.431836 0.555823 0.069302 0.128234 
-0.394527 0.149568 4.653883 2.711396 -0.968346 0.061215 2.579121 0.853186 0.603069 0.541591 0.194061 0.139901 
-0.091960 -0.210245 4.340245 2.615920 -0.759085 0.360795 2.687041 0.757610 0.594867 0.333585 0.204626 0.153053 
-0.601452 -0.350622 4.704389 2.960140 -0.587228 0.098818 2.991542 0.628668 0.538522 0.296681 0.347679 0.126699 
-0.447739 -0.630090 4.867488 2.900912 -0.855029 0.483535 2.590297 0.580627 0.985707 0.070984 0.462080 0.095785 
-0.775989 -0.303943 5.303144 2.954776 -1.165577 0.492550 2.759360 0.207365 0.961111 0.163512 0.443780 0.085866 
-0.676764 -0.027467 4.887756 2.553430 -1.065522 0.669508 2.179546 0.503352 0.808992 0.275535 0.385535 0.069909 
-0.701439 0.267286 5.146812 2.406994 -0.753047 0.722670 1.997721 0.405503 0.731509 0.359082 0.314850 0.064601 
-1.265303 -0.381495 4.506919 2.461143 -0.432575 0.968506 2.336886 0.601462 0.588741 0.374010 0.326876 0.048437 
-1.412025 -0.294876 4.841020 2.880094 -0.669915 0.758239 2.214665 0.778741 0.297669 0.406744 0.367864 0.058562 
-1.379872 -0.091731 5.306049 2.974274 -0.735745 0.534455 2.665571 0.772817 0.289490 0.490042 0.352946 0.071385 
-0.430663 -0.101853 4.674463 2.735700 -0.782270 0.877712 2.600852 0.412628 0.546448 0.360420 0.264947 0.087574 
-0.308013 -0.014757 4.204601 2.979749 -0.628427 0.996747 2.636413 0.482854 0.704243 0.266007 0.227459 0.121355 
-0.572032 -0.309853 4.141927 2.786381 -0.307153 1.305454 2.993348 0.856975 0.766964 0.163637 0.342635 0.126566 
0.065031 -0.310227 3.820369 2.725246 -0.448066 1.121548 3.207906 0.332429 0.671582 0.093431 0.359966 0.123969 
0.936912 0.258684 4.010767 3.178246 -0.628581 0.937583 2.532691 0.634859 -0.190347 0.334565 0.362214 0.060824 
1.595755 0.544315 3.601097 2.711693 -0.200326 0.363715 2.305741 0.092003 -0.297496 0.145806 0.205406 0.058120 
2.755800 1.113908 5.098722 2.745820 0.095706 0.559768 1.365946 -0.322474 -0.351050 0.043943 0.130887 -0.024022 
3.419776 1.782269 3.715126 2.904943 0.574657 0.236745 0.969676 -0.126463 -0.399570 0.152532 -0.103853 -0.057408 
3.562495 1.983129 2.893963 2.462465 0.879506 0.043564 0.384144 -0.029476 -0.416006 -0.188140 -0.101905 -0.049837 
3.669125 2.360843 2.324289 2.035417 1.099735 -0.056440 0.134411 -0.405186 -0.381249 -0.257800 -0.103197 -0.058341 
3.675705 2.386193 2.354807 1.853470 0.703534 0.031704 0.120934 -0.377162 -0.577761 -0.272205 -0.130085 -0.076022 
3.968683 2.150742 1.961508 2.108175 0.742822 -0.432805 0.078305 -0.359969 -0.619869 -0.267102 -0.149787 -0.081222 
4.528363 2.342294 1.370054 1.940825 1.110204 -0.802543 -0.048154 -0.803254 -0.575139 0.050539 -0.152956 -0.085015 
4.620225 2.308847 1.482531 1.590561 0.656952 -0.434105 -0.796196 -0.914147 -0.764327 0.088094 -0.111619 -0.081768 
4.525641 2.549541 1.502807 1.109733 0.581594 -0.475882 -1.056365 -1.282050 -0.879535 0.131597 -0.110229 -0.068586 
4.580560 2.701544 1.325246 1.201121 0.322681 -0.586194 -1.374335 -1.243973 -0.717759 -0.150261 -0.133107 -0.057877 
5.054200 2.871914 1.080956 0.912993 -0.228643 -0.223067 -1.534045 -1.020929 -0.702734 -0.602505 -0.199037 -0.047442 
5.203328 3.169043 0.690273 0.380328 -0.376346 -0.062806 -1.180193 -1.337339 -0.930533 -0.678532 -0.214941 -0.053312 
5.342310 3.123821 0.570105 0.210496 -0.670515 0.122800 -1.064707 -1.403243 -0.884799 -0.808114 -0.272385 -0.063962 
5.132190 2.913914 0.829799 -0.365857 -0.059628 -0.371132 -1.003724 -1.209847 -0.937871 -0.956806 -0.290430 -0.071277 
4.332294 2.694408 0.958888 -0.094153 -0.285824 -0.453030 -0.851216 -1.503944 -1.280536 -0.727680 -0.211290 -0.059910 
4.203313 2.697667 0.862945 0.058603 -0.063034 -0.677716 -1.299272 -1.287229 -0.598298 -0.465221 -0.294094 -0.103837 
4.904734 2.841366 0.918588 -0.133867 -0.287150 -0.716223 -0.796835 -0.731471 -0.757602 -0.624362 -0.345528 -0.108348 
5.509458 2.678563 0.466828 -0.251906 0.149734 -0.304395 -0.898441 -1.128331 -0.772653 -0.417408 -0.292034 -0.111901 
4.439656 2.760915 0.597944 -0.295978 -0.103476 -0.067883 -0.775912 -1.242230 -0.802764 -0.429416 -0.340464 -0.105522 
3.561493 2.090699 0.832743 0.186640 -0.199584 -0.622753 -0.820582 -0.836915 -0.677440 -0.536945 -0.403045 -0.121464 
3.676045 2.309894 0.918240 0.138985 -0.347739 -0.538248 -0.857047 -0.931386 -0.681684 -0.399625 -0.415299 -0.123267 
4.047942 2.609721 0.940263 -0.048104 -0.134129 -0.389852 -0.886345 -1.107991 -0.538789 -0.243863 -0.400771 -0.120394 
4.585556 2.705927 0.741194 -0.066486 -0.169037 -0.731971 -0.875761 -0.880733 -0.473663 -0.188268 -0.353155 -0.127026 
3.660869 2.276558 1.083231 0.140525 -0.390556 -0.834731 -1.005609 -0.757641 -0.413049 -0.261513 -0.379924 -0.111753 
3.799673 2.217005 0.784863 0.111515 -0.368789 -0.739650 -0.879361 -0.719533 -0.412056 -0.156694 -0.344284 -0.110938 
4.149759 2.260812 0.479346 -0.223518 -0.237084 -0.528227 -0.743283 -0.728428 -0.443165 -0.183528 -0.259295 -0.100479 
4.596479 2.764708 0.257926 -0.580561 -0.361603 -0.399281 -0.582360 -0.731706 -0.238443 -0.138576 -0.207052 -0.093625 
4.636310 2.574503 0.233872 -0.378783 -0.681554 -0.627918 -0.541754 -0.396406 -0.311248 -0.104859 -0.179176 -0.084971 
4.758616 2.396212 0.042470 -0.517991 -0.407310 -0.613523 -0.735681 -0.490169 -0.167109 -0.060922 -0.126178 -0.082880 
4.664650 2.260838 -0.017648 -0.347981 -0.514541 -0.695002 -0.682494 -0.480533 -0.150591 0.029933 -0.101896 -0.079838 
4.394832 2.073985 0.227333 -0.167499 -0.365514 -0.925273 -0.604516 -0.275067 0.070297 0.000464 -0.108035 -0.076365 
4.201140 2.114705 0.153902 0.015408 -0.250921 -0.736189 -0.868757 -0.282372 0.228727 0.152324 -0.094535 -0.079769 
4.330136 2.256738 0.166592 -0.344859 -0.022537 -0.455479 -0.582726 -0.595019 0.171408 0.286495 -0.055406 -0.072373 
4.466745 2.151359 0.107421 -0.131412 -0.037695 -0.432597 -0.672663 -0.132935 0.026418 0.205926 0.002941 -0.049191 
4.483004 2.070095 0.121217 -0.088054 0.047029 -0.672576 -0.698848 -0.056589 0.204398 0.104883 0.036682 -0.039872 
4.428225 2.016969 0.105931 0.053313 0.197062 -0.948128 -0.763423 0.039799 0.398479 0.152084 0.060324 -0.036903 
4.590188 2.067250 0.036765 0.185240 0.304431 -0.962120 -0.961259 -0.086055 0.612381 0.342783 0.082836 -0.045333 
4.477136 2.045133 0.327359 0.256062 0.225000 -0.889969 -1.047243 -0.188791 0.657046 0.567288 0.098277 -0.051377 
4.339822 2.106898 0.379158 0.305726 0.252031 -0.673354 -0.976404 -0.291806 0.622128 0.655133 0.125034 -0.046698 
4.124716 2.204070 0.607011 0.418576 0.247043 -0.520899 -0.901102 -0.320914 0.544828 0.645908 0.105815 -0.034827 
4.222103 2.432895 0.894559 0.558951 0.294901 -0.421052 -0.948318 -0.441412 0.560537 0.711744 0.067496 -0.026336 
4.082971 2.587387 1.141880 0.718494 0.507057 -0.056204 -0.867623 -0.704985 0.300703 0.637549 0.084664 0.001512 
3.727032 2.596737 1.296041 0.823042 0.673842 0.035880 -0.707850 -0.682379 0.206361 0.583733 0.140561 0.030841 
3.371645 2.491685 1.423362 0.930631 0.662132 0.076576 -0.409521 -0.448652 0.222948 0.607313 0.230284 0.060059 
3.304462 2.386447 1.539362 1.133138 0.825088 0.249692 -0.241922 0.005237 0.504203 0.508577 0.221878 0.055944 
3.494954 2.622048 1.818093 1.148643 1.181310 0.304280 0.356009 0.251699 0.525278 0.421254 0.241267 0.058173 
3.470704 2.685301 1.983874 1.297459 1.003454 0.747443 0.494968 0.583461 0.442168 0.471269 0.271247 0.057206 
3.709880 2.793250 1.973615 1.388450 1.203875 1.132198 0.529667 0.462488 0.489747 0.338234 0.231519 0.054324 
3.913992 2.913416 1.793130 1.380079 1.177308 1.177290 0.990712 0.425221 0.339194 0.157311 0.232826 0.056265 
3.775611 2.789213 1.932876 1.168378 1.108455 1.218449 1.009801 0.816148 0.263909 0.054595 0.144217 0.033105 
3.932764 2.910822 1.869136 1.000321 1.120379 1.111599 1.143745 0.780169 0.384298 -0.053071 0.200837 0.044094 
4.366147 3.207623 1.561826 0.994386 0.967632 1.054224 0.943336 0.760914 0.367598 -0.085422 0.199212 0.053993 
4.335196 3.334285 1.659927 0.830626 0.710530 1.053050 1.148095 0.710375 0.257471 -0.076298 0.232875 0.064900 
3.962380 2.833255 1.637971 0.923061 0.938452 1.058280 0.987981 0.684914 0.327193 0.132961 0.157171 0.041547 
4.288227 3.101499 1.413762 0.787155 0.690730 0.936389 1.108574 1.088114 0.396988 -0.090636 0.189699 0.046078 
4.216296 3.108208 1.304859 0.539530 0.911132 1.014191 1.367183 0.950400 0.568682 -0.070232 0.194882 0.044223 
4.664549 3.125204 1.376247 0.074194 1.087721 0.938492 1.545284 0.824727 0.470057 -0.199895 0.156307 0.067109 
4.319700 3.056139 1.326720 0.348290 0.905523 1.097672 1.319553 0.650669 0.327755 -0.004557 0.149672 0.053572 
4.729920 2.933589 1.002198 0.492152 1.158505 1.038549 0.682161 0.180119 0.258908 -0.011248 0.068120 0.032599 
4.644037 2.828216 0.932008 0.743598 1.231704 0.917810 0.042684 -0.301211 0.294962 -0.018710 0.006769 -0.003996 
5.434065 3.059206 0.434657 0.415257 2.067487 0.899411 -0.556334 -0.547658 0.272966 0.003158 0.021335 -0.055733 
5.478263 2.992926 0.571946 0.658333 2.150776 0.535479 -0.970491 -0.937464 0.249412 0.045685 0.005612 -0.073960 
