3.095324 2.470973 2.508563 2.346405 1.857607 1.228550 0.921833 0.647604 0.312833 0.183601 0.185890 0.060317 
3.241970 2.612859 2.672155 2.459423 1.845972 1.135321 1.021745 0.703918 0.279431 0.009081 0.135086 0.043905 
3.189171 2.653001 2.539609 2.447359 1.982830 1.471902 1.107044 0.417513 -0.034325 -0.037016 0.115740 0.023054 
3.366040 2.842801 2.502722 2.390770 1.763395 1.288005 1.157856 0.712438 -0.002091 -0.303148 -0.000422 0.000178 
4.803274 3.426153 2.031276 3.529562 3.161177 1.289393 1.503709 0.484778 -0.797879 -1.177924 0.171504 0.092206 
3.649578 2.761504 2.315778 2.307412 2.096367 1.666402 0.439618 -0.256194 -0.459638 -0.326684 0.175123 0.006858 
4.090369 3.134595 2.418949 2.229702 2.385021 2.106008 0.932496 -0.306850 -1.032313 -0.657552 0.203963 0.024175 
4.146682 3.294976 2.320344 1.570510 2.229212 2.333121 0.725848 -0.534256 -1.183579 -0.558641 0.099904 0.030021 
5.135905 3.741186 1.471142 1.098726 3.564420 2.510796 -0.033312 -0.686159 -1.072952 -0.768245 0.146959 0.028492 
3.972876 2.791870 1.918861 1.819193 2.221031 1.780718 0.423960 -0.668316 -1.157787 -0.659342 0.068862 0.005310 
5.031009 3.503875 1.418064 1.265647 2.969984 2.329232 0.163520 -1.005545 -1.168423 -0.901779 0.017411 0.013933 
3.966781 2.737786 1.609534 1.425683 1.807390 1.531375 0.282225 -0.981717 -1.187182 -0.651741 -0.084712 -0.028057 
3.295486 2.271854 1.402845 1.492740 1.615944 1.252495 0.136519 -0.981933 -1.140472 -0.661390 -0.166530 -0.060859 
4.358144 2.900243 1.351355 1.220020 2.548475 1.656293 0.425536 -1.373933 -1.432380 -0.887767 -0.074338 -0.016894 
4.188821 3.051487 1.425521 1.001515 2.423658 1.829567 -0.025160 -1.280089 -1.556405 -0.678891 -0.097071 -0.035424 
3.909431 2.745601 1.585242 1.099792 2.346699 1.627013 -0.125781 -1.229205 -1.362297 -0.618246 -0.109954 -0.057489 
3.298021 2.453571 1.776305 1.529361 1.976549 0.998895 -0.524205 -1.338322 -1.287863 -0.531560 -0.124674 -0.108382 
4.173854 3.048211 1.966018 0.884165 3.347149 1.671825 -0.524952 -1.805285 -1.179448 -0.817618 0.019085 -0.072859 
3.959185 2.809762 1.670715 1.070596 2.658503 1.279195 -0.494731 -1.663072 -1.473378 -0.649803 -0.067961 -0.084346 
3.551457 2.782695 1.033185 1.098627 1.675476 1.053914 -0.015367 -1.517772 -1.368247 -0.623509 -0.201577 -0.079956 
4.607560 3.543305 1.143736 -0.082682 3.313573 2.039351 -0.474684 -1.870132 -1.072186 -0.933988 0.047693 -0.057759 
3.959611 2.944094 1.431142 0.921785 2.407072 1.531380 -0.422563 -1.785031 -1.365087 -0.869568 -0.038451 -0.067154 
4.054390 2.816275 1.409672 1.105397 2.436468 1.560571 -0.258876 -1.747860 -1.307480 -0.867900 -0.041679 -0.060365 
3.620169 2.669196 1.309164 0.869195 1.364205 1.190719 -0.379334 -1.423981 -1.448832 -0.782435 -0.159113 -0.081976 
4.303491 2.982691 1.268811 1.209512 2.491494 1.709407 -0.215070 -1.781252 -1.248181 -0.784770 -0.067146 -0.058923 
3.510810 2.455999 1.568947 1.099487 1.687106 0.806182 -0.552919 -1.488923 -1.275298 -0.758207 -0.096658 -0.101846 
3.649092 2.472676 1.730536 0.885501 1.969487 1.084934 -0.292835 -1.497125 -1.437167 -0.774099 -0.124808 -0.086655 
4.024621 2.852767 1.365297 1.041391 2.090428 1.464822 -0.505722 -1.790002 -1.350709 -0.828915 -0.081640 -0.072676 
3.987737 2.725114 1.343679 0.941072 2.153092 1.065020 -0.575864 -1.696855 -1.447687 -0.846570 -0.081986 -0.080886 
3.681872 2.442965 1.327795 1.149803 1.651880 0.944703 -0.403501 -1.581274 -1.303233 -0.725947 -0.131338 -0.090256 
3.775124 2.470544 1.625057 0.986074 1.948090 0.733724 -0.637898 -2.082629 -1.394913 -0.806639 -0.060939 -0.093434 
3.487405 2.529085 1.503787 1.034332 1.446617 0.629888 -0.786242 -1.826940 -1.481244 -0.811223 -0.022374 -0.106364 
3.654640 2.505908 1.393874 0.929978 1.320315 0.410864 -0.849104 -1.680093 -1.436278 -0.551405 -0.145891 -0.109140 
4.030444 2.784751 1.506539 1.009699 1.488449 0.889448 -1.191892 -2.294764 -1.519937 -0.877227 -0.064369 -0.097842 
4.249486 3.044399 1.635398 0.700922 2.014027 1.054864 -1.298968 -2.030522 -1.305580 -0.904841 -0.091766 -0.102306 
3.527460 2.552760 1.499031 0.935510 1.099666 0.439236 -0.947564 -1.641846 -1.237482 -0.765698 -0.106645 -0.112231 
3.682470 2.781961 1.425987 0.799936 1.289332 0.384601 -0.797157 -1.878574 -1.391401 -0.820733 -0.100767 -0.097330 
4.323050 3.138978 1.462279 0.847053 2.050372 0.898562 -1.458524 -2.670390 -1.176797 -1.109559 0.011260 -0.094491 
3.600607 2.612764 1.323888 0.861230 0.762998 0.076611 -1.107345 -1.891406 -1.405122 -0.583831 -0.077008 -0.093103 
4.151463 2.837490 1.508169 0.647154 1.489389 0.676949 -1.586948 -2.382456 -1.508801 -1.134992 0.037729 -0.070373 
4.474892 3.032498 2.100160 -0.447987 2.198960 0.782534 -1.891188 -2.487579 -1.678456 -1.225646 0.017320 -0.056755 
4.381748 3.025685 1.662473 0.538203 1.846581 0.715431 -1.770260 -2.156642 -1.638739 -1.048158 -0.010247 -0.081117 
3.653598 2.629388 1.537149 0.622359 0.897093 0.253699 -1.126389 -1.701543 -1.513098 -0.840265 -0.031115 -0.082911 
4.325074 3.420350 1.732244 0.098467 1.665163 0.846915 -1.202952 -2.277524 -1.785494 -1.228077 -0.025850 -0.047610 
3.691526 2.925116 1.841585 0.939216 1.400263 0.218717 -0.808885 -1.738105 -1.783798 -0.921988 0.007898 -0.087306 
4.288514 3.270934 1.857832 0.356265 1.682180 0.563195 -0.849179 -1.853100 -1.772160 -1.280938 -0.045060 -0.056128 
4.284874 3.329310 1.800810 0.490695 1.946609 0.797897 -0.830084 -1.875362 -1.566629 -1.147691 -0.040093 -0.061301 
4.513001 3.240217 1.984970 0.558450 1.883147 0.894102 -0.776177 -1.678216 -1.793938 -0.884434 -0.106529 -0.056205 
3.684625 2.586031 1.919965 1.320619 1.377419 0.460446 -0.787370 -1.404754 -1.302976 -0.566238 -0.079621 -0.091860 
4.635956 3.301347 2.070856 0.877586 2.512606 1.626994 -0.676226 -1.835667 -1.005647 -1.348648 -0.013609 -0.053341 
3.833612 2.984723 1.966023 1.118483 1.389618 0.765530 -0.385937 -1.169496 -1.151637 -0.838014 -0.068184 -0.073636 
4.210291 3.630795 2.317524 0.873587 2.025898 0.979923 -0.115428 -1.334437 -1.121400 -1.225577 -0.070281 -0.075839 
3.379644 2.705624 2.065862 1.537049 1.117597 0.356267 -0.690061 -1.078827 -0.813194 -0.532175 -0.153568 -0.090909 
4.581447 3.856953 2.367155 0.979704 3.129767 1.083870 -0.464913 -1.837390 -0.931902 -0.938592 -0.051838 -0.071439 
3.762669 3.087828 2.261777 1.727560 1.591449 0.926269 -0.752615 -1.128238 -1.089422 -0.659209 -0.052317 -0.082974 
3.672470 2.898563 2.293841 1.685385 1.743249 0.934005 -0.478524 -1.059137 -0.983528 -0.527667 -0.087862 -0.077704 
3.290267 2.661555 1.959934 1.495940 1.111621 0.488195 -0.179935 -0.685366 -0.758958 -0.424279 -0.169383 -0.068841 
4.777749 3.325457 2.782829 0.865476 2.778191 1.741346 -0.153854 -0.921139 -1.236571 -1.189532 -0.029276 -0.032164 
4.086954 3.276858 2.427993 1.373675 2.021736 1.607667 0.009433 -0.667389 -1.204762 -0.956649 0.035240 -0.041880 
3.637993 2.909180 2.194630 1.450775 1.466304 1.251021 0.261592 -0.685980 -0.955886 -0.730612 -0.018346 -0.044402 
3.451705 2.828025 1.973933 1.433533 1.488930 0.811339 0.226593 -0.478903 -0.653284 -0.528645 -0.061226 -0.041328 
4.330039 3.372052 2.615621 1.127616 2.885091 2.030376 -0.324511 -0.637500 -1.086853 -0.948456 0.142979 -0.029169 
3.991289 3.252705 2.219917 1.846110 2.624449 1.559403 0.242610 -0.561412 -0.820800 -0.502408 0.018117 -0.041568 
4.123424 3.361258 2.570794 1.721227 2.895029 1.874395 0.655077 -0.319669 -0.788409 -0.615594 0.029690 -0.033968 
3.207442 2.663054 2.258273 2.004042 1.904625 1.128662 0.484696 -0.035105 -0.269009 -0.261874 -0.143361 -0.043479 
4.165548 3.451273 2.218141 2.455339 3.005460 2.508524 0.589066 -0.589969 -0.150074 -0.483212 0.136675 -0.021980 
3.513312 3.004995 2.703512 2.528914 2.626331 1.616729 0.539557 0.193739 0.074229 -0.207748 0.024243 -0.026532 
3.335004 2.819602 2.617605 2.140349 2.267188 1.526152 0.694934 0.276093 0.101310 -0.041463 0.046330 -0.003436 
2.998005 2.359890 2.189466 2.012984 1.757170 1.242202 0.504318 0.365509 0.180333 0.102014 -0.009875 0.003687 
4.104598 3.152747 3.208765 2.859379 3.679949 2.045485 0.404095 0.101753 0.107117 -0.161926 0.137645 -0.027875 
3.298822 2.761517 2.581603 2.295064 2.052583 1.534525 0.623153 0.273502 0.018037 -0.124253 -0.054564 -0.012503 
3.302748 2.822261 2.479971 2.406505 2.312339 1.498100 0.787847 0.335823 0.144825 -0.068580 -0.124932 -0.016156 
3.677366 2.945583 2.803471 2.521000 2.336548 2.038182 1.074533 0.253068 -0.021874 -0.019977 0.038806 0.002164 
3.462898 2.977521 2.729408 2.341915 2.367581 1.809095 1.389317 0.653374 0.029036 -0.037283 0.045821 0.014256 
3.291580 2.676449 2.439873 2.100547 2.199378 1.977488 1.195895 0.518232 0.158015 0.001697 0.105974 0.039268 
3.656899 2.903011 2.737806 2.457374 3.057567 2.557931 1.163770 0.339107 0.133333 0.002672 0.285300 0.054665 
3.097406 2.457725 2.390666 2.157244 1.866464 1.656331 0.896863 0.566522 0.431255 0.231508 0.172149 0.061433 
2.904567 2.436916 2.186547 1.798966 1.769007 1.495724 1.037719 0.877764 0.356582 0.018459 0.094829 0.057231 
2.906438 2.494544 2.244049 2.061648 1.902539 1.597580 1.378301 0.880140 0.479176 0.226583 0.143439 0.069029 
3.024264 2.690354 2.560673 1.993202 2.501244 1.517981 0.704272 0.763427 0.266700 -0.014728 0.065290 0.034557 
2.855544 2.270699 2.086333 1.902813 1.701825 1.272675 0.781280 0.433018 0.132708 0.058349 0.071424 0.056192 
2.964045 2.406845 2.166861 1.855257 1.470087 1.252456 0.985367 0.623228 0.321955 0.079242 -0.008698 0.052209 
2.868619 2.397113 2.135466 1.735095 1.341609 1.003795 0.766657 0.461965 0.265579 0.071009 0.007540 0.057009 
2.788765 2.186272 2.053215 1.918317 1.496976 1.153723 0.866254 0.661103 0.362554 0.158984 0.034634 0.066293 
2.758439 2.201398 1.876636 1.733402 1.369320 1.031280 0.819559 0.508448 0.220720 0.168602 0.126595 0.071763 
