-0.767609 0.606165 5.036606 2.609758 -0.558447 -0.097057 2.367657 1.916851 0.497899 0.599418 0.235796 0.116501 
-0.950095 0.517167 5.352741 2.956963 -0.530224 -0.110996 2.575574 1.859575 0.303234 0.694764 0.294364 0.061074 
-1.122219 0.812110 5.170144 3.096980 -1.034236 -0.216675 2.536272 1.507838 0.269607 0.571860 0.324556 0.017878 
-1.512238 0.823812 4.841235 2.776594 -0.043364 0.011890 2.920069 1.392889 0.240677 0.640709 0.115679 0.032684 
-1.532383 0.764804 4.803014 2.264075 -0.035771 0.496179 2.758569 1.198389 0.369607 0.714857 0.028091 0.017493 
-1.650651 0.541194 4.208959 1.745209 0.225526 0.904177 2.854400 1.128928 0.452167 0.597016 -0.064445 -0.004018 
-1.759458 0.427982 4.456582 1.900348 -0.237063 0.882966 2.730302 1.227212 0.172311 0.635503 0.017366 -0.050143 
-1.727909 0.020726 4.270596 1.980399 -0.377830 0.756756 2.612743 1.611031 0.389897 0.232261 0.120787 -0.079529 
-1.948482 0.290398 4.427544 2.154422 0.199808 0.326735 3.059587 1.376710 0.205448 0.518288 0.185708 -0.069773 
-2.099901 0.557790 4.076995 2.388103 0.276331 0.609135 2.656959 1.406166 0.304335 0.581257 0.182763 -0.009524 
-1.835572 0.847396 4.140449 2.096525 0.336295 0.027642 2.319397 1.003031 0.554753 0.625321 0.101780 0.073852 
-2.183200 0.470403 3.820412 2.121127 0.707587 0.661906 2.769745 0.690822 0.475509 0.759896 0.075349 0.046369 
-2.356677 0.490638 4.480369 2.805869 0.594177 0.570895 2.473999 0.737150 0.587349 0.614392 0.088001 0.109387 
-1.394774 0.611915 4.712192 2.594155 0.507368 0.330138 2.214768 0.395915 0.744942 0.559796 0.008995 0.140565 
-1.209535 0.056965 4.501584 2.996764 0.276221 0.829958 2.296720 0.440937 0.713025 0.500380 0.157992 0.079806 
-1.031026 -0.130742 4.165630 3.024950 0.101205 1.242671 2.331669 0.374516 0.770349 0.328897 0.246824 0.078388 
-0.330732 0.115887 3.913549 2.928538 -0.219827 1.112247 2.350680 -0.096811 0.892725 0.269083 0.301657 0.055892 
0.088320 -0.245598 4.205081 3.414010 0.081897 0.901316 2.834332 0.056883 0.790496 0.483079 0.347577 0.031754 
2.040923 0.275657 2.872185 2.483157 0.210368 0.091199 2.263631 -0.423681 0.316949 0.146868 0.099844 0.088543 
3.712197 0.791068 1.994813 2.585725 1.333323 -0.712992 1.593371 0.461416 0.321512 -0.004292 -0.298957 0.013926 
4.610844 1.294351 1.133388 1.657658 2.433945 -0.438648 0.672675 0.652136 0.684358 -0.705660 -0.319870 0.069595 
5.139624 1.398783 1.118086 0.744007 2.557928 -0.640370 0.260500 0.742682 0.392076 -0.869231 -0.327861 0.102010 
5.682962 1.313611 0.941034 0.614511 2.073616 -0.823912 0.628619 -0.042150 0.588101 -1.000809 -0.462243 0.148763 
5.780366 1.544420 0.496605 0.220822 1.911705 -0.974457 0.368148 -0.309181 0.371063 -1.115285 -0.473429 0.120980 
5.596626 1.857981 0.036707 -0.106086 1.513197 -0.716612 -0.203157 -0.363206 0.096536 -1.184363 -0.358308 0.060319 
5.853762 1.656390 0.218698 -0.515173 1.467542 -0.574586 -0.115144 -0.878234 0.142928 -1.120006 -0.454748 0.062125 
6.139067 1.982606 -0.118726 -0.652570 1.805116 -0.327353 -0.293285 -0.691948 -0.089970 -0.928033 -0.403157 0.027348 
6.476243 2.041266 -0.012880 -1.133394 2.281293 -0.051104 -0.045210 -0.648799 -0.294577 -0.632510 -0.380341 0.025670 
6.071491 2.349514 -0.290290 -0.745267 1.311630 0.670634 0.138533 -0.542723 -0.328063 -0.691652 -0.205268 0.020879 
6.484606 2.186591 -0.403656 -0.758380 1.352680 0.613535 0.306164 -0.769410 -0.315532 -0.557368 -0.198450 0.021905 
6.743165 2.280550 -0.447634 -1.167538 1.471124 0.754428 -0.127682 -0.748254 -0.269660 -0.490133 -0.194705 -0.009014 
6.855341 2.161401 -0.501298 -0.952851 0.813908 0.722539 -0.160311 -0.989249 -0.125509 -0.461513 -0.195696 -0.015546 
6.338863 2.438163 -0.741634 -0.855388 0.354850 0.469663 -0.183107 -0.842970 -0.240473 -0.500638 -0.143974 -0.019695 
6.193589 2.761765 -1.081979 -1.543687 0.548508 0.201997 -0.481905 -0.690814 -0.323551 -0.520625 -0.136779 -0.038624 
5.414336 2.356117 -0.940031 -1.395750 -0.279755 -0.003519 -0.388063 -0.482414 -0.430714 -0.633675 -0.145211 -0.025704 
5.165714 2.142692 -1.108374 -1.686577 -0.272901 -0.090062 -0.356152 -0.643235 -0.266438 -0.659539 -0.094187 -0.027858 
6.064184 1.861222 -1.837126 -2.026943 0.625795 -0.605655 -0.822844 -0.463597 -0.061200 -0.524084 -0.239903 -0.059102 
5.091611 1.646784 -1.473065 -1.506503 -0.171221 -0.418867 -0.729641 0.007587 -0.047574 -0.666260 -0.124495 -0.031745 
4.546984 1.668814 -1.124538 -1.381405 -0.436174 -0.284356 -0.144831 0.031719 -0.097570 -0.550254 -0.026114 -0.020595 
5.183810 1.650649 -1.682465 -1.544870 0.314834 0.062452 -0.705571 0.045230 0.384762 -0.512474 -0.103111 -0.058126 
6.161979 1.701816 -2.396849 -1.558502 1.263559 -0.431776 -0.650922 0.254799 0.330333 -0.169568 -0.298390 -0.080376 
5.020053 1.506478 -1.626221 -1.244045 0.503286 0.100524 -0.201713 0.268334 0.422551 -0.498014 -0.110486 -0.035915 
4.596877 1.263054 -1.419785 -1.140848 0.392104 0.156813 -0.120708 0.419628 0.294391 -0.514596 -0.101621 -0.031734 
5.289959 1.477805 -1.884800 -1.405133 0.991041 0.278426 -0.160425 0.183522 0.740517 -0.498673 -0.147131 -0.058691 
5.445990 1.582869 -2.129218 -1.380787 1.109004 0.462764 -0.373113 0.509115 0.541343 -0.309311 -0.134135 -0.054042 
6.435647 1.324555 -2.076017 -1.304273 1.503744 0.045361 0.190043 0.487135 0.944216 0.025001 -0.163161 -0.014771 
6.250284 1.652302 -1.855175 -1.021620 1.230347 0.463644 0.368114 0.699915 1.313606 0.151484 0.038279 0.031767 
5.307597 1.918353 -1.235407 -0.845697 0.630503 0.472865 0.594555 0.828768 1.285988 0.023589 0.261061 0.087462 
4.953317 2.329436 -0.738838 -0.998506 0.657492 0.641933 0.288315 0.794053 1.076709 0.267854 0.441198 0.101354 
5.340631 2.540516 -0.456040 -0.740475 0.789447 0.711970 0.146407 0.670456 1.115774 0.470467 0.452313 0.101096 
4.322785 2.355901 0.506502 0.264575 0.696925 0.580531 0.521183 0.471744 0.826253 0.673533 0.370397 0.080106 
4.188247 2.366612 0.682886 0.676425 1.237247 0.767077 0.330760 0.403805 1.214396 0.607752 0.284666 0.041290 
3.989282 2.435359 0.807272 0.805307 1.498630 1.146609 0.815369 0.437919 0.678022 0.566338 0.175964 0.040720 
3.520265 2.265994 1.152538 1.225543 1.635528 1.104048 0.508860 0.278848 0.637385 0.383126 0.079467 0.023823 
3.323633 2.082221 1.176113 1.387276 1.589369 1.330169 0.725763 0.413187 0.526571 0.216999 0.103564 0.014146 
3.453115 2.235313 1.094618 1.279892 1.613239 1.228704 0.997265 0.638525 0.564195 0.181614 0.032667 -0.001873 
3.519015 2.271190 1.111850 1.222830 1.568544 1.332328 0.628496 0.712549 0.781759 0.392810 0.062228 -0.003121 
3.325328 2.356899 1.403430 1.119345 1.311074 1.088011 0.897137 0.774580 0.678219 0.358167 0.135984 0.023963 
3.557591 2.495118 1.438699 0.899457 0.943020 0.963284 1.030107 0.953935 0.708244 0.156402 0.183705 0.034861 
3.711503 2.633970 1.414328 0.880238 0.892987 1.170050 1.031232 0.804743 0.466682 0.024040 0.219536 0.046765 
3.745798 2.668572 1.493888 0.861051 0.911200 0.985420 1.111920 0.832352 0.331013 -0.019349 0.172794 0.035765 
3.643993 2.645740 1.392529 0.769208 0.836900 1.116962 0.994761 0.556421 0.207838 -0.003927 0.148662 0.026271 
3.793162 2.724936 1.283328 0.545106 0.666160 0.896420 1.009195 0.809895 0.014094 -0.171572 0.148098 0.024056 
3.763342 2.609557 1.141049 0.368129 0.725421 1.245996 1.361984 0.930820 0.021658 -0.224551 0.143982 0.028890 
3.732212 2.565955 1.168292 0.448239 0.788878 1.486662 1.526879 0.726122 0.103281 -0.181831 0.081160 0.024766 
3.667308 2.518383 1.264628 0.753397 1.103082 1.550158 1.519299 0.901023 0.238798 -0.104133 0.035708 0.018042 
3.950262 2.654093 1.156093 0.667340 1.043433 0.979819 0.722790 0.592578 0.225034 -0.029992 0.062514 0.020817 
4.133836 2.645322 1.227311 0.666295 0.744076 0.735187 0.339154 0.221938 0.062658 -0.091680 0.045773 0.019736 
4.209679 2.704452 1.183139 0.783772 0.825964 0.344529 0.062133 0.096545 -0.082457 -0.180792 0.083682 0.030349 
4.095299 2.600035 1.099752 0.707081 0.579214 0.087225 -0.295681 -0.160821 -0.187018 -0.247276 0.053611 0.023882 
4.185813 2.658374 1.017678 0.455869 0.616429 0.071772 -0.545451 -0.523996 -0.096450 -0.122349 0.080518 0.029759 
4.420390 2.764008 0.863156 0.345261 0.631449 0.121609 -0.683205 -0.689235 -0.179250 -0.063957 0.148550 0.054931 
4.641821 2.818951 0.573076 0.250034 0.673263 -0.014329 -0.951476 -0.770725 -0.092535 -0.103741 0.182698 0.059741 
4.754907 2.654874 0.404682 0.377822 0.348021 -0.036976 -0.878389 -0.682948 -0.031623 -0.203625 0.169836 0.070105 
4.644249 2.685072 0.522576 -0.040712 0.496535 -0.217023 -0.779013 -0.508021 -0.061872 -0.443600 0.184981 0.077557 
4.902885 2.578648 0.304581 0.033928 0.411123 -0.222376 -0.672136 -0.452440 -0.056332 -0.449154 0.153905 0.086697 
4.948648 2.511078 0.093848 -0.020615 0.564692 -0.187080 -0.760544 -0.441984 0.103084 -0.372413 0.156438 0.077718 
5.025626 2.469657 0.002007 -0.077115 0.493956 -0.067784 -0.851748 -0.350595 0.077147 -0.214319 0.174152 0.074699 
5.276302 2.449781 -0.306434 -0.211686 0.885334 -0.119307 -0.953015 -0.272936 0.122307 -0.071329 0.176091 0.063432 
5.785143 2.328070 -0.641010 0.092716 1.116728 0.000219 -1.060417 -0.255049 0.250860 0.037065 0.165695 0.069183 
5.486526 2.169997 -0.511578 0.115940 1.222873 -0.255277 -0.813261 -0.006335 0.317983 -0.027790 0.197666 0.096500 
5.156692 2.062846 -0.324268 0.341694 1.056259 -0.204385 -0.524544 0.145269 0.392390 0.092875 0.258082 0.096850 
5.503215 1.943201 -0.574442 0.359828 1.508379 -0.105929 -0.518391 0.433242 0.414314 0.231028 0.263542 0.112292 
5.549704 1.640164 -0.549462 0.390805 1.368681 0.021483 -0.030551 0.554007 0.403909 0.186558 0.355106 0.165346 
6.693056 1.437084 -0.994497 0.599246 2.139902 -0.297414 0.320582 0.795330 0.238232 0.281765 0.329676 0.218704 
