2.592574 2.032380 1.733190 1.572523 1.444210 1.255185 0.880571 0.767395 0.621508 0.355662 0.187202 0.079268 
2.593905 2.005993 1.631941 1.370962 1.329201 1.152862 1.088172 0.825164 0.553576 0.324567 0.220339 0.079810 
2.577039 1.908607 1.637237 1.418638 1.540564 1.395973 1.070579 0.793142 0.558717 0.400100 0.243399 0.080864 
2.583815 2.109816 1.490397 1.567243 1.231831 1.134861 1.054546 0.747132 0.537471 0.282990 0.208575 0.079217 
2.517448 2.080767 1.572711 1.546555 1.470477 1.086970 0.740944 0.882467 0.462865 0.382086 0.169236 0.080451 
2.153240 2.287401 1.724046 0.944814 2.321993 0.190531 1.304798 0.852127 -0.085140 0.733239 0.144188 0.099405 
1.790001 1.989603 1.551905 0.031215 3.194933 0.780393 1.437612 0.531791 -0.217300 0.605680 0.228392 0.105789 
1.691571 1.945197 0.548116 -0.330069 4.062018 1.101938 1.883772 0.696591 -0.293360 0.605729 0.008053 0.166855 
1.419051 1.860695 0.434500 -0.352158 4.471788 1.283191 1.809006 0.515099 -0.228511 0.569640 0.068710 0.178066 
1.556537 1.735113 0.515336 -0.576334 4.553000 1.313545 1.650044 0.521429 -0.070178 0.467941 0.043616 0.167477 
1.703505 1.810447 0.226622 -0.443651 3.921911 0.935709 1.576043 0.557208 0.182289 0.549692 -0.080590 0.148993 
1.966879 1.683284 0.675588 -0.624084 4.226486 1.341295 1.810437 0.740775 0.385528 0.543633 0.035301 0.126759 
2.552295 2.055974 0.930862 -0.254013 3.209291 1.179075 1.429214 1.203236 0.106528 0.573341 -0.017708 0.078725 
2.700716 2.020354 0.768077 -0.007672 3.003055 1.001235 2.464314 1.326065 0.242860 0.634125 -0.071145 0.107562 
3.028899 2.536315 1.018052 -0.354533 2.778414 1.354376 1.976812 1.585611 0.430443 0.725458 0.170872 0.076804 
3.073164 3.153739 1.404018 -0.202122 2.218707 0.137931 1.641433 1.455235 0.732608 1.008869 0.275619 0.100297 
2.925226 3.229351 1.460751 0.496057 1.259606 -0.370304 0.804136 1.140036 0.594480 0.980657 0.294133 0.118599 
3.136982 3.655069 1.689773 0.103180 1.828099 -0.750574 0.505984 0.848394 0.539057 1.190067 0.443069 0.169342 
2.848708 2.617199 1.280500 0.554776 1.058427 -0.530166 0.356295 0.354244 0.604321 1.041378 0.501470 0.142842 
3.522912 3.615091 1.524781 0.568118 0.878248 -0.855330 0.075769 0.360209 0.770764 0.627127 0.510001 0.157087 
3.954680 3.651450 1.559307 0.424552 0.718297 -0.555625 0.250303 0.080008 0.448406 0.313001 0.389798 0.131825 
4.375322 3.351177 1.623954 0.205574 0.389628 -0.227765 0.313391 0.296199 0.196621 0.058786 0.290132 0.107882 
3.975276 3.236603 1.602593 0.496171 -0.063423 0.004434 0.135912 0.292671 0.050966 -0.039727 0.164116 0.066909 
4.358182 3.435093 1.669112 0.521501 0.029883 0.057849 -0.001588 0.235954 -0.343280 0.006701 0.124401 0.072556 
4.922083 4.284299 1.698694 0.352138 0.054137 0.130984 0.127613 0.122241 -0.310237 -0.419705 0.025378 0.032398 
4.366384 4.035401 1.897555 1.038821 0.160338 -0.117212 0.464395 -0.607316 -0.254260 -0.541731 0.059985 0.010344 
3.811634 3.422946 2.161429 1.247395 0.635529 -0.072288 -0.118654 -0.594358 -0.315023 -0.377109 -0.023835 -0.002148 
3.915996 3.477106 2.213146 1.174121 0.691283 0.195819 0.261864 -0.427956 -0.513316 -0.484761 -0.060979 -0.020894 
4.179574 4.019432 2.113981 1.199375 1.073512 0.041131 0.894617 -0.663942 -0.221368 -0.690136 -0.094276 -0.041232 
4.276557 4.053731 2.250064 1.137389 1.635554 0.465275 1.259574 -0.512262 -0.663584 -0.611374 -0.225142 -0.039638 
3.427458 2.897356 2.168792 1.539857 1.153682 0.675920 0.367946 -0.282217 -0.474937 -0.452557 -0.259152 -0.040028 
3.367479 2.738800 2.183317 1.494320 1.471397 0.902604 0.505293 -0.199424 -0.751455 -0.561273 -0.224760 -0.032489 
3.599124 2.903090 2.001062 1.668608 1.335423 0.995577 0.368586 -0.432782 -0.656383 -0.537990 -0.187649 -0.032692 
3.998893 3.299216 2.088957 1.456177 1.408651 1.171526 0.564400 -0.468174 -0.759822 -0.607850 -0.143330 -0.028928 
3.937239 3.226951 2.138823 1.691062 1.541693 0.954298 0.406549 -0.403249 -0.683694 -0.515803 -0.190703 -0.041894 
3.486265 2.836769 2.209929 1.604767 1.354025 0.880356 0.174801 -0.386331 -0.675537 -0.430094 -0.224139 -0.038554 
3.542474 2.937953 2.142844 1.668286 1.414707 0.735422 0.237381 -0.381993 -0.630709 -0.476645 -0.229998 -0.044649 
4.186089 3.364588 1.917909 1.513942 1.726775 0.706028 0.099691 -0.620085 -0.861267 -0.445657 -0.167064 -0.034796 
4.324326 3.312843 1.644439 1.416819 1.795007 0.786003 -0.368303 -1.049248 -0.450590 -0.111134 -0.194823 -0.051020 
4.090102 3.154853 1.762925 1.419707 2.012664 0.871472 -0.132823 -0.715999 -0.752213 -0.335495 -0.163688 -0.032608 
4.135188 2.866375 1.761623 1.515062 2.230448 0.588568 -0.496852 -0.706733 -0.542305 -0.255942 -0.178852 -0.044581 
5.637665 3.080504 0.784883 1.491035 5.057088 -0.674904 -0.625788 -0.878280 -0.503706 0.020761 -0.428369 -0.036390 
4.276746 2.760383 1.571047 1.714627 2.506625 0.355816 -0.954794 -0.763028 -0.282984 -0.141030 -0.187017 -0.065102 
3.780465 2.451668 1.932502 2.194298 2.180537 0.220313 -1.033312 -0.741021 -0.266358 -0.178286 -0.199531 -0.054815 
3.681234 2.370549 1.734800 2.012546 2.489161 0.307593 -1.030741 -0.767565 -0.385093 -0.084971 -0.152894 -0.052996 
5.286607 2.544691 1.686274 2.122371 5.086129 -0.122324 -1.851010 -0.741189 -0.290278 -0.077277 -0.210140 -0.104994 
4.278551 2.539956 1.918857 2.075879 3.101428 0.160330 -1.840057 -0.576107 -0.289099 0.030474 -0.143453 -0.091203 
3.501465 2.357323 1.755823 1.839792 1.979969 0.284291 -1.091773 -0.717342 -0.183338 -0.021890 -0.195592 -0.031254 
3.706566 2.554038 1.848277 1.798303 1.765216 0.159596 -1.087729 -0.709605 -0.203877 -0.045203 -0.154361 -0.019686 
4.486179 2.771928 1.590122 2.017170 3.302748 -0.488058 -1.834796 -0.260284 -0.367203 0.130036 -0.182987 -0.063337 
4.355899 2.653763 1.835846 2.104699 2.997492 -0.179156 -1.756276 -0.476621 -0.269733 0.029689 -0.114478 -0.052427 
4.019768 2.759144 1.769809 2.080838 2.525355 -0.206128 -1.433525 -0.868919 -0.105269 0.083168 -0.097538 -0.030894 
4.013893 2.810578 1.566612 1.951595 2.622432 -0.294234 -1.385786 -0.729424 -0.131076 0.029290 -0.062026 -0.020766 
4.344391 2.929675 1.324679 1.885110 2.865456 -0.224643 -1.309705 -0.746309 -0.351430 0.152622 -0.033218 -0.015150 
5.429710 3.138066 0.704520 0.970278 5.075185 -0.261793 -1.454915 -0.623555 -0.511578 0.103233 -0.119454 -0.035700 
4.566209 2.806845 1.161525 1.443636 3.300807 -0.107101 -1.280528 -0.707818 -0.278839 0.020964 0.024752 -0.009920 
3.928568 2.586256 1.358738 1.455150 1.825648 0.338140 -0.675123 -0.745441 -0.266510 0.051896 0.071889 0.034756 
4.007017 2.591723 1.194476 0.930102 1.988755 0.332430 -0.682351 -0.633657 -0.479659 0.160732 0.134722 0.062414 
4.371929 2.665326 1.048064 0.902750 2.412163 0.319484 -0.978596 -0.401663 -0.555397 0.114520 0.203600 0.069723 
4.011282 2.498063 1.197876 1.114205 1.968842 0.233916 -0.781252 -0.605664 -0.381444 0.265674 0.210847 0.079082 
4.255020 2.535268 0.939976 0.605524 1.979025 0.731756 -0.683264 -0.745802 -0.626326 0.207909 0.286967 0.110235 
3.776582 2.513505 0.949130 0.642930 1.240718 0.825581 0.082166 -0.632451 -0.604430 0.061557 0.320493 0.143872 
3.846716 2.446552 0.713815 0.509992 1.195035 0.736837 0.274325 -0.630561 -0.542971 0.106743 0.357115 0.162487 
3.524590 2.207693 0.639578 0.629984 1.149537 0.881217 0.294772 -0.503605 -0.510723 0.070561 0.435314 0.166660 
4.412063 2.565123 0.350324 0.056308 1.766283 0.828093 0.460271 -0.176784 -0.704473 -0.146104 0.355494 0.196444 
3.986820 2.441464 0.596988 0.198502 1.379207 1.030768 0.715102 -0.015696 -0.449524 -0.169252 0.387830 0.174935 
3.614639 2.221095 0.857255 0.355048 0.915124 0.937064 0.964897 0.237214 0.024333 -0.240824 0.232279 0.115298 
3.085805 1.989237 1.104678 0.986490 1.361664 1.081174 0.671395 0.346484 0.228382 0.093813 0.046488 0.077510 
3.159764 2.451851 1.487491 0.947266 0.803936 0.791379 0.547433 0.505506 0.275518 0.113945 0.124735 0.075770 
3.008798 2.115299 1.502439 1.405155 1.500072 0.997068 0.633903 0.624133 0.360429 0.329423 0.202875 0.079677 
2.917521 2.327063 1.717060 1.382086 1.348274 1.220089 1.137314 0.645202 0.404479 0.307170 0.197477 0.077556 
2.730937 2.060447 1.609005 1.329283 1.155032 0.962036 0.774572 0.808119 0.534077 0.380925 0.226524 0.079199 
2.867282 2.156775 1.611967 1.345504 1.294348 1.085267 0.672021 0.419955 0.517191 0.524474 0.272639 0.084950 
2.796953 2.108436 1.770165 1.330015 1.355324 1.002861 0.813744 0.733330 0.653819 0.389971 0.182243 0.078870 
2.754373 2.028238 1.643084 1.447124 1.367503 1.200408 0.785750 0.686541 0.577822 0.397943 0.278762 0.080979 
2.639309 1.889191 1.602614 1.320707 1.114308 1.087032 0.834646 0.756354 0.532653 0.303807 0.171472 0.080208 
2.749015 2.130891 1.888221 1.557293 1.495841 1.404485 1.159824 0.905066 0.555934 0.444210 0.194765 0.080040 
2.614445 1.952577 1.644970 1.480297 1.444448 1.166440 0.972592 0.714886 0.445000 0.411084 0.282037 0.081140 
2.715944 2.154183 1.867015 1.655503 1.439438 1.155918 0.888238 0.641063 0.515333 0.433624 0.238434 0.079242 
2.717447 2.174868 1.898037 1.613077 1.319381 1.127540 0.955831 0.722839 0.513788 0.318705 0.166346 0.076408 
2.687414 2.084756 1.782520 1.530022 1.280010 1.075490 0.857043 0.664725 0.524273 0.330622 0.241549 0.080131 
2.634727 1.991013 1.746274 1.444529 1.270744 0.934310 0.816394 0.685679 0.511560 0.392948 0.225210 0.080700 
2.663904 2.073364 1.749854 1.416837 1.236906 1.276074 1.057593 0.575618 0.500946 0.314303 0.224662 0.080537 
2.641640 2.139240 1.839639 1.672720 1.421271 1.089524 0.848135 0.681288 0.523832 0.385435 0.243666 0.079668 
2.619747 1.972294 1.744266 1.536387 1.435810 1.159460 0.807939 0.631071 0.519952 0.438311 0.315437 0.079891 
