2.064104 2.295380 0.735750 2.059986 1.001371 0.133291 1.261982 0.439856 0.261452 0.811212 0.134834 0.112082 
2.145455 2.177195 1.203957 1.478531 1.825023 0.402711 0.780809 0.585889 -0.003455 1.110735 0.048820 0.109999 
2.036631 2.126699 1.147887 1.312998 1.676068 0.361213 1.133686 0.185768 0.125145 1.060725 -0.028754 0.124250 
2.174073 2.185768 1.046904 1.572224 2.193086 -0.040431 1.454517 -0.359751 0.073708 0.762586 0.096031 0.126765 
1.898713 2.527456 0.601543 1.479052 1.168517 0.524643 1.488220 -0.312498 0.189955 0.786510 0.006832 0.141325 
1.854955 2.031198 0.732032 1.288119 1.170694 0.555148 1.509613 -0.078069 0.361423 0.679632 -0.283202 0.153587 
1.804190 1.726080 0.672236 1.656530 1.160461 0.228035 1.533371 -0.075625 0.430720 0.893601 -0.412587 0.159103 
1.734756 1.192886 0.357945 1.685744 1.352838 0.471195 1.491973 -0.489834 0.414308 0.866057 -0.353926 0.153713 
2.088379 0.654670 0.309385 1.399580 1.207774 -0.023203 1.488018 0.052066 0.488155 1.358734 -0.345439 0.069855 
2.230495 0.359690 0.099278 1.288152 0.764902 -0.791078 1.332151 0.201014 0.942810 1.345857 -0.252903 0.053235 
2.079046 0.193485 -0.133041 0.644327 0.881789 -0.907058 0.748400 0.356429 0.988921 1.546091 -0.106339 0.083595 
2.220107 0.665956 0.269642 0.836531 0.852844 -1.124617 0.736157 0.345978 1.290035 1.477082 -0.214168 0.080314 
2.372672 1.024020 0.501544 0.898966 1.630313 -1.216484 0.511328 0.617509 1.141223 1.238202 -0.052722 0.087844 
2.496517 1.410370 0.671510 1.129576 1.766211 -0.600710 1.170280 0.756118 0.688893 0.750044 -0.057549 0.100764 
3.680640 2.339800 1.166371 0.749150 0.652092 0.006042 0.839939 0.403079 0.439308 0.184731 -0.247378 -0.001141 
4.587844 2.700994 0.840036 0.632502 0.763041 -0.647759 0.629645 0.227553 0.541044 0.149828 -0.115405 -0.018470 
5.333223 2.925468 0.268551 0.421890 1.562079 -1.230579 -0.116801 0.425545 0.639331 -0.014178 -0.258179 -0.059021 
5.469198 2.916584 0.333189 0.094436 1.528767 -1.353552 -0.773805 0.488885 0.533042 -0.155517 -0.311803 -0.093525 
5.120806 2.797187 0.326006 0.043075 1.178341 -1.206260 -0.982302 0.421860 0.353677 -0.249276 -0.279084 -0.107320 
5.185253 2.774891 0.204312 -0.223336 1.192673 -1.267856 -1.278764 0.329937 0.225619 -0.253045 -0.272616 -0.118033 
5.844194 3.051744 -0.430156 -0.985808 1.912467 -1.554450 -1.655560 0.417065 0.047236 -0.112729 -0.413009 -0.163092 
6.368830 2.883807 -0.550942 -1.764625 2.367882 -2.054012 -1.568946 0.328164 0.034281 0.042805 -0.560800 -0.177735 
5.917378 2.958090 -0.685747 -1.341636 1.831742 -1.804654 -1.685154 0.271843 0.251056 -0.153902 -0.434496 -0.168376 
5.858055 2.855177 -0.821084 -1.539731 1.789946 -1.731046 -1.725144 0.287715 0.369041 -0.186542 -0.415432 -0.182358 
5.922083 2.598728 -0.909300 -1.563253 1.651111 -1.652050 -1.776524 0.253893 0.565029 -0.245567 -0.421024 -0.182339 
5.865319 2.571726 -1.038328 -1.794544 1.739803 -1.688037 -1.759048 0.325714 0.675108 -0.263485 -0.435212 -0.198627 
6.108707 2.151149 -0.718622 -2.438830 2.041007 -1.882741 -1.632430 0.473766 0.664597 -0.194787 -0.526308 -0.187736 
5.997473 2.096713 -0.886446 -2.397724 1.751245 -1.462693 -1.864011 0.555076 0.762030 -0.332267 -0.437921 -0.209759 
5.735274 2.056592 -1.072792 -2.189313 1.415957 -1.231910 -1.923556 0.620271 0.850353 -0.459078 -0.381483 -0.210846 
5.747213 1.918077 -1.168153 -2.191622 1.139088 -1.052722 -1.870288 0.499196 1.016250 -0.493617 -0.372608 -0.207170 
5.541166 1.772387 -1.155971 -1.781156 0.566330 -0.756828 -1.695278 0.328825 1.270070 -0.644619 -0.335832 -0.172317 
5.363870 1.689214 -1.242245 -1.464840 0.407122 -0.732011 -1.363539 0.293010 1.152614 -0.574843 -0.297080 -0.146881 
3.878937 1.274243 -0.615738 -0.477010 -0.388194 -0.658371 -0.602482 0.125365 0.480438 -0.190293 -0.156710 -0.118069 
5.279450 1.443717 -1.194571 -1.349635 0.073450 -0.006817 -1.449173 0.355765 1.055121 -0.513152 -0.233710 -0.131088 
5.552891 1.350629 -1.038941 -1.866687 0.761695 -0.615198 -1.083003 0.116685 1.372497 -0.495891 -0.332357 -0.141746 
5.455316 1.556037 -1.267139 -1.467650 0.441931 -0.353021 -1.432034 0.358530 1.462703 -0.555480 -0.288710 -0.159633 
3.811615 1.220578 -0.341160 -0.360574 -0.305975 -0.636415 -0.510794 0.323601 0.707126 -0.194212 -0.138550 -0.128124 
4.780166 1.499468 -1.093296 -0.958263 0.690566 -0.568896 -1.231718 0.374446 1.016558 -0.194907 -0.157956 -0.161930 
4.697737 1.558489 -0.988014 -1.026972 0.455451 -0.473013 -1.273334 0.399615 1.080305 -0.244691 -0.114019 -0.163497 
5.191818 1.400801 -1.155519 -1.160722 0.634384 -0.655567 -1.425472 0.343996 1.269354 -0.263807 -0.195584 -0.161440 
5.405736 1.245987 -0.943730 -1.406882 0.285512 -0.161530 -1.451110 0.256434 1.559019 -0.411425 -0.216561 -0.138562 
5.281241 1.374340 -1.113680 -1.241642 0.246441 -0.128308 -1.410310 0.241964 1.418176 -0.331175 -0.162683 -0.148340 
4.564032 1.435610 -0.904523 -0.883527 0.234054 -0.467116 -1.110526 0.334633 1.115929 -0.262559 -0.054889 -0.144303 
5.195154 1.262355 -1.086084 -1.321255 0.303699 -0.046720 -1.248024 0.423903 1.300975 -0.371785 -0.131450 -0.129484 
4.695330 1.298773 -0.957314 -1.017370 0.223396 -0.239931 -1.072019 0.389229 1.148462 -0.362288 -0.045957 -0.124871 
5.179347 1.339640 -1.304183 -1.280142 0.292740 0.007093 -1.119450 0.284384 1.318347 -0.412906 -0.130946 -0.138347 
5.527023 1.068475 -1.161938 -1.445888 0.152498 0.071419 -0.973473 0.185958 1.536857 -0.501760 -0.268584 -0.119702 
6.397784 0.128307 -0.291837 -2.634922 0.650749 0.104057 -0.885913 0.206107 1.543921 -0.288994 -0.542932 -0.088921 
4.395038 1.477399 -0.803312 -1.028586 -0.055629 -0.129497 -0.483209 0.509445 0.634471 -0.500795 -0.013814 -0.115582 
4.678167 1.493934 -1.019690 -1.123153 0.342654 -0.081550 -0.729178 0.434690 0.954108 -0.537291 -0.068144 -0.132851 
5.531023 1.196409 -1.096991 -1.706838 0.690000 -0.052587 -0.705536 0.454278 1.235223 -0.558183 -0.251725 -0.113540 
5.747358 1.069621 -1.257900 -1.635386 0.708186 0.136377 -0.632448 0.406511 1.244852 -0.529697 -0.301302 -0.107259 
5.124724 1.315776 -1.194469 -1.393236 0.694539 0.052429 -0.444909 0.708110 0.765728 -0.572235 -0.135931 -0.090496 
5.131246 1.268386 -1.261698 -1.404843 0.701435 0.201272 -0.276657 0.612557 0.828674 -0.612004 -0.129178 -0.078830 
5.589392 1.054640 -1.407944 -1.748465 1.253934 -0.073027 -0.098383 0.586675 0.870713 -0.491175 -0.241952 -0.068465 
5.346028 1.158690 -1.311102 -1.794969 1.262374 0.010190 0.086027 0.608105 0.791597 -0.543121 -0.172336 -0.053912 
5.225014 1.316159 -1.303178 -1.907910 1.464967 -0.034344 0.167512 0.824811 0.520382 -0.471674 -0.138133 -0.053935 
5.845192 0.788507 -0.963314 -2.971136 2.568960 -0.404692 0.160676 0.574614 0.827840 -0.162556 -0.426476 -0.030671 
5.943134 0.524588 -0.735592 -3.047533 2.586936 -0.296178 0.080351 0.522231 0.951032 -0.150474 -0.502037 -0.014606 
5.455556 0.944227 -1.333866 -2.004101 1.962663 0.061608 -0.100469 0.638040 1.148477 -0.537787 -0.276511 -0.063098 
5.676287 0.530861 -1.219796 -1.743865 1.538327 0.525038 -0.196778 0.478128 1.519288 -0.572526 -0.381108 -0.060996 
5.824323 0.390209 -0.940018 -2.212594 1.956276 0.322586 0.063023 0.557163 1.669653 -0.431614 -0.498295 -0.045835 
5.828055 0.244550 -0.781629 -2.159321 2.023239 0.450439 0.161138 0.548216 1.865057 -0.305904 -0.522585 -0.040763 
5.774010 0.270801 -0.657936 -2.166067 2.212181 0.370733 0.271824 0.702699 1.933869 -0.206072 -0.502798 -0.031206 
5.847095 0.124008 -0.627154 -2.009969 2.399632 0.336555 0.426061 0.802705 1.988310 -0.046732 -0.503156 -0.013113 
5.151483 1.014522 -1.486009 -0.659793 1.966355 0.775546 -0.281727 1.123735 1.959554 -0.207133 -0.132577 -0.113110 
5.794638 0.514913 -1.004902 -1.343541 2.295762 0.477335 0.119320 1.016893 2.111770 0.003340 -0.272606 -0.046308 
5.716641 0.565190 -1.252455 -1.090329 2.333485 0.689468 0.241342 1.000835 2.216347 -0.030436 -0.224927 -0.037732 
5.619295 0.582652 -0.923512 -1.248386 2.670611 0.349888 0.410013 1.117699 2.174225 0.040146 -0.226247 -0.000997 
4.754094 0.856236 -1.067013 -0.041761 2.145809 0.545250 -0.059749 1.216146 2.077291 -0.080367 -0.036190 -0.058401 
5.497984 0.553465 -0.964066 -0.456418 2.776607 -0.068763 0.929459 1.095103 2.056456 -0.052858 -0.376313 -0.000510 
5.262015 0.798729 -1.383168 -0.036637 2.548208 0.209847 0.842294 1.356591 2.138242 -0.249773 -0.250261 -0.012815 
4.814268 1.158362 -1.420295 -0.125190 2.832416 0.269192 0.452574 1.575195 2.104917 -0.300815 -0.114714 -0.046118 
5.266132 0.526705 -1.125949 -0.155737 3.198610 -0.364369 1.238348 1.237994 2.118984 -0.070301 -0.259516 0.070091 
4.992556 1.132615 -1.679107 0.245402 3.422260 -0.644586 1.211808 1.297605 1.941556 -0.097118 -0.244839 0.032292 
4.763448 0.951630 -0.911994 0.549134 3.035252 -0.490193 0.931934 1.297217 2.114914 -0.211973 -0.153949 0.039628 
4.448929 1.341965 -1.078839 0.839272 2.813993 -0.388210 0.666542 1.376727 1.805029 -0.383950 -0.126203 0.016130 
4.982082 1.018593 -0.938389 0.252643 3.319151 -0.840852 1.363186 1.139977 1.720928 -0.287381 -0.187658 0.161202 
3.980075 1.210544 -0.806461 1.158156 2.857668 0.201434 0.329950 1.608882 1.470521 -0.287137 -0.048687 0.020807 
3.752338 1.010760 0.317281 1.721396 2.284750 0.696918 0.540642 1.468894 1.308771 -0.392184 -0.174441 0.011340 
4.007124 0.878601 1.194739 1.540929 2.591277 0.487331 0.637857 1.095763 1.897261 -0.172682 -0.346449 -0.002175 
3.688930 1.137311 1.965780 1.298189 2.589160 0.577177 0.442533 0.919241 1.884550 0.099025 -0.457475 -0.019423 
3.180807 1.141063 1.974609 1.764016 1.685846 0.899755 0.539736 0.603789 1.515892 0.315065 -0.446464 -0.012715 
2.954321 1.050825 2.002856 1.674719 1.143235 0.390307 0.554927 0.589716 1.631182 0.457441 -0.266384 0.026525 
3.498982 0.294624 2.358965 0.889930 1.563098 0.137415 1.005956 0.382938 2.116528 0.444336 -0.276309 0.105742 
