2.552698 1.981684 1.774376 1.552771 1.370144 1.124389 0.832413 0.767786 0.628261 0.353814 0.194434 0.080412 
2.549062 2.007401 1.757925 1.464716 1.294608 1.186112 1.084385 0.732636 0.509858 0.349471 0.189107 0.080374 
2.551637 1.965894 1.822613 1.404615 1.347099 1.128564 0.871324 0.619758 0.505920 0.421617 0.193161 0.080558 
2.485547 1.969805 1.746870 1.588548 1.395410 1.171917 1.108381 0.673939 0.556169 0.404743 0.191033 0.080182 
2.571493 1.875873 1.615259 1.429323 1.418989 1.291269 1.208593 0.788399 0.465992 0.390280 0.221244 0.080900 
2.586952 2.049622 1.540010 1.326559 1.325310 1.102454 1.342988 0.606226 0.539916 0.355530 0.166261 0.080827 
2.530663 1.878014 1.702490 1.317238 1.476371 1.172280 1.162268 0.687461 0.435394 0.477468 0.193313 0.081068 
2.544438 2.008002 1.685686 1.284548 1.430800 1.273557 1.196042 0.523308 0.463058 0.367708 0.158195 0.082838 
2.565668 2.013909 1.609325 1.246829 1.441716 1.101835 1.170913 0.886295 0.492284 0.363662 0.134177 0.079896 
2.821176 2.204959 1.600225 1.328799 1.203331 1.139658 1.110495 0.472416 0.196129 0.214945 0.248005 0.082109 
2.787217 2.136994 1.556547 0.924363 1.189906 0.970738 0.980334 0.677025 0.366441 0.361583 0.180058 0.081151 
3.042103 2.106093 1.208580 0.797931 1.001249 1.130668 1.264636 0.773072 0.388826 0.179617 0.101966 0.072378 
3.301036 2.351782 1.193276 0.631814 0.878633 1.150210 1.533131 0.547122 0.205869 0.023703 -0.026682 0.056672 
4.014827 2.970502 0.802207 0.043110 0.902370 1.409613 1.609703 0.489508 0.391951 0.165945 -0.021483 0.045550 
4.089993 2.808712 1.211813 0.108719 1.027817 1.002289 1.378233 0.526278 0.064188 0.288357 -0.057192 0.037730 
3.835705 2.818380 1.202987 0.238045 0.645027 0.871269 1.116517 0.296154 0.096089 0.102837 0.006958 0.050192 
4.538315 3.259250 1.196443 -0.036687 0.620694 0.907493 0.923055 0.203838 0.157477 0.235931 0.057260 0.054198 
4.330169 2.883687 1.465108 0.727626 0.529907 0.714582 0.831840 0.279054 0.285311 0.124008 0.037042 0.029537 
4.399296 3.119109 1.472282 0.682589 0.887193 0.407392 0.615031 0.289017 0.165866 0.249448 -0.001564 0.018165 
4.345163 3.102798 1.535984 0.736433 0.839566 0.591302 0.573254 0.512397 0.138547 0.052880 -0.059735 -0.006954 
4.790892 2.924210 1.272221 0.768031 1.032742 0.341806 0.907395 0.560985 -0.094544 0.017171 -0.113530 -0.016366 
4.534233 2.727207 1.211475 0.840647 1.032378 0.312461 1.144248 0.556670 -0.446301 -0.202939 -0.131716 -0.004850 
4.758483 2.962720 0.889163 0.628807 1.268451 -0.177089 1.039444 0.639953 -0.516127 -0.320603 -0.196146 0.004295 
4.966692 2.928056 0.863936 0.472297 1.543995 -0.216881 1.183005 0.604658 -0.863832 -0.409390 -0.270577 0.007663 
4.780583 2.954255 1.126844 0.502596 1.227345 -0.030023 1.185365 0.517106 -0.987939 -0.468954 -0.230468 0.001147 
5.195150 3.033682 0.859740 0.446755 1.667683 -0.461309 1.205001 0.294972 -0.880397 -0.388427 -0.276197 0.023453 
5.476857 3.321247 0.477855 0.339282 2.140149 -0.917108 1.335267 -0.072687 -0.648186 -0.144714 -0.327928 0.047998 
5.138239 3.345933 0.634203 0.340099 1.948269 -0.998492 1.358021 -0.271342 -0.567800 0.055687 -0.305794 0.046134 
4.708857 3.301986 0.865642 0.322951 1.687654 -0.268900 0.882774 -0.512226 -0.474296 0.147113 -0.181707 0.032733 
4.246980 3.009108 0.995048 0.477091 1.579777 -0.258948 0.735294 -0.168422 -0.417184 0.072401 -0.237572 0.018971 
4.362505 3.156992 1.356960 0.181838 1.217036 -0.332917 0.957756 -0.169997 -0.487860 0.142582 -0.303171 0.005046 
4.521655 3.254132 1.247896 -0.174172 1.046731 -0.229543 0.966680 0.374031 -0.556098 -0.060309 -0.362298 -0.026731 
4.531182 3.420832 1.056810 -0.496425 0.977314 -0.389090 1.503189 0.410283 -0.727933 -0.032689 -0.462207 -0.018129 
4.273686 3.138839 0.994899 -0.193102 0.838987 -0.029028 1.093743 0.439406 -0.384494 -0.455092 -0.410198 -0.049725 
4.322585 3.251721 1.179707 -0.652182 0.690856 -0.322482 1.188200 0.691081 -0.595715 -0.411552 -0.461315 -0.064564 
4.714026 3.201617 0.767998 -0.856334 1.555779 -0.467848 1.346047 0.333325 -0.634165 -0.415771 -0.547256 -0.044563 
4.805042 3.131164 0.725197 -0.763013 1.567805 -0.629701 1.270084 0.372663 -0.665309 -0.438662 -0.535141 -0.037601 
5.889586 3.363193 0.383181 -1.052724 2.972427 -1.490639 1.400944 0.327834 -0.608247 -0.363870 -0.790411 0.021628 
3.922862 2.332476 1.027365 0.254226 0.606238 0.549743 0.472473 0.362373 -0.587967 -0.657338 -0.286838 -0.011593 
4.997918 2.667786 1.196783 -0.724801 2.160310 -0.642505 1.668002 0.520588 -0.709480 -0.571345 -0.558824 0.010914 
4.412748 3.059089 0.879132 -0.286384 1.358576 0.253804 1.739629 0.351231 -0.787297 -0.640852 -0.469430 -0.012071 
4.531525 3.015913 0.858375 -0.268500 1.490944 -0.080113 2.006522 0.357185 -0.891634 -0.579064 -0.507129 0.005920 
3.490956 2.236717 1.177897 0.194541 1.099906 0.696122 1.010714 0.229312 -0.678843 -0.459816 -0.424533 0.015441 
4.838981 2.537667 1.046442 0.143459 1.673350 0.396276 0.932087 0.660861 -0.827493 -0.729792 -0.338975 -0.001459 
4.625944 2.805098 0.931213 0.778336 1.253256 0.192312 1.180086 0.328565 -0.572880 -0.645406 -0.307423 -0.002894 
3.744791 2.564093 1.313015 0.791993 1.078570 0.522025 0.753446 0.078041 -0.507724 -0.472742 -0.185892 0.024145 
4.013245 2.453489 1.540797 0.908518 1.193283 0.635734 0.467514 0.273561 -0.477160 -0.476162 -0.149808 0.017672 
4.134809 2.685805 1.429202 0.813057 1.651680 0.075243 1.101151 0.015409 -0.484928 -0.557859 -0.196321 0.029641 
4.025963 2.982060 1.610329 0.832804 1.788674 0.193956 1.166258 -0.136107 -0.632625 -0.512512 -0.133332 0.036115 
3.475465 2.799746 1.965314 1.021114 1.644444 0.212221 0.868701 0.035576 -0.730830 -0.282052 -0.142689 0.021180 
3.582297 3.194954 2.316698 0.487241 2.420880 -0.205523 1.312068 -0.282894 -1.099357 0.095753 -0.232878 0.055416 
3.570935 3.480844 2.205326 0.613527 2.834125 -0.189300 1.537184 0.080957 -1.203455 -0.072342 -0.235770 0.047694 
3.118645 2.960591 2.303999 0.997466 2.453478 0.072192 1.049813 0.071491 -0.850538 0.107146 -0.289852 0.025233 
3.259591 2.875095 2.707163 1.028477 2.701634 0.088916 0.823420 0.091420 -0.707547 0.172846 -0.159134 0.020015 
4.358171 3.063969 3.431590 -0.248934 4.679700 -0.552942 1.348363 0.970525 -1.082541 -0.207942 -0.222254 0.080618 
3.642958 3.459616 2.522337 0.867519 3.041479 0.516290 1.050818 0.529592 -1.140860 0.138412 -0.015025 0.029617 
3.233032 3.055799 2.398238 1.239824 3.126556 1.030504 1.003763 0.584585 -0.831430 0.118707 -0.078287 0.009402 
3.468828 2.910936 2.588675 1.088048 3.379228 0.667560 0.753973 0.858711 -0.535197 0.341712 -0.058520 0.005102 
4.324091 3.069759 3.352967 -0.079267 4.798119 0.123743 1.219917 1.151341 -0.772196 0.116350 -0.110021 0.040272 
3.903389 3.552881 2.831153 1.036940 3.756320 0.317947 1.326111 1.373271 -0.632030 0.091116 -0.020119 0.010267 
4.248404 3.953606 2.506848 1.165785 4.453344 0.361472 1.030784 1.526247 -0.499597 -0.265895 0.006356 -0.014171 
3.958180 3.588532 2.890556 1.744061 3.309197 0.863320 0.985400 1.503627 -0.680218 -0.159822 0.088958 -0.014830 
3.796210 3.347985 2.837550 1.612910 2.944006 1.553196 1.085739 1.690690 -0.560124 -0.288174 0.088736 -0.034029 
3.284859 2.914858 2.529638 2.077202 2.220082 1.467467 1.243334 0.836153 -0.048988 0.004694 -0.048903 -0.008217 
3.499219 2.984538 2.562643 1.892087 2.072433 1.464565 0.918070 0.941110 0.285390 -0.222918 -0.034463 -0.021607 
3.587009 3.029852 2.358469 1.764018 2.523464 2.065334 1.364824 1.040547 0.016853 -0.172887 -0.089976 -0.017594 
4.005139 3.082856 2.189675 2.129345 2.887091 1.821518 1.300765 0.848508 0.110366 -0.091066 -0.085102 -0.020180 
3.458225 2.647342 2.080876 1.990523 2.564239 1.857564 1.038604 0.567784 0.041757 0.023032 -0.084262 -0.015228 
3.531823 2.617674 1.852987 1.855699 2.549175 2.044766 1.286842 0.394596 0.129705 0.152836 -0.141723 -0.012827 
3.909506 2.809375 1.601290 1.575781 2.703426 2.072887 1.244525 0.441529 0.169768 0.228676 -0.080042 -0.008348 
4.849595 2.920999 1.442471 0.481454 3.570572 2.750779 1.629696 0.762657 0.039991 0.642778 -0.071540 -0.036120 
5.033267 3.211409 1.359640 -0.188073 3.348103 2.545848 1.381839 1.198527 0.004626 0.673452 0.022512 -0.032396 
4.129585 3.015009 1.615621 0.541462 2.262179 1.912040 1.649221 1.464911 0.590437 0.555765 -0.132562 -0.014454 
4.204884 3.253118 1.836688 0.656500 2.058458 2.075141 1.561118 1.377630 0.724661 0.477918 -0.177323 -0.032140 
3.601939 2.638411 1.877750 1.304089 2.110587 1.937965 1.699201 1.505624 0.732096 0.230279 -0.292663 -0.017600 
3.719536 2.851270 1.955011 1.071988 1.495297 1.937593 1.817493 1.316011 0.625322 0.238152 -0.171892 -0.012241 
3.891682 2.806461 1.784646 1.378971 2.056293 2.194568 1.740493 1.203619 0.835636 0.294624 -0.292048 -0.034304 
3.989728 3.196381 1.869173 0.827895 2.357183 2.011288 1.592903 1.330179 0.220363 0.308933 -0.161591 -0.011128 
3.623393 2.612942 1.705163 1.839693 2.213016 2.386876 1.925341 0.886904 0.521190 0.123131 -0.204826 0.011149 
3.530347 2.564468 1.870368 1.678619 2.601798 2.470243 1.647440 1.097534 0.369854 0.098807 -0.164787 0.025096 
3.974189 2.633808 2.141672 1.140109 2.696283 2.791937 1.517168 1.488912 0.460515 0.253616 -0.204247 -0.012333 
3.841015 2.755157 1.859408 1.671961 3.424787 2.963214 2.121136 1.333111 0.161816 0.227837 -0.180011 0.039286 
3.614178 2.520728 2.088204 1.758687 3.870967 3.214140 1.731642 1.299200 0.395861 0.212981 -0.153988 0.047367 
3.356062 2.693820 2.052373 1.731112 2.356184 2.332904 1.811278 1.071348 0.489977 0.174333 -0.037447 0.056765 
3.221617 2.489850 2.224935 1.763921 1.899076 1.900846 1.523522 0.948922 0.487749 0.237310 0.011155 0.057820 
