2.836831 1.711292 1.764945 1.123703 0.268104 0.875059 0.901888 0.464324 0.886118 0.777541 0.113103 0.072662 
2.701453 1.817869 1.700665 0.883478 0.020235 0.607610 0.257589 0.239396 0.810349 0.697529 0.169553 0.105558 
2.947814 1.688879 2.019479 0.599558 -0.567158 -0.070039 0.573109 0.578635 1.029188 0.469106 0.229877 0.115563 
2.657746 1.836369 1.707818 0.782352 -0.269191 0.491143 0.656974 0.602951 0.926199 0.550558 0.228823 0.096691 
2.408147 1.991692 1.626076 0.581627 -0.083741 0.457754 0.539267 0.445223 0.897562 0.539393 0.325076 0.106189 
2.233938 2.229786 1.730645 0.798197 0.706481 0.883904 0.657052 0.514567 0.989301 0.465722 0.434713 0.081128 
2.335366 2.224238 2.088385 1.383435 0.155690 1.431839 0.394305 -0.067872 0.912645 0.277735 0.145136 0.102116 
2.465417 2.100842 1.463705 1.484064 -0.131429 1.346934 0.408077 -0.121441 0.916829 0.191794 0.116084 0.095702 
2.146603 2.266353 0.882353 1.583766 -0.540648 1.291875 0.448568 0.061291 1.126936 0.095915 0.156439 0.085401 
2.082917 2.514360 0.795648 1.969011 -0.812025 1.727198 0.237412 0.080723 1.209835 0.077505 -0.013638 0.085994 
1.975179 2.584585 0.710413 2.290863 -0.423007 1.345842 1.159262 0.179451 1.012908 0.046034 0.200789 0.031395 
1.967644 2.395004 0.643656 1.882551 -0.579581 1.729068 1.007349 -0.236219 1.229756 0.264317 0.229831 0.037455 
1.866507 1.939330 0.663518 1.442659 -0.434694 1.387395 1.383530 -0.187246 0.738545 0.133170 0.211399 0.068935 
1.833933 1.834266 0.731213 0.786731 -0.715761 0.701847 1.391252 0.177563 0.923435 0.608230 0.319228 0.069019 
2.183594 2.102513 1.081847 0.847473 -0.429673 0.352207 1.093185 0.203270 0.613466 0.824701 0.231561 0.100478 
1.931419 2.305171 1.234757 1.253841 -0.382484 -0.024161 0.600981 0.536160 1.118002 0.576681 0.307273 0.106000 
2.082259 2.293635 1.072889 1.864823 0.117160 0.082730 0.271951 0.654537 1.183065 0.465564 0.377771 0.086201 
2.197982 2.025429 0.936461 1.813845 0.363037 0.616877 0.847539 0.519598 1.313131 0.359428 0.372931 0.051957 
2.190498 2.242181 1.475564 1.986665 0.673723 0.284808 0.646775 0.218751 1.178296 0.222405 0.516007 0.063640 
2.658397 2.048569 1.404989 1.328155 0.627612 0.410197 0.585838 0.464384 0.510326 -0.044605 0.125820 0.088939 
4.073818 3.009915 3.126262 2.414618 0.556239 0.488925 0.225835 -0.174551 0.512199 -0.359562 -0.105168 0.004217 
3.271246 2.605361 2.194624 1.651664 0.652374 0.061436 -0.067944 0.093443 0.111818 -0.123718 -0.208931 0.007506 
3.436363 2.754397 2.359189 2.012379 0.946645 0.157661 -0.310041 -0.331615 -0.255930 -0.435151 -0.189019 -0.027849 
4.212194 3.391404 2.303791 1.620752 0.766787 -0.337193 -0.577204 -0.246585 -0.237830 -0.609121 -0.172090 -0.045436 
5.195430 3.719197 2.255876 0.720799 1.071600 -0.971817 -0.128277 0.380318 -0.334853 -0.928157 -0.305017 -0.077765 
4.004752 3.266602 2.131754 0.862914 0.108010 -0.331104 -0.197293 -0.162623 -0.461475 -0.592502 -0.284853 -0.081842 
4.121709 3.181347 1.784980 0.906413 0.359749 -0.188159 -0.302920 -0.217495 -0.538984 -0.661891 -0.313354 -0.085090 
5.360729 3.539755 1.303124 0.758065 0.568998 -0.513279 -0.497679 -0.174775 -0.214254 -1.105608 -0.381502 -0.104425 
5.010316 3.404132 1.219420 0.442477 0.426768 -0.578298 -0.594443 -0.371790 -0.626338 -0.966206 -0.303737 -0.075813 
6.476679 3.585228 0.334170 0.140587 1.452928 -1.255985 -1.018749 -0.313173 -0.442654 -1.040724 -0.664448 -0.127636 
4.595775 3.169556 1.155194 0.374644 -0.116641 -0.682012 -0.915350 -0.537692 -0.760339 -0.935663 -0.184668 -0.040023 
5.602861 3.585794 0.538441 -0.037008 1.002340 -1.526721 -0.859685 -0.435377 -1.041346 -0.947911 -0.406508 -0.027709 
5.156005 3.254380 0.890465 -0.051812 0.311859 -1.058351 -0.857980 -0.682238 -1.101759 -0.960634 -0.220589 -0.007088 
6.745487 3.572998 0.046035 -0.735972 2.150455 -2.488078 -0.452966 -0.455568 -1.192855 -0.645929 -0.757465 0.011234 
4.597909 3.182322 1.094165 -0.241044 -0.230623 -1.040181 -0.596405 -0.698354 -1.089368 -0.836660 -0.140769 -0.004965 
6.498407 3.290858 0.153232 -0.435841 1.259022 -1.216583 -1.192642 -0.433696 -0.984060 -0.966754 -0.521533 -0.053178 
3.866447 2.696493 1.086390 0.151284 -0.255370 -0.703604 -0.994552 -1.226684 -0.993403 -0.565613 -0.045848 0.002730 
5.611730 3.374370 -0.068137 -0.088201 0.683295 -1.117334 -1.368694 -0.983215 -0.614468 -0.835204 -0.248049 -0.035299 
3.762976 2.552611 1.248451 0.184383 -0.271152 -0.795987 -1.049611 -1.204601 -1.127416 -0.545814 -0.001738 0.004720 
4.461985 2.723031 1.244682 0.151606 -0.334039 -1.284234 -1.481323 -0.593258 -0.793295 -0.631396 -0.092160 -0.000589 
3.928182 2.461699 0.975399 0.226139 -0.238038 -1.094993 -1.438751 -1.003267 -0.761101 -0.602728 -0.083288 -0.002802 
5.501216 3.226681 0.174260 0.161814 0.873520 -1.414743 -1.700419 -0.511696 -0.571475 -1.098309 -0.344585 -0.032398 
3.836798 2.360880 1.006998 0.351219 -0.227086 -1.057701 -1.323816 -0.955442 -0.766352 -0.690887 -0.048314 0.009286 
4.319391 2.612422 0.991314 0.386765 -0.361700 -1.280107 -1.288920 -0.451012 -0.529093 -0.862496 -0.105143 0.005860 
6.079810 3.191715 -0.424909 0.471582 2.279197 -2.092751 -1.148014 -0.499304 -0.655459 -0.968355 -0.705966 -0.003098 
6.037286 3.551571 -0.544186 0.426906 2.491700 -2.353325 -0.953973 -0.145162 -0.668232 -0.904366 -0.882610 -0.006376 
5.579181 3.159158 0.064259 0.465579 2.041525 -1.679960 -1.009624 0.214769 -0.523043 -1.173515 -0.624627 -0.016352 
4.855787 2.983942 0.348183 0.089526 1.321327 -1.505987 -0.335173 -0.286264 -0.571421 -0.945847 -0.331102 0.004951 
4.367566 2.639564 0.784201 0.421681 0.793613 -1.209086 -0.440657 -0.081032 -0.350123 -1.037185 -0.203950 0.012657 
5.378718 3.807885 -0.080342 0.422780 2.474982 -2.253071 -0.266611 0.114950 -0.284046 -1.123987 -0.677226 0.006773 
4.983035 3.690563 0.414501 0.284883 1.893707 -2.308660 -0.226606 0.193795 -0.319836 -1.017819 -0.401733 0.032317 
4.382568 3.185714 1.245299 0.603349 0.716220 -1.530327 -0.537224 -0.355857 -0.425589 -0.741778 -0.043753 0.033080 
4.385895 2.878084 1.501115 0.463345 0.676000 -1.603983 -0.296004 -0.359697 -0.750534 -0.691568 -0.090655 0.036809 
4.352822 3.104854 1.151246 0.762263 0.444144 -1.514900 -0.647655 -0.362315 -0.466604 -0.716577 -0.075792 0.023109 
5.122833 2.895191 0.766948 0.362884 1.733656 -1.742224 -1.001561 0.173565 -0.552364 -0.503141 -0.307432 0.010185 
4.818106 2.817057 0.562909 0.393394 1.413707 -1.548656 -0.656597 0.427185 -0.452220 -0.822663 -0.358605 -0.000679 
5.672680 2.624387 0.898042 -0.307800 1.889606 -2.068646 -0.151465 0.615603 -0.679882 -0.880489 -0.543417 0.028684 
4.470899 2.776132 0.807677 0.125755 0.359068 -0.978660 -0.171889 0.093135 -0.735366 -0.810085 -0.199168 -0.005135 
5.115014 2.751588 0.733418 -0.026515 0.735098 -0.944304 -0.781693 0.209099 -0.728389 -1.041120 -0.255819 -0.006330 
4.392024 2.591084 0.762745 0.376704 0.483195 -0.852744 -0.914770 -0.032045 -0.517718 -0.848428 -0.164759 -0.017939 
4.946278 2.957443 0.731532 0.427130 0.982990 -1.383841 -0.810252 0.366686 -0.593892 -1.045751 -0.289739 -0.012230 
4.794779 2.899295 0.820817 0.628644 1.104049 -1.156344 -0.841411 0.182519 -0.444398 -0.992379 -0.253570 -0.024578 
5.188089 2.987509 0.704764 0.675891 1.397504 -1.415911 -0.552242 0.447716 -0.558694 -0.957579 -0.396435 -0.018338 
4.165690 2.609824 1.239042 0.503095 0.669468 -0.314392 -0.489183 0.096753 -0.426805 -0.488357 -0.278045 -0.070616 
4.729817 2.683101 0.963477 0.481020 0.936487 -0.744048 -0.364763 0.211049 -0.027165 -0.709058 -0.324756 -0.075949 
4.084184 2.637636 0.660225 0.911826 0.815356 -0.369786 -0.131394 0.055441 -0.007381 -0.718676 -0.352477 -0.088362 
5.196467 3.361219 -0.415849 0.767118 2.055075 -1.251729 -0.308103 0.397853 0.158235 -0.791440 -0.544330 -0.074807 
5.427136 3.827228 -1.086507 0.688020 2.402821 -1.404522 -0.529584 0.054740 0.412293 -0.538585 -0.499508 -0.072143 
4.996471 2.815952 -0.160295 0.403789 2.035158 -1.085834 -0.338140 -0.023749 0.595531 -0.432700 -0.122459 -0.005126 
4.623408 2.345465 0.077667 0.837981 1.402489 -0.568312 -0.595267 0.214777 0.441436 -0.123729 -0.012816 0.003987 
4.705663 1.977640 0.035045 0.846368 1.883131 -0.588699 -0.930584 0.254108 0.707880 -0.141300 0.027531 0.025470 
6.030070 1.661013 -0.444802 0.301726 3.183227 -0.975795 -0.477689 0.446911 0.787393 -0.002422 -0.203783 0.101687 
5.656845 1.528593 -0.450370 0.759580 2.885138 -0.383072 -0.539001 0.449860 1.101213 -0.145581 -0.088406 0.104014 
5.065497 1.504995 -0.434105 1.074433 2.469676 -0.061019 -0.721543 0.513566 1.235673 -0.306847 -0.003185 0.093932 
3.752458 1.370479 0.028348 1.194005 1.867911 -0.000795 -0.530357 0.605705 0.968802 -0.183618 0.007366 0.049552 
4.758388 1.806420 0.171873 1.107424 2.284416 -0.505109 -0.868669 1.025622 1.152829 -0.175347 -0.063256 0.065950 
3.985873 1.662044 0.879017 1.188049 1.482198 -1.079416 -0.659822 0.552399 0.930939 0.160778 -0.188951 0.044529 
3.792869 1.920184 1.034129 1.583685 1.166274 -0.132847 -0.307702 0.571347 0.916815 -0.084129 -0.190391 0.024431 
3.883384 2.120081 1.020200 1.481029 1.618449 -0.064836 -0.509296 0.781577 0.989887 -0.017901 -0.065521 0.025958 
3.867687 2.093421 1.246625 1.715495 1.236227 -0.042835 0.124115 0.984246 0.787289 -0.177441 -0.118252 0.035354 
3.694637 1.778642 0.939435 1.577266 1.083522 0.232693 0.661241 0.895519 0.905470 -0.283997 0.008098 0.061605 
3.639550 1.476638 1.217205 1.502117 0.429626 0.253322 1.033793 0.903612 0.640730 -0.194013 -0.015504 0.066683 
3.279052 1.776811 1.007935 1.359942 0.154528 0.176890 0.797620 0.764737 0.372075 -0.104763 0.061157 0.082890 
3.334229 1.711063 1.213965 1.192839 0.340228 -0.280698 0.324092 0.724120 0.646261 -0.218991 -0.115098 0.082439 
3.629877 2.234844 1.190555 1.533151 0.797176 -0.395655 0.004214 0.658988 0.769327 -0.296444 -0.012239 0.068031 
