2.632554 2.095517 1.892710 1.426598 1.580604 1.367645 1.109172 0.736498 0.251093 0.406514 0.326929 0.080264 
2.726067 2.172220 1.867484 1.148703 1.190661 1.298848 1.022575 0.782417 0.324927 0.463277 0.335482 0.083184 
2.581399 1.992433 1.734881 1.335852 1.415931 1.414233 0.909624 0.724263 0.504083 0.347152 0.257172 0.080341 
2.615354 1.994621 1.845679 1.321378 1.267480 1.402712 1.090022 0.972621 0.527387 0.394220 0.217719 0.076918 
2.915036 2.174374 1.921553 1.571324 1.550429 1.168864 0.649649 0.688875 0.465748 0.324884 0.303521 0.080761 
2.814536 2.087411 1.983675 1.580876 1.459118 1.073070 0.597461 0.351299 0.319192 0.295610 0.227357 0.076608 
2.790602 2.260618 1.958790 1.326769 1.109321 0.997549 0.659895 0.408821 0.324143 0.315769 0.210417 0.079118 
2.708387 2.216502 1.914046 1.393308 1.239796 0.900504 0.681029 0.689540 0.442483 0.350642 0.280697 0.079927 
2.662197 2.006130 1.773433 1.349551 1.210027 0.880219 0.707344 0.842213 0.386106 0.401540 0.383923 0.083956 
2.710400 2.014960 1.786587 1.503282 1.323146 0.845835 0.408905 0.621561 0.209678 0.215434 0.363804 0.083977 
2.640065 1.899640 2.035021 1.670152 1.138946 0.941414 1.097426 0.833631 0.211766 0.215395 0.295835 0.078085 
2.646446 1.776521 1.621870 1.430339 1.100582 0.940811 0.937966 0.485871 0.111442 0.347206 0.385411 0.086507 
2.981009 1.670029 1.567755 1.249186 0.770672 1.647333 1.168005 0.345983 0.193500 0.335374 0.397072 0.096924 
2.820100 1.823139 1.720078 1.146320 1.234779 1.493415 0.840203 0.424089 0.257218 0.100583 0.327266 0.085766 
3.397278 2.537547 1.941320 1.050146 1.528716 1.901980 1.257643 -0.447123 0.104567 -0.848360 0.490215 0.111064 
3.645935 2.777840 2.586129 1.327777 2.237236 1.790044 1.670333 -0.638834 -0.106462 -0.829430 0.475162 0.106982 
3.943026 3.018978 2.522659 1.753660 2.233524 2.037344 1.880557 -0.052171 0.117422 -1.466095 0.289226 0.048434 
3.999623 3.211594 2.077033 1.922817 2.279908 1.288539 1.613612 -0.012056 -0.437778 -1.035224 0.263612 0.040714 
3.863531 2.571628 2.124090 2.248580 2.241860 1.528295 1.008882 0.782165 -0.372910 -1.195527 0.191853 0.044342 
4.075052 2.727542 2.549584 1.877760 2.164606 1.774944 1.443257 0.912925 -0.649301 -1.655445 0.226742 0.044513 
3.944020 2.492217 2.361365 1.878810 1.812561 1.576872 1.550233 1.286488 -0.783009 -1.692161 0.084027 0.028176 
4.844511 2.370176 2.930997 1.733183 2.133419 1.452734 1.198945 1.327605 -0.343819 -2.343188 -0.023752 0.133261 
4.226039 2.185438 2.215379 1.897642 1.772812 1.454846 1.198153 0.920071 -0.337248 -1.997461 -0.034270 0.076710 
3.454640 2.151082 1.543556 1.751611 1.255607 1.282624 0.936416 0.742323 -0.448604 -1.520551 -0.136931 0.013573 
3.952318 2.519039 1.924144 1.786172 2.091122 0.835931 1.396544 0.892980 -0.478485 -2.058741 0.027249 0.040328 
4.328684 2.458790 2.219465 1.789579 2.651840 0.827947 1.610098 0.472609 -0.190562 -2.401612 -0.024652 0.098207 
3.418867 2.347870 1.399542 1.554314 2.214495 1.011710 1.278578 0.087655 -0.688880 -1.192381 -0.252346 -0.009863 
3.447948 2.407868 1.420194 1.669998 2.256868 0.753235 1.167330 -0.148569 -0.476548 -1.377602 -0.155080 -0.013792 
3.527641 2.392098 1.668480 1.570960 2.838162 0.574573 1.149020 0.097672 -0.585312 -1.637666 -0.078912 0.006641 
3.946833 2.379556 2.175123 1.227067 3.653021 0.054728 1.309066 -0.035425 -0.396428 -2.042453 -0.070813 0.081059 
3.025783 2.258583 1.461991 1.753158 1.929497 0.443683 0.536736 -0.218573 -0.598320 -1.133921 -0.177236 -0.038862 
3.563633 2.449813 2.044863 1.493262 2.796194 0.358034 0.734817 0.360056 -0.329580 -1.763519 -0.065164 -0.016176 
3.278198 2.316428 2.113752 1.891737 2.579110 0.324393 1.105675 0.264140 -0.503757 -1.682431 -0.036801 -0.007012 
3.520527 2.372879 2.443970 1.700238 2.441874 0.249183 0.889378 0.398099 -0.284709 -2.059150 0.048966 -0.000237 
3.159293 2.318590 2.079127 1.661931 1.633942 0.588098 0.019816 0.330553 -0.610039 -1.309734 -0.144809 -0.059462 
3.769448 2.579758 2.276996 1.354371 2.501609 0.106144 0.247625 0.562065 -0.612744 -1.874574 -0.002756 -0.033900 
3.536843 2.429960 2.440799 1.585523 2.208708 0.354006 0.387552 -0.257696 -0.546521 -1.615758 0.040410 -0.027232 
3.578191 3.039548 2.490191 1.398409 1.999910 0.502413 0.623048 -0.298385 -0.889902 -1.761286 0.200527 -0.065797 
3.159543 2.609257 1.673106 1.628066 1.432995 0.614622 0.340502 -0.850301 -0.770202 -0.853911 -0.123279 -0.053923 
3.384865 2.968222 1.598401 1.907322 1.599753 1.080918 0.155188 -0.838091 -0.588347 -1.128804 -0.003001 -0.065965 
3.312968 2.798340 1.905459 1.230674 2.069368 0.883997 0.393675 -0.832272 -0.513475 -1.147644 -0.042459 -0.046804 
3.860476 3.279885 2.089425 0.925500 2.415930 1.067605 0.826989 -1.153126 -0.554403 -1.655434 0.114842 -0.024784 
3.012824 2.546343 1.861181 1.248187 1.227133 0.593313 0.147951 -0.646669 -0.643446 -0.894953 -0.139369 -0.051548 
3.431111 2.913180 1.811361 1.631359 1.514341 1.384755 0.003153 -0.800365 -0.571488 -1.345104 0.084057 -0.053254 
3.627590 2.997661 1.871784 1.321042 1.764303 1.322238 0.362732 -1.049182 -0.519014 -1.558051 0.102000 -0.043377 
3.969905 3.272664 2.259572 0.737471 2.661790 0.849905 0.520959 -0.970859 -0.520539 -2.021315 0.166914 -0.029785 
3.574754 3.055677 2.117250 0.987891 1.933966 0.998403 0.122228 -0.883020 -0.687335 -1.355876 0.066297 -0.050724 
4.052708 3.208526 2.348801 0.471121 2.490036 0.925831 0.306751 -0.899464 -0.394676 -1.958837 0.116357 -0.019233 
4.139404 2.921397 2.214299 0.813274 2.989329 0.861735 -0.111119 -0.876032 -0.405829 -1.851301 0.138481 -0.000932 
4.124714 2.867236 2.291982 0.894809 3.094051 0.769196 -0.157018 -1.172894 -0.462778 -1.726195 0.159633 0.008585 
3.758653 2.702616 1.808901 1.208630 2.380013 0.608565 -0.381700 -1.089744 -0.755885 -1.127419 0.091953 -0.026554 
4.006670 2.767267 2.060270 1.434983 3.167863 0.603727 -0.496709 -1.594785 -0.497735 -1.478651 0.258171 -0.007005 
3.777099 2.686779 2.035846 1.612195 3.214684 0.751944 -0.827328 -1.610421 -0.522857 -1.311705 0.303603 -0.044418 
3.648078 2.516217 2.467633 2.130605 3.455021 0.658637 -0.722643 -1.713767 -0.638438 -1.375592 0.456365 -0.046654 
3.544306 2.682486 2.017157 1.603184 2.753370 0.718948 -0.600784 -1.537356 -0.774260 -1.047752 0.240375 -0.048887 
3.350838 2.700172 1.742422 2.302995 2.544932 0.448504 -0.984711 -1.158894 -0.978015 -0.919024 0.259080 -0.075878 
3.745961 2.715669 2.206133 1.773252 2.794612 0.487377 -0.644312 -1.504996 -0.727443 -1.247417 0.256602 -0.039785 
3.602837 2.895317 2.148462 1.938944 2.463929 0.579692 -0.683649 -1.584411 -0.792438 -1.139264 0.235456 -0.069332 
4.101763 3.203183 1.887168 1.601889 3.111530 0.297623 -0.595234 -1.635840 -0.649105 -1.432735 0.194157 -0.049723 
3.598281 3.005385 1.809429 1.656216 1.700270 0.412640 -0.838425 -1.375325 -0.620151 -0.706731 -0.016229 -0.059833 
3.907241 3.063676 2.049798 1.532364 1.930664 0.504501 -0.246750 -1.794268 -0.492212 -1.058777 0.071640 -0.035756 
3.769806 3.218596 2.069284 1.791991 2.714865 0.584799 -0.753522 -1.394330 -0.828772 -1.038196 0.186036 -0.066875 
3.920206 3.206935 2.248504 1.520953 2.860272 0.649667 -0.571113 -1.661815 -0.592613 -1.283944 0.205622 -0.053123 
3.539170 2.740781 2.145296 1.223485 1.901897 0.723472 -0.837380 -1.325600 -0.618504 -0.678958 -0.021019 -0.044721 
3.896931 3.136244 1.959652 1.093440 2.163663 0.636085 -0.623354 -1.349228 -0.513029 -0.983827 0.042663 -0.041799 
4.206270 3.342010 1.908604 1.235918 2.667992 1.277536 -0.720646 -1.935626 -0.152047 -1.285832 0.198771 -0.038775 
3.810948 3.121890 1.923269 1.283344 1.874860 0.913788 -0.436672 -1.583550 -0.179082 -1.036507 0.075722 -0.032148 
3.418786 2.843635 1.712532 1.206029 1.398458 0.250916 -0.022612 -0.882682 -0.435146 -0.818146 -0.043598 -0.021938 
4.185692 3.737752 1.450304 0.311695 2.615369 1.513977 -0.520159 -1.884148 0.267758 -1.220292 0.246389 -0.041115 
3.468204 3.049155 1.669594 0.999053 2.406208 1.105229 0.007728 -1.604099 -0.278777 -0.687291 -0.005005 -0.011369 
3.344419 2.990321 1.584555 0.720888 2.598998 1.101689 -0.143125 -1.137926 -0.424282 -0.618428 -0.009692 -0.004617 
3.717004 3.981550 1.454937 0.304292 3.523467 0.950950 -0.132417 -1.247694 -0.569495 -0.343330 0.057245 -0.011352 
3.804175 3.651596 2.119099 0.763395 3.733713 0.627544 0.118263 -1.090970 -0.666618 -0.109778 -0.014061 0.008090 
3.186472 2.908305 2.160330 1.719441 1.890163 0.705747 0.403207 -0.686162 -0.159118 -0.272450 -0.063754 0.001295 
3.562388 3.634262 2.286095 1.216844 2.890490 0.813889 0.897714 -0.756656 -0.484790 -0.188712 0.051988 0.035648 
3.294281 2.987655 2.288966 1.413651 2.061757 0.833981 0.507618 -0.382281 -0.098859 -0.233433 -0.119316 0.008688 
3.225950 2.607425 2.081272 1.433081 1.656507 1.147561 0.154361 -0.438006 -0.217302 -0.333032 -0.044603 0.027509 
2.966011 2.543287 2.108207 1.770887 2.050071 0.903370 -0.197348 -0.444401 -0.472068 -0.245197 0.078996 0.023202 
3.025417 2.451768 2.018162 1.324827 1.188425 0.808474 0.383949 0.165608 -0.262930 -0.256945 -0.018649 0.048483 
2.824087 2.310289 1.821853 1.474925 1.134143 0.565095 0.168878 0.001487 -0.212121 -0.181674 -0.009732 0.067344 
2.974509 2.531560 2.087215 1.733872 1.359432 0.639215 0.392530 0.017347 -0.180823 -0.195765 -0.109644 0.037083 
2.972668 2.491600 2.167550 1.880505 1.670191 0.959677 0.477204 -0.078979 -0.313669 -0.225944 -0.077912 0.027431 
2.901952 2.318440 1.943600 1.542030 1.386331 0.872919 0.377315 0.108198 0.025558 0.010450 0.044365 0.061122 
2.831797 2.140637 1.766265 1.587255 1.356166 1.098073 0.546204 0.300207 0.085932 0.021745 0.065674 0.069274 
2.872223 2.352990 2.228304 1.952554 1.661651 1.166797 0.881344 0.585596 0.286830 0.155296 0.020718 0.057070 
