3.208322 2.085491 1.417744 0.937842 1.254557 1.935686 1.241111 0.382730 0.723212 0.387616 0.426743 0.103506 
2.860263 2.282269 1.551813 1.445183 1.008664 2.283264 0.340940 0.585589 0.604102 0.566436 0.420511 0.103827 
2.573424 2.678496 0.665895 2.152970 1.094818 2.035386 0.165879 0.759485 0.350245 -0.057173 0.703807 0.066234 
2.306484 2.198290 -0.323326 2.193611 1.050132 2.963092 0.783365 0.385888 0.401562 -0.213081 0.396350 0.079227 
2.122005 1.808200 -2.528279 0.952861 1.722323 4.032240 1.245719 -0.514061 0.411731 -0.042734 0.579735 0.094937 
1.726934 2.429428 -2.826319 0.934375 2.089020 4.825094 1.510153 -0.852182 0.372502 -0.232307 0.739470 0.113078 
1.098253 1.848726 -2.555420 0.812561 2.364747 4.489895 2.224967 -1.059806 0.408672 -0.177412 0.656368 0.145743 
0.578001 1.736739 -2.873878 0.803625 3.101933 3.967596 2.832039 -0.538513 -0.046533 0.004744 0.612065 0.130519 
0.605071 1.851293 -2.909062 0.048690 3.059785 3.820775 2.017745 -0.278831 0.111888 -0.093537 0.553418 0.102227 
0.281463 1.355154 -3.210108 -0.214862 3.900402 3.345763 2.352136 -0.011113 0.090956 -0.075784 0.390326 0.045686 
0.203248 1.193313 -3.406540 -0.345609 3.875090 2.970540 2.518303 0.352655 0.092023 0.010945 0.206003 0.008288 
0.198261 0.880318 -2.960637 -0.298195 4.120338 2.586679 2.486623 0.493764 0.264025 -0.001772 0.135570 -0.013364 
1.038470 1.576684 -2.939027 -0.298494 4.287118 2.067911 2.472428 0.720797 0.410798 -0.062059 -0.018350 0.013728 
2.015222 1.717474 -2.212592 -0.216162 4.169410 2.313790 2.416793 0.721273 0.118528 0.274499 -0.301996 0.073565 
2.622317 1.277350 -0.815492 -0.334594 3.142118 1.569225 1.637046 0.681065 0.190119 0.364438 -0.233643 -0.019288 
3.836703 1.936450 -1.367119 -1.033402 4.594169 1.273466 1.422713 0.421227 0.237826 0.475188 -0.007368 -0.036480 
4.167156 1.772341 -1.152355 -1.130681 4.447608 -0.149220 0.848908 0.735945 0.184227 0.990227 0.072748 0.007003 
4.595244 1.993044 -1.249210 -0.915936 4.514323 -1.106643 0.187901 0.354478 0.300138 1.445840 0.198289 0.093541 
4.101673 2.012959 -0.576393 -0.090037 3.101917 -1.133138 -0.172071 0.170128 0.288019 1.272401 0.438845 0.083790 
4.704360 2.194901 -1.431340 0.001808 3.886356 -1.522567 -0.280820 0.204333 0.359069 1.393945 0.247731 0.157771 
4.051876 2.048294 -0.351279 0.131442 1.511666 -0.340845 -0.516341 0.056529 0.284974 0.966256 0.499233 0.062758 
4.493422 2.649409 -1.164813 -0.045653 0.995779 -0.121495 -0.355189 -0.343288 0.393224 0.426703 0.389547 0.057588 
5.109185 3.296543 -2.049124 -0.107120 2.209122 0.115476 -1.115420 -0.644557 0.127923 0.336640 0.286739 0.005506 
5.274184 3.127349 -1.667433 -0.178531 2.069087 0.195964 -1.429058 -0.866278 -0.237769 0.156749 0.186113 -0.006448 
4.515920 2.158236 -0.277434 -0.143632 1.004924 -0.246049 -0.777287 -0.844895 -0.342348 0.077838 0.003796 -0.011522 
4.657783 2.460330 -0.524123 -0.738513 1.840436 -1.045807 -0.107776 -1.242609 -0.253141 -0.234168 -0.121725 0.014645 
5.342118 3.299918 -1.786051 -0.004585 2.393689 -2.173151 -0.027789 -1.281138 -0.400911 -0.391164 -0.455567 0.065642 
3.737391 2.236877 0.323196 0.241631 0.604873 -0.832275 -0.130258 -1.172948 -0.602245 -0.557495 -0.179140 -0.037349 
4.649061 2.930555 -0.253594 0.300666 1.975364 -1.776845 -0.413880 -1.242549 -0.861191 -0.699585 -0.298799 0.005229 
5.239399 3.237674 -0.900994 0.850655 2.387861 -1.966483 -0.782027 -1.146372 -1.082684 -0.834413 -0.519881 0.026479 
4.771420 2.763556 -0.026747 0.483815 1.450839 -0.799012 -0.577943 -0.826901 -0.995041 -1.111290 -0.329672 -0.055355 
3.678021 2.207226 0.623417 0.792533 0.592080 0.005262 -0.333101 -0.909921 -1.048807 -0.891199 -0.267862 -0.085975 
4.271834 2.351924 0.167366 0.137860 0.723008 0.252622 -0.452076 -0.581231 -0.952398 -1.126449 -0.363342 -0.096050 
5.158320 2.487203 -0.569264 0.436732 1.795377 -0.024294 -0.200643 -1.063039 -0.864955 -1.333864 -0.474952 -0.086391 
4.626477 1.996411 -0.350822 0.215817 1.605803 0.619628 -0.384405 -1.027509 -1.161075 -1.000388 -0.400850 -0.084974 
5.003163 1.942862 -0.518175 0.421229 1.822890 0.732165 -0.681753 -1.275163 -1.048715 -0.947682 -0.353372 -0.087730 
4.056459 1.863083 -0.242804 0.454239 1.446650 0.482786 -1.052422 -1.565416 -1.052076 -0.750108 -0.244857 -0.097010 
5.435108 1.750515 -0.818354 0.952968 2.517836 0.600340 -1.469106 -1.777601 -1.006516 -0.796091 -0.278449 -0.091802 
3.792498 1.809002 0.578733 0.890377 1.506969 0.234955 -1.424024 -1.640229 -1.128947 -0.481569 -0.157343 -0.100531 
4.491063 1.704794 0.259618 1.316687 2.088737 0.300848 -1.358234 -1.514859 -1.198041 -0.683193 -0.183426 -0.082668 
4.621352 1.995709 0.171197 1.116110 2.244377 0.482206 -1.327071 -1.627111 -1.146884 -0.798723 -0.172691 -0.079303 
5.283132 1.989951 -0.305967 1.200694 2.906524 -0.176527 -1.389261 -1.361733 -1.315574 -0.733270 -0.311776 -0.065368 
3.830569 1.751650 0.520108 1.191099 1.624528 0.186087 -1.199737 -1.177326 -1.014183 -0.747188 -0.238879 -0.095879 
4.824196 1.557445 0.462714 1.690875 2.732989 -0.141387 -1.724059 -1.390120 -1.222319 -0.885585 -0.211636 -0.063365 
3.860859 1.610763 0.853540 1.777848 1.911032 -0.088417 -1.330828 -1.326426 -1.176380 -0.809144 -0.117468 -0.080184 
3.853418 1.872819 0.762687 1.436476 1.742713 -0.166503 -1.717619 -1.432025 -0.905930 -0.541284 -0.171548 -0.115303 
4.381570 1.829637 0.369446 1.395738 2.246745 -0.239778 -1.536351 -1.252343 -0.974112 -0.758252 -0.233860 -0.089168 
5.608670 1.909957 -0.114803 1.945145 3.861372 -0.722612 -2.248455 -1.210260 -1.348169 -0.573992 -0.412296 -0.076592 
3.790813 1.860910 1.032356 1.601082 1.696389 -0.274230 -1.570446 -1.483437 -1.094837 -0.649333 -0.120704 -0.099567 
3.890174 1.859537 0.661505 1.310991 1.576594 -0.219059 -1.650208 -1.222822 -0.813024 -0.626597 -0.243718 -0.106094 
4.510739 1.962956 0.277683 1.391987 2.199987 -0.466596 -2.007693 -1.423838 -0.966758 -0.778797 -0.214437 -0.087970 
4.951131 1.928274 0.030946 1.812188 3.334144 -0.640730 -2.689716 -1.399285 -1.220404 -0.738918 -0.281783 -0.086058 
4.078457 1.770338 0.541966 1.440599 1.738491 -0.708344 -1.863375 -1.517877 -1.044072 -0.672593 -0.109820 -0.068724 
5.171865 1.905087 -0.191905 1.532805 2.965832 -0.716616 -2.490029 -1.677088 -1.001151 -0.804291 -0.228763 -0.047939 
5.067360 1.805827 0.024780 1.634926 2.708163 -0.762794 -2.510261 -1.772245 -0.991617 -0.901522 -0.197713 -0.037932 
5.139311 1.806687 -0.217305 1.452894 2.619932 -0.384629 -2.685030 -1.803754 -0.937812 -0.907557 -0.173715 -0.037168 
4.091503 1.734786 0.341874 1.267086 1.310309 -0.607544 -1.818048 -1.507225 -0.914670 -0.738793 -0.047096 -0.025615 
4.678178 1.789238 -0.074420 1.081204 2.051103 -0.671549 -2.492552 -1.387846 -0.814967 -0.840096 -0.129402 -0.031916 
5.112246 1.716084 -0.209733 1.195722 2.948769 -0.957497 -2.383774 -1.216299 -1.005101 -0.675045 -0.246708 -0.022642 
5.107572 1.866022 -0.309541 1.101999 3.235483 -1.251369 -2.367541 -1.051929 -1.140784 -0.753410 -0.351092 -0.022969 
4.191737 1.910170 0.035497 0.839699 1.455240 -0.506471 -1.591121 -0.883357 -0.623355 -0.776417 -0.206551 -0.066396 
4.500990 1.887084 0.065305 1.061439 1.975041 -0.854936 -1.819922 -0.910629 -0.780727 -0.858093 -0.174817 -0.035281 
5.771740 1.806013 -0.530014 1.189710 3.294141 -2.004564 -1.709260 -1.222425 -0.980186 -0.543332 -0.402756 0.038903 
4.641113 1.827463 0.161784 1.094382 2.196790 -1.336231 -2.032267 -1.191819 -0.762046 -0.672131 -0.088454 -0.007462 
4.052657 1.918624 0.128667 0.849650 1.301522 -1.125565 -1.659027 -1.057282 -0.521954 -0.368596 0.022862 -0.020274 
5.405342 1.909867 -0.348114 0.615065 3.298103 -2.148129 -1.450057 -1.337736 -0.669004 -0.071302 -0.266252 0.040178 
5.765242 1.830409 -0.540957 0.656297 3.625554 -2.461459 -1.298374 -1.230730 -0.863671 0.116332 -0.266238 0.099227 
4.914963 1.861815 -0.308236 0.431687 2.387997 -1.064291 -1.804394 -1.164165 -0.595153 -0.123686 0.064375 0.015673 
5.393834 1.983101 -1.192478 0.417832 2.870220 -1.566732 -1.302489 -1.369135 -0.489496 -0.065373 0.010651 0.098150 
5.697043 1.735981 -1.412476 0.251504 2.769478 -1.422980 -1.287335 -1.563974 -0.466413 -0.098054 0.046705 0.115821 
5.879692 1.397416 -1.089757 0.446684 2.351621 -0.974119 -1.027185 -1.392298 -0.298602 -0.224551 0.111227 0.137685 
5.820990 1.672941 -1.149605 0.147684 2.567839 -0.809192 -1.223083 -0.813136 -0.508543 -0.083939 0.115683 0.147947 
6.850465 1.264837 -0.977615 -0.208451 3.700965 -1.405573 -0.865690 -0.475675 -0.650575 0.204394 -0.052772 0.181267 
5.873529 1.817990 -0.713218 0.683656 2.518860 -0.360865 -0.841323 0.100981 -0.364075 -0.274170 0.064048 0.173082 
4.365517 1.945970 0.285024 0.913645 1.508658 0.395458 -0.291147 -0.043072 0.112763 -0.153771 0.356541 0.105749 
4.415534 2.072231 0.605765 0.848053 1.609046 0.387249 0.068266 0.625010 0.259339 -0.166448 0.417469 0.143860 
5.409239 2.812399 0.142922 0.898884 2.114202 0.655173 0.258768 0.729741 0.511658 -0.193289 0.245474 0.149310 
5.431185 2.519613 0.138090 1.250898 2.346106 0.826086 0.068437 0.516240 0.807065 -0.248425 0.317576 0.181010 
3.260398 2.095235 1.337598 1.281415 1.251479 0.716445 0.405501 0.440181 0.368084 0.162287 0.367367 0.069242 
4.060500 2.037425 0.660226 0.964939 1.998851 1.026687 0.802697 0.917840 0.716977 0.148428 0.432519 0.114946 
4.893661 2.144898 0.377870 1.564146 3.100579 0.676918 0.026907 0.759079 0.675040 0.047394 0.493861 0.213254 
3.752917 2.126670 1.461642 1.782234 2.321238 1.712758 0.638914 0.558267 0.404533 0.075318 0.550820 0.128670 
3.105061 1.941195 1.483277 1.570305 2.114679 1.622370 0.746649 0.600979 0.397175 0.173301 0.325583 0.077140 
4.279456 2.048878 1.006506 1.304413 2.378418 2.014192 0.788215 0.991511 0.658448 -0.138520 0.475673 0.160346 
4.477118 1.999379 1.170194 1.000281 2.419389 1.735271 0.467666 0.901419 0.513400 -0.378773 0.468151 0.179878 
