2.841272 2.145135 1.666636 1.519787 1.456606 1.128915 1.032918 1.199139 0.756402 0.346134 0.061220 0.069477 
2.857324 2.068442 1.975054 1.640053 1.581223 1.437993 1.132839 1.201374 0.754531 0.129554 -0.090562 0.064435 
2.929394 2.007255 1.842214 1.580065 1.596468 1.219203 0.886322 1.286351 1.046542 0.039592 -0.208607 0.051680 
2.817666 1.433912 1.932477 2.174229 0.930373 0.650702 1.345040 1.106400 0.670634 -0.018672 0.053783 0.087887 
2.594197 1.235238 1.820953 2.329238 1.201413 0.844191 1.212068 0.980286 0.570799 0.077248 0.123860 0.094826 
2.504159 1.441620 2.070886 2.240895 1.223724 0.423962 1.045965 1.294395 0.411528 -0.079551 0.317390 0.105700 
2.468628 1.076860 1.699653 2.471790 0.882815 0.019778 1.185117 1.665078 0.602517 0.011821 0.201876 0.126496 
2.455416 1.174148 2.031247 2.874748 0.976123 -0.299270 1.049909 1.819007 0.466816 -0.099822 0.323274 0.148742 
2.772584 0.765926 1.372471 3.196311 1.165284 -0.061674 0.734414 1.905545 0.469580 0.044784 0.182804 0.149331 
2.253073 0.526631 2.541170 3.343977 0.388600 -0.199976 1.207805 1.809197 0.284234 0.047509 0.174194 0.153058 
2.443551 0.425157 2.002550 3.297347 0.730490 -0.289342 1.225453 1.716807 0.001877 -0.069538 0.185791 0.153989 
2.138477 0.426497 2.754349 3.400557 0.333214 -0.036066 1.281891 1.715098 0.235923 -0.059976 0.118182 0.166122 
2.311260 0.083670 2.514290 3.092336 0.073597 0.088840 0.849376 1.821496 0.340076 0.057658 0.228434 0.152516 
2.164934 0.172752 2.641835 3.419991 0.472934 0.330359 0.998857 1.633929 0.382135 0.129524 0.228763 0.136329 
2.086320 0.556370 2.108872 3.708212 0.051672 0.933199 0.599407 1.851497 0.565283 0.183314 0.022756 0.169788 
1.943796 0.682243 1.945295 4.069694 -0.343003 1.170155 0.393340 1.503383 0.667277 0.197673 0.035901 0.167717 
1.791287 0.684509 1.773629 4.117478 -0.357850 0.774181 0.551485 1.447493 0.755382 0.283719 0.059827 0.143470 
1.205978 0.545343 1.955883 4.523442 -0.751677 1.192852 0.942553 1.636054 0.878717 0.216772 0.067658 0.167729 
1.252171 0.543846 1.914189 4.915749 -0.579230 0.232845 1.121232 1.460345 0.610449 0.092533 0.209695 0.139552 
1.144912 0.409000 2.291233 4.355186 -0.494630 -0.163544 1.149202 1.737384 0.600262 0.074036 0.264340 0.161351 
0.861639 -0.023150 2.851382 4.151847 -0.172143 0.372735 0.768370 1.713764 0.751702 -0.178761 0.252511 0.194594 
1.150879 -0.301433 3.045552 3.680613 0.110327 0.193292 1.003992 1.478200 0.978326 -0.282364 0.269274 0.197233 
1.385806 -0.277164 3.263243 3.331615 0.081683 0.596664 1.187767 1.271950 0.776926 -0.326798 0.191503 0.221966 
1.798007 -0.285900 3.098997 3.423803 -0.545623 0.932533 0.819528 1.235277 1.004945 -0.230605 0.162320 0.222259 
1.427120 0.452507 3.277221 2.502111 -0.012215 0.839108 1.482820 1.265574 0.421606 -0.114496 0.340863 0.139960 
2.346522 0.259055 2.552568 2.864765 0.439218 1.025539 1.225775 1.147615 0.433110 0.111058 0.160180 0.117155 
2.166504 0.552816 2.677784 2.087686 0.396284 0.567806 1.705967 1.191587 0.696698 0.223383 0.213077 0.100686 
2.784461 1.094508 2.165881 1.722900 -0.011895 0.700787 1.231647 1.275765 0.836591 0.135912 0.225051 0.094093 
3.796192 1.346676 0.763038 0.962260 0.175686 0.114370 1.032240 0.984872 0.668219 -0.021444 0.294328 0.110510 
5.174466 1.150842 0.344176 1.018389 0.358620 0.081419 0.864040 1.095271 0.604136 -0.526867 0.157701 0.193273 
5.059418 1.632243 -0.095957 0.590411 0.735344 -0.410255 0.674333 1.125903 0.111012 -0.522528 0.122884 0.159811 
5.393201 1.784545 -0.599821 0.731303 0.773820 -0.849198 0.400459 0.938619 -0.027841 -0.521408 0.056174 0.166596 
5.277541 1.785841 -0.485956 0.343365 0.646389 -0.809572 0.025164 0.710294 -0.269256 -0.506209 0.057288 0.137160 
5.929266 1.769518 -0.636142 0.009807 0.720305 -1.352699 0.149354 0.576847 -0.546903 -0.435114 -0.013976 0.135015 
5.315140 2.022039 -0.575642 -0.249203 0.256272 -0.849505 -0.184369 0.204930 -0.466703 -0.593956 -0.010849 0.086228 
5.434965 2.020013 -0.723608 -0.179243 -0.157824 -0.964962 -0.186890 -0.246056 -0.666786 -0.499427 0.042627 0.084199 
5.706113 2.014536 -0.965887 -0.223263 0.083878 -1.292196 -0.443982 -0.166543 -0.768519 -0.488007 -0.011904 0.098061 
5.291997 1.955439 -0.604354 -0.326047 -0.564287 -1.141910 -0.318233 -0.305740 -0.847030 -0.271515 0.111712 0.078980 
4.428799 2.005474 -0.245670 -0.587915 -0.934489 -1.324940 -0.386567 -0.092910 -0.138252 -0.445136 0.148653 0.045037 
5.656646 1.922812 -0.951063 -0.571341 -0.296894 -1.396066 -0.226311 -0.357655 -0.244426 -0.142295 0.112655 0.077986 
4.442986 1.782784 -0.386825 -0.799703 -0.575902 -1.116499 -0.460979 -0.189612 -0.134990 -0.133933 0.226103 0.077499 
3.984974 1.692127 -0.134329 -0.628818 -0.971598 -0.831490 -0.428264 -0.043349 -0.114701 -0.030919 0.279464 0.082053 
3.963759 2.093587 -0.127597 -1.070541 -1.046807 -0.685833 -0.135959 -0.010466 -0.013036 0.042320 0.236479 0.072867 
4.559396 1.958347 -0.217576 -0.893923 -0.882989 -0.716275 -0.122725 0.251422 -0.055739 0.009503 0.236088 0.089896 
4.132781 2.005902 -0.266150 -0.995389 -0.790058 -0.522428 -0.170921 0.101290 0.063969 0.079798 0.257974 0.078467 
3.643554 1.845307 -0.113330 -0.996356 -0.945056 -0.441877 0.065261 0.008221 -0.058584 0.095259 0.290114 0.072714 
3.958277 1.564313 -0.244814 -1.042654 -0.767497 -0.496826 0.062231 0.132520 -0.056953 -0.020152 0.277298 0.078655 
4.051819 1.549360 -0.593421 -0.928507 -0.786523 -0.387725 -0.007585 0.328326 0.000335 -0.014987 0.281302 0.077808 
5.169524 1.724480 -1.300454 -0.845460 -0.446043 -0.506442 0.230678 0.407912 0.186370 -0.166370 0.157200 0.086617 
4.537904 1.602233 -0.978351 -0.982169 -0.603365 -0.172958 0.333020 0.524922 0.194942 -0.200123 0.231052 0.080378 
4.210591 1.520080 -0.496556 -1.300165 -0.676063 -0.135416 0.620032 0.617410 0.015600 -0.201311 0.257468 0.072210 
4.267904 1.827759 -0.776698 -1.371921 -0.569272 0.148581 0.734680 0.445852 -0.018448 -0.081538 0.227919 0.065863 
6.569165 1.649432 -2.255291 -1.282011 1.483690 -1.706464 1.434370 0.430058 0.279381 -0.033444 -0.118247 0.163414 
5.971912 1.924021 -2.483858 -0.777655 0.951259 -1.190800 1.193903 0.631483 0.415894 -0.123463 -0.011528 0.127716 
4.790778 1.584304 -1.289092 -1.117507 0.253282 -0.049284 0.473491 0.974165 0.432866 -0.282927 0.187901 0.074040 
6.433994 1.625024 -2.330677 -1.169818 2.043574 -1.288049 0.966720 0.687329 0.552801 0.104453 -0.189239 0.113640 
6.868842 1.924060 -2.687953 -0.826839 2.438695 -1.583557 1.040208 0.707996 0.579684 0.124811 -0.285830 0.149841 
6.660402 1.707300 -2.120177 -0.789215 2.393474 -1.365888 1.048736 0.634697 0.640187 0.145293 -0.196935 0.136238 
4.527292 1.680370 -0.571443 -0.272931 0.629061 0.391631 0.391709 0.522523 0.460282 -0.116827 0.214510 0.054228 
5.945884 2.083120 -1.350183 0.087016 1.842001 -0.358158 0.308634 0.165956 0.655508 -0.028525 -0.021197 0.044369 
5.742254 2.043700 -0.584707 0.326786 2.010474 -0.309190 -0.170403 0.032410 0.480917 0.007285 -0.013216 0.032974 
5.153967 2.248199 0.219110 0.720706 1.703582 0.113844 -0.446385 0.023810 0.377106 0.096567 0.030531 -0.003622 
5.363611 2.377147 0.393833 0.923958 1.683341 -0.010731 0.132034 0.164745 0.739745 0.003705 -0.006873 0.010337 
4.587981 2.242305 0.603609 0.815150 1.273573 0.163836 0.050656 0.526209 0.630167 0.045879 0.169187 0.068901 
4.596906 2.222044 0.522727 0.516319 1.082027 0.624622 0.749332 0.830408 0.615568 -0.289147 0.182140 0.095327 
4.144587 1.888552 0.827477 0.731393 1.148482 1.016893 0.816844 0.843103 0.426876 -0.104376 0.110162 0.061923 
4.392129 2.159528 0.382241 0.902782 1.426408 0.849309 0.590563 0.869790 0.529604 -0.262871 0.082174 0.061203 
3.930084 2.119563 0.599368 0.817167 1.493247 0.818382 0.781003 0.575029 0.379178 0.077910 0.167058 0.064738 
4.294438 2.346281 0.888801 1.004386 1.458419 0.304236 0.383682 0.863444 0.511774 0.107860 0.237326 0.086512 
4.289311 2.547334 1.230669 0.755499 1.235430 0.487637 0.523868 0.694325 0.432769 0.085414 0.296013 0.096670 
3.998231 2.698749 1.269237 0.827152 1.017809 0.345735 0.675022 0.666162 0.388821 0.089962 0.267985 0.081370 
3.773783 2.662541 1.400079 0.756999 0.758011 0.769037 0.734025 0.417796 0.246979 0.087186 0.328503 0.088538 
4.135711 2.930206 1.516872 0.686272 0.773054 0.536278 1.092493 0.807391 0.135721 -0.105252 0.385099 0.106796 
3.712667 2.571071 1.555111 0.910555 0.890258 0.709997 0.779574 0.632797 0.162266 0.012043 0.291055 0.076299 
3.992304 2.764848 1.707509 1.138678 0.720798 0.348646 0.264184 0.243814 0.218782 0.086307 0.302058 0.092818 
4.370962 2.662727 1.102528 1.126055 1.097749 0.441841 -0.376163 -0.081211 0.288337 0.099527 0.244271 0.082436 
5.443483 2.784128 0.381142 1.265005 2.182133 -0.008374 -1.183590 -0.269059 0.589464 0.047028 0.129138 0.050504 
4.576311 2.314103 0.695844 1.219301 1.353714 -0.227104 -1.078515 -0.125019 0.381336 0.076929 0.169827 0.075030 
4.544632 2.225615 0.583566 1.235362 1.410719 -0.321152 -1.125636 -0.304167 0.551832 0.094565 0.205818 0.073433 
5.342960 2.361240 -0.066433 0.594068 2.510059 -0.602829 -1.205509 -0.139947 0.218179 0.157371 0.178012 0.103937 
5.033983 2.299447 -0.041867 0.315237 2.149582 -0.517419 -1.249526 -0.209569 0.092271 0.117849 0.260663 0.107357 
6.129557 2.504167 -1.086340 -0.207782 3.987317 -1.369278 -0.855438 -0.482302 -0.147973 0.502801 -0.100145 0.157264 
5.191432 2.324839 -0.795264 -0.024993 2.642135 -0.778550 -1.106044 -0.507606 0.110036 0.089115 0.233439 0.131211 
6.666526 2.122673 -1.422937 -0.756914 4.452127 -1.585144 -0.478234 -0.784097 -0.246596 0.596895 -0.222700 0.208863 
5.210899 2.020859 -1.177766 -0.395993 2.443419 -0.302412 -1.080414 -0.508510 0.155231 -0.139052 0.256631 0.132077 
