2.939411 1.482463 1.425237 1.307624 1.848607 0.626884 0.590919 0.171508 0.596253 -0.367388 -0.246081 0.071562 
3.454324 1.592193 1.534191 0.974961 1.900281 0.433599 0.623230 0.080785 0.412894 -0.217503 -0.194431 0.054190 
3.191803 1.554398 1.241272 0.741709 1.319459 0.629199 0.369145 -0.359721 0.384160 0.053688 -0.183497 0.073444 
3.609197 0.947853 1.835415 0.652101 0.745836 0.659687 0.983240 -0.236057 0.420427 -0.139287 -0.250652 0.080209 
3.222424 1.546651 0.892946 -0.208024 0.944605 0.866529 0.913993 0.785849 0.586054 0.512990 -0.105576 0.037011 
3.584422 0.951871 1.085185 -0.388303 0.623765 0.754724 1.284199 0.934645 1.458970 0.584377 0.111312 0.034884 
2.685925 0.556219 1.255848 0.687213 -0.158410 0.160875 1.899154 1.850515 0.853969 0.319944 0.366890 0.027347 
3.284638 -0.368845 1.209252 1.300276 0.406845 -1.127886 2.189108 2.368976 0.769917 0.136045 0.419326 0.112420 
2.933493 -0.138477 1.227317 1.911739 -0.703341 -1.014912 2.220537 2.364061 0.496422 0.221815 0.290531 0.054446 
2.687217 -0.493947 1.847458 2.128399 -0.871592 -1.574372 2.749028 2.433357 0.643110 0.373388 0.305436 0.045501 
1.935500 -0.316677 2.681158 2.381338 -1.877807 -1.059471 3.425440 2.047196 0.356987 0.735207 0.262461 -0.035292 
2.114774 -0.802694 3.621472 1.842251 -2.035408 -0.214074 3.728885 1.338537 0.480660 0.790618 0.172644 -0.046778 
1.134211 -1.132032 3.734597 2.467724 -1.356350 -0.120769 3.483462 1.150937 0.587532 0.621698 0.157886 0.021597 
0.538234 -1.777653 4.123806 3.202664 -1.416702 0.439433 2.758154 1.058875 1.152357 0.359311 0.137332 0.048896 
0.353747 -2.335027 4.820507 2.715254 -1.374946 0.430828 2.221657 1.170812 0.277092 0.348211 0.274546 0.062329 
-0.239489 -2.227318 4.338910 3.245764 -1.677972 0.129870 1.384163 1.344062 -0.182408 0.314507 0.413475 0.079882 
-0.460826 -1.914835 4.505726 2.792896 -1.913318 -0.200705 1.697312 1.289025 0.157929 0.141916 0.527346 0.092366 
-0.412280 -2.166426 4.415760 2.887870 -1.127246 -0.074846 1.269653 0.978900 -0.045283 0.252093 0.491136 0.086579 
-0.403213 -1.798111 4.562112 2.827823 -1.996921 0.091869 1.648403 0.558535 0.090853 0.454968 0.419414 0.095435 
-1.276761 -1.857952 4.933553 2.522338 -1.798811 0.054814 1.801579 0.597554 0.001330 0.659303 0.417795 0.048773 
-1.175620 -1.941759 5.660282 3.101588 -2.077554 0.298091 2.010935 0.151434 -0.132635 0.737591 0.345010 0.021343 
-0.808372 -2.132702 4.830402 2.509145 -1.629587 1.163275 2.277148 -0.251970 0.087603 0.902178 0.259263 -0.014473 
-0.752345 -2.180022 5.363310 2.829461 -1.528673 0.736094 2.518099 -0.046595 0.120657 0.760457 0.239307 -0.028666 
-0.706490 -2.697275 4.780680 3.188813 -0.904378 0.543722 1.973633 -0.017521 0.755981 0.493335 0.111501 -0.010742 
-0.429444 -2.646927 5.184091 3.831623 -0.804052 -0.210197 1.663706 0.075306 0.637445 0.568017 0.056228 0.007843 
0.163212 -3.169345 4.483649 3.074631 -0.750455 -0.105245 1.821411 0.357017 0.817838 0.597356 0.092371 0.009295 
0.154510 -2.819322 5.059960 3.870889 -0.331573 -0.729857 1.453323 0.377158 0.757543 0.375822 0.140198 0.022106 
0.717909 -2.766723 4.371529 3.850918 -0.224412 -0.161961 1.491985 0.763168 0.682205 0.480178 0.210570 -0.032942 
0.845400 -2.506453 4.278867 4.031626 -0.158091 -0.307044 1.122040 1.195407 0.907083 0.116017 0.243939 -0.022605 
1.184976 -2.582624 3.794494 3.652576 -0.053254 -0.267379 1.130590 1.429709 0.702889 0.234748 0.227165 -0.019608 
2.380102 -1.080871 3.019929 4.062375 0.373081 -0.940694 0.244877 0.006983 0.186839 0.145098 -0.336160 -0.033032 
3.241473 -0.027728 1.538458 2.768655 0.088844 -0.653218 1.145269 0.091733 -0.504002 -0.418518 -0.801234 -0.108743 
3.840528 0.562972 1.673802 1.282808 -0.118421 0.157843 1.634664 -0.059940 -1.083384 -0.588031 -0.521445 -0.144562 
4.481113 0.696469 1.333094 0.989380 -0.687823 0.795121 1.697101 -0.522511 -1.182169 -0.740757 -0.426817 -0.132664 
5.049191 0.558903 1.228751 1.045105 -0.787312 0.695221 1.494558 -0.618282 -0.990928 -0.992104 -0.458661 -0.076480 
4.672291 1.338646 0.728145 0.611942 -0.547513 0.435400 1.070911 -0.501886 -1.001499 -1.047317 -0.386279 -0.066443 
4.516483 1.916494 0.542485 0.216182 0.102397 0.332377 0.604629 -0.293223 -0.840352 -1.067671 -0.354634 -0.040835 
3.909800 2.058632 0.757216 0.327277 0.355982 0.749321 0.297193 -0.159542 -0.607229 -0.835407 -0.344247 -0.026294 
3.755245 2.109197 1.033209 0.504807 0.181857 0.602599 0.632123 -0.206613 -0.795150 -0.714145 -0.238550 -0.004913 
4.261925 2.222346 0.850983 0.346211 0.324844 0.660768 0.430389 -0.250804 -0.600594 -0.539200 -0.288033 -0.023495 
4.758745 2.178476 0.744947 0.354355 0.115598 0.429100 0.597361 -0.344427 -0.522555 -0.519770 -0.320811 -0.048567 
4.150873 2.404100 0.924744 0.011195 -0.206873 0.380184 0.196872 -0.448494 -0.799738 -0.587152 -0.258239 -0.032953 
3.792290 2.293779 0.661590 -0.204593 -0.347457 -0.380136 0.016948 -0.504079 -0.706118 -0.772240 -0.223311 -0.047646 
3.707474 2.164398 0.389298 -0.569743 -0.619027 -0.221680 -0.376360 -0.674731 -0.811275 -0.610160 -0.249090 -0.061344 
3.536687 1.941460 0.495881 -0.180926 -0.628016 -0.676805 -0.549879 -0.683915 -0.713791 -0.654657 -0.232495 -0.065364 
5.285931 2.801444 0.003567 -0.655221 -1.249093 -0.855280 -0.631664 -0.299200 -0.833041 -1.083075 -0.327550 -0.050127 
4.811718 2.486964 0.288042 -1.106946 -1.096196 -1.102849 -0.393810 -0.468591 -0.682249 -0.893471 -0.258538 -0.061351 
4.262926 2.459227 0.239771 -1.074036 -0.916266 -0.629409 -0.834322 -0.557605 -0.468757 -0.615867 -0.196589 -0.071607 
3.956583 2.077388 0.397531 -0.780242 -1.036439 -0.988517 -0.651295 -0.348748 -0.609567 -0.614265 -0.160859 -0.071859 
5.381009 2.391929 -0.453757 -1.222734 -0.324041 -1.098041 -1.053129 -0.333187 -0.128067 -0.682317 -0.289498 -0.096583 
5.848953 2.487667 -1.043414 -1.432960 -0.153290 -0.923499 -1.151665 -0.331672 -0.181603 -0.620342 -0.316551 -0.105990 
5.826697 2.229756 -1.220961 -1.885919 0.230630 -1.100912 -1.317557 -0.291292 -0.172350 -0.643709 -0.333594 -0.111724 
5.693753 1.907258 -1.325643 -1.644291 -0.215413 -0.898160 -1.131816 -0.025133 -0.116022 -0.903841 -0.394763 -0.090474 
5.414576 1.789872 -1.400031 -1.597245 -0.266335 -0.469051 -0.822539 -0.078234 0.005747 -0.943745 -0.361180 -0.095498 
6.184263 1.390251 -1.654394 -1.652463 -0.040887 -0.178598 -1.183649 -0.008683 0.293809 -0.868168 -0.513183 -0.109932 
6.008225 1.602167 -1.902995 -1.746698 0.519225 -0.239128 -0.970387 0.103136 0.354192 -0.840623 -0.515011 -0.136393 
6.376612 1.198406 -1.751594 -1.680287 0.495211 -0.170901 -0.550500 0.114045 0.504392 -0.723244 -0.563101 -0.128327 
5.688520 1.423960 -1.605156 -1.380351 0.325169 0.218283 -0.222596 0.377289 0.542764 -0.857362 -0.461069 -0.113122 
6.922630 0.706121 -1.638513 -1.404422 0.524244 -0.062003 0.348688 0.080476 0.646001 -0.407195 -0.544760 -0.124182 
6.140892 1.429279 -1.736413 -1.287661 0.622767 0.567805 0.315857 0.402378 0.692731 -0.452412 -0.372437 -0.111442 
6.216996 1.406874 -1.505646 -1.258688 0.805197 0.670629 0.600550 0.356974 0.825404 -0.347407 -0.315734 -0.082851 
5.547968 1.668681 -1.160561 -1.188835 0.473137 0.774522 0.568578 0.516990 0.705451 -0.462867 -0.199483 -0.046068 
6.708529 1.457056 -0.949277 -1.245285 1.101894 -0.075822 1.151521 -0.276832 0.852933 -0.059576 -0.264548 -0.010108 
5.792611 2.351766 -0.635830 -0.791988 0.351475 0.397776 0.807664 -0.174929 0.602124 -0.175195 0.011259 0.004734 
4.807258 2.686719 0.514722 -0.324260 -0.230673 0.278577 0.563072 -0.154375 0.102849 0.314539 0.145773 0.040007 
4.883638 2.869967 1.239718 -0.060604 0.144547 0.344663 0.272830 -0.525866 0.189237 0.637919 0.133079 0.038342 
5.125892 2.529283 1.578475 0.503257 0.351820 0.321605 1.000656 -0.061489 0.147989 0.473999 0.131697 0.027196 
4.263881 2.554801 1.364099 0.726333 0.459456 0.872910 1.352169 0.507672 0.376166 0.244459 0.142704 0.033764 
3.793075 2.566996 1.419871 0.602320 0.486826 0.886223 1.171782 0.890678 0.196119 0.089198 0.140900 0.023949 
4.013051 2.645360 1.585810 0.381103 0.614305 1.240539 1.308001 0.587362 0.275403 0.350417 0.018204 0.006312 
4.100116 2.748788 1.340190 0.694571 0.635671 0.805009 1.202448 0.715053 0.365666 0.121703 0.031377 -0.003113 
4.198206 2.854294 1.418620 0.287133 0.612019 0.642026 1.359154 0.425041 0.039171 0.154648 -0.044462 -0.011418 
4.190565 2.969675 1.260198 -0.080557 0.558169 0.733282 1.337751 0.455559 0.223484 -0.063514 0.025125 0.000104 
4.387982 3.204103 1.594635 -0.186953 0.164111 0.651454 1.760831 0.848108 0.063287 -0.370491 0.126164 0.020738 
4.352116 3.023899 1.422668 0.155222 0.590871 0.667826 1.621585 0.733513 0.181579 0.011962 0.074159 0.031254 
4.468977 3.261297 1.533687 0.322972 0.415545 1.078333 1.873718 0.695887 0.250582 -0.124788 0.124435 0.051574 
4.301007 3.183966 1.629945 0.345679 0.377608 1.069428 1.661283 0.888543 0.230766 -0.020032 0.148512 0.050536 
4.509357 3.170416 1.388905 0.218756 0.257287 1.294081 1.593158 0.953311 0.302285 -0.010536 0.138013 0.058421 
4.641398 3.212170 1.327328 0.088292 0.590345 1.061055 1.596188 1.156923 0.265190 -0.043380 0.124846 0.055313 
4.642612 3.258865 1.246711 0.062482 0.521818 0.828273 1.411368 1.085183 0.372987 -0.124586 0.129582 0.046310 
4.998593 3.245915 0.937278 0.245474 0.523132 0.960994 1.218994 0.435140 0.304328 -0.082005 0.038491 0.028618 
5.238433 3.040604 0.563342 0.123021 1.214386 0.933446 0.574424 0.111721 0.417846 -0.090056 -0.048169 -0.025554 
5.606689 3.068219 0.305263 -0.032947 1.251400 0.733116 0.270876 0.079608 0.263591 -0.018859 -0.032829 -0.023829 
5.914080 2.854312 -0.120508 0.300598 1.495712 0.523204 -0.108782 -0.301729 0.503235 -0.027590 -0.053277 -0.050289 
6.463107 2.647183 -0.272316 -0.005456 2.023110 0.026166 -0.466447 -0.726113 0.589192 0.077657 -0.085996 -0.058020 
