2.586970 2.057932 1.797009 1.506991 1.369747 1.069136 0.738362 0.654565 0.547801 0.322152 0.192329 0.079719 
2.669940 2.093691 1.990810 1.750663 1.414260 1.300745 0.953097 0.653054 0.576682 0.381067 0.212323 0.079549 
2.915893 2.463802 2.303267 2.055585 1.784632 1.356005 0.967774 0.617212 0.462365 0.244190 0.035310 0.057347 
3.212274 2.965164 2.970682 2.627722 2.257372 1.840923 1.150973 0.688746 0.491307 0.096015 -0.099126 0.019305 
2.997328 2.602589 2.279384 1.912954 1.556957 1.160571 0.805665 0.516281 0.233649 0.008030 -0.068290 0.029998 
3.887259 3.681018 3.547620 2.903073 2.404884 2.135767 1.177073 0.373432 -0.015271 -0.256688 0.070818 -0.024937 
3.261807 2.960892 2.849648 2.553679 2.081500 1.540589 0.959273 0.383585 -0.027878 -0.135805 -0.104341 -0.015710 
3.881012 3.622223 3.254853 2.793387 2.099107 1.621441 1.085052 0.396185 -0.064040 -0.237979 -0.010181 -0.031180 
3.162038 2.792296 2.543860 2.132019 1.700207 1.245181 0.728658 0.389876 0.112830 -0.151029 -0.132822 -0.002721 
4.114638 4.055607 3.637065 3.093131 2.505929 1.388412 0.632078 0.080470 -0.189168 -0.341775 0.013625 -0.044568 
3.337905 2.971551 2.810740 2.507869 1.843613 1.227591 0.516171 0.145040 -0.140141 -0.227152 -0.123346 -0.028313 
4.181737 4.035003 3.480367 3.595611 2.563291 1.154188 0.060878 0.055231 -0.286025 -0.336530 -0.044046 -0.051946 
3.764612 3.505551 3.222627 2.840484 2.017852 0.984841 0.145584 -0.023573 -0.086838 -0.323401 -0.084142 -0.043343 
3.177288 2.829017 2.461966 1.954769 1.499085 0.839584 0.390862 0.078606 -0.070001 -0.144224 -0.199046 -0.010567 
3.559147 3.086343 2.822754 2.389358 1.739554 1.099611 0.569075 0.158310 -0.202802 -0.384578 -0.149101 -0.040305 
3.774960 3.196851 2.930367 2.483132 1.722840 0.993161 0.455291 0.361399 -0.244440 -0.553010 -0.116320 -0.045835 
4.449349 3.283812 2.876565 3.066799 2.312659 0.812365 0.087266 0.671393 -0.132265 -0.965481 -0.067118 -0.021253 
3.206132 2.638558 2.268327 1.980947 1.442259 0.666805 0.344651 0.264805 -0.052253 -0.389228 -0.274245 -0.019458 
3.939926 3.162585 2.559039 2.473304 1.884252 0.319363 0.094868 0.594943 0.196785 -0.598426 -0.235650 -0.049661 
3.450886 2.868290 2.450472 2.078517 1.601778 1.093672 0.598387 0.357166 -0.184191 -0.457979 -0.280409 -0.044614 
4.532179 3.110751 2.304993 2.695874 2.357385 0.883772 0.190323 1.047184 -0.038918 -1.192139 -0.175524 -0.023210 
3.379839 2.733304 2.355441 2.171897 1.823628 1.152089 0.619558 0.206761 -0.294466 -0.482903 -0.258740 -0.038319 
3.995441 3.054523 2.297091 2.061155 1.818782 0.934702 0.528179 0.402831 -0.012947 -0.528457 -0.282482 -0.062769 
3.360110 2.635510 2.356843 2.054468 1.585778 0.888765 0.423290 0.186773 -0.243006 -0.408587 -0.248039 -0.029781 
4.001985 3.145464 2.633451 2.621900 2.039042 0.801144 0.212648 0.412036 -0.277165 -0.641852 -0.139598 -0.046564 
3.599951 2.938184 2.569742 2.349238 1.909446 0.977303 0.410561 0.179040 -0.063226 -0.457253 -0.240816 -0.051487 
3.921532 3.052662 2.962912 2.966877 2.113004 0.696449 0.114137 0.257692 -0.076818 -0.581145 -0.171957 -0.052070 
3.579905 2.859556 2.547073 2.446364 1.726045 0.771550 0.363629 0.329177 -0.025973 -0.501300 -0.289553 -0.050977 
3.998063 2.972456 2.416872 2.413043 1.892792 0.852017 0.488263 0.499560 -0.198639 -0.715396 -0.189019 -0.046050 
3.702665 2.796684 2.212746 1.990675 1.746857 0.996580 0.460207 0.447641 -0.194277 -0.729270 -0.263912 -0.048426 
4.267502 2.969300 2.284553 2.157917 1.693127 1.017970 0.662066 0.593263 -0.273891 -1.032121 -0.177266 -0.037492 
4.328082 3.019946 1.984595 2.165032 2.131502 1.168060 0.145580 0.381937 -0.148634 -0.754645 -0.227168 -0.056036 
3.479349 2.673325 2.320316 2.265710 1.637140 0.894662 0.401950 0.146251 -0.241798 -0.497372 -0.299909 -0.046754 
3.610553 2.831312 2.336433 2.242424 1.793423 0.731181 0.309377 0.227530 -0.218437 -0.584685 -0.285270 -0.052692 
3.936962 3.039334 2.273901 2.213400 1.622921 0.744687 0.389875 0.280331 -0.240002 -0.714629 -0.233253 -0.056397 
4.483755 2.865736 1.902995 2.295867 1.985790 0.833466 0.179540 0.292664 -0.169112 -0.919833 -0.236184 -0.040069 
3.351046 2.618250 2.149625 1.665744 1.119809 0.752738 0.446096 0.053132 -0.399295 -0.565644 -0.291562 -0.031079 
5.034359 2.977298 1.603765 2.114392 2.453382 0.847324 -0.226577 0.505271 0.125274 -1.300658 -0.306933 -0.031177 
4.130119 2.869410 1.921675 1.758607 1.673815 0.714903 0.067300 0.174536 -0.178234 -0.634632 -0.265097 -0.051815 
3.772913 2.643859 1.976792 2.012545 1.588427 0.700693 0.317612 0.181133 -0.356972 -0.694040 -0.275333 -0.037948 
3.730746 2.718830 1.987883 1.829361 1.461170 0.574988 0.114812 0.100717 -0.177179 -0.583755 -0.319941 -0.045928 
3.898840 2.645257 1.890325 1.995065 1.834433 0.653641 -0.146480 0.019796 -0.190411 -0.646357 -0.250358 -0.041507 
4.747448 2.756209 1.436544 2.121881 2.204318 0.446619 -0.420605 0.448763 0.117936 -1.084298 -0.319881 -0.034643 
3.694016 2.444109 2.067766 2.199994 1.534408 0.358623 -0.204695 0.165234 -0.107320 -0.763857 -0.272332 -0.023068 
3.789528 2.517906 1.759698 1.942470 1.491499 0.009563 -0.137683 0.364683 0.188543 -0.684868 -0.389570 -0.037046 
3.746530 2.559939 1.788587 1.768648 1.572671 0.554967 0.092196 0.146117 -0.206994 -0.676785 -0.263887 -0.025954 
4.774985 2.696406 1.274223 2.102204 2.405450 0.462441 -0.268387 0.544154 0.096590 -1.251046 -0.326044 -0.014191 
4.620457 2.567391 1.529091 2.297270 2.189170 0.487201 -0.337243 0.576701 0.073077 -1.048206 -0.320613 -0.022072 
3.745728 2.665832 1.939278 1.881714 1.476792 0.267403 -0.013448 0.316766 0.007004 -0.527937 -0.363865 -0.044890 
3.575139 2.438819 2.133268 2.330986 1.689767 0.283126 -0.325861 0.149955 0.044602 -0.566010 -0.333230 -0.033572 
5.344895 2.840904 1.371001 3.026601 2.772665 0.623702 -0.891140 0.535737 0.341256 -1.015159 -0.442985 -0.040586 
4.675679 2.673955 1.979039 3.022915 2.278826 0.490758 -0.637159 0.368280 0.397698 -0.916481 -0.317501 -0.037457 
3.424751 2.721006 2.010234 1.986045 1.548062 0.730139 0.115182 0.244864 -0.005816 -0.401718 -0.365707 -0.042001 
3.454988 2.576843 2.099667 2.413688 2.013838 0.845061 0.153604 0.229136 -0.059061 -0.520635 -0.328810 -0.041207 
4.172498 2.844628 2.141731 2.791961 2.290635 0.580531 -0.186868 0.505478 0.195665 -0.595428 -0.288930 -0.053811 
4.318851 2.834331 2.052729 3.023025 2.521256 0.720240 -0.552492 0.255960 0.165096 -0.550004 -0.250490 -0.055611 
3.222472 2.466180 1.905784 1.735485 1.598531 0.743480 -0.095904 -0.076997 0.030672 -0.137792 -0.320874 -0.006901 
4.411982 2.909246 2.435103 3.430227 2.920616 0.410258 -0.745158 -0.034994 0.277258 -0.450371 -0.201501 -0.054064 
3.422598 2.729833 2.370666 2.446590 2.009773 0.757528 0.069827 0.089722 0.125769 -0.218961 -0.292426 -0.032715 
3.545138 2.947713 2.753615 2.821655 2.255073 1.061888 0.186500 0.177757 0.075695 -0.202775 -0.121842 -0.028908 
3.199725 2.691334 2.460698 2.163932 1.785460 1.254896 0.697652 0.310838 0.063427 -0.036227 -0.083335 0.010671 
3.429226 2.919788 2.767419 2.622418 2.031786 1.539278 0.943589 0.596615 0.241904 -0.109504 -0.073206 0.001368 
2.913687 2.517097 2.287780 1.876799 1.612961 1.339645 0.925864 0.625902 0.398559 0.065187 -0.063041 0.044594 
2.923152 2.498954 2.290416 2.147588 1.681532 1.434127 1.145103 0.622081 0.152593 -0.119427 -0.018063 0.042220 
2.767220 2.145207 1.906414 1.697171 1.462928 1.108297 0.711210 0.485033 0.378559 0.102191 0.009975 0.066824 
2.985744 2.618825 2.370693 1.920616 1.753697 1.518607 1.064558 0.545713 0.179417 0.107766 -0.026500 0.044559 
2.818247 2.331100 1.966479 1.777431 1.595749 1.093869 0.796605 0.592780 0.252335 0.038110 0.017376 0.058724 
2.952625 2.489319 2.326854 2.104384 1.825788 1.492483 1.021418 0.742219 0.440920 0.085164 -0.025898 0.052282 
2.837262 2.279809 2.094749 1.801296 1.429902 1.124276 0.832007 0.554796 0.283692 0.114062 0.036664 0.060953 
2.772203 2.299330 2.110494 1.911621 1.580795 1.285024 0.946544 0.672233 0.354303 0.101977 0.052048 0.064753 
2.688291 2.237929 1.898452 1.676228 1.514832 1.168124 0.906499 0.656612 0.402187 0.238446 0.133079 0.073718 
2.778120 2.306313 2.085576 1.747697 1.512380 1.155413 0.978793 0.606651 0.367500 0.250043 0.103450 0.069379 
2.641634 2.077757 1.870977 1.614709 1.333701 1.171135 0.895960 0.601987 0.464063 0.290062 0.150194 0.077350 
2.657950 2.138890 1.921278 1.747361 1.589122 1.279570 0.872072 0.585720 0.352195 0.191561 0.132355 0.073914 
2.697299 2.168340 1.959399 1.750565 1.507995 1.239109 0.927934 0.604584 0.431351 0.275773 0.142414 0.075020 
2.616786 2.028769 1.800765 1.597264 1.368698 1.180498 0.896679 0.573126 0.439628 0.289737 0.196891 0.078651 
2.681225 2.183754 1.942828 1.725265 1.588287 1.200497 1.050624 0.766614 0.463879 0.362241 0.143442 0.077284 
2.611715 2.062668 1.807594 1.432364 1.329043 1.175612 0.796376 0.565389 0.488830 0.344935 0.175144 0.079817 
2.637157 2.148526 1.930090 1.636064 1.387236 1.239911 1.013224 0.659438 0.500479 0.368421 0.196147 0.078834 
2.555943 2.047110 1.827495 1.455826 1.320836 1.124598 0.928221 0.773338 0.540045 0.361851 0.228126 0.079236 
2.624211 2.078655 1.728751 1.503792 1.475838 1.237079 0.994010 0.716958 0.563840 0.358363 0.174722 0.079390 
2.600050 1.998804 1.727493 1.510466 1.262435 1.000297 0.744512 0.576319 0.564493 0.429881 0.229751 0.080858 
2.632606 2.082186 1.873334 1.672197 1.471392 1.307198 0.991174 0.766269 0.587660 0.311690 0.207688 0.080002 
2.584741 2.045682 1.842051 1.565945 1.304198 1.059853 0.846607 0.684024 0.465162 0.301577 0.189247 0.079820 
2.621330 2.106628 1.836978 1.591033 1.349026 1.101891 0.845837 0.652942 0.536959 0.289793 0.206523 0.079322 
