2.667731 2.003251 1.648668 1.367386 1.282507 1.107070 0.788411 0.526131 0.745331 0.517374 0.325051 0.081446 
2.695594 1.968532 1.516648 1.503872 1.300756 0.914421 0.854670 0.668916 0.703485 0.422978 0.224652 0.079071 
2.715319 1.860076 1.643106 1.729580 1.345684 1.039438 0.814471 0.639805 0.560224 0.484691 0.310234 0.080579 
2.908278 2.029378 1.859100 1.563137 1.046975 1.133107 1.064721 0.811691 0.447871 0.569785 0.379039 0.086691 
2.632347 2.032618 1.404528 1.621781 1.322967 1.416786 1.240570 1.004470 0.666225 0.350790 0.258584 0.079308 
2.759218 2.066345 1.716946 1.547571 1.337553 0.994504 1.155340 0.618338 0.587309 0.320711 0.393975 0.084333 
2.747936 2.032076 1.333271 1.404491 1.344289 1.258130 1.133689 0.701347 0.690412 0.414737 0.299301 0.079911 
2.687554 2.248277 1.577681 1.691979 1.252289 1.062916 0.912200 0.548500 0.637150 0.565086 0.464144 0.086514 
2.665544 1.941474 1.607867 1.473637 1.095020 0.832013 1.020725 0.741217 0.750123 0.547112 0.277296 0.079988 
2.745002 1.988302 1.645946 1.389735 1.088899 0.957820 0.856715 0.835585 0.712716 0.477431 0.370515 0.083843 
2.615114 1.852762 1.607054 1.409516 1.405698 1.345437 1.257853 0.670211 0.645247 0.608575 0.347504 0.078567 
2.717494 1.993372 1.371677 1.437128 1.300824 1.108275 0.943110 0.531878 0.620818 0.622696 0.408472 0.083880 
2.557289 1.748064 1.401909 1.473198 1.533881 1.381711 1.021757 0.535939 0.579452 0.513708 0.381290 0.079805 
2.522191 1.626637 1.374808 1.621071 1.773954 1.199715 0.916582 0.404371 0.730237 0.503398 0.256382 0.074684 
2.629490 1.823499 1.333820 1.432891 1.432611 1.303863 0.567706 0.497616 0.707542 0.764552 0.324103 0.074814 
2.620678 1.732114 1.503108 1.630844 1.365523 1.359625 0.939811 0.619005 0.450246 0.666431 0.268623 0.076267 
2.633666 1.707211 1.427029 1.634171 1.355290 1.246151 0.935671 0.437993 0.545996 0.473653 0.275813 0.078856 
1.955559 1.503791 1.020509 1.578694 2.557563 1.077250 0.432086 0.495761 0.154295 0.652392 -0.218225 0.116015 
1.873374 1.394780 0.154603 1.009669 3.517803 0.889387 0.365620 0.734966 0.191549 0.801078 -0.111179 0.098148 
1.735047 1.223464 -0.161971 0.477120 4.180787 1.296813 0.975172 0.690799 -0.166335 0.868150 -0.052646 0.135491 
1.405189 1.377003 -0.235405 0.016075 4.583645 1.202746 0.775902 1.005095 -0.397074 0.839220 0.014460 0.118214 
1.578682 1.146164 -0.453125 -0.660416 4.123885 1.366275 1.495166 1.396410 -0.368010 0.659468 -0.213310 0.131816 
1.811926 1.139747 -0.599071 -1.246672 3.874764 1.503575 1.514832 1.550535 -0.098674 0.947891 -0.214459 0.047378 
1.980396 1.281026 -0.808964 -1.922905 3.593489 1.176319 1.245087 1.689983 -0.003240 0.904074 -0.248513 0.023574 
2.436066 1.752326 -0.420977 -1.177086 3.335813 0.977964 2.147092 1.269761 0.660261 0.811646 -0.173734 0.041636 
2.926188 1.756619 -0.068399 -1.559644 3.030158 0.001174 1.850093 1.548381 1.124445 1.296736 -0.060253 -0.000928 
3.743821 2.566627 0.039394 -1.565257 2.445262 -0.258383 2.339702 1.270932 1.012306 0.887599 -0.041973 0.054794 
4.675590 3.235947 -0.570894 -1.812236 3.012147 -1.885487 2.315309 1.652529 1.402683 0.929150 -0.240242 0.096414 
4.260672 3.011363 0.167558 -1.624239 0.925092 -1.185898 2.123538 1.138689 0.858924 0.690066 0.075750 0.070724 
4.399525 2.815200 0.300030 -1.368982 1.119282 -1.618018 1.509566 1.085365 0.698457 0.863016 0.034602 0.073827 
3.989097 2.504710 0.538788 -0.858722 0.204444 -1.111648 1.105050 0.744097 0.663965 0.740892 0.238448 0.065321 
5.380301 3.354368 -0.658225 -1.759809 2.364842 -2.807306 0.879093 1.078189 1.285711 0.915933 -0.222819 0.100574 
4.735808 2.885550 0.002449 -1.087022 1.296819 -1.915553 0.124957 0.561603 0.758195 0.773428 -0.000151 0.039842 
4.565413 2.455420 0.508047 -0.641058 -0.019066 -0.812509 -0.302548 0.863709 0.707821 0.319899 0.068358 -0.003287 
3.500340 2.092557 0.662238 -0.239222 -0.246324 -0.333909 0.151204 0.577108 0.439937 0.172556 -0.075170 -0.018120 
5.804631 3.629340 -0.355349 -0.610196 1.124289 -1.357345 -0.168856 0.500942 0.909596 -0.050987 -0.252130 -0.103467 
6.026257 3.540902 0.125798 -0.585609 1.449477 -1.887691 0.160113 0.651928 0.763772 -0.347236 -0.489170 -0.088066 
5.002276 2.796999 0.651476 -0.025404 0.669590 -1.185641 0.192431 0.815642 0.271656 -0.574101 -0.380580 -0.080990 
3.719683 2.277787 0.830445 0.261597 0.216025 -0.166451 0.027818 0.148862 -0.105270 -0.393258 -0.299259 -0.053327 
6.526709 3.301599 -0.827854 0.206510 2.452993 -2.780991 0.154624 0.730309 0.083438 -0.364553 -0.933647 0.016701 
6.274064 2.731535 -0.405015 0.242757 2.497563 -2.282468 -0.356562 0.668315 -0.131645 -0.475591 -0.797628 -0.012260 
4.936525 2.539964 0.419998 0.945348 1.090407 -0.863660 -0.770963 0.139559 0.077420 -0.863936 -0.334413 -0.033310 
4.344839 2.206055 0.847304 0.911627 0.927818 -0.604714 -0.506197 0.015787 -0.216947 -0.704714 -0.265713 -0.020475 
4.156282 2.271902 0.944190 1.007276 0.593927 -0.818607 -0.472851 0.149737 0.045676 -0.648055 -0.278230 -0.022547 
5.821152 2.590617 -0.133789 1.132788 2.644545 -1.405437 -0.688970 0.454573 -0.432581 -0.709069 -0.589787 0.028110 
4.800743 2.289071 0.567956 1.429953 2.157772 -1.085284 -0.759762 0.289830 -0.248757 -0.739870 -0.383695 -0.000835 
4.695505 2.145890 0.815511 1.604745 2.393679 -1.173712 -0.634030 0.320676 -0.238313 -0.672455 -0.418562 -0.007778 
3.695053 2.108289 1.241354 1.562349 1.143139 -0.596429 -0.588976 -0.124189 -0.084483 -0.532367 -0.294751 -0.034456 
4.037416 2.178241 1.221886 1.972214 1.953935 -0.592700 -0.893512 -0.086853 -0.046472 -0.494528 -0.356746 -0.058798 
5.678692 2.105834 0.561765 1.794563 3.462206 -1.245952 -1.053928 -0.095700 -0.335864 -0.287897 -0.480120 -0.043191 
5.550211 2.128933 0.690587 1.817074 3.364420 -0.829653 -1.168371 -0.112022 -0.356403 -0.284076 -0.417928 -0.063216 
4.543217 2.242805 1.034904 2.072338 2.127833 0.017185 -1.188001 -0.430697 -0.123686 -0.479330 -0.249455 -0.062682 
3.859775 2.073749 1.312261 2.162062 2.189357 -0.045456 -0.852621 -0.553741 -0.378681 -0.480542 -0.157736 -0.039377 
6.680212 2.025399 -0.118261 2.006776 4.974455 -0.935971 -1.074213 -0.391990 -0.771713 -0.116988 -0.457023 0.019561 
5.072244 2.111404 0.826672 2.175710 3.345477 0.329193 -1.247846 -0.528203 -0.505721 -0.583604 -0.189596 -0.025776 
5.066180 2.437540 0.617803 2.340958 3.327676 0.027640 -0.940482 -0.638257 -0.331734 -0.568398 -0.238883 -0.032023 
3.919924 2.370956 1.596079 2.007143 1.870790 0.115605 -0.720067 -0.616241 -0.478646 -0.424912 -0.119339 -0.028948 
3.900440 2.501539 1.267025 1.446893 1.537128 0.258644 -0.317004 -0.478244 -0.311386 -0.332442 -0.262229 -0.043441 
5.296420 2.525666 1.223469 2.049636 3.205844 -0.483358 -0.919187 -0.390438 -0.607736 -0.307916 -0.218320 -0.013780 
3.881553 2.552277 1.838952 1.849791 1.881196 0.324109 -0.643995 -0.679036 -0.548309 -0.191880 -0.109589 -0.031373 
4.103706 2.615833 1.774286 1.670115 1.780641 0.322469 -0.617984 -0.457406 -0.358142 -0.135586 -0.163094 -0.037243 
3.596086 2.522015 1.509360 1.496355 1.341985 0.388574 -0.392473 -0.727237 -0.258015 -0.119368 -0.113738 -0.013279 
6.158911 2.778354 0.423200 1.769860 4.480276 -1.156344 -0.468181 -0.390423 -0.531251 0.173746 -0.430899 0.003546 
3.879483 2.633301 1.876315 1.814231 1.759511 0.378441 -0.423585 -0.373438 -0.268085 -0.137125 -0.214655 -0.047026 
5.452773 2.893852 1.390679 1.895625 3.677364 -1.233147 -0.297030 -0.092011 -0.592671 0.035164 -0.380597 -0.010729 
3.437544 2.876108 2.032812 1.265753 1.072830 0.203251 -0.106426 -0.446314 -0.272765 -0.044420 -0.193187 -0.023849 
5.063959 3.182995 2.364479 1.876990 2.664110 -1.647133 0.072789 0.015709 -0.730344 0.068163 -0.324818 0.000964 
4.226378 3.383635 2.278068 1.688023 1.803967 -0.866922 -0.254379 -0.335713 -0.389304 0.059562 -0.255127 -0.022058 
4.655786 3.465959 2.659485 1.809268 1.893509 -1.640110 -0.331324 -0.284092 -0.326549 0.209094 -0.211108 0.022711 
3.420238 2.505177 2.000080 1.398482 0.916099 -0.107994 -0.397067 -0.121620 -0.168593 0.002600 -0.055054 0.018025 
5.142684 3.435239 2.552222 1.387107 2.571162 -2.394372 -0.449794 -0.452863 -0.373115 0.572235 -0.257764 0.060662 
4.857568 3.646429 2.334740 1.299366 2.129190 -1.604308 -0.382596 -0.605206 -0.230378 0.617895 -0.136475 0.049389 
4.050996 3.396052 2.513124 1.598077 1.232771 -0.755146 -0.479045 -0.062083 0.040394 0.399912 -0.027371 0.041266 
4.084371 3.227336 2.693294 1.318866 1.103475 -0.795387 -0.111384 0.080883 -0.007647 0.457561 -0.009688 0.047447 
4.116955 3.279500 2.051027 1.362196 1.185078 -0.049844 0.024718 -0.109377 0.325277 0.417328 0.099108 0.051446 
4.976422 3.892345 1.587687 1.197766 1.554369 -0.631739 0.849661 -0.095140 0.225460 0.882867 0.146719 0.103322 
3.994210 3.104831 1.842054 0.809177 1.076509 0.427491 0.667869 0.363504 0.206559 0.538093 0.172870 0.072781 
4.280127 3.268050 1.655357 0.527883 1.339069 -0.009148 0.997464 0.228757 0.136739 0.759422 0.224520 0.115222 
3.626423 2.661905 1.424839 0.847690 1.072532 0.310096 0.989097 0.552555 0.412576 0.614648 0.320361 0.099393 
3.740204 2.781752 1.211592 0.567793 1.025296 0.554141 1.244583 0.475432 0.516153 0.815106 0.437692 0.130762 
3.759208 2.973086 1.692320 1.081990 1.596941 0.540214 1.039448 0.563054 0.417546 0.847439 0.397560 0.127155 
3.609136 2.871824 1.961590 1.374737 1.221862 0.934329 1.015515 0.651012 0.717806 0.485220 0.489309 0.115419 
3.379732 2.885912 1.935297 1.413082 1.375129 1.021900 0.858916 0.545133 0.924401 0.881021 0.382884 0.109538 
3.326925 2.729047 2.073456 1.839946 1.234966 1.085449 1.582172 1.027299 0.571757 0.499799 0.322868 0.081634 
3.415297 2.642542 1.946616 1.613796 1.009951 0.494038 1.445858 1.219687 0.761537 0.670075 0.332772 0.091697 
