2.546472 1.993690 1.734939 1.544211 1.348394 1.161380 0.954348 0.764870 0.569802 0.396990 0.228088 0.080167 
2.552760 1.993690 1.739275 1.539077 1.348397 1.155649 0.965492 0.759744 0.574162 0.393675 0.228101 0.080170 
2.548585 1.993656 1.739261 1.544202 1.342862 1.155576 0.959945 0.769866 0.565598 0.393662 0.230211 0.080168 
2.548609 1.993681 1.747838 1.534039 1.348504 1.149729 0.965602 0.764762 0.574155 0.393769 0.228061 0.080169 
2.550731 1.993661 1.743483 1.534172 1.348385 1.149731 0.965657 0.764708 0.574201 0.393772 0.228023 0.080169 
2.550708 1.993639 1.739175 1.534268 1.353876 1.161254 0.954510 0.764724 0.574151 0.393811 0.228011 0.080168 
2.552812 1.987009 1.743541 1.544440 1.337046 1.172795 0.948913 0.764854 0.574067 0.393770 0.228032 0.080174 
2.548613 1.993568 1.739264 1.534245 1.348201 1.161294 0.965719 0.764797 0.565518 0.400290 0.225962 0.080168 
2.546500 1.986968 1.747956 1.539296 1.348179 1.155555 0.960179 0.764758 0.574126 0.396985 0.226010 0.080166 
2.548784 2.002972 1.747713 1.524317 1.364786 1.183081 0.959729 0.744920 0.565667 0.390022 0.232113 0.080171 
2.541286 1.979489 1.819972 1.593837 1.331474 1.126733 0.985977 0.693865 0.525211 0.362661 0.232201 0.079785 
2.565276 2.023596 1.713633 1.543770 1.390329 1.121040 0.996799 0.762315 0.508761 0.358628 0.199199 0.080189 
2.539148 1.925396 1.775785 1.659219 1.236058 1.065989 1.013052 0.789236 0.532464 0.314108 0.256581 0.080769 
2.533271 1.959743 1.712942 1.522464 1.317847 1.095177 1.003560 0.770515 0.577476 0.369225 0.255761 0.080016 
2.531047 1.851802 1.721552 1.649639 1.457866 1.122866 1.030115 0.864868 0.485755 0.414058 0.245273 0.080417 
2.554315 1.959996 1.756663 1.553205 1.377873 1.133178 0.974060 0.870669 0.513700 0.329762 0.237889 0.080292 
2.634828 2.001130 1.759757 1.470047 1.323043 1.104577 0.869097 0.693739 0.510225 0.357190 0.218690 0.080056 
2.647471 2.195606 1.774031 1.679819 1.353015 1.092428 1.039361 0.701623 0.500763 0.266070 0.195331 0.076992 
2.697052 2.108797 1.850260 1.801593 1.362267 0.983555 0.838870 0.546437 0.291275 0.109110 0.056896 0.071837 
2.848640 2.283225 1.994410 1.653412 1.178564 0.732074 0.480867 0.154659 -0.083626 -0.181339 -0.054128 0.054522 
3.349054 2.908170 2.697435 2.009439 1.460164 0.610118 0.401928 0.076221 -0.224433 -0.317848 -0.219062 -0.017583 
3.279781 2.801458 2.344713 1.815445 1.152514 0.591817 0.269081 -0.099015 -0.272531 -0.322116 -0.255596 -0.008004 
4.032099 3.503594 2.825791 1.952645 0.946562 0.475844 0.165124 -0.212993 -0.226313 -0.198495 -0.203851 -0.032896 
3.289995 2.798429 2.326654 1.589446 0.883793 0.391523 0.034741 -0.061280 -0.129580 -0.210131 -0.236598 -0.003414 
4.553931 4.202067 3.296659 1.949433 0.884820 0.332388 -0.315888 -0.518964 -0.337829 -0.197720 -0.175077 -0.025860 
4.043906 3.618952 2.849681 1.745590 0.670496 0.260677 -0.107585 -0.364485 -0.352895 -0.319783 -0.124253 -0.017400 
4.053642 3.518122 2.611152 1.494185 0.579656 -0.127396 -0.169007 -0.349644 -0.391630 -0.263099 -0.091893 0.001257 
3.709383 3.158820 2.362604 1.277480 0.432571 -0.208155 -0.345288 -0.402698 -0.326259 -0.189571 -0.097265 0.020181 
4.772174 4.078119 2.622579 1.070356 0.143048 -0.399990 -0.279455 -0.203300 -0.372171 -0.465213 -0.026492 0.009198 
6.510252 3.729250 2.165593 1.092950 0.497098 -0.762630 0.284177 -0.798849 0.770948 -0.660505 -0.242648 0.003140 
3.996852 3.148926 2.102771 0.997420 0.262565 -0.315865 -0.501737 -0.440076 -0.398885 -0.268637 -0.038917 0.037320 
3.773251 3.065483 2.019529 0.777804 -0.065665 -0.497169 -0.337429 -0.300551 -0.302549 -0.256372 -0.090024 0.033293 
4.848497 3.536393 2.022343 0.850476 0.104073 -0.409045 -0.661314 -0.497539 -0.186682 -0.358943 -0.051374 0.024859 
5.624456 3.583591 1.723774 0.856514 0.131700 -0.469372 -0.677735 -0.411055 -0.166595 -0.519519 -0.096425 0.017538 
4.116525 3.165222 1.963168 0.894718 0.205474 -0.365301 -0.620405 -0.638564 -0.523299 -0.381730 -0.061939 0.022620 
3.572449 2.793378 1.881539 0.903990 0.140411 -0.480661 -0.594539 -0.659391 -0.515998 -0.261273 -0.113130 0.026900 
4.672612 3.561180 2.099811 0.878205 0.674537 -0.684409 -1.077677 -0.657725 -0.514261 -0.181646 -0.088504 0.017238 
4.628399 3.557299 1.980689 0.811214 0.713675 -0.235138 -0.734455 -0.842725 -0.552918 -0.191731 -0.064867 0.028166 
3.950683 3.113317 2.141590 1.051453 0.328195 -0.501937 -0.648045 -0.308790 -0.593231 -0.314546 -0.040470 0.033014 
3.774735 3.082580 2.026873 1.003642 0.300743 -0.507647 -0.512386 -0.515108 -0.445604 -0.215996 -0.103184 0.036015 
4.235183 3.241059 1.963280 0.752945 0.344969 -0.312835 -0.474303 -0.390209 -0.521457 -0.308290 -0.073656 0.029221 
4.640131 3.519967 1.798857 0.577079 0.652017 -0.261858 -0.518346 -0.401508 -0.591272 -0.378117 -0.064678 0.026139 
4.130206 3.098272 2.033410 0.669589 0.147340 -0.112251 -0.366034 -0.449819 -0.543415 -0.363895 -0.080896 0.023912 
4.150811 3.219055 1.835488 1.067782 0.381087 -0.595261 -0.605425 -0.432318 -0.292816 -0.298425 -0.131386 0.015460 
4.419816 3.428168 2.261395 1.024062 0.509691 -0.620026 -0.417417 -0.374080 -0.507176 -0.429403 -0.071580 0.018517 
4.567091 3.457936 2.208798 0.874787 0.775199 -0.677211 -0.559110 -0.521955 -0.416465 -0.263128 -0.111202 0.013296 
4.734999 3.563398 2.362910 0.947205 0.628844 -0.521361 -0.744006 -0.531497 -0.197404 -0.392855 -0.073484 0.014694 
4.446139 3.474088 2.547841 1.348987 0.473507 -0.553551 -1.050803 -0.417098 -0.158566 -0.307837 -0.116610 0.008617 
4.107686 3.142846 2.185418 1.122125 0.465592 -0.289166 -0.576450 -0.319193 -0.311770 -0.275673 -0.148655 0.001502 
4.225533 3.316497 2.098710 1.126325 0.665349 -0.286771 -0.457328 -0.173349 -0.313573 -0.408954 -0.128063 -0.005406 
4.796744 3.506169 2.411376 0.746730 0.434156 -0.279025 -0.379449 0.226660 -0.351599 -0.544086 -0.110080 -0.017779 
3.760297 3.032997 2.212342 1.015043 0.020769 -0.457022 -0.385998 0.125843 -0.090874 -0.303084 -0.175492 0.003712 
3.986038 2.971838 2.057677 0.974429 0.395426 -0.034339 -0.309760 -0.204087 -0.254457 -0.341533 -0.129237 0.011727 
4.180642 3.122026 2.046277 0.924791 0.400195 -0.396026 -0.363594 -0.006783 -0.327582 -0.352907 -0.060169 0.026932 
4.800793 3.255527 1.877327 1.013326 0.599532 -0.509226 -0.267627 0.045907 -0.082283 -0.694127 -0.008681 0.047503 
3.685252 2.951571 2.026077 0.931369 0.089385 -0.343243 -0.290539 -0.129136 -0.197962 -0.181825 -0.035190 0.048921 
4.521388 3.301225 2.371988 0.901259 0.457551 -0.669329 -0.015752 -0.172649 -0.226620 -0.442293 -0.017682 0.039259 
4.297139 3.495494 2.375213 1.136692 0.379957 -0.376702 0.119943 -0.478514 -0.230272 -0.288354 -0.037521 0.028142 
4.051569 3.649672 2.415156 1.091333 1.021279 -0.397702 0.156387 -0.613255 -0.186554 -0.245348 -0.083646 0.025497 
3.792521 2.850472 2.076647 1.145145 1.093392 -0.346120 0.042543 -0.187118 -0.040118 -0.049571 -0.165930 0.023917 
3.722919 3.268818 2.252349 1.442962 1.213020 -0.786149 0.199636 -0.159604 -0.065145 -0.208090 -0.173430 0.023577 
4.147046 3.517449 2.082546 1.450520 2.127242 -2.190548 0.660942 0.168936 -0.051464 -0.511483 -0.166849 0.097514 
3.175554 2.562632 2.095482 1.654097 1.305302 -0.646745 -0.214447 -0.078632 -0.321194 -0.056569 -0.098120 0.062263 
3.411590 2.705937 2.117634 1.153674 1.258525 -0.443913 -0.002275 0.062843 -0.238034 0.075057 -0.173980 0.041924 
4.299394 3.316851 2.054517 1.218525 1.696641 -1.512353 -0.206773 0.428914 -0.350376 -0.274941 -0.090517 0.064761 
3.673740 2.896207 2.180099 1.278472 0.924781 -0.398564 -0.190413 0.120818 -0.267651 -0.202067 -0.080521 0.036207 
3.608771 2.800671 1.928090 1.263963 0.650216 0.009442 -0.080545 -0.310403 -0.162128 -0.129420 -0.015417 0.050261 
4.094147 3.277922 2.334437 0.974527 0.457146 -0.309691 -0.041757 0.018081 -0.243859 -0.156902 -0.031454 0.030433 
4.446882 3.477569 2.213344 1.400124 0.543646 -0.468050 -0.428785 -0.252857 -0.004153 -0.171484 -0.016197 0.035415 
3.640804 2.981517 2.144428 1.138986 0.363719 -0.281640 -0.153507 -0.244256 -0.226089 -0.088268 -0.001045 0.055510 
3.875238 3.106595 2.119686 0.795217 0.231923 -0.030883 0.157234 -0.025570 -0.435278 -0.220643 -0.001918 0.038024 
3.474426 2.703210 1.617398 0.821002 0.037444 0.031609 0.086251 -0.026707 0.002414 -0.104051 -0.019678 0.052066 
4.590301 3.841029 2.069675 0.219185 0.137539 -0.564210 0.378956 0.196332 -0.229941 -0.221725 0.017064 0.032878 
4.381048 3.477392 1.694567 0.138267 -0.202854 -0.223618 0.357194 0.485542 -0.170728 -0.298474 -0.031349 0.012540 
3.714301 2.941356 1.661614 0.319724 0.082849 -0.166044 0.180594 0.078411 -0.089143 -0.044696 -0.055452 0.040980 
3.530897 2.645975 1.544064 0.295954 -0.084554 -0.271509 0.073936 0.399401 -0.035930 -0.018687 -0.064650 0.042998 
5.643676 4.214417 1.233749 -1.138637 1.313689 -1.410736 0.461325 1.041527 -0.212665 0.084537 -0.223488 -0.000378 
5.434821 4.151958 1.319852 -0.969688 1.118529 -1.175422 0.460342 0.993763 -0.224216 0.013801 -0.171287 0.001526 
4.101630 2.999814 1.419989 0.274143 0.058638 -0.391861 0.168572 0.419904 0.169213 0.050349 -0.022247 0.024168 
4.173514 2.976865 1.763892 0.437250 0.126487 -0.466584 -0.220163 0.440767 0.329211 0.179269 -0.006630 0.022834 
5.117468 3.352932 1.389267 0.243694 1.035154 -0.935138 -0.393574 0.757411 0.537073 0.201184 -0.020112 -0.006074 
5.312236 3.175420 1.661745 0.798255 1.014797 -1.465322 -0.144569 0.746064 0.459449 0.235285 -0.005973 0.035364 
4.783852 3.141937 1.689701 0.741137 1.252028 -0.832889 -0.404892 0.843351 0.522436 0.314212 -0.021065 0.003302 
4.051630 2.675700 1.829846 1.433467 0.945000 -0.763186 -0.171420 1.034982 0.774407 0.151053 -0.094761 0.022677 
3.771498 2.515870 1.716459 1.696229 1.298080 -0.562783 -0.331677 1.031455 0.948085 0.166096 -0.167879 0.022116 
