2.603415 1.495455 1.720075 1.800385 1.442159 1.086227 0.785547 0.342269 0.482587 0.366484 0.124736 0.075707 
2.643907 1.551912 1.887772 1.715458 1.391325 0.865076 0.455033 0.431854 0.613293 0.376983 0.019002 0.074795 
2.928813 1.708394 1.713429 1.997060 1.678834 0.686341 1.664151 -0.121381 0.655973 -0.010874 -0.094757 0.064396 
2.872260 1.770349 1.105966 1.683731 2.406704 0.735325 0.704742 -0.254510 0.739367 0.065364 -0.071652 0.057484 
2.837854 1.842100 0.957458 0.897168 2.112991 0.687159 1.790379 0.219075 1.184445 -0.167159 -0.218282 0.071069 
2.749305 1.717880 0.490717 1.547640 1.987690 0.892907 1.479621 0.188054 0.787228 -0.216909 -0.103461 0.075755 
2.704241 1.622344 0.207539 1.193110 1.814120 0.869483 1.662453 -0.447148 1.058104 -0.060574 -0.042072 0.073499 
2.599961 1.733327 0.389327 1.091936 1.949567 0.563893 2.098166 -0.359833 1.135571 0.206056 -0.189792 0.083298 
2.383676 1.519394 0.594486 1.448527 2.312593 0.500940 1.723240 -0.249528 1.068365 0.406759 -0.016979 0.088799 
2.407679 1.768741 0.843353 1.450758 2.372982 0.406383 1.321462 0.170003 0.973970 0.305613 -0.101986 0.087998 
2.487431 1.889746 0.194506 1.609508 2.749436 0.761069 1.470182 0.174114 1.280013 0.229354 -0.121912 0.061597 
2.845522 1.318803 -0.019201 1.100454 2.657671 0.388387 1.460410 0.273875 0.877540 0.114298 -0.269216 0.081044 
2.733969 1.396642 0.448642 0.655646 1.993819 1.447202 1.401821 0.423948 0.492689 0.151332 -0.118160 0.089299 
2.692022 1.448462 0.441013 1.063322 1.696042 1.472239 1.706983 0.149116 0.626502 -0.120116 -0.048955 0.096122 
2.793246 1.684839 0.832610 0.934729 1.076066 1.158361 1.500101 -0.097388 0.264623 -0.401881 -0.141461 0.101461 
3.141160 2.427897 2.163443 1.740218 1.149376 0.949542 0.904004 -0.101062 -0.110109 -0.372682 -0.171300 0.010158 
3.672354 3.151504 2.444271 1.591851 1.405044 0.588703 0.479282 -0.452880 -0.414813 -0.368346 -0.116422 -0.031519 
3.878148 2.929991 2.063848 1.417662 1.204359 0.653805 0.100814 -0.509697 -0.772446 -0.568970 -0.097864 -0.040019 
4.264854 2.617595 1.243060 1.103573 1.040645 0.518122 -0.079565 -0.224775 -0.494111 -0.850186 -0.304173 -0.070632 
4.746046 2.650194 0.583255 0.712132 1.372016 0.683629 -0.097987 -0.280599 -0.268222 -1.050933 -0.416493 -0.099885 
5.174662 2.649043 0.454805 0.392117 1.110832 0.416879 -0.272548 -0.311395 -0.227032 -1.166694 -0.464525 -0.109131 
5.117873 2.689334 0.258250 0.195635 1.531745 0.753604 -0.406361 -0.385542 -0.326213 -1.012784 -0.424916 -0.119704 
5.253101 2.559807 0.227045 0.400824 1.277284 0.402543 -0.423334 -0.480450 -0.137023 -1.319913 -0.530436 -0.126015 
5.706888 2.754972 -0.180641 0.392911 1.356997 0.296299 -1.425665 -0.729080 -0.078355 -1.338401 -0.570936 -0.158843 
4.735988 2.490932 0.302006 0.256287 0.719714 -0.194885 -1.122489 -0.589256 -0.393241 -1.018683 -0.355670 -0.097705 
4.989425 2.355118 0.055798 0.164011 1.116784 -0.346351 -1.446063 -0.844084 -0.279870 -0.928537 -0.352361 -0.104664 
7.078292 2.224622 -0.359755 -0.343626 2.079806 -0.663177 -2.054609 -1.363074 -0.452453 -1.080310 -0.833938 -0.189452 
6.421635 2.373311 -0.466428 -0.219556 1.459960 -0.528942 -2.430294 -1.288849 -0.230436 -1.185658 -0.685039 -0.165218 
4.404271 2.159496 0.228969 0.295472 0.324741 -0.975523 -1.830665 -0.989670 -0.343674 -0.770264 -0.255044 -0.068185 
5.286499 2.174687 -0.189822 0.253968 1.068687 -0.927045 -2.177982 -1.140324 -0.195181 -0.872397 -0.344537 -0.079791 
6.589767 2.478096 -0.715645 -0.867749 2.198215 -0.925394 -2.652791 -1.057841 -0.847244 -1.057740 -0.710965 -0.175639 
6.451340 2.280863 -0.607458 -0.796378 2.008021 -0.961111 -2.670062 -1.237365 -0.708866 -1.089078 -0.653922 -0.150554 
4.691847 2.167386 -0.139666 -0.084617 0.633900 -0.891172 -1.987035 -0.925206 -0.326611 -0.872153 -0.267668 -0.070887 
4.732934 2.160904 -0.217555 -0.129993 0.499150 -0.842881 -1.746704 -0.879971 -0.387635 -0.971097 -0.278380 -0.061794 
4.692774 2.120872 -0.369601 -0.252862 0.663368 -0.635438 -1.762779 -0.945064 -0.484233 -0.925925 -0.266869 -0.066308 
5.419286 2.249284 -0.886743 -0.682867 1.515082 -0.599858 -2.220461 -0.918677 -0.423471 -1.179536 -0.442867 -0.114857 
5.940063 2.373671 -0.945568 -0.771555 1.439604 -0.561408 -2.310067 -0.984958 -0.426271 -1.334422 -0.595074 -0.134133 
4.163035 1.836648 -0.189348 -0.216603 0.205489 -0.678824 -1.141793 -0.680932 -0.586788 -1.028657 -0.295771 -0.048411 
3.902911 1.850064 -0.022418 -0.510127 0.011263 -0.370259 -0.825545 -0.756840 -0.961094 -1.036622 -0.222756 -0.028537 
4.611979 2.006971 -0.665730 -0.478073 0.392751 -0.202309 -1.268519 -0.724521 -0.564177 -1.262193 -0.336841 -0.060865 
6.509233 2.398695 -1.079004 -1.087244 1.937556 -0.727073 -2.577506 -1.035860 -0.920034 -1.270211 -0.748371 -0.165266 
4.322824 1.826569 -0.398794 -0.286617 0.380690 -0.421660 -1.020390 -0.556374 -0.664222 -1.261893 -0.345643 -0.049078 
3.999864 1.635834 -0.246927 -0.092954 0.426353 -0.250193 -1.110627 -0.855535 -0.664922 -1.009955 -0.300520 -0.055079 
4.549394 2.103104 -0.520334 -0.583730 0.604839 -0.313269 -1.595724 -0.769684 -0.522383 -1.082720 -0.280500 -0.084575 
5.646355 2.340918 -1.030150 -0.500579 1.740721 -0.665364 -2.017403 -0.894600 -0.579086 -1.245678 -0.555074 -0.117685 
5.750839 2.360909 -1.009881 -0.304078 1.573992 -0.562827 -2.340016 -0.715917 -0.739272 -1.145661 -0.566705 -0.117559 
5.561424 2.381873 -0.608973 -0.114754 1.656338 -0.809308 -2.209382 -0.932203 -0.635606 -1.166294 -0.474032 -0.094862 
4.915047 2.254068 0.015148 0.503984 1.112489 -0.852546 -2.033010 -1.125775 -0.682083 -0.998778 -0.242501 -0.048254 
4.595790 2.550346 0.376793 0.614890 0.765182 -0.704678 -1.949954 -1.384924 -0.843526 -0.862431 -0.098896 -0.033431 
4.981175 2.284847 0.399299 0.519295 0.892166 -0.890691 -1.798045 -1.070102 -0.584420 -0.949449 -0.205965 -0.014218 
5.298927 2.139904 0.157251 0.941536 1.115122 -1.264993 -1.367880 -1.124221 -0.355317 -0.855776 -0.294193 -0.013250 
4.256173 2.022147 0.726389 1.463544 0.571149 -0.936423 -1.574211 -0.984720 -0.612785 -0.630321 -0.193518 -0.027787 
4.707345 1.901100 0.663243 1.478121 1.023199 -0.873307 -1.764599 -0.803336 -0.702055 -0.329490 -0.170968 -0.021374 
4.149238 1.972729 1.092006 1.869864 0.880178 -0.550622 -1.227091 -0.590423 -0.809805 -0.452141 -0.173894 -0.016127 
5.033218 1.879577 0.108035 2.265150 1.790170 -0.872515 -0.559390 -0.597157 -0.277942 -0.451645 -0.335471 -0.053550 
4.471916 1.952451 0.629991 1.446573 1.517044 -0.361351 -0.456056 -0.460780 -0.192156 -0.465538 -0.253151 -0.016887 
4.377417 1.988453 0.123151 1.562599 2.123718 -0.101538 -0.215095 -0.389524 -0.095165 -0.557691 -0.402863 -0.050545 
3.803601 2.033396 0.987847 1.545643 1.864438 -0.365486 -0.139110 -0.552365 0.039362 -0.500637 -0.333433 -0.031601 
4.316431 2.337031 0.250592 2.015610 2.575016 -0.962212 0.812873 -0.929222 0.356776 -0.638113 -0.385090 -0.038910 
4.610696 2.521428 -0.017057 2.615235 2.334099 -1.765571 0.693702 -1.045966 0.289426 -0.631282 -0.260644 -0.011610 
4.909074 2.719030 -0.112026 2.692008 2.253279 -2.144912 1.133805 -1.286965 0.186005 -0.733604 -0.120957 0.031943 
5.153541 2.434209 0.454793 1.883667 1.959720 -1.856310 1.213737 -1.317107 0.045560 -0.873078 -0.155839 0.059383 
4.669705 2.645788 1.193218 1.144873 1.563350 -1.422287 0.774987 -0.822636 -0.298374 -0.994970 -0.152744 0.060400 
5.011012 3.241968 0.545397 1.006117 1.949129 -1.382710 0.454827 -1.237904 -0.025518 -0.573971 -0.163065 0.019370 
5.383471 3.232074 0.437991 0.465951 2.566697 -1.384968 -0.186601 -1.022988 -0.024719 -0.637896 -0.302369 0.001336 
5.794073 3.227854 -0.256382 0.510243 2.802417 -1.761598 -0.199164 -0.977058 -0.177474 -0.428783 -0.424411 0.015871 
4.802976 2.679483 0.612341 0.325227 1.401452 -0.725737 -0.401148 -0.645258 -0.460551 -0.598785 -0.176412 -0.014151 
5.710805 2.588877 -0.118752 -0.099244 2.155839 -1.535733 -0.196677 -0.904945 -0.239051 -0.790783 -0.440213 0.001510 
6.482247 2.215775 0.027963 -0.416745 2.685413 -2.141490 0.103623 -1.093670 -0.355970 -0.589958 -0.700948 0.041555 
5.567792 2.991288 -0.556288 0.333120 1.512156 -1.240873 -0.497041 -1.017271 -0.053646 -0.900761 -0.319043 -0.059604 
4.492493 2.471995 0.568239 0.606269 0.350592 -0.861229 -0.852117 -0.623553 -0.067841 -0.647673 -0.157326 -0.064347 
5.540939 2.814115 -0.241851 0.245754 1.738511 -1.652496 -0.540852 -1.403380 0.682084 -0.771298 -0.295685 -0.075469 
6.106617 2.726269 -1.015536 0.656498 1.992280 -2.210556 -0.035325 -1.511012 0.887266 -0.633647 -0.332113 -0.053118 
4.788378 2.334229 0.030581 0.681495 1.246449 -1.266523 -0.719569 -0.615632 0.340440 -0.302430 -0.069972 -0.016607 
4.379717 2.063972 0.301033 0.999321 0.869054 -1.497312 -0.746047 -0.224783 0.690048 -0.083437 -0.094012 -0.022537 
5.819269 1.449320 -0.162821 1.266685 2.193845 -2.748687 -0.121015 -0.513429 0.755247 0.153379 -0.149610 0.084269 
5.859677 1.552723 -0.693207 1.709844 2.402416 -2.632849 -0.253045 -0.134492 0.799319 0.239386 -0.059553 0.103272 
4.500782 1.507161 0.145639 1.162880 1.523063 -0.853610 -0.905311 0.333324 0.799625 0.171707 0.097199 0.042788 
5.136172 1.444269 -0.040284 1.476507 1.774516 -1.086278 -0.436335 0.505491 0.837863 0.224548 0.112266 0.092926 
5.150526 1.694256 0.215975 1.503899 2.015374 -1.135865 -0.190794 0.439050 0.881711 0.264816 0.088894 0.093864 
5.572239 1.069097 0.994705 1.538179 2.179242 -1.568434 0.834473 -0.086276 1.142232 0.315623 -0.030367 0.144982 
3.942859 1.748111 1.044966 1.783632 1.639540 -0.168251 0.020823 0.337432 0.539766 -0.032358 -0.182278 0.014727 
4.155830 1.860333 2.054705 1.606315 0.990984 -0.380811 0.718685 0.304987 0.014276 0.096004 -0.205837 -0.007542 
3.580783 1.834533 2.008311 2.092518 0.696008 -0.245911 0.299632 0.261090 0.492507 0.092411 -0.200190 0.031324 
4.061027 1.528535 1.795816 2.365829 0.861950 -0.124310 0.573484 0.306275 0.351477 0.207493 -0.170199 -0.003818 
