2.594808 1.983049 1.732186 1.464081 1.249695 1.287694 1.045571 0.823383 0.616925 0.343891 0.237615 0.080314 
2.525852 1.937950 1.742001 1.536494 1.336681 1.152226 0.950308 0.812445 0.556102 0.344449 0.240328 0.079402 
2.599563 1.965739 1.678982 1.561222 1.411445 1.189414 1.105695 0.853991 0.597230 0.361106 0.209413 0.080221 
2.566301 1.971969 1.721102 1.641687 1.435502 1.274360 1.036412 0.789556 0.511827 0.400093 0.342340 0.081192 
2.549442 1.965036 1.682746 1.461463 1.333430 1.194277 0.954659 0.764499 0.574727 0.331860 0.238156 0.080056 
2.557160 1.920461 1.680930 1.495277 1.347598 1.281851 1.030161 0.778912 0.486618 0.319466 0.251240 0.080578 
2.530763 1.977937 1.693165 1.518211 1.397489 1.236966 1.054062 0.733865 0.426012 0.405305 0.277448 0.080065 
2.553361 1.937948 1.630261 1.361768 1.309520 1.293257 1.010508 0.804005 0.529363 0.298509 0.212015 0.080600 
2.559632 1.916709 1.661012 1.452329 1.284912 1.281703 1.008848 0.847348 0.589945 0.381943 0.200882 0.079290 
2.656359 1.957080 1.525055 1.402266 1.378707 1.555694 1.204227 0.766171 0.514329 0.331604 0.258523 0.082869 
2.943564 2.396618 1.886175 1.709890 1.379651 1.308802 1.178457 0.746249 0.234575 0.228994 0.173271 0.071704 
2.897192 2.292672 2.024920 1.825411 1.577734 1.501861 0.978598 0.442021 -0.006564 -0.049331 0.029983 0.054515 
3.416125 2.737826 2.251224 2.092622 2.115523 1.979597 1.170068 0.445767 -0.082271 -0.102384 0.062820 0.034959 
3.035127 2.589185 2.372166 2.081899 1.815628 1.376213 0.863963 0.440294 -0.004205 -0.092402 -0.041947 0.022883 
3.472116 2.983533 2.658397 2.349072 1.883894 1.944861 1.177545 0.323202 -0.492377 -0.364147 -0.005182 -0.014263 
3.453874 3.061666 2.801245 2.618276 2.012701 1.466854 0.862412 0.282399 -0.512897 -0.519680 0.024146 -0.035260 
3.965736 3.410904 2.881309 2.962901 2.936760 0.470646 0.664298 0.175570 -0.550742 -0.726649 0.043213 -0.029778 
3.607205 3.207427 2.655772 2.621191 1.953155 0.733443 0.690813 -0.018232 -0.644308 -0.595905 -0.015281 -0.045323 
3.745039 3.518148 2.797102 2.436861 1.620842 0.353402 0.806130 -0.019038 -0.481266 -0.744758 -0.022307 -0.053909 
3.603491 3.383961 2.816537 2.533508 1.843161 0.642358 0.298760 -0.368694 -0.531219 -0.436290 -0.127365 -0.059036 
4.222624 3.900586 2.838332 3.139883 2.708764 0.155625 0.622019 -0.276325 -0.846942 -0.695715 -0.055624 -0.043230 
3.425310 2.990094 2.528383 2.129225 1.362766 0.487924 0.145326 -0.367254 -0.461840 -0.413268 -0.228464 -0.051552 
4.379848 3.485468 2.771205 2.264573 2.507337 0.001167 0.459554 -0.448204 -1.130401 -0.175659 -0.215500 -0.042807 
3.780501 3.272252 2.667908 2.453828 2.687398 0.200119 0.369287 -0.764855 -1.092249 -0.177655 -0.161037 -0.052076 
4.486749 3.812817 2.078346 2.736683 3.815057 -0.018538 0.537810 -0.815098 -1.653151 0.028918 -0.228563 0.011682 
3.395294 2.958921 2.295115 2.075572 1.746346 0.379334 0.037355 -0.603961 -0.637647 -0.323543 -0.248398 -0.055823 
4.519126 3.788878 1.823851 1.745596 3.200445 0.250496 0.508909 -1.044649 -1.561221 0.003397 -0.233256 0.012738 
3.800618 3.515806 1.892732 2.269324 2.306173 0.685619 0.365967 -1.207150 -1.211189 -0.259047 -0.106093 -0.029111 
3.641966 2.997060 2.104962 1.549588 2.041260 0.422260 0.177582 -0.933295 -1.049290 -0.176027 -0.234321 -0.042288 
3.917480 3.296476 1.769419 1.557911 2.670741 0.459081 0.225875 -1.400919 -1.423931 -0.044647 -0.198001 -0.020893 
3.889429 3.322745 1.817428 1.351065 2.725461 0.337920 0.344981 -1.333580 -1.506949 -0.174615 -0.206635 -0.016590 
3.949526 3.549843 1.428318 1.771824 3.083023 0.152535 0.462005 -1.562098 -1.705047 -0.039577 -0.250944 0.003660 
3.581441 3.055218 1.585272 1.436917 2.404527 0.480106 -0.017541 -1.424488 -1.153505 -0.307273 -0.230410 -0.055436 
4.627260 4.531431 0.578532 1.279875 5.209018 -0.058104 0.180540 -1.556961 -1.958424 -0.101233 -0.385631 0.038777 
3.480977 2.686104 1.842012 1.445854 2.147880 0.519758 -0.186993 -1.189455 -1.335761 -0.347303 -0.191310 -0.062811 
4.785527 4.273054 0.645038 1.416545 4.361938 -0.074317 0.089487 -1.463925 -2.018780 0.015397 -0.387171 0.055890 
3.837896 3.144374 1.999936 1.283455 2.491941 0.963059 -0.044840 -1.325404 -1.885311 -0.180795 -0.124151 -0.032065 
3.996440 3.278046 1.555279 1.527373 2.333880 0.638308 0.133860 -1.333498 -1.430817 -0.196020 -0.211020 -0.029034 
3.184472 2.513612 1.877151 1.607999 1.497216 0.396520 -0.390176 -1.126452 -0.806190 -0.424299 -0.244343 -0.066009 
4.852264 4.216794 0.696837 0.644369 3.619389 0.033414 0.432764 -1.720142 -1.295190 -0.156106 -0.255732 0.033065 
3.695019 3.225003 1.729805 1.223022 1.664054 0.649533 0.014476 -1.127343 -1.122722 -0.327426 -0.238525 -0.038127 
3.665852 3.110661 1.629062 1.401337 1.782400 0.491066 -0.033092 -1.074683 -1.069868 -0.269812 -0.238490 -0.035415 
3.192934 2.526263 1.676784 1.436191 1.482697 0.305319 -0.148692 -0.930958 -0.833633 -0.388100 -0.262901 -0.038892 
4.987056 4.175904 0.471277 1.099667 3.782850 -0.147867 0.260495 -1.620943 -1.244389 -0.190980 -0.245236 0.038329 
4.167642 3.415565 1.259718 0.981636 2.105207 0.718773 0.275336 -1.396218 -1.344534 -0.336161 -0.178385 0.005512 
3.821503 2.841104 1.675375 1.436082 2.158723 0.420928 -0.350276 -1.174779 -1.216932 -0.187436 -0.187384 -0.040197 
3.699828 2.713987 1.575618 1.164895 1.769849 0.653043 -0.357191 -0.884658 -1.212302 -0.302202 -0.230083 -0.036446 
4.325780 3.612151 1.236447 1.160138 3.407171 0.197924 0.268418 -1.437695 -1.832163 -0.107406 -0.189311 0.045271 
4.785911 4.171633 -0.003566 1.724130 4.672850 -0.291118 0.027169 -1.448073 -1.640702 -0.105384 -0.363377 0.088278 
4.026902 3.173789 1.253700 1.634897 2.704780 0.591805 -0.194426 -1.596862 -1.283842 -0.193136 -0.067096 -0.008331 
3.926993 3.149531 1.394023 1.481901 2.742179 0.647095 -0.121085 -1.634424 -1.237244 -0.287865 -0.021833 0.000156 
4.293832 3.356262 1.108232 1.615110 2.835797 0.870665 -0.281758 -1.780587 -1.276300 -0.205771 0.016876 0.006163 
4.578673 3.558365 0.793658 1.845947 3.233103 0.697724 -0.283070 -1.865120 -1.141515 -0.330372 0.056029 0.005977 
4.719637 3.740274 0.744916 1.474069 3.552991 0.674269 -0.257491 -1.821748 -1.175114 -0.383950 0.050115 0.016424 
4.515948 3.442328 1.022988 1.645007 2.861117 0.880178 -0.115334 -1.835344 -1.112267 -0.481568 0.079083 0.016433 
4.461688 3.586352 0.979627 1.235586 2.630456 0.860536 0.126943 -1.705143 -1.249573 -0.445340 0.014474 0.038074 
4.131799 3.137380 1.368219 1.408293 2.370622 0.781812 -0.003040 -1.524470 -1.260981 -0.425265 0.026082 0.024762 
4.258518 3.214954 1.528010 1.140332 2.399448 0.749261 -0.077110 -1.251172 -1.421264 -0.441369 0.003703 0.030118 
4.530003 3.475554 1.351322 1.195392 2.802259 0.832790 -0.183133 -1.456883 -1.246370 -0.548400 0.054149 0.031141 
4.498348 3.612936 1.122642 1.288841 2.578651 0.807145 -0.106237 -1.554342 -1.102292 -0.576727 0.046983 0.025250 
3.988774 3.115981 1.748620 1.578808 2.043498 0.672690 -0.044894 -1.329190 -1.234678 -0.523644 0.061363 0.014426 
4.385515 3.256978 1.612981 1.314731 2.374750 0.920913 -0.386140 -1.485818 -1.026859 -0.483150 0.057985 0.013252 
5.084831 3.877031 1.158150 0.840054 3.429520 0.734897 -0.408694 -1.535597 -1.179443 -0.340277 0.033954 0.019978 
3.931953 3.116391 1.826584 1.541834 1.848365 0.671697 -0.481753 -1.193059 -1.010083 -0.227163 -0.037633 -0.005485 
3.509292 2.705932 1.836643 1.491705 1.222916 0.571230 -0.365118 -0.886746 -0.762478 -0.350963 -0.082235 -0.005673 
3.550696 2.710981 1.835235 1.635969 1.439102 0.705601 -0.430725 -1.182802 -0.854826 -0.213653 -0.017119 -0.004074 
3.887219 3.020776 1.985368 1.813111 1.852009 0.590254 -0.722220 -1.188324 -0.726385 -0.036483 -0.079949 -0.023126 
3.941112 3.044020 1.946086 1.754902 1.625635 0.868649 -0.418329 -1.099500 -0.770016 -0.196363 -0.041481 -0.010571 
3.471950 2.675429 1.972468 1.730632 1.432816 0.682102 -0.412370 -0.875608 -0.539479 -0.217884 -0.079445 -0.015110 
3.330216 2.716960 2.104754 1.741548 1.340798 0.655413 -0.203418 -0.674804 -0.604494 -0.287829 -0.063954 -0.014630 
3.796694 3.039204 2.231597 1.942966 1.794753 0.727393 -0.316611 -0.683887 -0.610582 -0.178616 -0.089496 -0.027518 
4.880250 3.831832 2.167395 1.570623 2.562798 1.373575 -0.235836 -0.909604 -0.846388 -0.152572 -0.025468 -0.011112 
3.729182 3.125977 2.570557 1.861488 1.760397 0.976161 0.175906 -0.367527 -0.535689 -0.291277 -0.066732 -0.025886 
3.480384 2.947143 2.653158 2.277833 1.982002 0.953553 0.056139 -0.310131 -0.424944 -0.173397 -0.104291 -0.033510 
3.895325 3.349374 2.400075 1.967996 2.009093 1.415658 0.654667 -0.240363 -0.505719 -0.311038 -0.088671 -0.023602 
3.503498 3.068706 2.384702 1.913283 1.669412 1.255592 0.595172 -0.006184 -0.256565 -0.235641 -0.141649 -0.015595 
3.057878 2.442998 1.983833 1.812300 1.592474 1.080732 0.503175 -0.048170 -0.164020 -0.145779 -0.086916 0.028389 
3.016337 2.471956 2.150389 2.061804 1.943042 1.447934 0.763455 0.058368 -0.167213 -0.110372 -0.049483 0.025134 
3.026017 2.468502 2.201731 2.125413 1.951275 1.336675 0.587703 0.168945 0.119251 0.117620 -0.003149 0.034949 
3.067237 2.554038 2.141075 1.970530 1.826349 1.486859 0.807100 0.250178 -0.051735 -0.039825 0.039384 0.038638 
3.014613 2.576551 2.299158 2.069320 1.736537 1.390877 0.970388 0.467958 0.123927 -0.086754 -0.060533 0.032578 
2.857221 2.400321 2.217210 2.026818 1.819013 1.323536 0.852240 0.486700 0.239012 0.105322 0.025037 0.053067 
2.765335 2.252181 1.974315 1.799739 1.602231 1.336827 1.042585 0.720115 0.446717 0.257862 0.118307 0.072326 
2.755252 2.248040 2.044721 1.858399 1.735467 1.483931 1.079047 0.680323 0.404747 0.204995 0.114469 0.072377 
2.720998 2.244858 1.986723 1.742214 1.497288 1.118294 0.801141 0.602631 0.448809 0.290235 0.152151 0.074360 
