3.709774 2.864491 1.157891 2.287432 2.259966 0.579533 -0.221073 -1.703277 -0.692675 -1.144837 -0.037662 -0.139826 
3.597309 2.846037 1.098405 2.043595 2.298628 0.398441 -0.857591 -1.650328 -0.903254 -0.903084 -0.097236 -0.157074 
3.513799 2.584237 1.273814 1.516689 1.931359 0.400674 -0.503609 -1.558274 -1.017938 -0.798212 -0.162921 -0.131996 
3.459662 2.666314 1.402135 1.455174 1.594890 0.485679 -0.855073 -1.309024 -1.157385 -0.660413 -0.202752 -0.135800 
3.726199 2.539409 1.478873 1.348187 2.545864 0.198860 -0.728716 -1.392654 -1.225164 -0.599577 -0.211051 -0.132703 
3.878297 2.727420 1.473483 1.953881 2.411157 0.096180 -1.008883 -1.614328 -1.217597 -0.404193 -0.244327 -0.154857 
4.016988 2.994613 1.153627 1.918383 2.766075 0.173752 -0.633271 -1.933212 -1.133194 -0.641672 -0.167162 -0.137201 
3.671718 2.542531 1.358732 1.500149 2.058260 0.506872 -0.568003 -1.744293 -1.104551 -0.635172 -0.182674 -0.131602 
3.524408 2.521229 1.701418 1.463846 1.919515 0.241732 -0.938127 -1.814284 -1.191905 -0.563648 -0.188838 -0.152346 
3.426981 2.299260 1.505272 1.242579 1.658019 0.361232 -0.919563 -1.391744 -1.333409 -0.567654 -0.167578 -0.139511 
4.204660 2.867196 1.370429 1.231777 3.430797 0.521339 -1.018653 -1.286858 -1.727835 -0.453947 -0.168006 -0.129101 
4.349966 3.015899 1.444894 0.666703 3.857739 0.194544 -1.034274 -1.463849 -1.773785 -0.389725 -0.209212 -0.134026 
3.671415 2.732481 1.390714 0.889460 2.044693 0.827971 -0.750216 -1.571166 -1.514600 -0.431089 -0.195674 -0.114386 
3.186636 2.448081 1.195008 0.794585 1.281264 0.292904 -0.629168 -1.447025 -1.233895 -0.520539 -0.225247 -0.128461 
3.499548 2.526455 1.686615 1.414445 1.945827 0.447606 -0.935760 -1.807739 -1.410611 -0.447798 -0.190062 -0.147867 
3.798775 2.815057 1.419996 1.290581 2.224612 0.136777 -1.044212 -1.792151 -1.480548 -0.396163 -0.221571 -0.139361 
3.858665 2.889096 1.294537 1.199418 2.009754 0.303078 -1.013090 -1.755636 -1.470427 -0.378978 -0.231485 -0.130540 
3.608200 2.525336 1.278598 1.089115 1.394736 0.326602 -0.730934 -1.423614 -1.346983 -0.608503 -0.216998 -0.123825 
3.468077 2.558879 1.377944 1.426933 1.719945 0.289730 -0.838750 -2.016041 -1.171154 -0.689922 -0.124230 -0.144483 
3.106475 2.186583 1.285493 1.010995 0.864594 -0.290450 -1.026165 -1.370057 -0.940699 -0.514727 -0.223562 -0.151780 
3.623617 2.781268 1.341511 1.148357 1.610345 0.498578 -0.770736 -2.119880 -1.261343 -0.578808 -0.180897 -0.129227 
4.030657 2.853956 1.286849 0.945641 1.950565 0.277696 -0.973322 -2.193466 -1.511921 -0.855687 -0.097652 -0.109285 
3.790251 2.540832 1.204852 0.857638 0.880452 0.118125 -0.685173 -1.527589 -1.377400 -0.832172 -0.145584 -0.107402 
3.239440 2.065909 1.144023 0.750741 0.819161 0.159963 -0.881550 -1.376250 -1.089286 -0.745175 -0.163290 -0.132237 
3.689117 2.224662 1.350749 1.083092 1.080425 0.423443 -1.081138 -1.684023 -1.324742 -0.786810 -0.103285 -0.113584 
4.433298 2.684880 0.988452 1.139590 1.375211 0.733461 -0.912831 -1.920246 -1.239921 -1.335183 -0.080294 -0.073081 
3.667604 2.493642 1.218654 0.329111 0.834615 0.234439 -0.440315 -1.463830 -1.181841 -0.930299 -0.154320 -0.100162 
3.810244 2.598702 1.110168 0.893408 1.067229 0.372043 -0.631000 -1.571771 -1.403066 -1.156600 -0.080404 -0.092218 
3.703341 2.338160 1.048668 0.916814 1.129436 0.224980 -0.778990 -1.504167 -1.412078 -0.941780 -0.063120 -0.093622 
4.970504 2.717741 0.581897 0.791717 2.001532 0.662383 -1.256326 -2.157233 -0.883234 -1.650576 -0.156983 -0.078124 
4.001200 2.416001 1.116759 0.536107 1.130884 0.253499 -0.789480 -1.509649 -1.433687 -1.142250 -0.085532 -0.074899 
3.558589 2.353281 1.310397 0.692775 0.580201 0.588938 -0.799099 -1.469978 -1.468948 -1.049030 -0.045342 -0.091582 
3.978411 2.376179 1.074819 0.598096 1.180670 0.710339 -0.827496 -1.659172 -1.271333 -1.092588 -0.068765 -0.073558 
5.830769 2.799665 0.398940 -0.305968 2.781555 1.872249 -2.072271 -2.667733 -0.621775 -1.940965 -0.214024 -0.102303 
4.945463 2.631687 0.896862 -0.052036 1.547013 1.346886 -1.757586 -1.849190 -1.062869 -1.691813 -0.105320 -0.045078 
3.297661 2.004078 0.982104 0.473464 0.605088 0.399228 -0.891982 -1.345125 -1.308667 -0.846550 -0.063798 -0.102164 
4.227198 2.393750 1.395106 0.497215 1.207340 0.656010 -1.167978 -1.649931 -1.441036 -1.471565 -0.028907 -0.049676 
5.466899 2.357906 1.028263 -0.476700 2.415717 1.126478 -2.160629 -2.309960 -0.719351 -1.919418 -0.218082 -0.034867 
3.757639 2.398254 1.122025 0.442136 0.587375 0.133365 -0.763028 -1.274891 -1.273581 -0.928906 -0.124464 -0.084818 
3.716343 2.360080 1.070968 0.577824 0.969705 0.140041 -0.907342 -1.391336 -1.581091 -0.972615 -0.047421 -0.075329 
4.712476 2.583298 1.009679 -0.101738 1.744919 0.528012 -1.633128 -1.755540 -1.456437 -1.401665 -0.053614 -0.045277 
3.902305 2.298351 1.075660 0.364218 0.940302 0.509822 -1.310223 -1.568121 -1.289284 -0.989124 -0.036949 -0.066225 
3.789344 2.070917 0.995551 0.294732 0.816204 0.353012 -1.347548 -1.384837 -1.239414 -0.929634 -0.081339 -0.073824 
5.450721 2.403946 0.890121 -0.884188 3.277729 0.451884 -2.306318 -2.153732 -1.171053 -1.337810 -0.116465 -0.081961 
4.487914 2.384193 1.051257 -0.024690 1.526703 0.573727 -1.304141 -1.935153 -1.078580 -0.838265 -0.079239 -0.052132 
3.714962 2.304223 1.004329 0.607572 1.105806 -0.074436 -1.252772 -1.465083 -1.502179 -0.709064 -0.062838 -0.075226 
4.442471 2.739904 0.985490 0.113358 2.058112 0.593582 -1.976564 -1.835319 -1.321654 -1.109511 0.036779 -0.078488 
4.355283 2.360637 0.968859 0.422589 1.746775 0.796806 -1.839593 -1.573338 -1.032007 -1.060309 -0.032951 -0.078624 
4.013432 2.240990 1.526413 0.773197 1.140075 0.385229 -1.700248 -1.673544 -1.141614 -1.054781 -0.014450 -0.076569 
3.902809 2.389684 1.470822 0.744793 1.062050 0.591722 -1.654350 -1.778211 -1.354033 -0.930020 0.012029 -0.080402 
4.352283 2.718706 1.523831 0.423371 1.884240 0.809184 -1.865686 -1.587317 -1.288268 -1.216347 0.005488 -0.089414 
3.961619 2.868300 1.769744 0.631541 1.130777 0.370158 -1.598623 -1.504462 -1.346564 -1.126876 -0.024510 -0.098798 
4.260056 2.748965 1.481376 0.861688 1.443212 0.535783 -1.280784 -1.612222 -1.207298 -1.225220 -0.056155 -0.083274 
3.756649 2.513373 1.656674 0.538395 0.711570 0.761495 -0.787743 -1.445027 -1.267674 -0.910383 -0.083753 -0.086601 
5.114699 3.028508 1.264575 0.392675 1.899518 1.564023 -1.412012 -1.688700 -0.926907 -1.516082 -0.143704 -0.070623 
3.895491 2.741973 1.524009 0.782487 1.418753 0.858740 -0.665859 -1.146186 -1.071857 -0.959043 -0.134491 -0.096044 
4.993727 3.036975 1.681939 0.907794 2.041340 1.621681 -1.116956 -1.307583 -0.593706 -1.420178 -0.143855 -0.068654 
4.516361 3.105943 2.356171 1.325369 2.410419 1.354311 -0.920784 -1.015081 -1.024492 -1.041997 -0.004117 -0.068532 
4.098291 3.050724 2.481027 1.893074 2.079280 1.645106 -0.224309 -0.953306 -0.889855 -0.776022 0.100688 -0.042067 
3.415085 2.715063 1.793863 1.343693 1.181851 0.762085 0.370152 -0.125505 -0.394030 -0.157939 0.065443 -0.029668 
4.413039 2.729319 2.081982 1.574267 2.652017 1.387824 -0.033195 -0.636309 -0.563251 -0.294713 0.168997 -0.000716 
4.133582 2.560291 2.440937 2.092019 2.671712 1.178896 0.225622 -0.653422 -0.645322 0.453168 0.108522 -0.023116 
3.843906 2.289286 2.373298 2.254577 2.294820 1.262977 0.404724 -0.500315 -0.418740 0.436983 0.045962 -0.034355 
3.796423 2.365546 2.482444 2.270298 2.491160 1.215520 0.432668 -0.587341 -0.327385 0.601324 0.045690 -0.033377 
3.527340 2.227384 2.436884 1.944525 2.022406 1.564611 1.031363 -0.143130 -0.386408 0.189553 0.065649 -0.006536 
4.142441 2.096633 2.677484 2.192957 3.066451 1.212503 0.238200 -0.314479 -0.398050 0.098632 0.094779 -0.020082 
4.426516 1.885328 2.929614 2.296687 2.950448 1.149495 0.483939 -0.215569 -0.999014 0.125554 0.120116 -0.046965 
4.038262 2.208072 2.996837 2.502188 3.049087 0.936583 0.549907 -0.137418 -1.133821 -0.002307 0.132956 -0.037798 
3.643905 2.424561 2.652221 2.563327 2.723418 1.234149 0.324807 -0.099247 -0.666397 -0.130339 0.089532 -0.033309 
4.227421 2.020992 3.631207 2.425700 3.848749 0.771291 0.330227 0.230497 -0.948826 -0.126894 0.187454 -0.031323 
4.360651 1.963057 3.435589 2.049767 4.396495 0.756519 0.222347 0.132285 -0.705957 -0.055576 0.174428 0.003658 
3.526640 2.351262 2.130507 2.467437 2.458638 1.098121 0.390400 -0.042476 -0.150564 0.038976 -0.009628 -0.012799 
3.554286 2.327083 2.219791 2.354460 2.360499 1.271880 0.819813 0.219659 -0.543083 -0.211814 0.075929 0.005274 
4.669135 1.342678 2.470343 3.097281 2.827777 1.496628 0.774722 -0.827807 -0.595077 -0.063396 0.145005 -0.001531 
4.264324 1.667270 2.536468 2.694246 2.662711 1.441803 0.311844 -0.966761 -0.566666 -0.150094 0.223076 0.024277 
3.148156 1.937526 1.982285 2.197108 2.037585 1.013214 0.097814 -0.250384 -0.378144 -0.252440 0.132478 0.023846 
3.327442 2.143543 1.924582 1.810582 1.611321 1.295717 0.802311 -0.440945 -0.462078 -0.067156 0.133015 0.038244 
4.058044 1.498177 2.874364 2.498392 2.535073 1.348540 0.512627 -0.722562 -0.284162 -0.393108 0.250185 0.067629 
3.779066 1.355272 2.140604 2.712678 2.456861 1.956523 0.495261 -0.241653 -0.091482 -0.321318 0.148716 0.047928 
3.701046 1.093119 2.305904 2.160195 2.551485 2.000707 0.750028 -0.356255 0.578581 -0.309642 0.120307 0.100849 
3.712660 1.440204 1.983969 2.069950 2.420308 1.747955 0.747153 -0.440169 0.461168 -0.191520 0.136865 0.075746 
3.599786 1.577631 1.611355 1.917220 1.816054 1.528254 0.757097 -0.529442 0.205828 -0.053615 0.096175 0.058981 
3.308169 1.943416 1.915478 1.704736 1.502710 1.360327 0.733414 -0.516923 0.132363 0.212111 -0.112561 0.027669 
3.267443 1.928143 2.016440 1.511487 0.966236 0.969901 0.937093 -0.710320 -0.090713 0.276800 -0.076081 0.040991 
3.195399 2.076891 2.058963 1.799538 0.725985 1.434867 1.021492 -0.395016 -0.101466 -0.010478 -0.132912 0.028823 
