2.506637 1.727965 1.633526 1.898852 1.626794 0.776096 0.741551 0.818317 0.998664 0.251477 0.169181 0.081955 
2.553260 1.481207 1.521342 2.442228 1.779601 0.340223 0.494305 1.314232 1.006056 0.092152 0.040827 0.099368 
2.414844 1.534965 1.510875 2.499889 1.677927 0.365837 0.665032 1.046697 1.019325 -0.006662 0.144478 0.097849 
2.478731 1.528452 1.413302 2.436116 1.634761 0.186691 0.762598 1.166370 0.912987 0.002686 0.172547 0.102845 
2.413725 1.238839 1.650965 2.632559 1.550544 0.056658 0.896359 1.240196 0.866311 0.062769 0.217268 0.112219 
2.259496 1.578557 1.957276 2.280089 1.078219 0.295300 1.274989 1.031357 0.559143 0.095373 0.269761 0.096059 
2.295809 1.423491 1.766486 2.486708 1.366343 0.112212 1.066448 1.433532 0.723393 -0.018908 0.306359 0.114564 
2.386371 1.360083 1.696813 2.467165 1.347311 -0.002818 1.030067 1.181364 0.833371 -0.026106 0.235096 0.114180 
2.242974 1.472864 1.939591 2.584520 1.020021 0.126013 1.249778 1.413031 0.436535 -0.066717 0.292442 0.116341 
2.360617 1.399229 1.831322 2.357690 1.543876 -0.016058 1.222031 1.127479 0.823533 -0.092189 0.349008 0.114299 
2.400144 1.001883 1.812185 3.210643 1.156077 -0.636794 1.283114 1.534893 0.870916 -0.238629 0.252160 0.162678 
2.353348 1.001585 1.698969 3.477298 0.986637 -0.213282 1.138604 1.562075 1.002928 -0.359912 0.315944 0.158687 
2.263554 1.046169 1.787229 3.029251 1.337582 -0.208137 1.045911 1.471135 0.932204 -0.424958 0.305613 0.155430 
2.221011 0.823450 1.989258 3.297051 1.170554 -0.417830 1.484000 1.411721 1.105028 -0.425731 0.319447 0.170191 
2.165417 1.096701 1.823124 3.505850 0.691836 -0.151798 1.436184 1.582155 0.767318 -0.377059 0.402242 0.152246 
1.969648 1.021385 2.315328 3.399440 0.413552 -0.254975 1.624643 1.481705 0.693980 -0.091429 0.365076 0.140763 
2.188600 0.644022 1.880159 3.807634 0.727100 -0.494943 1.610137 1.670538 0.301241 -0.127456 0.350212 0.159463 
1.925381 0.453943 1.848945 3.964265 0.859445 -0.619711 1.717412 1.704656 0.465821 0.006310 0.307400 0.155170 
2.133676 0.381339 1.763463 3.880315 1.105765 -0.757287 1.337952 1.554692 0.495120 0.004976 0.311220 0.149022 
2.086814 0.440708 1.890800 3.443363 1.313174 -0.891340 1.715997 1.440015 0.332563 0.047504 0.323011 0.147960 
2.131889 0.653509 1.567578 3.556809 1.412397 -0.749166 1.618662 1.228510 0.696267 0.023018 0.216883 0.139849 
2.084806 0.884509 1.865208 2.809965 1.371491 -0.091057 1.542236 0.658864 0.680130 0.112402 0.388267 0.093909 
2.242230 1.363967 1.636476 2.606811 1.357530 -0.038114 1.620237 1.202468 0.199541 0.239921 0.310298 0.106687 
2.350296 1.639830 2.116041 2.585718 1.112881 -0.691182 1.276423 0.968788 0.304844 -0.018323 0.381251 0.118617 
2.831680 1.899249 1.788038 1.956653 1.124076 0.692156 0.929248 0.571951 0.008931 -0.117601 0.040520 0.071311 
3.649227 2.550780 1.787836 1.814365 1.166236 0.608347 0.494475 0.727963 0.245254 -0.037361 -0.135258 0.014880 
4.454899 2.729946 1.669405 2.230280 1.201019 0.043943 0.546919 0.669082 -0.030219 -0.026622 -0.055894 0.019249 
5.198970 2.973743 1.518283 1.676488 1.583855 -0.411593 0.567115 -0.015823 0.141859 0.070070 -0.053166 0.006822 
4.423884 3.164632 1.709215 1.263805 1.064660 0.137796 0.044751 -0.207350 -0.029107 0.253953 -0.067106 0.001324 
4.941638 3.322430 1.456266 1.228290 1.077844 -0.327884 -0.164191 -0.437012 0.102929 0.225793 -0.044127 -0.007570 
5.846928 3.524712 0.622873 0.992440 1.416381 -0.500270 -0.055450 -0.690461 0.067567 0.112621 -0.031368 -0.020101 
6.800222 3.197147 0.038653 1.119382 1.197683 -0.313642 0.502772 -0.979100 0.001891 -0.154938 -0.001989 -0.032003 
6.170490 3.404581 0.378330 0.541247 1.384678 -0.010705 0.201240 -0.740711 -0.113579 -0.159104 -0.123410 -0.044709 
6.390499 2.968820 0.582415 0.735068 1.475134 -0.522454 0.248370 -0.530097 -0.331337 -0.056651 -0.146628 -0.039114 
6.414082 3.088302 0.480042 0.941456 1.075884 -0.203591 0.030297 -0.659575 -0.338970 0.017692 -0.071071 -0.048716 
6.494425 3.523036 0.365119 0.697263 1.351448 -0.547278 -0.131521 -0.996322 -0.188997 0.151177 -0.016491 -0.038286 
5.601297 3.374990 1.083326 0.533531 0.643435 -0.139195 -0.463546 -0.842111 -0.135107 0.204390 -0.088176 -0.052551 
4.600053 3.287069 1.384062 0.482403 0.359646 0.168865 -0.356220 -0.720036 -0.360708 -0.020710 -0.142593 -0.013032 
4.132129 2.982473 1.594392 0.679766 0.076147 -0.489915 -0.752441 -0.225616 0.200622 0.144582 -0.258923 -0.035928 
5.324297 3.397736 0.871686 -0.301182 0.400464 0.360894 -0.148228 -0.624642 -0.262352 0.247194 -0.098683 -0.032320 
4.886002 2.971261 1.085001 0.293481 0.386033 0.033251 -0.432700 -0.443757 -0.062871 0.217958 -0.150259 -0.045681 
4.624908 3.240041 1.239275 0.237571 0.230595 -0.011991 -0.435110 -0.483421 0.052627 0.248808 -0.164792 -0.035166 
4.203909 3.001447 1.463694 0.456324 -0.013366 -0.348508 -0.415300 -0.209359 0.208762 0.172229 -0.232149 -0.039949 
4.803881 3.317067 1.330281 0.150528 -0.052630 -0.205536 -0.401526 -0.496770 0.027816 0.415529 -0.156204 -0.042720 
4.504874 3.185787 1.435428 0.251175 -0.189058 -0.486166 -0.486685 -0.267567 0.216176 0.313936 -0.202657 -0.051850 
4.792416 3.074227 1.089870 0.092425 -0.035079 -0.208005 -0.471195 -0.358639 0.046135 0.308804 -0.165188 -0.059463 
5.082434 3.249717 0.925826 -0.152003 -0.047120 -0.021654 -0.398780 -0.490529 0.079795 0.415859 -0.088100 -0.048098 
5.076376 3.315112 0.864691 0.062864 0.024862 -0.281718 -0.695922 -0.609693 0.415276 0.589044 -0.023810 -0.045481 
4.865173 3.144235 0.817482 -0.143594 0.096695 -0.281619 -0.281567 -0.305402 0.356192 0.412887 -0.010543 -0.016768 
4.666320 3.035088 0.796460 -0.099361 -0.027059 -0.237588 -0.215823 -0.187216 0.453495 0.697704 -0.004045 -0.011672 
4.887980 3.056562 0.641160 -0.177008 0.005482 -0.163436 0.011476 -0.101403 0.455355 0.770851 0.087873 0.004563 
5.224310 3.086043 0.399446 -0.023238 0.073797 -0.264760 0.116633 0.183761 0.421019 0.721030 0.163027 0.022843 
5.119847 3.003668 0.495971 0.030024 0.113232 -0.197857 0.378304 0.137184 0.475445 0.708223 0.185125 0.033609 
4.933829 2.791984 0.554054 0.176106 0.334739 0.008851 0.189058 0.211969 0.635442 0.651931 0.161858 0.023363 
4.848101 2.712834 0.555173 0.433230 0.334843 -0.087672 0.367224 0.479306 0.549240 0.580666 0.108194 0.019661 
4.723728 2.682957 0.579940 0.501104 0.452912 0.020048 0.346716 0.519227 0.575575 0.526322 0.066948 0.011250 
4.783781 2.518299 0.576629 0.500165 0.661906 -0.010011 0.357955 0.430034 0.638932 0.481635 0.064354 0.007763 
4.831901 2.511176 0.701079 0.464156 0.552247 0.002730 0.477178 0.466365 0.443132 0.498561 0.077692 0.016040 
5.361020 2.539801 0.353343 0.657375 0.639379 -0.164759 0.476410 0.489706 0.336542 0.546663 0.093288 0.007811 
5.573171 2.508464 0.188624 0.756839 0.654128 -0.085278 0.517066 0.407750 0.203535 0.591004 0.156162 0.019634 
5.161213 2.497945 0.492761 0.497976 0.743338 0.140747 0.300579 0.251457 0.487682 0.687794 0.205807 0.031797 
5.023920 2.654541 0.510715 0.440037 0.630428 0.358208 0.289385 0.249054 0.583780 0.708209 0.250330 0.048467 
5.630053 2.836545 0.206242 0.422686 0.918017 0.285796 0.229251 0.123732 0.724362 0.725164 0.325196 0.057204 
4.952202 2.768886 0.717248 0.474518 0.740971 0.352062 0.257064 0.158253 0.682864 0.862416 0.336813 0.074108 
4.520564 2.958520 1.059883 0.255359 0.629277 0.641233 0.464646 0.346377 0.576802 0.604339 0.290804 0.088797 
4.116771 2.949527 1.334982 0.479604 0.535634 0.572193 0.519551 0.484215 0.595989 0.553746 0.173783 0.065132 
4.113376 2.990210 1.579708 0.641797 0.684512 0.771382 0.764224 0.179330 0.221260 0.393869 0.227257 0.095695 
3.643114 2.630614 1.568719 0.971528 1.130167 1.147811 0.813504 0.295478 0.098073 0.229921 0.220215 0.086473 
3.713291 2.752669 1.662804 0.987746 0.665479 1.071784 1.023631 0.750299 0.457181 0.223136 0.193904 0.069713 
3.606068 2.734589 1.773191 1.162786 0.770698 1.131808 1.099676 0.648211 0.574471 0.387161 0.361252 0.098784 
3.627781 2.782713 1.928726 1.178266 0.913416 1.164281 1.049861 0.700899 0.531810 0.531005 0.374518 0.106107 
3.973026 2.994145 1.871749 1.259890 0.998184 0.522431 0.951028 1.150206 0.737489 0.434903 0.337455 0.098560 
4.090281 3.125279 1.938688 0.906131 0.927263 0.655465 1.110190 0.999398 0.564211 0.339688 0.376598 0.108532 
3.757849 2.912333 1.747187 1.060582 1.015026 0.998142 0.993659 0.794841 0.416023 0.389671 0.334780 0.100518 
3.631708 2.902107 1.957221 1.157356 1.216801 0.613653 1.077258 0.500385 0.393868 0.188872 0.427742 0.111464 
3.431070 2.814937 2.045009 1.434352 1.039153 0.847756 0.691220 0.454523 0.322503 0.304660 0.494493 0.114172 
3.426321 2.945526 1.953882 1.200777 0.803346 0.784633 0.828988 0.442055 0.641081 0.486528 0.471133 0.117689 
3.321180 2.704546 1.882390 1.247268 0.913542 0.621238 0.697332 0.904635 0.862279 0.590585 0.301269 0.091931 
3.309997 2.494732 1.759204 1.181688 0.777958 0.708622 1.052803 1.111485 0.917434 0.432983 0.262030 0.075575 
3.135393 2.341398 1.570307 1.124216 0.887529 1.042128 1.183981 1.021638 0.745422 0.430932 0.223428 0.070709 
3.172217 2.416304 1.573095 0.937458 0.887244 1.129863 1.293801 1.066479 0.672274 0.453576 0.190383 0.067279 
3.412270 2.703557 1.830235 0.956017 0.839163 1.067359 1.112533 0.895358 0.608775 0.377230 0.139397 0.061651 
3.714913 3.053474 2.102732 1.206227 0.727255 0.625473 0.677220 0.580568 0.338694 0.157990 0.179537 0.065233 
3.793206 3.154707 2.161703 1.362236 0.672752 0.398969 0.574711 0.369399 0.212649 0.033604 0.147963 0.058121 
4.135693 3.251704 2.058523 1.375479 0.819753 0.463714 0.348178 0.115109 0.078073 0.168961 0.125287 0.063890 
