2.812825 1.577994 1.763972 1.710476 1.725576 -1.004023 0.581260 0.479102 0.349117 -0.063646 -0.022694 0.123249 
3.079412 1.254374 1.715066 1.594905 1.798856 -1.377656 0.736449 0.534380 -0.200375 -0.201362 -0.024522 0.151180 
3.293114 0.997745 1.469618 1.608706 1.946002 -1.647405 0.946622 0.304810 -0.202930 -0.249337 -0.113747 0.173306 
2.955219 1.307998 2.042670 1.459706 1.634984 -0.490641 0.430925 0.429238 -0.311763 -0.063395 0.043180 0.095341 
2.721388 1.594031 1.413908 1.685223 2.015126 -0.372822 0.850669 0.185017 0.007207 0.155614 -0.013738 0.099420 
2.846652 1.650029 1.427064 1.840228 2.245682 -0.263381 0.660227 0.371350 0.094073 0.720984 0.084410 0.083587 
2.685906 1.855378 1.679233 1.886738 2.317195 -0.365981 0.300763 0.474558 0.522060 0.640731 -0.002079 0.082207 
2.625103 1.546428 1.852211 1.593341 1.758317 0.589076 0.489186 0.685651 0.483582 0.472714 -0.069449 0.072441 
2.601941 1.767020 1.608203 1.795985 1.781540 0.536608 0.720871 0.928770 0.823469 0.526452 0.046649 0.078198 
2.676314 1.729995 1.735264 1.708391 1.936970 0.857286 0.758442 0.681283 0.714278 0.348400 -0.062994 0.074161 
2.882208 1.581197 1.640694 1.660470 1.419399 0.406150 0.609076 0.624547 0.874630 0.296015 0.078119 0.081036 
2.992646 0.697678 0.655193 1.873798 3.014120 0.960398 -0.329658 -0.168486 0.962693 0.926120 0.227835 -0.003285 
3.102738 0.507698 0.223649 1.851706 2.928741 0.857775 -0.845182 -0.236925 1.239344 0.796139 0.341109 -0.001525 
3.025938 0.473463 -0.017085 1.910144 3.463800 0.937397 -0.556294 -0.582046 1.223320 0.728199 0.269701 -0.010804 
2.616549 0.842631 -0.764889 1.835187 3.500276 1.338262 -0.031533 -1.121000 1.056784 0.711035 0.197567 -0.007434 
2.219703 1.366006 -1.292980 1.656444 4.486120 1.907958 0.304518 -1.648489 0.755520 0.584036 0.151959 0.047419 
1.807569 1.001104 -0.626594 1.770016 4.832652 1.932876 0.073282 -2.017829 1.026824 0.635378 0.145107 0.051852 
1.976492 0.327194 -1.740155 1.359779 4.874409 1.581675 0.792937 -1.349767 1.004392 0.556672 0.297993 0.044460 
2.042955 0.305469 -2.089890 1.558799 5.318656 2.430971 1.207381 -1.161984 0.933687 0.382812 0.389943 0.060126 
2.266796 0.070735 -2.439729 0.423953 5.248481 2.126386 1.419896 -0.841482 1.124437 0.017174 0.396152 0.052836 
2.459229 0.252464 -2.496659 0.498842 5.573828 2.249850 1.529739 -0.384229 1.143586 -0.075983 0.446321 0.042763 
2.692260 0.460778 -1.713854 0.377176 3.942947 1.831358 1.784727 0.143824 1.046487 -0.221065 0.293306 0.075259 
3.194543 1.720182 -2.078244 -0.305845 3.955832 1.124080 1.893507 0.943901 1.224109 0.128413 0.280584 -0.002463 
3.655685 3.122928 -2.427866 -1.049946 4.367218 -0.212676 2.306351 1.055726 1.449294 1.023834 0.002425 0.009673 
3.569830 3.423885 -1.799844 -1.038755 3.566188 -0.082421 2.508048 1.307875 1.384147 1.120375 0.039591 0.018963 
3.561004 2.688122 -0.813788 -0.913662 2.339173 -0.554835 2.415913 1.421280 1.194032 0.903978 0.052869 0.037722 
3.586958 2.883950 -0.892809 -1.283713 1.790083 -0.585159 2.194090 1.532447 0.795382 0.875586 0.044632 0.049224 
4.137132 3.136760 -0.564370 -1.721687 1.576515 -1.178683 2.356176 2.031910 0.571255 0.846898 0.010702 0.093186 
4.680595 3.570151 -1.170790 -1.785058 2.341143 -2.112353 1.531062 2.036564 0.973851 0.831770 -0.188974 0.076654 
4.614452 3.206465 -0.299523 -1.695547 1.913611 -1.961317 1.350633 1.806742 0.757876 0.717423 0.031652 0.098222 
4.388930 3.204238 0.095362 -0.950834 0.589746 -1.132452 1.136303 1.187826 0.702093 0.438123 0.258366 0.074785 
4.743573 3.486085 -0.119002 -0.919273 0.910738 -1.545838 1.036729 1.277448 1.104682 0.287287 0.237190 0.086302 
4.601904 3.261395 0.367468 -1.140313 0.648376 -1.337011 0.968409 1.086861 0.505951 0.060175 0.234212 0.110805 
4.597850 3.182679 0.196095 -0.666491 0.367795 -0.530188 0.043422 0.839731 0.615440 -0.400268 0.266495 0.072191 
4.679160 3.179822 0.209793 -0.478260 0.326361 -0.232331 -0.595319 0.726322 0.597022 -0.626377 0.213124 0.043547 
5.117984 3.444987 -0.178230 -0.432322 1.097603 -0.425192 -0.824248 0.489046 0.583886 -0.759511 -0.015533 -0.044019 
4.618195 2.864640 0.470175 0.085685 0.588428 -0.169374 -0.411413 -0.005069 -0.133271 -0.816450 -0.101454 -0.008171 
4.207279 2.725205 0.384691 0.447801 0.967161 -0.191529 -0.065678 -0.511979 -0.105648 -0.862342 -0.127906 -0.016573 
3.960397 2.785788 0.704587 0.613756 0.874293 -0.087545 -0.180382 -0.535773 -0.438133 -0.567734 -0.121628 -0.001009 
4.907534 3.711602 0.021250 0.415905 2.969570 -0.401663 -1.113336 -0.261836 -0.067500 -1.367899 -0.144093 -0.110834 
4.543853 3.177051 0.929929 0.341605 3.111771 -0.365973 -1.595966 -0.130687 -0.305650 -1.286015 0.001556 -0.080794 
3.982029 2.754703 1.813331 0.415869 2.661210 -0.518438 -2.176940 -0.210336 -0.733325 -0.652703 0.017504 -0.091480 
3.510315 2.431512 1.711673 0.553697 1.621841 -0.529132 -1.912833 -0.374777 -0.862779 -0.563480 -0.010187 -0.058453 
4.448779 2.788815 1.085648 -0.228256 3.614196 -0.739815 -2.907115 -0.338100 -1.185528 -1.017909 -0.009082 -0.186882 
4.559630 3.005894 0.768321 -0.276945 4.236126 -1.007816 -2.714455 -0.571093 -1.224560 -1.145681 -0.082269 -0.197011 
4.618988 3.088471 0.936617 -0.504652 4.391965 -1.131873 -2.495534 -0.655918 -1.341388 -0.852228 -0.109909 -0.185222 
3.205528 2.519377 1.910739 0.566257 1.581687 -1.086284 -1.560234 -0.799930 -1.324111 -0.305841 -0.066156 -0.073583 
4.345069 2.882601 1.713340 -0.204494 3.684187 -1.274297 -2.072531 -0.120746 -1.245821 -0.343134 -0.139745 -0.129662 
4.300390 2.885516 2.122167 -0.219118 4.334976 -1.395413 -2.081000 -0.477608 -1.411082 -0.372436 -0.114160 -0.131563 
4.139203 2.961777 1.866563 -0.049032 3.828631 -1.100205 -1.774058 -0.344651 -1.451507 -0.325673 -0.046311 -0.102862 
3.572900 2.735018 1.770026 0.745181 2.485999 -0.589442 -1.316290 -0.507260 -1.274881 -0.360622 0.021009 -0.058806 
3.664747 2.401251 1.759271 0.944897 2.411178 -0.659809 -1.491163 -0.511520 -1.184613 -0.218872 -0.059137 -0.070867 
3.966574 2.537038 1.812053 0.786380 3.130438 -0.530762 -1.513055 -0.301736 -1.435863 -0.376547 -0.007044 -0.078034 
4.178436 2.553025 1.393764 1.161576 3.872794 -0.768184 -1.711486 -0.309230 -1.066698 -0.516029 -0.079589 -0.074821 
4.660286 2.302712 1.324235 1.234012 4.373903 -0.743723 -2.024437 -0.321740 -1.141439 -0.457332 -0.135915 -0.076400 
3.790181 2.338813 1.541509 1.601338 2.165718 -0.206465 -1.225993 -0.561034 -0.676587 -0.329679 -0.024506 -0.042142 
4.019739 2.329963 1.375198 1.755469 2.657339 -0.153074 -1.358891 -0.568344 -0.655456 -0.380253 -0.081231 -0.058806 
4.155862 2.345739 1.570740 1.933426 2.674730 -0.159972 -1.381658 -0.534402 -0.536273 -0.462145 -0.096742 -0.056309 
4.288736 2.513779 1.607387 2.245450 3.053498 -0.401194 -1.121448 -0.606546 -0.474931 -0.404072 -0.164990 -0.058680 
4.110864 2.729556 1.697525 1.661941 2.144113 -0.642066 -0.800752 -0.318007 -0.513623 -0.249087 -0.176055 -0.038964 
3.985489 2.751573 1.743813 1.704750 2.473181 -0.096393 -1.210838 -0.617643 -0.546659 -0.434847 -0.097052 -0.072168 
3.758103 2.631396 2.151451 1.675132 1.988079 -0.071363 -0.978792 -0.302931 -0.611315 -0.412944 -0.086235 -0.054497 
3.791106 2.855769 2.171293 1.496702 2.190979 -0.494436 -0.984252 -0.303781 -0.794429 -0.236978 -0.131672 -0.055641 
3.770207 2.875997 2.005329 1.615633 1.346692 -0.821373 -0.449412 -0.280869 -0.603051 -0.094709 -0.115303 -0.012555 
3.806644 2.952868 2.268398 1.515112 1.569839 -1.020977 -1.273030 -0.207751 -0.203188 -0.035788 -0.225245 -0.031622 
4.095384 3.024718 2.486929 1.706240 1.614532 -1.433451 -1.315495 -0.107427 -0.146038 0.052585 -0.137186 0.015999 
4.122994 3.041433 2.336100 1.687162 1.573950 -1.351472 -1.392992 -0.044825 0.032313 0.131924 -0.065239 0.031533 
4.046232 2.788880 1.676251 1.098009 1.339776 -0.440592 -0.377987 -0.228130 -0.375754 0.187546 0.132760 0.055141 
3.890561 2.853953 1.867370 1.526768 1.776382 -0.874869 -0.741997 -0.482811 -0.292666 0.285676 0.081553 0.041644 
5.610187 2.424798 1.555081 0.545811 3.958191 -2.019895 -0.230555 -0.105664 -0.486341 0.519724 -0.199701 0.134448 
4.933190 2.896429 0.833470 1.084898 3.188839 -1.497074 0.101121 -0.150976 -0.620639 0.467363 -0.013541 0.145641 
3.892512 2.652083 1.468956 0.667941 1.456765 0.022311 0.201216 -0.022410 -0.333647 0.560760 0.189036 0.060027 
4.712368 2.927147 1.476262 0.490703 2.463022 -0.597532 0.306502 -0.028559 -0.682085 0.570115 0.171644 0.110284 
5.373675 2.739161 1.612343 0.283032 2.795168 -1.186250 0.819027 0.557543 -1.125174 0.493295 0.078984 0.151234 
4.326591 3.098174 1.637905 0.958672 2.327832 -0.503059 0.220964 0.427962 -0.190083 0.485950 0.127531 0.081112 
3.960587 2.795115 1.815422 1.231007 1.602737 -0.140017 0.150316 0.366732 -0.114547 0.520613 0.194836 0.071150 
4.504525 2.710686 1.164510 1.429538 2.564453 -0.659903 0.875095 0.489992 0.094378 0.580360 0.176660 0.128091 
3.663728 2.601164 1.521956 1.623479 2.025216 0.156543 0.815873 0.330620 0.157281 0.568177 0.378552 0.099842 
4.338542 2.280750 1.886302 1.283936 2.976813 -0.570752 0.640427 0.680379 -0.011716 0.546522 0.344163 0.141983 
4.526415 2.410679 1.733071 1.119999 2.584649 -1.394482 1.034611 0.998278 0.091437 0.667147 0.255112 0.177877 
3.761612 2.538829 1.853719 1.672195 1.634001 -0.858972 0.640357 0.754039 0.526943 0.564309 0.149077 0.088449 
3.269271 2.465485 1.824407 1.620047 1.197631 -0.614579 0.329501 0.733740 0.576141 0.528909 0.120634 0.078729 
4.588220 2.341110 1.941655 1.424086 1.846343 -2.198872 1.377181 1.165100 -0.018067 0.452799 -0.003536 0.142133 
3.519625 2.366667 1.906555 1.325420 1.613911 -0.085392 1.292083 0.861598 -0.019345 0.373155 0.186929 0.086498 
3.203713 2.396689 2.014881 1.491189 1.699864 0.438633 0.922277 0.620465 -0.072278 0.213626 0.328719 0.081963 
