2.482752 1.988757 1.786491 1.491738 1.442926 1.161487 1.107201 0.544152 0.607118 0.391256 0.170030 0.080827 
2.525008 1.897834 1.671096 1.416799 1.274362 1.195690 1.277656 0.585142 0.595071 0.448926 0.172138 0.079747 
2.545821 2.101624 1.937853 1.520085 1.147829 1.196570 1.030354 0.577603 0.796509 0.470768 0.192604 0.082470 
2.581305 1.957322 1.829914 1.631992 1.308275 1.420283 1.083287 0.497314 0.679660 0.412296 0.240480 0.080723 
2.576049 1.954150 1.877460 1.552962 1.281880 1.244211 0.879844 0.639644 0.767849 0.376641 0.223382 0.080951 
2.667019 1.965274 1.914101 1.781656 1.689324 1.376795 1.097788 0.914022 0.829834 0.537594 0.235902 0.083101 
2.786802 2.109344 1.959684 1.740402 2.036143 1.624532 1.245940 0.898308 0.777700 0.373842 0.313874 0.089390 
2.698005 2.143667 1.832769 1.625558 1.658442 1.534045 1.217955 0.901116 0.833793 0.376985 0.279891 0.082064 
2.782863 2.110708 1.557849 1.472233 1.963325 2.155532 1.910588 0.576186 0.485178 0.120759 0.248308 0.099580 
2.902778 2.127914 1.290627 1.527452 1.665677 1.583142 1.887965 0.705504 0.594971 0.167249 0.393661 0.093559 
2.857583 2.396090 0.980054 0.696071 0.698787 1.349272 1.393443 0.674869 0.471197 0.191123 0.390217 0.086082 
2.944391 2.610442 1.253618 0.685998 0.876863 1.676572 1.652844 0.510900 0.242531 -0.166330 0.392863 0.083599 
3.122599 2.313111 0.721470 0.387075 0.981445 1.209143 1.742797 0.370752 0.264099 -0.134077 0.342922 0.105201 
3.024945 2.358155 0.658365 0.022116 0.330603 1.259502 1.548256 0.833589 0.052531 -0.113475 0.300353 0.093191 
3.720379 2.747775 0.668196 -0.655713 0.078417 1.120201 2.094028 0.732982 0.305988 -0.337114 0.328377 0.110430 
4.488799 3.686962 0.806992 -1.408621 0.467812 0.813277 2.559109 0.417214 0.446686 -0.173064 0.162659 0.149074 
4.111728 3.058619 0.912134 -0.706861 0.408629 0.699614 1.966877 0.646163 0.285492 -0.125334 0.210307 0.098157 
4.382071 3.334864 0.871665 -0.668355 0.160137 0.695171 1.591298 0.772089 0.112243 -0.060707 0.146061 0.083003 
5.081393 4.043614 0.877243 -1.283691 0.056421 0.852057 1.919117 0.139929 0.132086 0.039056 0.050330 0.122041 
4.514530 3.282778 1.201394 -0.386167 0.305764 0.635237 1.373631 0.420606 -0.042270 0.021910 0.201001 0.096771 
4.826624 3.380926 0.955396 -0.201267 0.060277 0.610100 0.855895 0.436652 0.017902 0.022779 0.155265 0.067591 
4.671771 3.051761 1.051346 0.196029 0.430067 0.091107 0.329603 0.258215 0.300664 0.016667 0.146688 0.033972 
5.981632 3.125976 -0.121587 0.310341 1.441068 -0.549309 -0.210162 0.018804 0.991961 -0.034610 -0.028784 -0.025874 
5.413122 2.613388 0.323391 -0.046726 1.173227 -0.071176 -0.137744 0.179361 0.450566 -0.096229 0.003293 -0.006390 
5.094790 2.485808 0.316816 0.495202 0.938489 0.105004 -0.148928 0.106960 0.381296 -0.290308 -0.044861 -0.013612 
4.905876 2.279258 0.421211 0.657865 0.941368 0.124402 -0.205224 0.190350 0.096278 -0.340377 -0.078452 -0.008718 
6.591719 2.177691 -0.376490 0.842546 2.326769 -0.722597 -0.167842 0.290990 -0.214595 -0.383398 -0.308394 0.029637 
6.785223 2.318434 -0.532859 1.282185 2.425428 -0.826156 -0.312780 0.379338 -0.387482 -0.486174 -0.354040 0.052922 
5.064745 2.554439 0.720568 1.040481 1.334469 0.021123 -0.509675 -0.161501 -0.193428 -0.481499 -0.069141 0.017181 
4.341501 2.467955 1.337850 1.256886 1.076889 0.091664 -0.226974 -0.204666 -0.309228 -0.436541 -0.040718 0.014763 
4.893258 2.843333 1.225041 1.132863 1.200348 -0.102090 -0.496235 0.211780 -0.124121 -0.587255 -0.116715 0.006901 
4.561381 2.821842 1.320200 0.927145 0.788681 -0.292787 -0.173768 0.382267 -0.044149 -0.579908 -0.176012 -0.014324 
4.933518 2.759915 1.003957 0.736935 1.030760 -0.207325 -0.311058 0.530069 -0.028535 -0.682962 -0.250577 -0.022361 
4.339295 2.613668 1.353712 0.584135 0.615863 -0.211216 0.109948 0.536026 -0.227917 -0.693935 -0.247774 -0.026592 
4.806062 2.856004 0.689375 0.406732 1.322970 -0.406992 -0.427436 0.611358 -0.105901 -0.682172 -0.342580 -0.053879 
4.609166 2.674809 0.994926 0.423485 0.950259 -0.564319 -0.046786 0.586818 0.007547 -0.815278 -0.343825 -0.044979 
5.062724 2.847744 0.794927 0.136646 1.729893 -0.941809 -0.432415 1.067930 0.017511 -0.949278 -0.434212 -0.052149 
5.730425 2.909107 0.888624 -0.109243 2.413582 -1.225856 -0.484591 1.047829 0.075127 -1.038022 -0.595088 -0.046783 
3.931765 2.451443 1.130320 0.682213 0.579896 -0.361309 -0.188208 0.535155 -0.208670 -0.890755 -0.173308 0.004398 
4.000884 2.316725 0.629560 0.572662 1.294939 0.016498 -0.166326 0.208580 -0.102681 -0.788020 -0.280366 -0.011614 
4.700343 2.633706 0.712952 0.638931 1.174419 -0.277394 -0.065562 0.751191 0.089639 -1.304786 -0.314513 -0.007397 
4.887520 2.505353 0.658116 0.576343 1.412045 -0.222059 -0.192746 1.012468 0.122770 -1.403949 -0.429373 -0.018308 
3.947186 2.022013 0.769082 0.723008 0.905917 0.368888 0.169324 0.770613 -0.365071 -0.938992 -0.446110 -0.019062 
3.969771 2.145533 0.409204 0.489489 1.518946 0.497613 0.182036 0.308611 -0.475746 -0.767294 -0.456666 -0.026950 
4.604493 2.070863 0.645242 0.468793 1.387585 0.441878 0.083273 0.612897 -0.336181 -1.154745 -0.427359 -0.018618 
4.225239 2.345772 0.678622 0.342154 1.023093 0.520455 0.246286 0.482247 -0.183057 -1.082092 -0.367957 -0.026879 
5.553673 2.456662 0.618075 -0.209773 2.501239 0.713263 -0.426034 0.227588 0.369155 -1.258219 -0.415805 -0.036005 
4.803956 2.437527 0.427548 0.360983 1.445995 0.834941 -0.124469 0.366770 0.149669 -1.227450 -0.316149 -0.011243 
4.682823 2.454953 0.454175 0.235810 1.739959 0.452619 -0.041062 0.401176 -0.076802 -0.981189 -0.316686 -0.012367 
4.006959 2.394048 0.904637 0.310802 0.713065 0.325353 -0.054601 0.151572 0.061376 -0.340749 -0.245399 0.001837 
4.836713 2.637153 0.899157 0.628228 1.441282 0.858391 -0.108475 -0.107420 -0.053746 -0.712308 -0.056970 0.038875 
4.086326 2.668920 1.466365 1.107047 1.350078 0.282026 -0.104323 0.017461 -0.118811 -0.302691 -0.046444 0.021454 
4.075573 2.867793 1.665901 1.263248 1.130599 0.559612 0.420599 -0.001642 -0.129338 -0.345935 0.035786 0.032411 
3.965753 2.535411 1.655424 1.384322 1.011364 0.603911 0.351312 0.318275 -0.089560 -0.332035 -0.022893 0.024613 
4.049596 2.732022 1.752263 1.294988 1.186415 0.432133 0.361659 0.318835 -0.094280 -0.458831 -0.029375 0.019980 
4.281988 2.633412 1.785346 1.742329 1.839938 0.487347 -0.123009 -0.007022 0.056754 -0.495944 0.043952 0.037322 
3.582680 2.750949 1.721321 1.447944 1.195504 0.468583 -0.037322 -0.056671 0.075258 -0.175569 -0.078873 0.016760 
3.307937 2.567697 2.224767 1.807309 1.619791 0.329426 -0.252949 0.191488 -0.108468 -0.257454 -0.028220 0.018475 
3.783748 2.974615 1.988455 1.763703 1.868200 0.475186 -0.057456 0.207461 -0.039133 -0.304528 0.018626 0.013963 
3.711186 3.028359 2.127540 1.660079 2.069240 0.938078 -0.224862 0.316747 0.215269 -0.505628 0.066946 -0.002587 
3.350654 2.707586 2.243303 1.359892 2.059642 1.125797 0.129279 0.275494 0.025815 -0.310444 0.093214 0.016481 
3.113532 2.565315 2.141855 1.507602 1.765004 0.922088 0.499798 0.566609 0.110432 -0.210112 0.084144 0.026503 
3.642280 3.104300 2.475334 1.491014 2.640027 1.501203 0.271686 0.679140 0.065742 -0.538481 0.180418 -0.007301 
3.604185 3.619611 2.233496 1.760624 2.750877 0.912014 0.510112 0.721353 0.178099 -0.456936 0.198892 -0.017649 
3.514568 3.218684 2.223489 1.978768 2.816714 1.453541 0.595387 0.657678 0.493079 -0.427720 0.137690 -0.015706 
3.155672 2.773474 2.178498 1.882072 2.226586 1.384639 0.831935 0.652313 0.482418 -0.146265 0.043644 0.006510 
3.120046 2.802557 2.221928 1.897158 2.026417 1.347154 0.671403 0.892221 0.526984 -0.099974 0.051342 0.007157 
3.301246 2.793209 2.417462 2.111008 2.689463 2.393005 0.534569 0.754770 0.710952 -0.423264 0.124226 0.007801 
4.001167 3.516983 1.761450 1.866536 3.930472 2.767777 -0.236308 1.397261 1.535687 -0.766345 0.219951 -0.130139 
3.550274 3.014696 2.229652 1.915428 3.248685 1.907649 0.026416 1.210456 1.358497 -0.303593 0.071877 -0.037752 
3.195485 2.660073 2.115364 1.959404 2.258237 1.563304 0.391538 0.985229 0.770245 -0.091036 0.051141 0.011830 
3.429816 2.753518 1.933345 2.251170 2.631567 1.934671 0.094231 0.707166 0.890535 -0.152348 0.102595 -0.000187 
3.998098 3.176723 1.493463 1.792760 3.100268 1.712673 -0.128712 1.023872 1.633275 -0.407886 0.111918 -0.075194 
4.462562 2.877963 1.448026 2.240145 3.609881 2.182931 -0.184009 0.690200 2.003554 -0.837206 0.109452 -0.051688 
3.748705 2.464176 1.669609 2.356452 2.753819 1.802876 0.466220 0.830609 1.301677 0.072084 -0.054751 -0.013845 
3.841437 2.594692 1.428470 2.257478 2.735058 1.829835 0.464289 0.667391 1.266662 0.119861 0.003964 -0.017313 
4.151142 2.561758 1.798147 1.689434 2.515801 1.724484 -0.146515 0.647014 1.502989 0.413607 0.119971 -0.001391 
4.702316 2.791849 1.685305 2.162431 2.241060 1.131288 0.324297 0.096023 1.826143 0.226892 0.232628 0.039024 
3.470364 2.924633 2.038474 1.568433 1.117854 1.339967 0.937837 0.586584 0.826957 0.486326 0.269266 0.065577 
3.455135 2.905001 2.466097 1.833838 1.580569 1.097599 0.684492 0.606623 0.741592 0.376160 0.195892 0.051811 
3.294438 2.904211 2.558319 2.039132 1.473004 0.965015 0.875391 0.958480 0.824299 0.358997 0.118337 0.047828 
3.359309 2.911113 2.312167 1.867850 1.472579 1.072065 0.897512 0.794238 0.969646 0.452709 0.225065 0.063242 
3.769244 3.208466 2.410492 1.505406 1.206924 1.256761 0.878511 1.407313 0.971860 0.348958 0.277379 0.065149 
3.546095 2.854812 2.102420 1.371297 1.332651 1.082209 1.008368 1.227804 1.004815 0.365977 0.318043 0.072410 
3.255228 2.692182 2.016433 1.298222 1.211067 1.071994 1.112967 1.087656 0.944617 0.346082 0.225140 0.058420 
