2.697292 1.953297 1.522189 1.292597 1.231988 1.296204 1.094526 0.464502 0.416148 0.174699 0.154435 0.082433 
2.688243 1.979564 1.582982 1.393264 1.349809 1.161994 0.878590 0.509985 0.317243 0.351474 0.247615 0.083220 
2.668259 1.927572 1.571630 1.293610 1.499098 1.350451 0.820931 0.577129 0.485173 0.350833 0.189984 0.081491 
2.728555 1.984504 1.824151 1.438890 1.510974 1.059325 0.818662 0.612959 0.384952 0.273197 0.099155 0.076659 
2.718595 1.957402 1.312493 1.550974 1.270254 1.479556 0.926599 0.558261 0.291153 0.313648 0.105509 0.082447 
2.421330 2.011640 1.445887 1.694589 1.166880 1.178760 0.964675 0.801794 0.300540 0.244659 0.206392 0.083298 
2.560616 1.955945 0.909648 1.622106 1.506352 1.414338 1.211042 0.381606 0.129320 0.328777 0.275428 0.094251 
2.611050 2.005157 0.976336 1.613383 1.587791 1.455996 1.152266 0.565694 0.357780 0.253732 0.125390 0.086136 
2.511302 1.921947 1.040674 1.664045 1.696544 1.312762 0.806849 0.690576 0.483093 0.510241 0.132789 0.081435 
2.568075 1.642056 1.287013 1.668545 1.730492 1.361663 0.779326 0.500811 0.297369 0.612099 0.207750 0.077640 
2.737120 1.898052 1.344041 1.337560 1.426318 1.247391 0.713455 0.602125 0.520603 0.386918 0.210420 0.080926 
2.660517 1.922583 1.460261 1.444772 1.491547 1.262607 0.645140 0.428132 0.571948 0.534802 0.242342 0.079435 
2.679855 2.087718 1.488218 1.500698 1.322095 0.990165 0.714563 0.341636 0.494484 0.409834 0.288749 0.082630 
3.037917 2.622885 2.217396 2.121142 1.766783 0.994134 0.611109 0.060869 0.303705 0.020513 -0.039384 0.033993 
3.525521 2.815013 2.156533 1.584023 1.664009 1.388267 1.289598 0.548518 0.016928 -0.366415 -0.290311 -0.022235 
3.688485 2.718433 2.128920 1.863528 1.959183 1.727161 1.180647 0.274617 -0.189949 -0.522337 -0.240087 -0.024148 
4.264072 3.218253 1.946616 1.255297 1.405357 1.604535 1.233979 0.288994 -0.349260 -0.647398 -0.225079 -0.036325 
4.381842 3.432693 1.954072 0.889717 1.518102 1.092146 1.154385 0.143908 -0.668988 -0.657921 -0.209635 -0.025577 
4.028687 3.072784 1.675772 0.930761 0.914814 0.841389 0.952404 -0.042189 -0.417914 -0.673719 -0.243884 -0.031581 
3.707337 2.835508 1.791864 0.783930 0.901308 0.749137 0.651244 -0.102145 -0.685088 -0.490324 -0.253621 -0.016545 
4.317365 3.216497 1.461731 0.714362 1.032105 0.284981 0.771866 0.151322 -0.483124 -0.773493 -0.280205 -0.040343 
5.274741 3.304309 0.677825 0.602979 2.308546 -0.034616 0.678261 -0.172150 -0.348411 -0.906035 -0.379389 -0.026399 
4.594154 3.000182 1.168557 0.905080 1.503552 0.156844 0.346813 -0.177809 -0.280195 -0.833413 -0.293406 -0.043742 
4.220422 2.779105 1.365770 0.922949 1.170488 0.390631 0.169327 -0.154445 -0.534949 -0.696991 -0.288724 -0.040019 
4.885335 3.059687 1.132542 0.928385 1.286330 0.191045 0.127632 -0.099799 -0.549034 -0.868484 -0.294980 -0.040708 
6.562154 3.412734 0.034913 0.883680 3.269844 -1.479984 0.876836 -0.427417 -0.400632 -0.844916 -0.737708 0.030282 
6.353498 3.266148 0.328201 0.429838 3.268303 -1.167377 0.769219 -0.478735 -0.612805 -0.776966 -0.685088 0.020192 
6.473326 3.242153 0.154509 0.264510 3.689564 -1.234657 0.733239 -0.494090 -0.655747 -0.727690 -0.787153 0.024875 
5.870284 3.112551 0.371286 0.081191 3.341469 -0.734596 0.528903 -0.375552 -0.651726 -0.868920 -0.633148 0.000395 
5.692057 3.081441 0.132179 0.250956 2.999469 -0.570123 0.376196 -0.123673 -0.808073 -0.889881 -0.580721 -0.000703 
6.018300 2.964649 -0.045217 0.256014 3.302408 -0.906356 0.441938 -0.258660 -0.596033 -0.914963 -0.698113 0.011325 
5.728380 2.929811 0.125730 0.041889 2.903578 -0.686128 0.050219 -0.201126 -0.621883 -0.937461 -0.557872 -0.006362 
5.045088 2.798725 0.189445 0.394809 1.779317 -0.156305 -0.250414 -0.247582 -0.567282 -0.874933 -0.297164 -0.009066 
4.542672 2.525146 0.661936 0.498317 1.388482 -0.108424 -0.189044 -0.446576 -0.409978 -0.916377 -0.185711 0.007186 
3.909449 2.473907 1.033711 0.526195 0.992448 -0.212522 0.104880 -0.688477 -0.817725 -0.480616 -0.132106 0.021774 
4.188206 2.730272 0.975327 0.279795 1.401869 -0.452796 -0.197876 -0.540266 -0.896633 -0.322101 -0.135160 0.021284 
4.441475 2.913984 1.153242 0.044716 1.285359 -0.489061 -0.017610 -0.508329 -1.114940 -0.264547 -0.146282 0.024900 
4.432497 3.041967 1.079587 0.261232 1.353010 -0.755178 -0.045740 -0.794497 -0.858910 -0.436959 -0.118088 0.030199 
3.518952 2.464341 1.357960 0.614551 0.840544 -0.433903 -0.417878 -0.831594 -0.954936 -0.253841 -0.036187 0.017078 
4.099628 2.742952 0.841877 0.632468 0.878424 -0.769997 -0.453016 -0.583713 -0.585226 -0.422940 -0.117013 0.009468 
3.621693 2.417024 0.964595 0.721795 0.884222 -0.679088 -0.365750 -0.710175 -0.628327 -0.469073 -0.073632 0.020323 
5.395856 3.217481 0.155009 -0.280706 3.843448 -2.066745 -0.230205 -0.389656 -0.680180 -0.602912 -0.604287 0.084757 
4.050343 2.434302 0.904749 0.495019 1.112719 -0.697964 -0.074432 -0.448776 -0.838209 -0.577877 -0.029587 0.056891 
4.410967 3.078104 0.405886 0.331712 1.705114 -1.276258 0.198942 -0.260260 -0.767605 -0.558228 -0.165259 0.076969 
3.603863 2.612278 1.124019 0.571277 0.423659 -0.473667 -0.126390 -0.623215 -0.679585 -0.329150 0.040187 0.055161 
5.124174 3.339027 0.372481 -0.166481 3.808307 -2.133126 0.001397 -0.037734 -0.782715 -0.431893 -0.505391 0.127765 
5.237128 3.648570 0.107066 -0.076740 3.974719 -2.149188 0.052118 -0.028904 -0.498779 -0.419403 -0.544892 0.125635 
4.096776 3.027428 1.040557 0.573162 1.735237 -1.461230 0.020313 -0.157761 -0.814872 -0.233608 -0.053921 0.105244 
4.209740 2.860786 1.283520 0.713901 1.919553 -1.017467 -0.314465 -0.380361 -0.404435 -0.172854 -0.101054 0.049882 
4.430453 3.023250 1.364125 0.691198 2.313589 -1.401308 -0.170193 0.028640 -0.634863 -0.287362 -0.184953 0.063512 
4.787892 3.722851 0.689743 0.753328 3.941819 -2.266446 -0.174420 0.033956 -0.243747 -0.331052 -0.440713 0.101219 
3.679961 2.835754 1.341294 1.335283 1.607345 -1.300978 -0.235269 -0.304168 -0.215027 -0.233312 -0.118577 0.062863 
3.634032 2.536205 1.418204 1.029365 1.253805 -0.955704 -0.441136 -0.241873 -0.124397 -0.140485 -0.113926 0.053104 
4.290379 3.034774 0.893257 0.868136 2.277545 -1.575568 -0.183432 -0.022175 -0.042390 -0.631231 -0.100008 0.078787 
4.842102 3.235181 0.857904 -0.443092 3.655924 -1.922932 0.154420 0.535003 -0.490502 -0.568108 -0.403782 0.093327 
3.748244 2.187773 1.211208 -0.031636 1.367613 0.041372 0.015888 -0.032790 -0.654674 -0.190780 -0.201593 0.034105 
3.988327 2.799439 0.985709 0.013900 1.510367 -0.600187 0.621186 0.037754 -0.799936 -0.476076 -0.146167 0.067978 
4.798671 3.391350 0.744971 -0.650992 3.100400 -1.689439 0.747229 0.168708 -0.836090 -0.429204 -0.355920 0.129961 
4.459162 3.062810 0.922982 0.087359 1.886738 -1.130278 0.323586 -0.048357 -0.624370 -0.546040 -0.108632 0.082271 
4.011076 2.809814 1.513554 -0.022000 1.081109 -0.911538 -0.277688 -0.214052 -0.524044 -0.114679 -0.047413 0.040910 
4.092476 2.865044 1.024914 -0.003865 0.988690 -0.720169 0.066122 -0.431396 -0.532506 -0.279860 -0.044238 0.047492 
5.003599 3.357036 0.705332 -0.225670 1.858479 -1.759451 0.532744 0.168361 -0.824617 -0.559080 -0.304295 0.085244 
4.562339 3.346991 0.858561 -0.381900 1.150419 -0.990464 0.293099 0.081282 -0.837108 -0.483346 -0.196969 0.019690 
5.410114 3.114901 0.553791 -0.637264 2.581641 -1.620333 0.127300 0.503349 -0.913795 -0.611406 -0.481819 0.040637 
4.343933 2.606882 0.926373 0.189971 0.977601 -0.229589 0.043794 0.088513 -0.672783 -0.692373 -0.156556 -0.007035 
4.657710 2.671063 0.525299 0.504115 1.394267 -0.391167 -0.006184 0.568078 -0.428112 -0.938752 -0.335155 -0.032402 
4.079548 2.176175 0.898318 0.756999 1.088792 -0.072396 0.241257 0.385616 -0.385226 -0.715042 -0.380037 -0.049581 
5.312200 2.709429 0.558993 0.181073 3.039418 -1.493422 0.163043 0.952279 -0.395159 -0.716649 -0.668384 -0.011149 
4.983260 2.410567 0.778418 0.295990 2.409261 -1.291507 0.194432 0.702341 -0.278028 -0.597074 -0.407960 0.014112 
4.507345 2.619545 0.580985 0.664914 1.551564 -1.234530 0.051428 0.855525 -0.029278 -0.322805 -0.211523 0.022508 
3.818586 2.207871 1.058643 0.726405 0.815024 -0.625743 0.016551 0.592204 0.141810 -0.163058 0.149691 0.056476 
5.146505 2.401066 0.082654 0.388351 1.890757 -1.358377 0.372127 1.207506 0.412761 -0.256561 0.062315 0.181125 
4.685251 2.231400 0.327784 0.459817 1.903336 -1.187998 0.568270 1.190562 0.615573 -0.269681 0.301863 0.214337 
4.990754 2.228886 0.239053 0.336798 2.138454 -1.095589 0.916676 1.508538 0.533244 -0.189187 0.339915 0.286014 
4.305975 2.214190 0.622179 0.724690 1.631502 -0.433167 0.820056 1.419228 0.296125 -0.306259 0.527455 0.227776 
3.771217 1.912684 0.753940 1.200817 1.691022 0.302894 0.732858 1.193575 0.209947 -0.236769 0.325336 0.133235 
3.365840 2.074275 1.298294 1.004130 1.436260 0.494322 0.916584 0.984862 0.078792 -0.173518 0.186093 0.086107 
3.286466 2.221675 1.566409 1.570700 1.550208 0.379812 0.954436 1.144490 0.381218 0.046793 0.175398 0.080885 
3.074006 2.010349 1.444167 1.067144 0.962459 0.873673 0.935258 0.676222 0.391653 0.127686 0.278499 0.088397 
2.841262 2.001179 1.276311 1.036617 1.333825 0.932462 0.862567 0.723373 0.345236 0.317996 0.203275 0.082799 
3.068614 2.154883 1.464746 1.277034 0.843063 0.527138 1.010979 1.035258 0.509236 0.344426 0.133910 0.073115 
3.080173 2.117589 1.406629 1.106525 1.106073 0.814501 1.019237 1.032883 0.711446 0.293624 0.163213 0.070257 
3.019265 2.023031 1.579569 1.311186 1.230842 0.747177 0.807796 1.185615 0.616497 0.285905 0.116248 0.070958 
3.066784 1.977133 1.501807 1.090105 1.294376 0.514447 0.519487 0.714985 0.625570 0.331791 0.237296 0.085163 
2.814184 2.177602 1.621192 1.435647 1.250741 0.707734 0.773045 0.639129 0.322563 0.281168 0.287085 0.084706 
