2.633110 2.088754 1.833661 1.649800 1.383314 1.073971 0.769425 0.576977 0.575573 0.403141 0.212708 0.079121 
2.714834 2.176041 1.752206 1.389442 1.321414 1.068827 1.170316 0.756390 0.450633 0.210250 0.046587 0.073308 
2.807760 2.158207 1.663598 1.298405 1.275521 1.143857 1.076794 0.857527 0.510980 0.276565 0.072030 0.071638 
2.797763 2.117739 1.673985 1.284113 1.390112 1.283031 1.374334 1.056249 0.528662 0.273418 0.004711 0.069015 
2.680029 2.128923 1.546013 1.232754 1.275735 1.152024 1.521599 1.021399 0.609256 0.232041 -0.013840 0.071014 
2.660316 2.089258 1.661409 1.336319 1.386948 1.062580 1.261137 0.782933 0.598488 0.291754 0.086559 0.077425 
2.682242 2.045188 1.688298 1.365269 1.441748 1.056463 1.148240 0.706491 0.443784 0.207044 0.099549 0.078278 
2.603030 1.991966 1.504470 1.264579 1.307035 1.021124 1.246448 0.849284 0.666094 0.319305 0.168494 0.078174 
2.699390 2.038221 1.543456 1.320098 1.308626 1.338642 1.237703 0.733015 0.468503 0.199871 0.123342 0.077821 
2.748060 2.159633 1.541256 1.117078 0.953681 1.050318 1.325251 0.996495 0.744840 0.280203 0.053070 0.067377 
2.803542 1.962698 1.364483 0.755238 1.075571 0.833802 1.289658 0.824204 0.464878 0.199082 0.081314 0.076013 
2.935176 2.117402 1.262514 0.659882 0.900102 1.055124 1.450815 0.877695 0.554847 0.123323 0.002148 0.061523 
2.956539 2.073442 1.004433 0.469529 0.774283 1.062024 1.505034 0.964104 0.563823 0.135199 0.034414 0.060441 
3.231691 2.350427 0.880987 0.325666 0.556313 0.936581 1.855171 1.159446 0.586693 -0.037472 -0.017639 0.033876 
3.113191 1.946359 0.934708 0.125210 0.726962 1.139005 1.512806 1.146564 0.331869 0.050194 -0.131881 0.046065 
3.617025 2.595353 0.752041 -0.442951 0.216171 0.588107 2.005656 1.234554 0.560066 0.027138 -0.136132 0.004686 
3.327848 2.354402 0.986940 0.281440 0.618268 1.063180 1.788903 1.173648 0.538490 -0.135322 -0.334778 -0.005906 
4.046791 2.881605 1.016913 0.091731 0.795807 1.337670 2.115358 1.086386 0.452988 -0.222151 -0.412899 -0.063308 
4.057521 2.949277 1.091629 0.125959 0.669534 1.298355 1.809537 0.989543 0.465494 -0.372114 -0.379014 -0.068533 
5.669131 4.504592 0.248017 -0.166819 0.377876 0.846749 3.172117 0.352802 0.610582 -0.543094 -0.253527 -0.072009 
4.830186 3.536932 1.039167 0.557159 0.402792 0.572365 2.150522 0.982431 0.524094 -0.823866 -0.179724 -0.063306 
4.066352 3.241950 1.229228 0.408503 0.757741 0.592614 1.949344 0.710246 0.266277 -0.461135 -0.295094 -0.068956 
4.441891 3.285185 1.487038 0.392135 0.647508 -0.376757 1.822381 1.198749 0.004166 -0.448783 -0.221406 -0.053684 
5.930316 3.854316 0.225851 0.866773 1.609828 -2.378665 2.793676 1.148184 -0.001481 -0.484796 -0.544656 0.098501 
6.251256 3.755000 0.199624 0.673136 1.839229 -2.713116 2.496972 1.292112 -0.023139 -0.337208 -0.638895 0.105121 
4.462250 3.130000 1.292986 0.655558 0.513342 -0.366420 1.049991 0.859090 0.164313 -0.302533 -0.291535 -0.082259 
3.790712 3.035554 1.938970 0.447042 -0.019553 -0.364432 0.578179 0.704723 0.215541 -0.126582 -0.264808 -0.069362 
5.001019 3.307143 0.968132 0.500931 1.220201 -0.751684 1.249418 0.638358 -0.149831 -0.016571 -0.393225 -0.064414 
6.687026 3.432779 -0.285838 0.362351 2.899910 -2.293107 1.533360 0.677510 -0.303790 0.022429 -0.652600 0.107349 
6.031354 3.925678 -0.432255 0.262224 2.762181 -1.837310 1.333994 0.172806 -0.159710 -0.013954 -0.639222 0.068475 
3.682100 2.754077 1.609882 0.517233 0.669727 -0.020307 0.409771 0.018223 -0.335810 -0.122768 -0.224377 -0.014696 
4.531219 3.225621 0.990053 0.511275 1.598977 -0.761288 0.969503 -0.082926 -0.379914 -0.126526 -0.304512 0.004356 
5.320308 3.567249 0.767379 0.256978 2.626866 -1.823742 1.140175 0.262897 -0.377815 -0.169567 -0.503447 0.072271 
5.553550 3.706468 0.620316 0.530940 2.982468 -2.138394 0.986593 0.418399 -0.319691 -0.151580 -0.602166 0.095807 
4.945817 3.492604 1.187158 0.715508 1.891371 -1.227077 0.586623 0.483334 -0.414518 -0.243187 -0.310730 0.023742 
4.550934 3.217806 1.510553 0.507791 1.731828 -1.003657 0.411795 0.539505 -0.452796 -0.166196 -0.293226 -0.004330 
4.090559 3.257875 1.376667 0.635375 1.163523 -0.749178 0.759413 0.059050 -0.388782 -0.098013 -0.292643 0.002263 
4.969809 3.552088 1.283092 -0.245140 2.180206 -1.607260 0.856314 0.445160 -0.319339 -0.059582 -0.409971 0.018984 
4.653975 3.489140 0.965302 0.212415 1.720568 -1.231133 1.020984 0.341756 -0.473326 -0.074646 -0.350156 0.028557 
3.940634 2.916959 1.828249 0.188672 0.605172 -0.754808 0.365855 0.559658 -0.131711 0.091843 -0.294478 -0.030611 
4.240255 3.248145 1.084578 0.156899 1.265523 -0.774158 1.154090 0.427520 -0.421438 -0.096914 -0.401559 -0.011815 
5.107818 3.221031 0.820284 -0.339539 2.479681 -1.746096 1.158742 0.944045 -0.390420 -0.187380 -0.592421 0.022410 
4.699243 3.116141 0.498787 -0.019114 2.132582 -1.216674 1.258155 0.793212 -0.417282 -0.290134 -0.543221 0.009179 
3.824811 2.534708 1.224812 -0.075697 0.777137 -0.043650 0.771581 0.685424 -0.269907 -0.240113 -0.422423 -0.042467 
5.398877 2.942140 0.251408 0.097264 2.598656 -1.538555 1.535633 1.050494 -0.523928 -0.489330 -0.719194 0.044757 
4.828229 2.807739 0.565166 0.178302 1.983848 -0.534881 1.503049 0.836368 -0.555206 -0.430456 -0.552128 -0.021078 
5.762353 2.968196 0.436559 0.478375 2.799920 -1.553915 1.982661 1.283484 -0.688764 -0.665441 -0.741541 0.091877 
3.739320 2.654019 1.146018 0.945181 1.264663 0.170497 1.370449 0.680679 -0.348026 -0.543570 -0.380469 -0.011594 
3.953683 2.902944 1.532708 0.931146 1.760660 -0.421771 1.969032 0.661333 -0.528299 -0.493144 -0.348410 0.013880 
3.400571 2.450342 1.595297 1.084521 1.719165 0.037499 1.659806 0.440795 -0.396302 -0.333291 -0.387402 0.023994 
3.447918 2.775889 1.461236 1.375399 2.150034 -0.232754 1.832592 0.417613 -0.088763 -0.206138 -0.296634 0.045867 
2.912150 2.576620 1.700164 1.722296 1.804272 0.557723 1.342131 -0.248241 0.012635 -0.023163 -0.118686 0.050770 
2.988630 2.232240 1.902092 1.721096 1.895151 0.329953 1.224029 0.204272 -0.130787 0.107781 -0.144457 0.056197 
3.008922 2.620955 2.209057 2.040726 2.160716 -0.213730 1.452073 0.289968 0.285926 0.234601 -0.070800 0.074659 
2.812577 2.518994 1.843810 1.880523 2.373534 0.256817 1.442934 0.241327 0.173293 0.189290 -0.141078 0.072266 
2.757866 2.435100 2.073761 1.890998 1.980457 0.224324 1.531023 0.455007 0.139995 0.295332 0.009104 0.078465 
2.673922 2.447884 2.331939 1.503955 1.918952 0.107472 1.318941 0.340589 0.094030 0.482128 -0.165033 0.080820 
2.842113 2.674732 2.116090 1.648913 2.292049 0.557359 1.567814 0.238433 0.114961 0.389794 -0.094424 0.075139 
2.856638 2.272724 1.813436 1.260470 1.568647 0.570726 0.749694 0.550793 0.179855 0.151506 -0.114088 0.061640 
2.788149 2.318183 1.887141 1.689882 1.498363 0.866208 1.090281 0.398395 0.234824 0.012640 -0.079441 0.058751 
3.093718 2.640317 2.440538 1.627112 2.173187 0.697636 1.518718 0.648211 0.080147 -0.021575 -0.152851 0.035824 
3.056583 3.077914 2.523004 1.796653 2.706953 0.705947 1.572336 0.320210 -0.071887 0.169804 -0.106127 0.042796 
3.028046 2.773205 2.416029 1.777275 2.123054 0.768334 0.768902 0.495749 0.122866 0.301996 -0.084511 0.037739 
3.092228 3.149533 2.503832 1.964496 2.645243 0.730630 1.436175 0.285434 -0.165658 0.210688 -0.064987 0.034033 
3.535070 3.335722 2.640279 1.673050 2.713876 0.711930 1.729635 0.512038 -0.411694 0.265475 -0.021335 0.041400 
3.484215 3.115008 2.472876 2.011364 2.591110 1.040671 1.366155 0.437628 -0.037394 0.073617 0.025476 0.025894 
3.597794 3.314580 2.448282 1.895132 2.561598 1.126602 1.670899 0.856124 -0.220887 -0.075939 0.023577 0.021071 
3.364285 2.771429 2.454197 2.256758 2.413051 1.233428 1.296984 0.868281 0.121349 0.071896 -0.057575 0.019786 
3.177165 2.736137 2.344380 1.873298 2.388247 1.383453 1.495955 0.863951 0.122888 0.161513 -0.096074 0.027870 
3.015611 2.545574 2.235195 1.892484 2.242342 1.335389 1.466824 0.800394 0.168632 0.152681 -0.067454 0.035011 
3.120746 2.649876 2.217979 1.891914 2.439996 1.515578 1.519572 0.864568 0.378891 0.273224 -0.142830 0.032190 
3.218190 2.603923 2.148437 1.807869 2.531319 1.859463 1.867695 1.079641 0.247345 0.169991 -0.174477 0.032086 
3.330726 2.520716 1.957842 2.007559 2.526464 1.987411 1.741221 0.931748 0.263617 0.071151 -0.060847 0.037013 
3.391884 2.469458 1.781448 1.770890 2.301710 2.047755 1.607877 0.912709 0.424533 0.105696 -0.107293 0.028001 
3.396085 2.404537 1.648774 1.605886 2.037389 1.999214 1.463199 0.832749 0.431881 0.212787 0.009703 0.041624 
3.256046 2.237134 1.536538 1.641817 2.024282 1.903227 1.389583 0.802357 0.522857 0.284699 0.009734 0.049106 
3.290976 2.292401 1.272557 1.310354 1.941378 2.003438 1.534859 0.615526 0.514267 0.406229 0.122633 0.070037 
3.451483 2.438842 1.173301 0.887643 1.545846 1.762778 1.302154 0.819069 0.677674 0.578912 0.144350 0.066525 
3.055329 2.020335 1.136046 1.055464 1.664272 1.637865 1.351441 0.874252 0.688860 0.547863 0.137925 0.066492 
2.938846 2.021294 1.382914 1.068542 1.368912 1.250264 1.069605 0.836532 0.675328 0.548450 0.198680 0.067751 
2.934835 2.011583 1.174661 1.139997 1.559874 1.787651 1.555733 0.835925 0.448126 0.241069 0.083800 0.072758 
3.152721 2.229531 1.319541 1.094507 1.737417 1.689016 1.170421 0.645935 0.394930 0.477145 0.225289 0.082239 
3.120191 2.034801 1.228074 1.523418 2.251556 2.127874 1.373454 0.684134 0.649710 0.515302 0.119243 0.076009 
3.438064 2.035397 1.180662 1.489283 2.256211 2.166397 1.420362 0.929919 0.650731 0.569003 0.208369 0.081509 
3.268168 2.130043 1.233333 1.336398 2.201487 2.196161 1.607093 0.785065 0.454293 0.492149 0.254601 0.096968 
