2.533863 2.008944 1.739117 1.513013 1.407110 1.096914 1.015443 0.712813 0.597631 0.409243 0.218717 0.080339 
2.555118 1.992620 1.716319 1.513267 1.378290 1.154847 0.958963 0.791506 0.554056 0.391068 0.240534 0.080152 
2.532996 2.011269 1.760051 1.513642 1.348916 1.125164 0.989111 0.765364 0.573388 0.375937 0.240101 0.080122 
2.532346 1.994707 1.737350 1.540618 1.376699 1.127217 0.958290 0.791747 0.573451 0.376646 0.228846 0.080160 
2.531368 1.977259 1.760284 1.487550 1.404224 1.158370 0.928680 0.792743 0.573023 0.394092 0.239157 0.080029 
2.551692 1.995115 1.739000 1.537197 1.350365 1.157420 0.926110 0.795884 0.570698 0.394421 0.229100 0.080165 
2.540941 1.994917 1.718013 1.535902 1.378911 1.126996 0.986080 0.768381 0.571646 0.393696 0.229044 0.080188 
2.540966 1.993869 1.740357 1.536776 1.351982 1.124383 0.957735 0.767119 0.595174 0.393559 0.218456 0.080204 
2.553625 1.960134 1.760657 1.566012 1.320619 1.154923 0.930654 0.816856 0.550925 0.361610 0.249532 0.080283 
2.542503 1.994182 1.715383 1.567874 1.377821 1.122863 0.932100 0.790839 0.572926 0.396902 0.226789 0.080180 
2.520150 1.993028 1.760013 1.571357 1.288700 1.181827 0.990765 0.739916 0.548789 0.413074 0.227482 0.080086 
2.541845 1.992679 1.762128 1.568573 1.287775 1.153540 0.962289 0.767369 0.570032 0.395874 0.227280 0.080160 
2.531475 1.991239 1.740796 1.542417 1.344244 1.184130 0.904960 0.792934 0.571117 0.394556 0.228322 0.080169 
2.530698 1.990423 1.743158 1.567678 1.314933 1.154342 0.992647 0.739652 0.570823 0.376607 0.240309 0.080080 
2.502348 2.145266 1.831256 1.547319 1.391452 1.192276 1.059378 0.815840 0.573441 0.383330 0.234320 0.080098 
2.575467 2.114252 1.667080 0.978663 0.899788 1.269333 1.099959 0.758237 0.587824 0.736435 0.173196 0.081538 
2.876699 2.209610 2.159421 1.601436 1.212297 0.961433 0.532902 0.700737 0.493440 0.024108 0.128135 0.070437 
2.995023 2.118539 1.895818 1.459553 0.931546 0.418951 0.295476 0.238734 0.328889 0.096666 0.003046 0.071280 
3.721134 2.779532 2.440738 1.787625 1.189962 1.278567 0.669632 0.058505 -0.137635 -0.407688 -0.240647 -0.031202 
3.781902 3.196458 2.768504 1.329889 1.261580 0.308440 0.701301 -0.117629 -0.478094 -0.542500 -0.196386 -0.048362 
4.783598 3.595095 2.181806 0.956521 1.615096 0.075564 0.439681 0.108557 -0.792135 -0.917775 -0.263704 -0.065540 
3.498434 2.770421 1.965598 1.138883 0.491970 0.194054 0.052165 -0.271490 -0.554765 -0.685675 -0.319170 -0.086243 
3.460684 2.676188 1.905048 1.107983 0.710091 0.313058 0.007977 -0.468498 -0.676232 -0.607264 -0.468271 -0.109686 
3.533798 2.733827 1.910400 1.097318 0.297828 0.055536 -0.358277 -0.688079 -0.864910 -0.866919 -0.386591 -0.131121 
5.360509 3.892278 1.918197 -0.110844 1.180314 -1.000502 -0.162531 -1.426645 -1.260035 -1.315127 -0.551694 -0.119847 
3.908590 3.023388 1.917684 0.794735 0.173246 -0.589052 -0.807864 -1.440510 -1.283566 -0.909934 -0.275103 -0.123049 
3.941063 3.043616 1.994607 0.610462 -0.025850 -0.678480 -0.957108 -1.399022 -1.536293 -1.053521 -0.215940 -0.116592 
4.045050 3.311020 1.946094 0.582910 0.109583 -1.015842 -0.884964 -1.446475 -1.609350 -1.254058 -0.199138 -0.112132 
4.124719 3.260178 1.831511 0.240567 -0.079664 -1.078083 -0.957751 -1.320843 -1.613539 -1.097421 -0.195773 -0.091587 
4.094435 3.043879 1.665030 0.364469 -0.084761 -1.197915 -1.203958 -1.225683 -1.256275 -0.994120 -0.157877 -0.073241 
5.071265 3.065247 1.336710 -0.038040 0.356005 -1.119030 -0.955944 -1.004980 -1.385885 -1.392749 -0.296270 -0.041996 
5.208577 3.477593 0.924655 -0.118669 0.449730 -1.799026 -0.043306 -0.932875 -1.577278 -1.650435 -0.464669 -0.031293 
4.525267 3.140450 1.142567 -0.249593 -0.107777 -1.164253 -0.686088 -0.799294 -1.435356 -1.401298 -0.220249 -0.048497 
4.327744 2.944677 1.188085 -0.265495 -0.516201 -1.264481 -0.691475 -0.776443 -1.422209 -1.274625 -0.165166 -0.045181 
4.306322 2.966771 1.221653 -0.252576 -0.274239 -1.247197 -0.634537 -0.799421 -1.402885 -1.147423 -0.175200 -0.039092 
5.022516 3.162286 0.635224 -0.026209 0.646898 -1.986766 -0.828188 -0.854744 -1.259012 -1.587764 -0.384143 -0.019232 
5.740619 3.182043 0.438674 -0.322895 2.119708 -2.956519 -0.648365 -0.655239 -1.345977 -1.507702 -0.873852 0.016404 
4.633740 2.927308 0.862817 0.330378 0.016509 -1.319571 -0.824117 -0.775365 -1.251525 -1.439740 -0.188773 -0.009727 
3.434218 2.348087 1.215506 0.205579 -0.362382 -1.089390 -1.000111 -1.134438 -1.216088 -0.637142 -0.106764 -0.031842 
5.076330 3.100084 0.605536 0.320696 1.393908 -2.157398 -1.101400 -0.710599 -1.270935 -1.378079 -0.434086 -0.001684 
5.491291 3.023911 0.327723 -0.210594 2.527397 -3.053701 -1.087747 -1.054979 -1.503114 -1.285183 -0.788110 0.030728 
4.480175 2.759168 0.850006 0.354988 1.198098 -1.923901 -1.578530 -1.303401 -1.339970 -0.777928 -0.245230 -0.030809 
3.364388 2.179948 1.095365 0.451612 -0.186121 -1.055338 -1.403906 -1.316258 -1.148222 -0.715949 -0.087697 -0.051219 
5.924823 2.852355 -0.037063 0.219828 2.810106 -3.518354 -0.685938 -1.199434 -1.488797 -0.907172 -0.857285 0.109936 
4.757789 2.537663 0.889021 0.078312 1.064433 -2.157462 -0.955308 -1.123123 -1.421336 -1.074800 -0.299186 0.009309 
3.718035 2.316131 1.011296 0.309349 0.243394 -1.105997 -0.966511 -1.045856 -1.367001 -0.791831 -0.120448 -0.028942 
4.165629 2.367407 0.522967 0.025965 0.320869 -1.011454 -0.893648 -1.025398 -1.119281 -0.947057 -0.187723 -0.021360 
6.085847 2.452478 -0.586296 -0.566414 2.677857 -2.789807 -0.506468 -0.889161 -1.240053 -0.945629 -0.874283 0.063875 
4.733991 2.181538 0.274049 -0.066168 0.941480 -1.243206 -0.518666 -0.601385 -1.042665 -1.093722 -0.337378 -0.006512 
3.821439 1.965918 0.555161 0.060516 0.019394 -0.342549 -0.972378 -0.958001 -1.131801 -0.830003 -0.193784 -0.034700 
4.949496 2.426320 -0.023757 -0.017847 0.690092 -0.922022 -1.205976 -1.061989 -0.995781 -1.250824 -0.297551 -0.027247 
4.090040 2.244262 0.500903 -0.022794 -0.133865 -0.696736 -1.002035 -1.000925 -1.150136 -0.958899 -0.190186 -0.040075 
6.147012 2.027478 0.102523 -0.307260 1.567258 -2.911651 -0.247085 -1.549882 -1.216467 -1.367345 -0.720213 0.088428 
5.373751 2.536711 0.139865 -0.473849 1.113087 -2.181301 -0.632546 -1.267476 -1.240003 -1.536157 -0.486771 0.033726 
4.523792 2.563991 0.593304 -0.308735 0.216175 -1.192619 -0.495704 -0.989817 -1.474113 -1.251980 -0.218883 -0.012271 
3.811115 2.456728 0.702229 -0.248898 -0.108852 -0.844781 -0.995775 -1.297401 -1.227268 -0.862288 -0.090403 -0.035349 
3.940685 2.266121 0.686920 -0.374533 -0.092265 -0.715533 -0.792463 -1.038864 -1.338720 -0.845221 -0.134619 -0.031554 
5.354150 2.769735 -0.015332 -0.459517 1.487199 -2.468793 -0.473501 -1.362312 -1.308078 -1.175401 -0.466076 0.058979 
4.959085 2.719531 0.257883 -0.437019 0.789423 -1.854362 -0.818290 -1.066086 -1.224302 -1.132483 -0.267288 0.020605 
4.340023 2.602688 0.677939 -0.337689 0.219408 -1.048994 -0.576363 -1.115268 -1.154447 -0.986604 -0.117515 0.001006 
3.984961 2.553575 1.074020 -0.318863 -0.204449 -0.744954 -0.940675 -1.084323 -1.303717 -0.661269 -0.064712 -0.011160 
5.594937 2.713758 0.176066 -0.260127 0.918788 -1.540583 -0.373967 -0.848578 -0.745145 -1.055389 -0.365080 0.010742 
5.660289 2.744410 -0.111208 -0.371988 1.026516 -1.252890 -0.111849 -0.940267 -0.698530 -1.122436 -0.409913 -0.001921 
4.831585 2.350652 0.215934 -0.445921 0.509539 -0.342758 -0.606319 -0.682342 -0.669062 -0.834638 -0.274017 -0.038954 
5.546417 2.196918 -0.226089 -0.309186 0.644920 -0.463271 -0.549448 -0.962637 -0.459981 -0.895616 -0.345394 -0.044552 
4.726192 2.351652 -0.067599 -0.435346 0.382086 -0.434602 -0.139795 -0.591693 -0.616766 -0.769009 -0.312907 -0.047668 
5.921508 2.284197 -0.590973 -0.811660 1.679443 -1.347170 -0.006771 -1.028038 -0.545178 -0.823241 -0.527598 -0.023947 
6.118484 2.100598 -0.255402 -0.819712 1.997011 -1.880726 0.746946 -0.679793 -0.582667 -0.780307 -0.691682 0.033605 
5.186845 2.549674 -0.268702 -0.594717 0.984912 -1.105721 0.666065 -0.213594 -0.667160 -1.006884 -0.499006 -0.025806 
4.356026 2.393348 0.055172 -0.619869 0.138682 -0.435422 0.225236 -0.125101 -0.713181 -1.058486 -0.333663 -0.052359 
5.890528 2.643354 -0.777661 -0.729470 1.591031 -2.445571 1.046373 -0.113593 -0.533697 -0.931058 -0.719294 0.059034 
5.387999 2.463555 -0.431556 -0.861977 0.904506 -1.573491 0.562710 -0.130132 -0.325353 -1.001447 -0.475089 -0.011132 
4.328237 2.146070 0.076480 -0.685126 0.420469 -0.588920 0.160535 0.016083 -0.307774 -0.797206 -0.276148 -0.055122 
4.727292 2.381480 -0.018104 -0.228328 0.304494 -1.024719 0.198844 -0.064886 -0.154482 -0.923008 -0.227831 -0.032085 
5.711262 2.447742 -0.713467 0.281360 0.891979 -2.165028 0.794731 -0.366227 0.282387 -1.177953 -0.395977 0.021197 
5.090636 2.288228 -0.213876 0.198090 0.881796 -1.472978 0.122915 -0.078296 0.045362 -1.073047 -0.252590 0.015338 
3.948673 1.970923 0.294425 -0.199398 0.539706 -0.045912 -0.175619 -0.015549 -0.257134 -0.621794 -0.062099 -0.038827 
5.727615 2.313401 -0.675922 0.121785 1.767839 -1.051063 0.297645 -0.057186 0.428415 -1.017218 -0.417316 0.019738 
5.641822 2.425035 -0.712780 0.146444 2.373785 -0.786890 0.494804 -0.043187 0.707726 -0.838062 -0.390764 0.012534 
4.711612 2.004313 -0.266684 0.612412 2.073264 0.335983 0.621888 0.376844 0.510917 -0.695098 -0.367496 -0.050162 
4.142318 2.286342 0.808838 0.633912 1.481640 0.247239 0.150407 0.288822 0.184786 0.062967 -0.031927 0.001198 
4.539512 2.175251 1.115940 1.171732 1.504959 -0.551206 -0.443628 0.517306 0.490857 0.195780 -0.105469 -0.009676 
4.559889 1.801405 1.146369 1.391727 1.611747 -0.037019 0.346644 -0.032111 0.062294 0.291405 -0.128939 -0.035847 
3.730747 1.728158 0.944050 1.387484 0.937905 0.523283 0.377024 0.202372 0.217076 0.312178 -0.065128 0.005693 
4.286222 1.641393 1.271781 1.469068 1.176029 0.496004 0.645891 0.195437 0.118591 0.525207 -0.023496 -0.011284 
