3.129837 0.616940 0.134960 -0.372923 2.951576 0.127258 2.406169 -0.239232 -0.305947 0.015517 0.156794 0.241247 
3.575693 0.787249 -0.532929 -1.088094 2.932125 0.412001 2.749030 0.217480 -0.215009 -0.067285 -0.082621 0.189352 
3.375455 1.157058 -0.554411 -1.053988 2.259040 0.681849 2.673091 0.403947 -0.178535 -0.240103 -0.210029 0.115146 
3.743065 1.207939 -0.512557 -1.757124 2.157178 0.915407 2.234350 -0.041264 -0.037603 -0.285447 -0.269170 0.094306 
3.868885 1.761776 -0.368999 -2.282002 2.410243 0.999188 2.274368 -0.382075 0.402492 -0.557921 -0.262406 0.095092 
3.973287 2.046391 -0.170172 -2.302179 1.722632 1.217831 2.190906 -0.174881 0.239123 -0.814593 -0.263791 0.051100 
4.373622 2.224395 -0.367279 -2.660033 1.178832 1.123334 2.227480 -0.176391 0.246380 -0.988388 -0.300914 0.004852 
4.395738 2.306047 -0.745537 -2.484213 0.700653 1.621676 2.322206 0.240674 -0.272175 -0.825286 -0.414459 -0.056745 
4.249117 2.485229 -1.109888 -1.922822 -0.051207 1.342600 2.338040 -0.049269 -0.104190 -1.011805 -0.380388 -0.099518 
4.553348 2.221874 -1.027437 -1.561768 0.467034 1.187619 2.332450 0.026576 -0.327636 -0.802517 -0.420938 -0.088157 
3.949140 1.880471 -0.421643 -1.122685 0.254422 1.145956 1.681408 0.361374 -0.393116 -0.833163 -0.388745 -0.103602 
4.407474 2.500515 -0.459807 -1.605102 0.122181 0.675091 1.819915 0.161342 -0.299374 -0.779511 -0.367743 -0.081435 
5.121138 2.898090 -0.780694 -1.702712 0.451413 0.878013 2.266408 0.053848 -0.355779 -0.679615 -0.410951 -0.060144 
5.326938 2.925606 -1.052364 -1.826974 0.606756 0.743530 2.038702 -0.068267 -0.168324 -0.761938 -0.345483 -0.055032 
4.410821 2.288460 -0.476129 -1.320114 0.096366 1.074645 1.556888 0.290498 -0.452533 -0.694955 -0.313682 -0.058617 
5.418762 2.499975 -1.082218 -1.526431 0.289445 1.342476 1.395047 0.161492 -0.276075 -0.795782 -0.313834 -0.054051 
5.447949 2.431936 -0.924146 -1.609130 0.309336 1.125406 1.287772 0.268576 -0.426128 -0.702699 -0.268751 -0.025690 
5.721990 2.509183 -1.091595 -1.461735 0.104932 0.444160 1.239183 0.219161 -0.334687 -0.709721 -0.247110 -0.013665 
5.155320 2.441786 -0.729857 -1.321368 -0.318457 0.764513 0.870332 0.127570 -0.549802 -0.726662 -0.193366 -0.014486 
6.596080 2.387348 -1.522516 -0.933677 0.396137 -0.324757 0.958758 -0.206277 -0.446790 -0.687919 -0.238463 0.004251 
5.587722 2.328940 -0.646676 -1.038828 -0.072154 -0.065987 0.638069 -0.093074 -0.571989 -0.745109 -0.199234 -0.008006 
5.826552 2.543296 -0.889238 -1.090112 0.256236 -0.124531 0.317885 -0.262490 -0.563298 -0.789450 -0.236019 -0.013445 
5.609170 2.551716 -0.689859 -1.110320 0.357696 -0.281329 0.318626 -0.148122 -0.785832 -0.926677 -0.277137 -0.001989 
6.219784 2.614889 -1.057589 -1.451055 1.073742 -0.901105 0.212383 0.143198 -1.206141 -0.740414 -0.433525 0.018760 
6.275918 2.540505 -0.983590 -1.938042 1.378849 -0.900593 -0.075030 -0.062445 -1.146532 -0.705786 -0.423387 0.004730 
7.084654 2.312740 -1.228971 -2.454805 2.143981 -1.350393 -0.277228 -0.117025 -1.253978 -0.405335 -0.528494 0.002980 
6.002543 2.480290 -1.283898 -1.887537 0.781328 -0.814227 -0.114237 -0.420753 -0.831022 -0.756995 -0.311959 0.013007 
5.910361 2.454783 -1.203489 -1.864587 0.354589 -0.483707 -0.206655 -0.589806 -0.668128 -0.854233 -0.270148 -0.003796 
6.369452 2.455773 -1.276568 -2.728219 1.248423 -1.181452 0.014231 -0.610459 -0.864911 -0.575138 -0.449225 -0.010086 
6.049896 2.511563 -1.177988 -2.681504 0.919729 -1.066056 0.098025 -0.802576 -0.766939 -0.758989 -0.423950 -0.006224 
5.657897 2.350856 -0.809147 -2.129058 0.130319 -1.017770 -0.020838 -0.332887 -1.008027 -0.905308 -0.404401 -0.012174 
4.869998 2.222734 -0.314435 -1.843598 -0.153017 -0.508443 0.040121 -0.283402 -1.126396 -0.924459 -0.307619 -0.008114 
4.264394 1.914471 0.079404 -1.187939 -0.660724 -0.175547 0.355413 -0.280360 -1.142160 -1.086582 -0.298377 -0.011401 
5.372464 2.199202 -0.116708 -1.737558 0.185677 -0.700498 0.618136 -0.025456 -1.424211 -1.076309 -0.519161 -0.035193 
5.127475 2.042219 0.041783 -1.544310 0.247910 0.104929 0.632997 0.078416 -1.445554 -1.097667 -0.559375 -0.077744 
4.750354 2.005138 0.170866 -1.189461 -0.078611 0.031415 0.968933 -0.080592 -1.494911 -1.111100 -0.558614 -0.076439 
3.944871 1.815867 0.269088 -1.062063 -0.022173 0.548412 0.480424 -0.117537 -1.387430 -1.123894 -0.483096 -0.067038 
5.056735 1.906135 0.217534 -1.840404 0.515192 -0.473658 0.935515 -0.100308 -1.761899 -1.026783 -0.567360 -0.058382 
3.611854 1.705582 0.084499 -1.085454 -0.203939 0.022153 0.454093 -0.231429 -1.521296 -1.140627 -0.382865 -0.058355 
4.461173 2.248285 -0.227199 -1.447143 0.031128 -0.483220 0.533023 -0.179446 -1.588984 -1.292186 -0.453967 -0.036882 
4.507559 2.023248 -0.283888 -1.742620 -0.095093 -0.603140 0.466281 -0.274148 -1.574432 -1.239526 -0.443476 -0.039178 
5.090145 1.878108 -0.154428 -1.764183 0.616665 -1.196461 0.622749 -0.546824 -1.569570 -1.133953 -0.496715 0.009595 
3.394666 1.587003 0.395189 -0.377302 0.147176 0.376078 0.448380 -0.610435 -1.423194 -0.960449 -0.309734 -0.032920 
4.276109 2.715006 0.420823 -1.135148 0.049315 -0.059742 1.226039 -0.846218 -1.601694 -0.674056 -0.407176 -0.011145 
4.540595 2.125479 0.965547 -0.779688 1.016265 0.001504 0.709976 -0.235666 -1.725817 -0.787613 -0.269910 -0.012285 
4.477931 2.441614 0.978802 -0.611925 0.703335 0.004000 1.385565 -0.219136 -1.889447 -0.689691 -0.357232 -0.023034 
5.071631 2.104537 1.350347 -0.931905 1.285502 -1.078908 1.581114 -0.289082 -2.045909 -0.678925 -0.431902 0.015758 
4.703054 2.312307 0.897689 -0.750406 1.444060 -1.250594 1.593499 -0.440857 -1.770878 -0.753630 -0.489365 0.025897 
4.094440 2.315887 1.204710 -0.653308 1.522163 -0.878922 1.321272 -0.555052 -1.464512 -0.773646 -0.400254 0.002838 
4.102097 2.739593 0.645188 -0.380586 2.221525 -1.675164 1.131288 -0.223294 -1.357555 -0.931466 -0.472419 0.037044 
4.673590 3.267531 0.773135 -0.647610 3.527921 -2.446480 1.377722 -0.431419 -1.482017 -1.056845 -0.784062 0.130901 
4.342292 3.079727 1.146457 -0.416336 2.917698 -1.752434 1.749428 -0.425334 -1.443193 -0.860002 -0.561819 0.104060 
4.078975 3.320610 0.868556 0.017747 2.100467 -0.964186 2.027201 -0.527165 -1.481165 -0.763343 -0.452503 0.062657 
4.182228 3.580921 0.967708 -0.344082 3.482995 -1.197900 2.128191 -0.346423 -1.514917 -0.875571 -0.570999 0.111107 
3.943326 3.278650 1.090948 -0.091981 2.982554 -0.626514 2.145869 -0.201659 -1.408019 -0.752695 -0.454319 0.071563 
4.410481 3.599931 1.694156 -0.432351 4.391583 -1.441531 2.225048 -0.009394 -1.582843 -0.892888 -0.607221 0.146443 
3.699010 3.608924 1.772383 -0.044152 2.662465 -0.721239 2.489653 -0.139745 -1.430994 -0.564264 -0.393972 0.050017 
3.759106 3.421033 1.767370 0.283052 2.922371 -0.223649 1.919432 -0.260043 -1.371057 -0.375993 -0.316646 0.043822 
3.811944 3.541807 1.915286 0.464893 3.177881 -0.377470 2.052147 -0.279187 -1.514365 -0.472601 -0.263838 0.060291 
4.147518 4.042128 1.816601 0.572828 3.985057 -1.162351 2.280239 -0.132000 -1.617978 -0.777741 -0.370922 0.118734 
3.712927 3.383672 1.902342 0.951598 2.041889 0.101924 1.519633 -0.387812 -0.900756 -0.466916 -0.038496 0.008850 
3.614839 3.328752 2.020888 0.829496 2.451681 -0.030602 1.466011 -0.291414 -0.992768 -0.147260 -0.088070 0.019098 
3.339039 3.067599 2.167568 1.369461 2.281283 0.105560 1.121912 -0.411278 -0.624116 0.092654 -0.093124 -0.011676 
3.557307 4.071150 2.097257 0.580031 2.527029 0.179022 2.523807 -0.143476 -1.351869 -0.147775 -0.229404 0.039575 
3.477407 3.689928 1.771092 0.503679 2.101823 0.358474 2.451653 0.302002 -0.965059 -0.113022 -0.192894 0.013368 
3.788780 3.344906 1.940674 0.315056 2.240592 0.228945 2.820737 0.792691 -1.466496 -0.335561 -0.171740 0.015568 
3.226313 2.547294 1.587884 0.560041 2.068312 1.017486 2.156675 0.604852 -1.079428 -0.164330 -0.220929 -0.023224 
3.616201 2.642763 2.024752 0.370779 2.098954 1.025058 2.511301 0.843031 -1.554120 -0.287392 -0.159060 -0.026362 
3.666288 2.867380 1.829918 0.139734 1.624956 1.109949 2.366096 0.974161 -1.812824 -0.084024 -0.219703 -0.035634 
4.006328 2.927439 1.523583 0.237038 1.955436 0.964784 2.489092 1.030476 -1.711400 -0.229796 -0.235573 0.002984 
4.307254 2.713736 1.301293 -0.017756 1.564544 1.348532 2.026948 1.231966 -1.771154 0.020267 -0.149135 0.003469 
3.983832 2.369506 0.787221 0.084821 1.361211 1.915306 1.275295 0.682520 -0.818996 -0.142496 0.079323 0.035719 
4.523524 2.407206 0.211332 0.113257 1.346286 1.642388 1.945330 0.153075 -0.494961 -0.049586 0.097392 0.061612 
4.889645 2.621600 0.016964 -0.658406 1.295525 1.655989 1.953653 0.469488 -0.325940 -0.014130 0.024498 0.048911 
5.200014 2.785468 0.207907 -1.309520 1.786306 1.382203 1.797012 0.697501 -0.330751 0.014992 0.064779 0.075583 
4.192083 2.889988 0.490163 -0.504687 0.653870 1.387092 2.097134 0.760866 -0.276705 -0.095489 0.062359 0.038328 
3.994599 2.820015 0.819739 -0.426750 0.715661 1.230606 2.146353 1.084546 -0.270135 -0.187518 0.137557 0.025372 
4.378399 2.814164 0.934952 -0.754689 1.201045 1.340920 2.079065 1.326358 -0.464087 -0.116725 0.116583 0.046949 
4.685157 3.325052 1.148174 -1.058276 0.947444 1.613140 2.290565 1.325315 -0.721726 0.172823 -0.087263 0.034554 
3.467057 2.618828 1.295645 0.369165 0.808981 1.549007 1.894465 1.086799 0.005291 -0.169017 0.084462 -0.031160 
3.484669 2.453887 1.082743 0.370469 1.252920 1.697734 1.975711 1.149681 0.222980 0.000971 -0.067830 -0.040775 
4.540962 3.225561 0.999593 -0.557300 1.652260 1.614527 2.235881 1.589305 -0.246017 0.053213 -0.145121 -0.012039 
4.466223 3.128794 1.730045 -0.826157 1.426222 2.008274 2.177558 1.972668 -0.444270 -0.030956 -0.187749 -0.062210 
3.365638 2.236038 1.276956 0.352339 1.587707 2.141261 2.204307 1.630443 0.085423 -0.327005 -0.143784 -0.034553 
3.879781 2.824593 1.405519 -0.052362 1.830470 2.374311 2.472851 1.696786 -0.392915 -0.093948 -0.261169 -0.030752 
