2.545938 1.987624 1.719368 1.556211 1.427586 1.055241 0.852349 0.831295 0.633725 0.435555 0.190873 0.080001 
2.585644 1.988088 1.754285 1.642013 1.493095 1.218004 0.941306 0.814450 0.562346 0.428884 0.275605 0.080410 
2.488835 1.974174 1.839151 1.516194 1.463827 1.134514 0.890545 0.790396 0.588025 0.427375 0.204614 0.080049 
2.532323 1.965082 1.813810 1.514354 1.466387 1.001215 1.002728 0.747763 0.547492 0.254721 0.178307 0.080772 
2.607425 1.814824 1.619319 1.600185 1.576784 1.293437 0.925691 0.766223 0.581717 0.277550 0.174814 0.080695 
2.525477 1.862943 1.563784 1.626742 1.476339 1.166888 0.815171 0.676419 0.608593 0.249065 0.258354 0.079517 
2.470719 1.843848 1.615849 1.632835 1.297081 0.943511 0.947389 0.786773 0.477646 0.231819 0.249839 0.082238 
2.569188 1.877493 1.674860 1.628941 1.441680 1.227304 0.997147 0.717470 0.612977 0.261131 0.180286 0.080284 
2.558200 1.962907 1.553626 1.642902 1.507352 1.224385 1.109827 0.747385 0.420006 0.240790 0.241202 0.081802 
2.599221 1.885147 1.705248 1.408133 1.409401 1.230035 0.911004 0.809392 0.582204 0.247137 0.153787 0.080454 
2.494545 1.954898 1.713444 1.639138 1.310911 1.200245 0.956982 0.780453 0.672560 0.250812 0.186838 0.081020 
2.548487 1.865759 1.563850 1.593045 1.283261 1.206834 1.065015 0.693540 0.614265 0.374125 0.137756 0.080358 
2.539882 1.825858 1.593411 1.709611 1.492520 1.249098 0.808568 0.744174 0.672276 0.347174 0.192650 0.079586 
2.596669 1.982682 1.632090 1.360174 1.405619 1.241905 1.125683 0.710105 0.562858 0.243513 0.136335 0.080098 
2.582312 2.014397 1.566270 1.461668 1.440127 1.198206 0.900415 0.815368 0.505385 0.220750 0.201746 0.080054 
2.593563 1.899955 1.492757 1.577139 1.387644 1.319348 1.167677 0.671811 0.547135 0.266299 0.186631 0.081297 
2.561840 1.974902 1.286153 0.714699 1.767470 1.533671 1.441598 0.672880 0.272441 0.348679 0.001836 0.092358 
2.235531 1.913803 1.155959 0.511341 2.599970 1.369354 1.387489 0.781871 -0.286546 0.588176 0.018094 0.115980 
2.228814 1.867572 0.995882 0.135401 2.744329 1.911299 1.553698 1.016256 -0.582662 0.368599 -0.053518 0.134375 
1.890348 1.701403 0.941908 0.237581 3.241978 1.769379 1.403344 0.845979 -0.621437 0.208039 0.043466 0.155941 
1.753143 2.373847 0.217298 -0.225902 3.569484 1.554585 1.467001 1.075537 -0.618551 0.547511 0.194803 0.126939 
1.488036 1.792094 0.397708 0.415763 3.841152 1.700898 1.307044 1.104138 -0.611010 0.493276 0.193871 0.140102 
1.658649 2.014806 0.166403 -0.509300 3.218578 1.726101 1.675221 1.726036 -0.376411 0.258605 -0.017059 0.104734 
1.594475 1.900189 0.156599 -0.616315 3.403744 1.896081 1.578227 1.630515 -0.151290 0.258922 0.070084 0.086632 
1.818815 1.905860 0.632238 -0.580974 2.715970 1.719486 1.849244 1.827139 -0.280279 0.026280 0.013997 0.087023 
1.922743 1.527070 0.693988 -0.235883 2.644528 1.756958 1.822341 1.433337 0.048104 0.122203 -0.003267 0.106028 
2.374981 1.490729 1.299768 -0.365857 2.578108 1.253967 1.444520 1.753213 0.154627 0.363631 -0.059913 0.057320 
2.613970 2.259956 1.087721 -0.398206 1.767236 1.393529 1.762602 1.435950 0.567699 0.244199 -0.007923 0.053205 
2.611694 1.727574 0.684690 0.316144 1.832446 1.072288 1.596376 1.024044 0.334916 0.427674 -0.001980 0.082927 
3.126611 1.988789 0.743933 0.035490 1.441940 0.936916 1.307609 0.648060 0.719945 0.425895 0.199286 0.079061 
3.417395 2.424627 -0.048632 0.018253 1.372448 0.241192 1.031824 0.463656 0.784270 0.915648 0.357560 0.109144 
3.750585 2.483969 0.264198 0.206899 1.433722 0.096042 0.276445 0.088206 0.815290 0.948387 0.495281 0.126836 
3.665502 2.328863 0.594709 0.832106 0.930879 0.090025 -0.205697 -0.206559 0.956159 0.942798 0.597421 0.131686 
3.850999 2.505675 0.341371 0.688308 1.000941 -0.089172 -0.586464 -0.481230 0.972318 0.944979 0.560575 0.125066 
3.805852 2.470825 0.620197 -0.072431 0.743988 0.239092 -0.090803 -0.318599 0.576625 0.747564 0.448417 0.133840 
5.005419 3.292197 -0.458521 1.220794 1.620725 -0.305652 -0.462235 -1.036429 0.899837 0.629922 0.547638 0.085839 
4.546935 3.050268 0.459468 0.955385 1.245999 -0.044480 -0.281141 -0.809294 0.422275 0.405841 0.276076 0.065411 
4.550515 3.041545 0.983231 0.999283 1.446553 0.009753 -0.040087 -0.790221 0.154449 0.153907 0.063968 0.027158 
3.990841 2.863391 1.276345 0.975593 1.201758 0.317401 0.114085 -0.486084 -0.320868 -0.075146 0.028209 0.038050 
4.894965 3.165414 1.049136 1.022669 1.730677 0.242540 -0.122193 -0.531845 -0.184861 -0.287942 -0.060026 0.002680 
4.849965 3.249850 1.162640 0.889504 1.403244 0.614522 -0.100086 -0.456762 -0.366870 -0.447506 -0.069114 0.008770 
5.005509 3.127145 1.135372 0.846442 1.313259 1.186927 -0.071766 -0.473391 -0.512521 -0.605449 -0.092386 0.017656 
4.503591 2.887420 1.366891 1.152653 1.432414 1.138892 0.022493 -0.712355 -0.682262 -0.480624 -0.017694 0.035007 
4.586339 3.030348 1.377623 0.797010 1.517582 1.199870 0.183459 -0.391575 -0.759895 -0.771569 -0.063507 0.035214 
4.190556 2.813943 1.306743 1.093143 1.751636 1.376424 0.184794 -0.597139 -0.758852 -0.497628 -0.133764 0.007887 
3.839201 2.372132 1.310340 1.460552 2.123204 1.548983 0.072792 -0.728186 -0.748660 -0.493904 -0.132470 0.004382 
4.053801 2.563716 1.237622 1.261244 2.009518 1.549410 0.087444 -0.846758 -0.605983 -0.282460 -0.167229 -0.012822 
5.057832 2.592363 0.675337 0.933598 2.874694 2.346349 -0.253674 -1.298496 -0.350619 -0.355687 -0.059801 -0.047647 
4.148912 2.493497 1.020323 1.391785 2.686304 2.018757 -0.273216 -0.978866 -0.560826 -0.237103 -0.141456 -0.034589 
3.551715 2.212859 1.544945 1.920293 2.708881 1.743497 -0.473623 -1.031624 -0.454096 -0.148400 -0.160292 -0.037405 
3.608616 2.266024 1.712530 2.110101 2.428431 1.246225 -0.558800 -0.855705 -0.224880 -0.056881 -0.230009 -0.053523 
3.830724 2.395604 1.211822 1.851531 2.621915 1.605363 -0.290289 -1.056746 -0.378840 -0.016438 -0.184938 -0.047381 
4.369879 2.250865 1.304709 2.047401 3.359172 2.054375 -1.093168 -1.400397 0.116392 -0.095149 -0.089500 -0.105769 
3.963584 2.485052 1.458225 2.032477 3.257600 1.607446 -0.879188 -1.148746 -0.001040 0.097130 -0.180337 -0.104279 
3.419820 2.319744 2.049890 2.633403 2.663998 0.999092 -0.734946 -0.881066 -0.064765 0.126884 -0.198300 -0.066676 
3.397204 2.500447 1.807134 1.744821 2.209452 1.171375 -0.496593 -0.926509 -0.088910 0.209790 -0.223690 -0.025033 
3.680292 2.243064 1.997614 2.624245 3.002065 1.028915 -0.817950 -1.078019 -0.019348 0.261370 -0.288674 -0.106469 
4.529891 2.326597 1.701670 2.229248 3.614320 1.046454 -1.183749 -0.900487 0.243674 -0.015995 -0.222497 -0.133237 
3.703790 2.204295 1.697091 2.585581 2.572115 0.712084 -0.444193 -0.530773 0.010173 0.002616 -0.371743 -0.081418 
3.964922 2.281413 1.669310 2.428557 2.768060 0.840325 -0.721221 -0.798957 0.084093 -0.021118 -0.252932 -0.090092 
3.926160 2.237909 2.198803 2.737424 2.587420 0.351676 -1.001910 -0.546291 0.090354 0.007420 -0.260202 -0.081451 
4.914105 2.018863 2.261340 2.938591 3.346963 0.384233 -1.072505 -1.242737 0.468902 0.033610 -0.254771 -0.112834 
4.153579 2.440672 1.924274 2.789606 2.479247 0.474057 -0.986992 -1.233037 0.226640 0.211362 -0.190476 -0.098850 
4.063005 2.482199 2.115196 2.455636 2.437151 0.256753 -1.298820 -1.007914 0.085791 0.115616 -0.161768 -0.072161 
5.391105 2.394681 1.639456 1.910686 3.880899 -0.294943 -1.382820 -1.009461 -0.008058 0.076315 -0.164038 -0.064327 
3.786801 2.583599 1.537717 1.267717 1.904188 0.297629 -0.653246 -0.847850 -0.117418 0.135510 -0.183245 -0.025590 
4.297609 2.502702 1.362217 1.458099 2.833418 0.191514 -0.899022 -1.288448 -0.158599 0.178799 -0.039971 -0.034092 
3.726649 2.313115 1.403422 1.491190 2.389555 0.260694 -0.997340 -1.204692 -0.107189 0.300575 -0.062600 -0.022809 
4.622175 2.342171 0.881904 0.828987 3.641050 -0.601683 -0.726401 -1.572712 0.175672 0.344586 -0.001300 0.016570 
3.417481 1.809634 0.964625 1.458991 1.740744 0.124391 -1.108543 -0.829534 0.108111 0.299726 0.151104 0.027705 
5.227244 2.344223 -0.370408 0.998505 4.824744 -0.764860 -0.683745 -1.636033 0.025129 0.343815 0.087785 0.111064 
4.232034 1.886935 0.264324 1.138094 2.864021 -0.059800 -0.726463 -0.872981 -0.178912 0.263451 0.332285 0.099341 
4.474586 2.030905 -0.153029 0.977616 3.271612 -0.548135 -0.060570 -0.976259 -0.103603 0.455970 0.351227 0.159470 
3.715683 1.698912 0.260318 0.994317 2.277791 0.248848 0.005809 -0.851957 -0.035966 0.251700 0.490422 0.140943 
4.600133 1.774100 -0.018701 0.453960 3.537198 -0.601351 0.470563 -0.909081 -0.180675 0.303721 0.483682 0.282606 
3.975361 1.899799 -0.004600 0.610884 2.521078 0.145637 0.557933 -0.275096 -0.481027 0.124591 0.649130 0.253712 
3.262729 1.726031 0.392188 1.045727 1.791544 1.487643 0.666882 -0.136026 -0.172532 -0.175359 0.580672 0.157966 
3.554314 1.769423 0.485431 1.133102 1.800607 1.256027 0.693701 0.091818 -0.253904 -0.113680 0.628510 0.183008 
3.123734 1.894213 0.923640 0.991986 1.521534 1.248330 0.959185 0.178876 -0.135957 0.021320 0.503725 0.133543 
2.981825 1.956503 1.377395 1.268176 1.515296 1.281467 0.625500 0.034966 -0.047417 0.207703 0.412971 0.103585 
3.003783 2.023932 1.391311 1.232973 1.536442 1.260258 0.684100 0.170990 0.301286 0.299918 0.383501 0.095871 
2.831995 1.779777 1.429631 1.340118 1.482624 1.240092 0.638051 0.339053 0.478010 0.473503 0.388161 0.086514 
2.846650 2.030655 1.449277 1.394863 1.423322 1.008263 0.527873 0.437023 0.710098 0.499949 0.260089 0.078254 
2.740942 1.968713 1.593523 1.443669 1.387006 0.977127 0.714515 0.665011 0.667231 0.460855 0.296703 0.079686 
2.890238 1.922288 1.462619 1.449917 1.766010 1.436946 0.652326 0.329881 0.742101 0.379189 0.385083 0.084643 
