2.580253 2.051511 1.811636 1.650368 1.448638 1.256338 0.972478 0.765023 0.624501 0.365479 0.183154 0.079377 
2.636614 2.089197 1.796508 1.684004 1.453757 1.321840 1.134243 0.926763 0.684029 0.411177 0.236105 0.081079 
2.557984 2.089478 1.815454 1.586614 1.349548 1.103307 1.018510 0.775954 0.660245 0.415487 0.210993 0.080639 
2.538433 2.024616 1.746758 1.472745 1.283632 1.135243 0.962089 0.727904 0.559948 0.351671 0.210673 0.079766 
2.566921 2.027925 1.779480 1.538165 1.385090 1.268600 0.942927 0.824263 0.592492 0.406104 0.250897 0.079917 
2.556109 2.032052 1.743940 1.571775 1.360641 1.167416 0.922541 0.786455 0.547339 0.376937 0.227679 0.080316 
2.581637 2.018578 1.709506 1.552261 1.433005 1.317274 1.012809 0.752325 0.496914 0.300600 0.207217 0.080214 
2.577071 2.067502 1.753405 1.581453 1.302539 1.147082 0.998227 0.721227 0.536142 0.422292 0.200860 0.079369 
2.692141 2.082798 1.827164 1.401222 1.359076 1.027220 0.995511 0.643025 0.519104 0.308412 0.176112 0.079154 
2.728348 2.287982 1.997882 1.757819 1.459859 1.249574 1.036318 0.805948 0.659835 0.377065 0.139288 0.076738 
2.757453 2.374267 2.036711 1.831419 1.496228 1.294152 1.012051 0.584769 0.421166 0.201340 0.096020 0.065340 
3.206156 2.850685 2.703446 2.523959 2.125854 1.677043 1.100829 0.562374 0.261321 0.034735 -0.082145 0.014749 
3.086745 2.749669 2.479525 2.176156 1.897358 1.330902 0.841376 0.372654 0.038729 -0.043260 -0.125767 0.005623 
3.507360 3.498666 3.046902 2.703036 2.249940 1.540412 0.627055 0.466618 0.242247 -0.106797 -0.028079 -0.017033 
3.167501 3.043717 2.717397 2.461927 2.041018 1.517605 0.833831 0.411676 -0.007719 -0.114938 -0.098895 -0.011952 
3.235716 3.016771 2.719901 2.357751 1.897031 1.288312 0.709704 0.189435 -0.018537 -0.277688 -0.099238 -0.019972 
3.212920 3.074913 2.701927 2.424212 1.911666 1.314655 0.632063 0.210976 -0.131660 -0.240170 -0.187466 -0.029386 
3.713431 4.007516 3.066814 3.004632 2.366843 1.495220 0.337440 -0.248258 -0.024271 -0.545466 0.040846 -0.066216 
3.107442 2.848438 2.418816 2.109946 1.614741 0.990763 0.559530 0.102558 -0.092473 -0.312049 -0.253028 -0.022567 
3.311106 3.129254 2.705049 2.456125 1.889038 1.124262 0.617808 0.067147 -0.183012 -0.291508 -0.242790 -0.045680 
3.617926 3.804073 3.223541 2.765290 2.371143 1.390170 0.239980 -0.250451 -0.086835 -0.562494 -0.044040 -0.076112 
3.306419 3.025803 2.568854 2.114050 1.737745 1.028219 0.573884 0.030887 -0.153449 -0.309484 -0.320682 -0.048496 
3.324270 2.867748 2.618737 2.112007 1.821577 1.020118 0.419742 0.106026 -0.311592 -0.285663 -0.324110 -0.052814 
4.179180 4.114829 3.142980 2.389645 2.489207 1.054905 0.117303 -0.160424 -0.679094 -0.150492 -0.229336 -0.074446 
3.289384 2.933367 2.546405 1.991808 1.480509 0.879005 0.430155 0.085156 -0.226691 -0.388575 -0.348947 -0.060091 
3.489033 3.219175 2.743326 2.189878 1.586257 0.936026 0.460936 0.011517 -0.240788 -0.336138 -0.313591 -0.065056 
3.478649 3.093079 2.659061 2.184232 1.638557 1.101763 0.372114 -0.033464 -0.343241 -0.379119 -0.270455 -0.059395 
3.577580 3.286107 2.791011 2.187504 1.752520 1.116154 0.423750 -0.068737 -0.332090 -0.406475 -0.230200 -0.062378 
3.384036 3.030768 2.555506 1.980094 1.466850 0.940653 0.475754 0.102035 -0.184511 -0.387954 -0.337834 -0.053075 
3.504748 3.192398 2.805678 2.238643 1.630718 0.964692 0.255474 -0.090923 -0.290524 -0.368344 -0.266863 -0.059478 
3.502668 3.159966 2.726365 2.220687 1.666703 1.096975 0.339358 0.005772 -0.361455 -0.325863 -0.291748 -0.062963 
3.579658 3.164065 2.760187 2.134851 1.731323 1.020687 0.430998 -0.093614 -0.331639 -0.373787 -0.284520 -0.066901 
4.054530 3.699769 2.923719 2.183270 2.147942 1.369142 0.226196 -0.461020 -0.422594 -0.339069 -0.216630 -0.073899 
3.465066 3.038587 2.537633 2.322195 1.799592 1.157145 0.365018 -0.248835 -0.388715 -0.294965 -0.348872 -0.071807 
3.409329 2.919749 2.515693 2.086070 1.708715 0.895149 0.236190 -0.258522 -0.338716 -0.322743 -0.384936 -0.076255 
4.186805 3.464364 2.630759 2.483920 2.509901 1.316353 0.107731 -0.849930 -0.601247 -0.091763 -0.239271 -0.087760 
3.574178 3.051811 2.474530 2.117649 2.054582 1.368138 0.291829 -0.483058 -0.645999 -0.379134 -0.242302 -0.072738 
4.622358 4.201329 2.682787 2.377156 3.223642 1.809837 0.123477 -1.463354 -0.737435 -0.021645 -0.144323 -0.067865 
3.170048 2.629391 2.240236 1.933786 1.497447 0.804093 0.080791 -0.342185 -0.380905 -0.393369 -0.356007 -0.060956 
3.829292 3.258960 2.481953 2.165394 1.747388 1.214556 0.170731 -0.630715 -0.443697 -0.314424 -0.256240 -0.071653 
3.241415 2.815554 2.426079 2.094229 1.684202 1.029654 0.222629 -0.286410 -0.459624 -0.383656 -0.327738 -0.058965 
5.049414 4.301471 2.591782 1.938876 3.318652 1.791623 -0.487814 -1.443329 -0.827829 0.124998 -0.099773 -0.068667 
3.246128 2.735446 2.316378 1.882434 1.406208 0.711954 0.122752 -0.229421 -0.380896 -0.375032 -0.340094 -0.056459 
3.951712 3.398942 2.631995 1.928096 1.847852 1.172470 0.126967 -0.521820 -0.586648 -0.336398 -0.224951 -0.067605 
3.467805 2.927007 2.545288 2.236440 1.843607 1.044361 -0.137858 -0.491546 -0.587902 -0.278611 -0.259833 -0.071442 
6.111321 5.145544 2.766152 1.302231 2.970316 1.796516 -0.695425 -2.550739 -0.621055 -0.080187 0.106966 0.000017 
3.504373 2.968676 2.401724 1.850915 1.434248 0.858109 0.250271 -0.302895 -0.510189 -0.369772 -0.294088 -0.062265 
5.401674 3.793196 2.736491 2.018203 2.406485 1.122467 -0.153197 -1.616645 -0.641627 0.257319 -0.151786 -0.076590 
3.877448 3.256198 2.884703 2.649541 2.393576 1.140106 -0.192682 -0.765103 -0.546963 -0.148254 -0.207619 -0.082989 
3.675540 3.117412 2.672329 2.280552 1.915738 1.171000 -0.040327 -0.543567 -0.538429 -0.256007 -0.222192 -0.065718 
3.779501 3.205777 2.487651 2.117125 1.785617 1.190332 0.147446 -0.588699 -0.489672 -0.222129 -0.243175 -0.060589 
3.605185 3.085152 2.593748 2.320336 2.123331 1.064635 0.008760 -0.483377 -0.494919 -0.233999 -0.235106 -0.066536 
4.188371 3.598462 3.123146 3.016589 2.447396 1.548753 -0.400491 -1.169054 -0.367490 -0.000215 -0.236905 -0.096738 
3.271859 2.737807 2.338793 1.995214 1.536616 0.881327 0.118180 -0.330306 -0.386442 -0.332518 -0.337388 -0.056526 
4.164707 3.384218 2.685958 2.484840 2.149117 1.024470 -0.309109 -0.622385 -0.328072 -0.110844 -0.290391 -0.089763 
3.394590 2.955562 2.611100 2.185187 1.781847 0.945888 0.009003 -0.406001 -0.454364 -0.366199 -0.300358 -0.073950 
4.209067 3.499069 2.636683 2.449208 2.453762 1.348901 -0.382608 -0.921301 -0.484915 -0.069247 -0.253329 -0.096408 
3.397771 2.859875 2.448464 2.054276 1.596498 0.824366 0.079462 -0.224021 -0.315243 -0.322326 -0.393432 -0.073361 
3.607372 3.051576 2.568402 2.443815 2.070389 1.129049 -0.163039 -0.637237 -0.357551 -0.232921 -0.297416 -0.085397 
3.801852 3.153222 2.753445 2.621919 2.652117 1.325489 -0.419502 -0.948101 -0.311181 -0.040745 -0.270470 -0.102774 
3.364420 2.674994 2.279404 2.192072 1.879201 0.996745 -0.079784 -0.490092 -0.287702 -0.229401 -0.364764 -0.070101 
4.912376 3.530953 2.465506 2.221264 2.960420 1.713636 -0.787537 -1.469150 -0.203353 0.273715 -0.140103 -0.112040 
3.379936 2.777407 2.511649 2.495845 2.383553 1.399589 -0.098902 -0.592860 -0.401124 -0.183105 -0.205143 -0.063083 
3.530664 2.854088 2.409167 2.494287 2.446993 1.411456 0.027168 -0.717323 -0.364933 -0.035849 -0.228891 -0.061714 
3.309017 2.687432 2.456679 2.271536 1.796153 1.082147 0.167113 -0.183028 -0.155123 -0.177629 -0.311111 -0.035022 
3.765014 3.079753 2.780313 2.753226 2.690468 1.371376 -0.251733 -0.850368 -0.214101 0.034679 -0.171437 -0.071267 
3.492673 2.947914 2.565716 2.781529 2.701963 1.500651 -0.156844 -0.833669 -0.420595 0.045213 -0.119251 -0.063061 
3.301088 2.753020 2.281700 2.075157 1.838220 1.066004 0.178255 -0.344467 -0.337986 -0.173189 -0.148614 -0.011121 
3.953904 3.301290 2.777335 2.936451 2.907689 1.336752 -0.453026 -1.126795 -0.438877 0.241963 -0.051068 -0.057949 
3.310020 2.720466 2.389710 2.322048 2.135896 1.181176 -0.061442 -0.697969 -0.329885 -0.031700 -0.046200 -0.016318 
3.260635 2.757818 2.494464 2.384412 2.092963 1.085917 -0.124075 -0.495308 -0.299175 0.035520 0.023042 -0.005002 
3.492816 2.721858 2.211786 1.924411 1.947600 1.341782 0.091342 -0.338373 -0.160332 0.210589 0.141903 0.038698 
3.254572 2.534363 2.312131 2.313493 1.878192 1.022297 0.162794 -0.046421 0.155210 0.276482 0.113569 0.038717 
2.982957 2.471738 2.192806 1.984220 1.692981 1.235127 0.776692 0.413736 0.191282 0.144594 0.081236 0.050700 
2.826764 2.340136 2.093828 1.768141 1.459042 1.142463 0.714022 0.472332 0.312062 0.204581 0.066013 0.062272 
2.737932 2.188035 1.835237 1.629044 1.340107 1.109133 0.830375 0.566381 0.381465 0.249201 0.124791 0.074163 
2.646545 2.040599 1.746063 1.565305 1.349836 1.045467 0.729955 0.496525 0.414273 0.299331 0.184165 0.078785 
2.592473 2.049652 1.836836 1.670563 1.410532 1.100456 0.885624 0.665296 0.615245 0.363054 0.185828 0.079895 
2.667643 2.154077 1.829670 1.672601 1.458793 1.344932 1.088541 0.819621 0.513995 0.307234 0.204211 0.079468 
2.621519 2.146370 1.854802 1.707050 1.406197 1.148546 0.884425 0.710011 0.500858 0.345849 0.231910 0.078748 
2.575377 2.026724 1.783730 1.593529 1.262427 1.074181 0.862254 0.741045 0.487070 0.352513 0.195814 0.079707 
2.633473 2.075824 1.807878 1.758926 1.614681 1.486580 1.112615 0.823914 0.667450 0.435809 0.252180 0.083010 
2.619154 2.078202 1.772850 1.555463 1.337331 1.138949 0.882423 0.681277 0.603727 0.386425 0.228758 0.080428 
2.606846 2.010384 1.734980 1.545511 1.334598 1.188329 0.935805 0.733624 0.525057 0.416176 0.229124 0.080056 
2.601189 2.002745 1.726840 1.630627 1.416286 1.225202 0.882604 0.746933 0.583185 0.415112 0.196341 0.079036 
