2.662518 2.064471 1.693029 1.400971 1.213473 0.991437 0.896940 0.747906 0.762951 0.461686 0.229551 0.080478 
2.661096 2.020716 1.569219 1.309025 1.100223 1.123775 1.120926 0.695950 0.784087 0.533249 0.293226 0.079264 
2.653033 2.010328 1.557158 1.238633 1.005171 0.958781 0.988829 0.758571 0.650674 0.444591 0.288705 0.080907 
2.693687 2.103986 1.735072 1.426015 1.070780 0.861877 0.686792 0.609667 0.582742 0.436277 0.215804 0.082534 
2.597068 2.070916 1.890417 1.399394 1.161388 1.143041 0.672848 0.604073 0.579370 0.471831 0.236260 0.082134 
2.657394 2.050099 1.773385 1.353675 0.967699 0.822649 0.424314 0.393349 0.439854 0.417478 0.280977 0.088691 
2.636679 2.059889 1.813589 1.448068 1.117019 0.933001 0.648369 0.664015 0.676612 0.453350 0.310286 0.083472 
2.566208 2.006143 1.788132 1.365399 1.103378 1.058573 0.922935 0.506973 0.595345 0.414375 0.249513 0.081029 
2.572460 2.031878 1.834361 1.434147 1.105643 1.088994 0.847690 0.635556 0.579292 0.342200 0.274706 0.080964 
2.646927 1.961466 1.660392 1.440494 1.084190 1.021012 0.899746 0.938487 0.633698 0.441595 0.269585 0.080397 
2.604514 2.067504 2.006865 1.571359 1.069457 0.962449 0.846390 0.805455 0.607115 0.373898 0.209925 0.081248 
2.584552 1.973279 1.727681 1.512287 1.178331 1.031801 0.904600 0.644951 0.584292 0.452745 0.234416 0.080185 
2.636778 1.990210 1.713167 1.339414 1.134349 1.197201 1.096800 0.897814 0.600058 0.547964 0.222593 0.078095 
2.644145 2.080104 1.761113 1.320120 1.102541 1.162591 1.044937 0.748514 0.522556 0.305399 0.182937 0.079061 
2.688831 2.090454 1.782175 1.345357 0.927923 0.858590 0.978044 0.849902 0.750004 0.411388 0.194608 0.079792 
2.692392 1.978986 1.710044 1.434197 1.153623 1.224313 1.153195 0.926738 0.549166 0.240532 0.149039 0.076976 
2.603639 1.925100 1.654727 1.430158 0.992637 1.097310 0.913901 0.663648 0.502744 0.462001 0.259126 0.081019 
2.595388 1.916911 1.758938 1.501831 1.170441 1.197101 1.147306 0.818715 0.569535 0.346073 0.157244 0.079280 
2.675689 1.921495 1.667991 1.361444 0.952662 0.855707 1.204007 1.162999 0.653619 0.458965 0.249858 0.076543 
2.683052 1.904274 1.627402 1.438748 0.974803 0.846173 1.168872 1.114030 0.733476 0.462943 0.242533 0.077826 
2.819362 2.017947 1.723835 1.523765 0.899638 0.771506 1.213919 0.976623 0.564785 0.449362 0.248498 0.079343 
2.735898 1.950790 1.900288 1.532892 0.920544 0.746240 1.103032 0.898404 0.502602 0.325699 0.243684 0.079830 
3.581630 2.952599 2.733880 2.227156 1.819637 1.347304 0.744698 0.072736 -0.307642 -0.098517 0.081487 0.012679 
3.725435 3.080035 2.918698 2.527269 1.507914 1.601436 0.788771 0.169342 -0.461775 -0.229276 0.101507 0.000700 
3.945111 3.712919 2.939247 2.671721 1.563798 1.447178 0.797708 -0.077972 -0.549620 -0.390845 0.099815 -0.018333 
4.047171 3.753582 2.851925 2.803791 2.272982 1.397558 0.312616 -0.532098 -0.506860 -0.522183 0.092908 -0.039041 
4.290151 4.543423 2.831393 2.440998 3.077384 1.971594 0.174311 -1.191810 -1.061819 -0.135753 -0.059859 -0.031209 
4.606505 4.560442 2.608321 1.840007 2.941826 1.846511 0.314687 -1.328021 -1.630481 0.228992 -0.196990 0.018614 
3.230980 2.753393 2.475060 1.916263 1.712779 1.008002 0.106467 -0.375061 -0.547430 -0.195489 -0.258797 -0.058968 
4.377297 3.542197 2.865443 2.275905 3.603142 1.482074 0.563520 -1.219143 -1.631959 0.087126 -0.062751 -0.049459 
4.207046 3.647124 2.495513 2.059085 3.306232 1.469684 0.580420 -1.056866 -1.582039 -0.016363 -0.100321 -0.034308 
4.252192 3.622626 2.488408 1.942597 3.331144 1.280075 0.432405 -1.101346 -1.524546 -0.042358 -0.132146 -0.045660 
3.299894 2.671047 2.213012 1.895041 1.745108 0.790658 -0.132703 -0.783879 -0.937241 -0.278330 -0.182760 -0.078697 
3.427537 2.803428 2.169136 1.984845 1.649353 0.850662 0.078894 -0.554070 -0.805380 -0.361389 -0.237906 -0.079702 
4.623251 3.844376 1.818026 1.137977 2.819368 1.408623 0.637527 -0.814243 -1.709880 -0.423735 -0.222246 -0.015325 
4.207166 3.418999 1.806475 1.162251 1.933301 1.334787 0.502530 -0.739751 -1.371481 -0.556816 -0.224587 -0.043948 
3.402687 2.731645 1.852642 1.437788 1.375481 0.867746 0.319542 -0.605487 -0.857492 -0.632191 -0.263975 -0.070795 
3.805834 2.886299 1.691388 1.407086 1.645732 1.200581 0.073951 -1.007414 -1.206588 -0.550181 -0.165969 -0.055025 
3.763127 2.824378 1.876563 1.399402 1.685044 1.014183 0.037191 -0.846900 -1.081934 -0.626642 -0.162635 -0.065518 
4.355727 3.632730 1.419340 0.906238 2.049375 1.558873 0.497231 -0.850688 -1.611485 -0.678828 -0.234210 -0.023068 
3.922446 2.964899 1.522553 0.934775 1.457017 1.240177 0.460510 -0.764076 -1.345498 -0.805507 -0.237974 -0.054540 
4.424456 3.516138 1.624530 0.771479 1.867699 1.318753 0.695300 -0.741532 -1.740260 -0.827669 -0.266726 -0.035069 
3.650130 2.634085 1.665865 1.134941 1.607232 0.993773 0.170489 -0.703059 -1.317815 -0.728541 -0.215105 -0.070254 
4.220837 3.300410 1.877622 0.791569 1.579203 1.374874 0.562751 -0.553721 -1.584338 -0.845533 -0.267595 -0.061740 
4.634601 3.964531 2.031141 0.342135 1.930773 1.208854 0.970920 -0.654357 -1.713766 -0.852623 -0.379829 -0.052721 
4.266961 3.529236 1.938542 0.915592 1.990965 1.388842 0.910228 -0.601602 -1.716819 -0.929821 -0.260299 -0.054411 
4.053670 3.174627 1.835702 1.503786 1.816748 1.478489 0.798796 -0.730671 -1.231516 -0.946955 -0.183033 -0.061751 
3.856881 2.988937 1.776146 1.198849 1.532710 1.332932 0.655501 -0.598998 -1.170000 -0.884809 -0.253785 -0.077674 
4.538635 3.487087 1.590746 0.753174 1.720598 1.541562 0.722648 -0.844566 -1.414236 -0.928264 -0.303088 -0.056892 
3.995359 3.022597 1.823722 1.338619 1.447498 1.343629 0.580985 -0.785906 -1.164959 -0.848721 -0.244321 -0.076953 
4.110137 3.219086 1.952959 1.054460 1.465851 1.305146 0.539139 -0.746166 -1.222634 -0.859322 -0.262300 -0.081305 
4.351377 3.346057 2.060394 1.148720 1.834230 1.309305 0.281299 -0.864532 -1.604999 -0.794555 -0.242677 -0.077310 
4.403508 3.458739 2.183743 1.753639 1.946890 1.350405 0.072267 -1.085998 -1.549240 -0.736002 -0.203722 -0.085443 
3.652872 3.012591 2.057827 1.479469 1.278738 0.720167 -0.064071 -0.719938 -1.007599 -0.669990 -0.281645 -0.113025 
4.064679 3.287687 2.092334 1.144515 1.425736 0.669874 -0.027884 -0.834190 -1.338868 -0.762133 -0.274926 -0.107052 
3.985590 3.370312 2.229525 1.185763 1.476343 0.725348 0.005110 -0.773376 -1.442520 -0.735651 -0.266968 -0.107898 
3.919939 3.358019 2.272434 1.089041 1.211598 0.628397 0.021712 -0.739127 -1.377880 -0.684181 -0.290749 -0.113425 
4.172836 3.480296 2.290935 1.125097 1.544504 0.691879 -0.337950 -0.685508 -1.766080 -0.767649 -0.275230 -0.117847 
3.981716 3.271905 2.396085 1.612282 1.661842 0.714136 -0.215676 -1.005622 -1.287884 -0.680444 -0.241589 -0.115000 
3.978797 3.251542 2.286257 1.462491 1.207373 0.693620 0.060575 -0.812401 -1.051528 -0.644996 -0.298868 -0.113300 
4.213191 3.269582 2.100903 1.407738 1.187071 0.828079 -0.028694 -0.942902 -1.200243 -0.743700 -0.275946 -0.105087 
3.774211 3.127544 2.222158 1.554890 1.348740 0.806587 -0.090237 -1.009229 -1.242711 -0.658968 -0.217333 -0.106082 
3.482439 2.772130 2.181278 1.465560 1.337059 0.504381 -0.179770 -0.760004 -0.932261 -0.609445 -0.265296 -0.113407 
4.327439 3.429842 2.427474 1.445379 1.545717 1.024848 0.013400 -0.975305 -1.691911 -0.713645 -0.244217 -0.098574 
5.250837 3.907109 2.447561 0.333733 2.431442 0.999402 0.270782 -0.869398 -2.066892 -0.629344 -0.353135 -0.072807 
3.562026 2.920932 2.185326 1.338365 1.174032 0.686863 0.061576 -0.768385 -1.133000 -0.673170 -0.246321 -0.109269 
3.727038 2.978029 2.215032 1.489210 1.149232 0.513492 -0.330426 -0.910512 -1.069978 -0.694840 -0.218800 -0.110170 
4.160193 3.370299 2.388660 1.204765 1.520537 0.769564 0.208571 -0.794799 -1.416205 -0.790176 -0.221247 -0.093993 
5.117261 3.874779 2.433888 0.712607 2.231245 0.790175 0.037064 -1.227048 -1.615824 -0.678677 -0.316283 -0.077304 
3.965610 3.204293 2.347930 1.466480 1.419453 0.786794 -0.327873 -1.113994 -1.367129 -0.656695 -0.176186 -0.096161 
3.978213 3.301266 2.329315 1.331523 1.917776 0.818565 -0.196865 -1.110885 -1.419163 -0.467994 -0.211700 -0.092291 
4.037286 3.147535 2.072008 1.173030 1.555531 0.849594 -0.160919 -1.021641 -1.166828 -0.555322 -0.216531 -0.087099 
3.708818 2.970318 2.272732 1.708151 1.699524 0.962733 -0.064171 -0.941867 -0.988451 -0.581280 -0.170494 -0.096887 
4.190022 3.440996 2.009143 1.243192 2.466563 1.067426 0.496086 -0.903346 -1.589319 -0.487406 -0.209858 -0.055742 
3.933100 3.178036 1.913570 1.264359 1.735999 1.214506 0.649331 -0.740274 -1.265414 -0.680753 -0.193013 -0.062127 
4.084003 3.268857 2.093241 0.953972 1.712178 1.075383 0.494459 -0.436974 -1.249765 -0.625975 -0.227762 -0.069392 
3.606130 2.772020 1.844859 1.246044 1.563784 0.871275 0.185794 -0.609207 -1.032748 -0.445914 -0.189040 -0.062898 
5.082976 3.877158 1.358235 0.944159 3.240738 1.476085 0.394329 -0.725027 -1.480265 -0.520524 -0.165446 -0.016606 
4.562387 3.454356 2.047915 1.432632 2.427008 1.493174 0.402364 -0.718285 -1.226404 -0.477327 -0.131433 -0.037655 
5.501942 4.379941 1.435738 0.771151 3.416076 1.740997 0.706854 -0.829641 -1.229789 -0.385930 -0.125859 -0.002233 
4.238013 3.218640 2.095943 1.675898 1.838354 1.513909 0.669269 -0.354492 -0.600300 -0.469989 -0.172805 -0.054305 
4.780069 3.889502 2.226903 1.610890 2.758286 2.201155 1.267771 -0.202618 -1.382626 -0.578307 -0.129563 -0.001074 
4.423140 3.516695 2.202462 1.872235 2.383198 2.113487 1.196695 -0.204768 -1.044181 -0.541458 -0.068827 -0.009265 
5.755641 3.913878 1.800689 1.159276 4.147793 1.882799 1.247531 0.068898 -1.258503 -0.510649 -0.143253 0.033003 
4.271672 3.388044 1.953499 1.377948 2.136800 1.772593 1.232951 -0.041487 -0.669880 -0.300067 -0.068488 0.014293 
