2.669136 2.067975 1.829459 1.555634 1.199100 0.978905 0.879035 0.670682 0.465092 0.355277 0.187511 0.079230 
2.612945 2.081369 1.777159 1.393511 1.328272 1.080267 0.732877 0.573627 0.430981 0.342496 0.215883 0.080116 
2.667805 2.037402 1.782433 1.402163 1.286140 1.204780 0.736738 0.401867 0.329856 0.207228 0.154461 0.078509 
2.650075 1.947131 1.661698 1.497563 1.408450 1.240031 0.855913 0.505385 0.423172 0.240848 0.173625 0.079942 
2.761088 2.042799 1.778162 1.437482 1.638164 1.465396 1.018531 0.514694 0.245014 0.211023 0.236246 0.081783 
2.614721 2.054256 1.815621 1.641498 1.536193 1.375700 0.851280 0.312470 0.404017 0.302197 0.181038 0.077520 
2.553193 1.946847 1.612077 1.567966 1.521251 1.345124 0.983515 0.740290 0.566116 0.291736 0.143840 0.080807 
2.541611 1.893423 1.790003 1.667608 1.275382 1.127013 0.910489 0.745821 0.678443 0.399423 0.231947 0.079476 
2.688627 1.961363 1.742051 1.542858 1.306648 1.102871 0.901672 0.573187 0.591554 0.427461 0.293597 0.081519 
2.577099 1.893093 1.693183 1.561866 1.483773 1.222936 0.793632 0.707698 0.444696 0.381853 0.218347 0.079588 
2.570917 1.930314 1.618803 1.554847 1.211178 1.280666 0.837743 0.627726 0.523060 0.484786 0.312817 0.080723 
2.601424 1.949876 1.656896 1.535093 1.221116 1.072632 0.942758 0.600531 0.532794 0.377650 0.272056 0.080211 
2.578960 1.892977 1.780439 1.656057 1.270336 0.946806 0.784094 0.677784 0.572725 0.371145 0.257746 0.081218 
2.529999 2.070608 1.663540 1.543110 1.224791 0.951206 0.962638 0.691965 0.451251 0.424860 0.269292 0.080700 
2.500440 1.898514 1.656521 1.632624 1.451225 1.228423 0.862198 0.728111 0.534075 0.414239 0.207020 0.080443 
2.549374 1.924816 1.708607 1.515180 1.369937 1.235342 1.170926 0.793583 0.482969 0.224706 0.207885 0.080590 
2.613451 1.726322 1.507966 1.414341 1.626590 1.238836 1.023074 0.507654 0.475210 0.339573 0.281426 0.083685 
2.553210 1.769587 1.579976 1.523162 1.479828 1.396862 1.050058 0.644835 0.439896 0.349636 0.335100 0.081482 
2.574819 1.768056 1.229393 1.420172 1.789975 1.288061 0.663608 0.467455 0.572554 0.387248 0.203961 0.078606 
2.696948 1.901385 1.573520 1.471078 1.625262 1.282277 0.777184 0.625662 0.462029 0.308231 0.149897 0.078255 
2.670749 2.007817 1.698544 1.576323 1.561304 1.296500 0.833083 0.435493 0.422438 0.335684 0.114653 0.077368 
2.632056 1.859506 1.544949 1.693914 1.691780 1.278457 0.816172 0.337832 0.316914 0.270192 0.206019 0.080711 
2.861687 2.306031 1.904978 1.763507 2.010491 1.571423 0.900507 0.383279 0.080999 0.145627 0.159852 0.068542 
3.217186 2.587803 2.207054 1.814853 1.685559 1.452122 0.792149 0.220901 -0.110609 -0.248726 -0.159030 0.011622 
3.496211 2.915925 2.140395 1.622540 1.597161 1.158104 0.724748 0.117504 -0.307385 -0.320331 -0.224608 -0.016135 
3.601474 3.007240 2.277735 1.818195 1.544078 1.069677 0.560395 -0.016469 -0.443450 -0.448754 -0.193211 -0.031039 
4.773634 3.937564 2.389421 1.101312 0.828287 0.777404 0.795556 0.416021 -0.334529 -0.706799 -0.209932 -0.068914 
3.184198 2.485321 1.995364 1.590953 1.247827 0.911074 0.449525 -0.082976 -0.352942 -0.456555 -0.309694 -0.020335 
4.943486 3.821376 2.124107 1.200077 0.950794 0.845532 0.982280 0.350579 -0.306470 -0.930233 -0.272411 -0.078497 
3.844914 3.089721 2.117941 1.203839 0.844360 0.675125 0.496074 -0.011275 -0.404815 -0.529514 -0.259020 -0.050622 
4.256160 3.327210 1.980140 1.155671 0.817067 0.591810 0.356930 -0.127317 -0.370247 -0.479450 -0.224844 -0.046771 
3.682053 2.953243 1.990233 1.097801 0.565626 0.343670 0.266640 -0.180622 -0.433946 -0.436200 -0.217024 -0.025700 
4.187025 3.393084 2.064596 0.789041 0.232563 0.029279 0.038399 -0.116428 -0.262310 -0.350560 -0.156220 -0.022335 
3.445174 2.576699 1.664385 0.818461 0.506680 0.207298 -0.028412 -0.146990 -0.242481 -0.298271 -0.239252 0.006807 
4.457101 3.455572 1.832184 0.585680 0.239384 0.104453 0.268022 -0.194806 -0.436841 -0.511338 -0.099759 0.004220 
4.680990 3.545744 1.957145 0.745381 0.305159 0.135630 -0.115954 -0.268304 -0.474076 -0.496669 -0.043658 0.022469 
3.858989 3.074444 1.790050 0.745038 0.184414 -0.188301 -0.269828 -0.312889 -0.279474 -0.214517 -0.086427 0.026001 
3.756391 2.855250 1.850884 0.897843 0.328392 -0.092056 -0.243175 -0.437385 -0.543144 -0.300052 -0.021719 0.038600 
4.200503 3.009087 1.787106 0.867391 0.310482 0.062093 -0.141051 -0.300416 -0.700280 -0.471577 0.039763 0.048889 
4.719133 3.268528 1.376168 0.490075 0.457752 -0.260115 0.315446 -0.176843 -0.613707 -0.681587 -0.053829 0.045784 
4.233920 2.942461 1.232158 0.402210 0.230566 -0.157566 -0.142774 -0.240020 -0.534467 -0.551739 -0.038060 0.041727 
5.558625 3.367853 1.035895 -0.198500 0.957301 -0.655667 0.670822 -0.494644 -0.711764 -0.682390 -0.202629 0.058324 
4.267089 2.877972 1.176828 0.004240 0.228080 -0.049817 0.029760 -0.477717 -0.642128 -0.440521 -0.094617 0.032398 
5.642723 3.336424 0.609934 0.199734 0.923485 -0.302479 0.046424 -0.695686 -0.197778 -0.587828 -0.114990 0.022875 
6.431549 3.324170 0.551261 -0.236528 2.332460 -1.270230 0.586031 -0.213175 -0.377219 -0.543168 -0.460907 0.053484 
5.155119 3.138849 0.903905 0.369563 0.929404 -0.294480 0.000628 -0.336511 -0.375907 -0.673359 -0.118914 0.030556 
6.148863 3.292864 0.643412 -0.111387 1.750008 -0.845640 0.302451 -0.667672 -0.291780 -0.535098 -0.252426 0.042551 
5.677946 3.141627 0.670661 -0.080491 1.144085 -0.530738 0.187516 -0.663215 -0.349275 -0.492581 -0.142307 0.036299 
6.368321 3.076173 0.470859 -0.003299 1.773531 -0.533785 0.061404 -0.539384 -0.249925 -0.562852 -0.257193 0.033311 
4.422110 3.063137 1.041479 0.262448 0.560169 0.036449 0.071512 -0.296855 -0.506150 -0.523071 -0.055680 0.045088 
5.249532 3.166380 0.896061 0.319927 1.019362 -0.221011 0.182921 -0.009988 -0.626132 -0.524496 -0.144861 0.042921 
5.866370 3.082119 1.259185 -0.236166 1.602004 -0.926449 0.789940 -0.069152 -0.374209 -0.504686 -0.267547 0.069605 
5.078596 3.632834 1.312757 0.228247 1.015763 -0.314159 0.598337 -0.316870 -0.588495 -0.504931 -0.139685 0.039883 
3.786454 2.920895 1.881712 0.994692 0.453095 -0.095023 -0.163850 -0.336113 -0.364237 -0.293477 -0.070336 0.029111 
4.811420 3.423301 1.843934 0.655104 0.482794 0.047208 -0.080103 -0.141041 -0.679587 -0.211825 -0.042247 0.035701 
5.192007 3.955382 1.592508 0.820949 0.395171 -0.206009 0.420964 -0.365809 -0.742661 -0.187144 -0.073620 0.043096 
4.654463 3.592804 1.889928 0.467617 0.554022 -0.151234 0.414025 -0.204587 -0.536083 -0.424669 -0.061758 0.029054 
4.165099 3.421210 1.986727 0.673331 0.033196 -0.107561 0.138676 -0.250800 -0.387890 -0.294511 0.009769 0.034372 
4.659668 3.498417 1.961203 0.634535 0.291901 -0.007939 -0.090247 -0.409621 -0.544087 -0.033901 -0.043301 0.030585 
5.181163 3.961202 1.713571 0.403271 0.635821 -0.164514 0.063931 -0.445921 -0.521779 -0.325456 -0.086581 0.018444 
4.856041 3.807257 1.871938 0.201279 0.239432 -0.141929 0.024919 -0.576326 -0.464263 -0.275617 -0.102450 0.006737 
5.190143 3.901569 1.335275 0.156869 0.242346 -0.457992 -0.070092 -0.440680 -0.468821 -0.222209 -0.125950 -0.006074 
4.748131 3.441323 1.491727 -0.045832 0.122765 -0.336178 -0.052437 -0.486507 -0.749182 -0.135734 -0.151050 -0.008070 
5.539927 3.807881 1.324626 -0.780592 0.281342 -0.802893 0.345446 -0.463944 -0.889298 -0.307217 -0.254775 -0.013846 
5.245707 3.625422 0.888779 -0.517108 0.132434 -0.771748 0.087400 -0.656255 -0.605026 -0.440781 -0.183595 -0.018751 
5.013165 3.421244 0.659771 -0.363404 0.442942 -0.854353 -0.045582 -0.610878 -0.257305 -0.450564 -0.138292 -0.024757 
5.353984 2.887696 0.552014 -0.411463 0.909292 -0.946183 0.172417 -0.541063 -0.215407 -0.414859 -0.183792 -0.005764 
5.781613 2.883465 0.156015 -0.502362 1.769474 -1.680137 0.120088 -0.610608 0.108198 -0.126955 -0.222666 0.034093 
4.884949 2.756140 0.300396 0.096653 1.065914 -0.630125 -0.333088 -0.293388 0.185113 0.033188 0.030408 0.017379 
5.115356 2.580355 0.281353 0.414941 1.321009 -0.339938 -0.379656 -0.000082 0.576985 0.072758 0.028444 0.009321 
6.138657 2.349400 -0.209941 0.680231 2.272024 -1.103918 0.029282 0.066913 0.720066 0.184891 -0.100398 0.048322 
6.138113 2.017237 0.120561 0.599568 1.888141 -0.179291 -0.546735 0.399532 0.774156 0.236375 -0.012214 0.024089 
4.186641 2.008188 0.348615 1.000587 1.607699 0.597332 -0.044931 0.409517 0.685683 0.099529 -0.011946 0.013701 
4.298523 1.906983 0.180518 0.870564 1.894892 0.589767 -0.110957 0.351477 0.752977 0.276229 0.056446 0.019337 
4.125709 1.686140 0.088387 0.788954 1.731859 0.663900 -0.189775 0.456466 0.852489 0.198955 0.104760 0.044408 
4.630927 1.585441 -0.025208 0.724820 2.138424 0.754496 -0.098454 0.602763 1.121759 0.160305 0.118440 0.047559 
3.850259 2.003634 0.651790 0.902181 1.042946 0.821014 0.175242 0.248770 0.720385 0.185302 0.226040 0.082362 
3.079085 2.211968 1.425888 1.126332 1.269946 0.759856 0.449005 0.394332 0.229132 0.340923 0.272438 0.088712 
2.963926 2.018558 1.373953 1.201324 1.353265 1.157782 0.922472 0.855297 0.600036 0.131800 0.012867 0.063987 
3.159364 2.198743 1.625234 1.372183 1.173487 0.809992 0.803656 0.505041 0.282085 0.236153 0.167008 0.078432 
2.989797 2.062846 1.584755 1.512819 1.506063 1.169034 0.941146 0.481094 0.280942 0.364853 0.177556 0.078870 
2.698636 1.957266 1.604099 1.503690 1.457105 1.296076 1.139867 0.690866 0.427805 0.298883 0.271285 0.082063 
2.816560 2.074909 1.681326 1.284002 1.253932 1.054971 0.837968 0.700952 0.269733 0.254172 0.254658 0.081777 
2.924278 2.117575 1.502626 1.326866 1.470890 1.230993 0.820842 0.573875 0.358115 0.110122 0.141055 0.076565 
2.781537 1.958939 1.699219 1.479623 1.478628 1.147148 0.497290 0.519072 0.432761 0.334730 0.221646 0.079102 
