0.585418 3.999904 -1.074066 0.383914 1.010501 0.083907 1.140307 0.438861 1.147691 -0.186312 0.463905 -0.002424 
0.391208 3.768928 -1.338299 0.317754 1.248051 0.211678 1.317566 0.504589 1.255436 -0.121775 0.469050 -0.017410 
0.640155 4.314611 -0.754986 -0.016061 1.215108 0.283169 1.398763 0.957316 1.513515 -0.014493 0.363816 -0.048415 
0.264293 4.322152 -0.214620 0.275610 0.792386 -0.342592 1.485923 0.956091 1.616760 0.220842 0.379845 0.001381 
0.356379 3.866905 -0.319691 0.396294 1.156754 -0.716445 1.363294 0.911518 1.822203 0.339440 0.359549 0.014333 
0.628622 3.466401 -0.205782 0.130957 0.855473 -0.842617 1.002611 0.824450 1.530896 0.399939 0.293612 0.079152 
0.777161 3.382001 -0.502436 0.595208 0.900847 -1.247057 0.748245 0.327738 1.196457 0.598653 0.477764 0.097955 
1.256921 2.930272 -0.415552 0.422209 0.931014 -0.775227 -0.319062 0.892000 1.006320 0.794340 0.650192 0.050173 
1.607493 2.814196 -0.515811 0.163740 0.643425 -0.701496 -0.114453 0.849937 0.888576 0.722489 0.718585 0.072081 
2.092482 2.764839 -0.180023 0.261290 0.251287 -0.241144 -0.256949 1.029015 0.802573 0.498839 0.711581 0.063305 
2.635547 3.323275 0.714548 0.596545 0.235828 -0.659336 0.187681 0.628079 0.814392 0.291687 0.429547 0.043851 
3.248380 3.731515 1.173601 0.344994 0.190535 -1.059095 -0.618103 -0.391400 0.760767 -0.189625 -0.009881 -0.052874 
3.761972 3.679377 0.568554 0.334563 0.050998 -0.465737 0.494457 -0.205723 0.606122 -0.596593 -0.299075 -0.174872 
4.519027 3.979576 0.681882 0.023161 0.323970 -0.440376 0.699247 -0.231753 0.449160 -0.507515 -0.266397 -0.138205 
5.012745 4.078376 0.594798 -0.260363 0.591741 -0.612889 0.317668 -0.476482 0.589404 -0.699615 -0.178915 -0.132554 
4.805625 3.548456 1.157073 -0.236523 -0.173592 -0.716254 0.126299 -0.135617 0.036637 -0.586086 -0.241409 -0.100344 
5.426783 4.072514 0.583330 -0.421436 0.193153 -1.166110 0.172725 -0.520587 -0.103889 -0.756236 -0.304741 -0.104145 
5.526311 4.537050 0.284884 -0.909844 0.241312 -1.090937 -0.188405 -0.642499 -0.179961 -0.723288 -0.278141 -0.120356 
6.086741 4.612341 -0.480030 -0.546134 0.800796 -1.510877 -0.658271 -0.853363 0.035579 -0.636194 -0.352201 -0.160076 
4.945788 3.546955 0.899285 -0.047939 -0.314439 -0.669500 -0.914091 -0.916421 -0.246326 -0.365470 -0.187871 -0.081120 
5.009948 3.415621 0.777063 -0.257323 -0.325828 -0.665060 -1.091359 -0.838506 -0.182201 -0.347945 -0.197710 -0.093466 
6.200613 3.180221 0.322580 -0.037496 -0.272743 -1.358830 -1.309894 -0.644455 -0.060476 -0.448313 -0.293583 -0.107312 
4.903952 2.933322 0.843850 -0.160646 -0.690902 -1.208037 -1.319261 -0.663645 -0.200381 -0.457578 -0.204533 -0.085419 
5.553322 3.213157 0.388935 -0.513976 -0.767720 -1.006139 -1.372146 -0.462202 -0.232122 -0.530888 -0.247040 -0.098317 
4.899135 2.931150 0.569032 -0.735139 -0.892840 -1.092716 -0.923853 -0.496313 -0.391726 -0.492886 -0.215237 -0.088858 
4.285985 2.610269 0.527325 -0.626052 -0.798247 -0.807470 -0.743273 -0.671225 -0.465703 -0.487958 -0.210094 -0.089542 
4.486845 2.696973 0.382517 -0.566707 -0.740723 -0.700064 -0.851984 -0.479012 -0.297522 -0.407136 -0.259635 -0.109539 
6.761834 2.636655 -0.745169 -0.397683 -0.351050 -0.979650 -1.295130 -0.609451 0.479588 -0.510723 -0.500879 -0.196046 
4.889181 2.695001 0.092778 -0.655095 -0.509501 -0.777238 -0.804143 -0.178225 0.135949 -0.576528 -0.332210 -0.152043 
4.137481 2.368043 0.288888 -0.617391 -0.715680 -0.842923 -0.665318 -0.050938 -0.110038 -0.467463 -0.318438 -0.138018 
4.477886 2.399035 0.045966 -0.830886 -0.511362 -0.577274 -0.827125 -0.062995 -0.101557 -0.451752 -0.302099 -0.135189 
5.359694 2.594111 -0.434547 -1.103071 -0.107166 -0.681791 -1.334367 0.202717 0.047361 -0.391262 -0.291399 -0.146819 
4.764826 2.497768 -0.128941 -0.834082 -0.230267 -1.035847 -0.746450 -0.076010 0.152552 -0.344269 -0.227526 -0.114885 
4.569044 2.486312 0.043509 -0.798429 -0.505805 -0.654470 -0.851411 -0.194035 0.192962 -0.263611 -0.179056 -0.110698 
4.608951 2.556944 0.069272 -0.818756 -0.369936 -0.633055 -0.876653 -0.175849 0.170303 -0.131705 -0.145166 -0.104864 
4.923912 2.561592 -0.163805 -0.997709 -0.198397 -0.377400 -1.154862 -0.120166 0.359565 -0.190501 -0.134043 -0.123608 
4.587707 2.313111 -0.101843 -0.890080 -0.243120 -0.371700 -0.870103 -0.094665 0.373202 -0.162280 -0.118225 -0.106859 
4.505792 2.121236 -0.141864 -0.855568 -0.272090 -0.299984 -0.830542 0.044799 0.379885 -0.117047 -0.103725 -0.101613 
4.529154 2.053515 -0.328619 -0.892118 -0.170832 -0.361221 -0.489533 0.126599 0.328515 -0.121710 -0.099743 -0.098528 
4.931396 2.211116 -0.679041 -1.131309 0.094040 -0.260040 -0.320070 0.057480 0.480279 -0.252342 -0.087967 -0.101389 
4.758036 2.048430 -0.433139 -1.060307 -0.091789 -0.172996 -0.106380 0.022994 0.373709 -0.266713 -0.091385 -0.091742 
4.686338 2.083933 -0.557208 -1.047245 -0.056238 0.055577 -0.120818 0.124926 0.329389 -0.293185 -0.092006 -0.097368 
4.771481 2.112573 -0.620654 -1.032060 -0.125640 0.187843 -0.004467 0.122356 0.332412 -0.307245 -0.087469 -0.092957 
5.138097 2.227280 -0.951167 -1.230593 0.295437 0.212902 -0.061876 0.151849 0.502071 -0.344941 -0.091048 -0.099246 
5.234489 2.019492 -0.858724 -1.209128 0.143552 0.355278 0.060219 0.264076 0.382810 -0.302119 -0.099965 -0.084322 
5.059052 2.010153 -0.841489 -1.315202 0.265238 0.293167 0.192558 0.394455 0.373775 -0.300383 -0.085249 -0.081796 
5.141844 1.922588 -0.899524 -1.519809 0.489220 0.222038 0.279235 0.307198 0.537996 -0.363240 -0.094249 -0.081910 
5.341319 2.109759 -1.468140 -1.633090 1.066352 0.220508 -0.400365 0.574938 0.419489 -0.177776 -0.115440 -0.126303 
6.068738 1.840464 -1.592504 -2.089993 1.661662 0.027174 -0.937536 0.918629 0.489603 -0.008833 -0.244370 -0.186008 
4.532171 1.601197 -0.965862 -0.663995 0.778634 -0.036224 -0.216328 0.492318 0.574175 -0.222226 -0.175043 -0.128844 
4.670632 1.620570 -0.931561 -0.648089 0.961068 0.244920 -0.450629 0.665254 0.802935 -0.176529 -0.170749 -0.139119 
5.542512 2.018161 -1.776953 -1.430672 1.823667 0.048725 -0.964983 0.943622 1.058742 0.016636 -0.232484 -0.203424 
6.445824 1.774971 -2.105300 -1.643511 2.179751 -0.237304 -1.083158 1.410385 0.734568 0.427024 -0.376476 -0.216535 
4.366870 1.468496 -0.765924 -0.332084 0.917747 -0.308421 -0.514155 0.598286 1.016573 0.253393 -0.100178 -0.153550 
4.887868 1.452901 -1.480671 -0.197936 1.093908 0.088691 -0.743630 0.567182 1.330170 0.261094 -0.043249 -0.154537 
5.927952 1.574542 -2.314624 -0.599924 1.532380 0.065769 -0.514816 0.419442 1.482415 0.341116 -0.136680 -0.172104 
5.987625 1.381471 -2.027009 -0.612674 1.605722 -0.076605 -0.633188 0.645351 1.495901 0.321006 -0.184966 -0.151665 
5.648078 1.447540 -2.069212 -0.782145 1.856247 0.071859 -0.628308 0.704853 1.526254 0.241805 -0.148710 -0.153397 
5.260167 1.292333 -1.951285 -0.513436 1.691572 0.224000 -0.746645 0.799460 1.565762 0.036472 -0.118826 -0.132990 
5.523086 1.342223 -2.260414 -0.566541 1.941445 0.268774 -0.609963 0.790057 1.458806 0.035115 -0.196762 -0.132232 
4.902603 1.147181 -1.772180 -0.201904 1.832804 0.417745 -0.736832 0.784301 1.424611 -0.083537 -0.163109 -0.146157 
5.697394 1.328939 -2.384275 -0.547495 2.536570 0.058523 -0.319892 0.743063 1.288307 0.145614 -0.291749 -0.140579 
4.999078 1.054900 -1.686946 0.162773 1.919412 0.410766 -0.600531 0.756844 1.207444 -0.067368 -0.236984 -0.142939 
5.660418 1.002054 -2.074303 -0.143071 2.587954 0.251743 0.120983 0.884047 1.544947 0.089147 -0.261992 -0.105047 
4.772817 0.839217 -1.487705 0.422439 2.069979 1.104801 -0.255219 1.108976 1.758575 -0.133899 -0.094914 -0.087825 
5.663125 0.875691 -2.165546 0.376543 2.443566 0.626274 0.457221 0.854074 1.872645 0.036325 -0.121136 -0.037749 
5.352496 1.212610 -2.082661 0.288626 2.681286 0.263225 0.218605 0.806784 1.567834 -0.071089 -0.144223 -0.036167 
5.361124 0.857396 -2.201742 0.601828 2.557069 0.053628 0.697311 0.826949 1.601299 -0.150910 -0.159272 -0.007366 
4.969057 0.984117 -2.017940 0.211721 2.480924 0.231635 0.599358 0.982833 1.683561 -0.303780 -0.118182 -0.021433 
4.918678 0.987126 -2.028322 0.402823 2.571808 -0.126759 0.757038 0.934938 1.607001 -0.383661 -0.151274 0.007447 
4.531499 0.973033 -1.545466 0.419595 2.187498 0.014562 0.396735 1.171521 1.785837 -0.456787 0.020744 0.005873 
4.822560 0.938126 -1.666451 0.648377 2.431180 -0.103305 0.407540 1.435934 1.576807 -0.198692 -0.003158 0.040435 
4.940460 0.649013 -1.051892 1.024064 1.912990 -0.273213 0.752339 1.178378 1.877155 -0.293030 0.032689 0.078324 
4.444740 1.120995 -0.814619 0.666461 2.016849 -0.158698 0.414809 1.644430 1.791989 -0.274322 0.175860 0.066993 
4.374193 1.363721 -0.502752 1.315623 1.565077 0.016407 0.337468 1.561331 1.717107 -0.305630 0.190541 0.077041 
4.063740 1.503709 -0.297518 0.952975 1.884342 0.055319 0.640486 1.628222 1.510490 -0.223280 0.349546 0.082407 
4.973745 1.290111 -0.284726 1.503908 1.647439 -0.416915 1.096721 1.455301 1.519855 -0.299323 0.134269 0.134919 
4.022890 1.485845 0.254964 1.126751 1.643408 0.553827 0.610461 1.394878 1.155871 -0.404677 0.161010 0.042016 
4.752065 1.537707 -0.382113 1.235785 1.481974 0.188659 0.588962 1.238340 1.771975 -0.510671 0.079669 0.055967 
3.653844 1.486426 0.611919 1.337861 1.706497 0.710141 0.909973 1.162269 0.752377 -0.330050 0.017169 0.002681 
3.734733 1.334549 0.764362 1.771164 1.867350 0.949204 0.968529 1.266536 1.096658 -0.297044 0.057996 0.060479 
3.751081 0.920729 1.526682 2.905621 0.423090 -0.000836 1.789234 1.150048 0.521535 0.401169 0.198435 0.026421 
3.737824 0.625004 1.786112 3.018707 -0.072217 0.059581 1.989822 1.475246 0.325193 0.828625 0.386016 0.007917 
3.441194 0.823368 1.833934 3.292121 0.222007 -0.546166 2.365731 1.419109 0.327142 1.091427 0.343802 -0.014594 
2.939344 0.825415 2.468507 3.035860 -0.041224 0.238243 1.683708 1.149542 -0.089736 0.930226 0.484656 -0.012862 
