1.274729 2.751309 0.639776 1.816332 2.579352 -0.156670 0.563635 -0.972971 0.979648 0.587249 0.590577 0.003003 
1.449385 2.926474 0.268356 1.541991 2.908561 -0.340776 0.738355 -1.098390 1.163550 0.347219 0.592045 0.018231 
1.526663 2.769797 0.022163 1.583208 3.003149 -0.206132 0.733900 -0.903874 1.146669 0.364628 0.720585 -0.008904 
1.568451 2.296588 -0.323246 1.820417 2.694794 -0.361155 0.977813 -0.380920 1.119802 0.469792 0.789766 -0.010785 
1.592215 2.096799 -0.460897 2.079153 2.382470 -0.455949 0.838908 -0.316379 1.483494 0.895026 0.929042 -0.063849 
1.813670 2.016894 -0.280961 2.024470 1.705326 0.179687 0.568042 0.063094 1.663789 1.011657 1.003930 -0.086741 
2.184307 2.119141 -0.429684 2.325418 1.328716 0.427351 0.342099 -0.170539 1.598762 0.888796 0.969168 -0.046783 
2.191271 2.275473 -0.256921 1.478743 1.433084 0.892888 0.051352 0.079426 1.458242 0.737443 1.021845 -0.023479 
2.018519 2.067715 0.436197 1.350722 0.706631 0.657511 0.374141 0.478377 1.373491 0.669847 0.956041 -0.004360 
2.269230 2.118334 0.490450 1.057624 0.655925 0.867043 0.232937 0.611454 1.043381 0.696085 0.827771 0.048971 
2.715817 1.941697 1.486754 1.262029 0.978666 0.603667 0.200349 0.079799 0.730700 0.333686 0.432015 0.089192 
3.549912 2.761153 1.493917 1.606146 1.574329 0.699386 0.504816 -0.818252 0.860740 0.031296 0.111523 0.025885 
3.761393 2.653956 1.492936 1.519933 1.027428 0.559874 -0.428996 -0.803926 0.155591 0.313668 0.130574 0.031560 
3.281880 2.374516 1.332831 0.466222 0.428854 0.367987 0.303306 -0.011094 0.054779 0.023351 -0.012399 0.000074 
3.190139 2.073644 1.370937 1.157321 0.969599 0.460571 0.002476 -0.177437 -0.131114 -0.110546 -0.152869 -0.036238 
5.602475 2.916801 0.302473 0.956013 1.613269 0.675991 -1.182886 -0.864048 0.306920 -0.019645 -0.069653 -0.104872 
5.019604 2.698233 0.638113 0.608727 1.233291 0.465495 -1.243627 -0.858537 0.073867 0.107475 -0.068689 -0.086998 
4.224990 2.551148 0.766578 0.551201 0.938746 0.011200 -1.184410 -1.013320 -0.065513 0.128982 -0.097687 -0.061387 
4.227754 2.410925 0.632232 0.602033 0.802287 -0.190437 -1.076296 -1.011460 -0.067632 0.110535 -0.130694 -0.058849 
5.540120 2.695262 -0.304650 0.154080 1.389059 0.068404 -1.794983 -1.075440 0.223757 -0.034173 -0.063805 -0.111748 
5.430423 2.691306 -0.262714 -0.159524 1.361681 -0.214729 -2.035259 -1.132156 0.247883 0.041742 -0.034946 -0.119684 
5.601275 2.846914 -0.513663 -0.286371 1.214612 -0.336072 -2.377182 -1.240534 0.310321 0.022380 -0.043215 -0.149650 
5.602159 2.711550 -0.603694 -0.236878 0.983402 -0.599864 -2.514494 -1.269841 0.268248 0.028303 -0.082871 -0.150056 
5.439641 2.484704 -0.421386 -0.288630 0.926880 -0.828427 -2.391060 -1.172297 0.163150 0.023041 -0.115920 -0.136931 
5.456753 2.464884 -0.728937 -0.286316 0.507752 -0.422505 -2.323318 -1.184942 0.236732 -0.161859 -0.127021 -0.137464 
5.779271 2.333313 -0.819898 -0.882506 0.980246 -0.617515 -2.019422 -1.308189 0.339530 -0.305808 -0.182418 -0.150156 
5.718478 2.411227 -1.250884 -0.844616 0.939422 -0.492805 -2.213318 -0.945456 0.120405 -0.239081 -0.201282 -0.164645 
5.606700 2.408762 -1.430663 -0.977150 0.959056 -0.555111 -2.141880 -0.968143 0.258256 -0.331617 -0.201061 -0.174738 
5.742343 2.512642 -1.580951 -1.306152 1.272034 -0.488340 -2.249009 -0.849185 0.255220 -0.289869 -0.200954 -0.199333 
5.801697 2.623835 -1.721657 -1.374541 1.106142 -0.292045 -2.316182 -0.732727 0.373486 -0.385968 -0.210349 -0.216270 
5.961181 2.531358 -1.710727 -1.343280 1.120018 -0.036928 -2.603984 -0.142595 0.097632 -0.141702 -0.263719 -0.213701 
5.109087 2.097298 -1.139255 -0.733446 0.817581 -0.333657 -1.711132 -0.475383 0.342485 -0.114986 -0.177977 -0.159211 
3.810584 1.407868 -0.229533 -0.340780 0.087898 -0.438347 -1.086461 -0.440758 0.040537 0.067283 -0.174442 -0.113950 
4.967082 1.664081 -1.107688 -0.987188 0.878338 -0.401714 -1.558635 -0.438268 0.253906 0.079629 -0.088460 -0.137033 
6.503532 2.039693 -2.341536 -1.611781 1.712374 -0.328647 -2.345911 0.253253 -0.229242 0.531630 -0.194931 -0.188325 
5.378550 1.843206 -1.742215 -1.173261 1.158875 -0.579440 -1.852494 -0.248224 0.257024 0.310239 -0.066881 -0.153532 
3.810877 1.272777 -0.597433 -0.494740 -0.122731 -0.627759 -1.276832 -0.344302 0.308776 0.213874 -0.014531 -0.117485 
4.874201 1.353804 -1.320529 -0.657043 0.403995 -0.433184 -1.545879 -0.601856 0.821333 0.145004 -0.000983 -0.138981 
4.659403 1.391056 -1.509196 -0.420215 0.462246 -0.488227 -1.709151 -0.185541 0.586170 0.293798 -0.047406 -0.148582 
5.308797 1.533373 -2.089461 -1.337270 1.243325 0.058933 -2.174227 -0.137378 0.683796 0.233287 -0.017777 -0.201967 
5.243504 1.617457 -2.313644 -1.370314 1.819112 -0.320332 -1.856939 -0.055983 0.559526 0.273412 -0.062170 -0.195470 
5.543016 1.100545 -2.065241 -0.822477 1.188205 0.261470 -1.667425 -0.370311 1.023263 0.079941 -0.097398 -0.166168 
4.544449 1.184142 -1.488149 -0.486823 1.188462 -0.180084 -1.421716 0.023317 0.707633 0.127083 -0.089161 -0.168621 
5.221626 1.439385 -2.276845 -0.861016 1.545203 0.506606 -1.585200 -0.086393 0.783930 0.023397 -0.116409 -0.196874 
5.316104 1.332880 -2.404050 -0.814783 1.762283 0.556239 -1.386378 -0.141654 0.719351 -0.008293 -0.173318 -0.199915 
5.419123 1.031407 -2.194081 -0.805020 1.701998 0.777611 -1.369067 -0.014311 0.689086 -0.061676 -0.232111 -0.197468 
5.107307 1.138716 -2.044558 -0.912771 1.964827 0.741464 -1.202542 0.131761 0.568411 -0.090556 -0.220724 -0.207587 
5.112338 1.222744 -2.074002 -0.931357 1.589804 1.130496 -1.066263 -0.036440 0.749345 -0.223282 -0.183329 -0.201146 
4.897771 1.186606 -1.800396 -0.739621 1.510191 0.783085 -0.523952 0.032399 0.639091 -0.170082 -0.218458 -0.191006 
5.003446 1.162947 -1.774051 -0.834915 1.503913 0.895893 -0.813225 0.382801 0.629860 -0.153300 -0.232961 -0.194332 
4.836518 1.230292 -1.914555 -0.928429 1.550635 1.006921 -0.924825 0.263949 0.792797 -0.205244 -0.195210 -0.216435 
4.700014 1.224504 -1.996731 -0.859796 1.608050 0.887370 -0.829809 0.151200 0.876286 -0.171410 -0.185224 -0.231479 
4.649858 1.120839 -1.889882 -0.823576 1.735051 0.757896 -0.751386 0.233711 0.804482 -0.103696 -0.192402 -0.222299 
5.040449 1.097545 -2.157030 -1.087008 1.966415 0.891060 -0.878298 0.250956 0.902308 -0.084544 -0.180714 -0.223285 
5.166583 1.077559 -2.210833 -1.076792 2.060019 0.835232 -0.890986 0.422398 0.877393 -0.022241 -0.203215 -0.218917 
5.203535 1.081697 -2.309204 -1.026036 2.160236 0.776126 -0.701376 0.259373 0.994700 -0.042300 -0.217585 -0.221440 
5.353703 1.270797 -2.676457 -1.182179 2.291130 1.002093 -0.822553 0.422687 0.914568 0.026924 -0.217194 -0.239261 
5.845330 1.409144 -3.039319 -1.615490 2.465858 1.215217 -0.905996 0.709207 0.711649 0.238335 -0.237644 -0.249985 
5.955237 1.384539 -3.023519 -1.753758 2.598490 1.288514 -0.979919 0.870678 0.607137 0.329843 -0.223247 -0.252065 
6.202061 1.019398 -2.655126 -1.867520 2.721421 1.373329 -1.136134 0.998235 0.603054 0.373080 -0.161872 -0.250932 
6.299804 0.889112 -2.634277 -1.890979 2.807953 1.483351 -1.233697 1.061627 0.589451 0.419527 -0.124099 -0.251936 
6.064278 0.870398 -2.568665 -1.639738 2.570975 1.629808 -1.232319 0.934599 0.810191 0.365306 -0.103071 -0.233901 
5.950988 1.186987 -2.988214 -1.477123 2.776012 1.496634 -1.027413 0.953876 0.683640 0.544566 -0.119564 -0.225235 
5.883727 1.314924 -3.065143 -1.545643 2.657503 1.952287 -1.206503 1.116557 0.673159 0.526019 -0.069468 -0.223918 
5.354671 0.983598 -2.716075 -0.923740 2.497253 1.715590 -0.788493 0.526295 1.186136 0.260239 -0.049853 -0.201355 
5.468936 0.667106 -2.682838 -0.628067 2.219155 2.075662 -0.733075 0.499526 1.231198 0.201418 -0.101676 -0.171442 
5.495382 0.707113 -2.664300 -0.773622 2.751368 1.813532 -0.523673 0.747679 1.002014 0.242553 -0.131258 -0.166472 
6.262366 0.403581 -2.691350 -0.896529 3.184266 1.861528 -0.569417 1.174610 0.718004 0.379865 -0.175809 -0.159745 
5.439824 0.378349 -2.236541 -0.456940 2.990812 1.791450 -0.180267 0.949833 1.070727 0.202124 -0.157165 -0.127268 
5.677767 0.306326 -2.323661 -0.175510 3.128176 1.819644 -0.277003 1.162285 0.984690 0.331374 -0.170835 -0.123891 
4.994867 0.736258 -2.329410 -0.058603 3.099472 1.847775 -0.144179 0.735900 1.214753 0.194839 -0.095445 -0.130215 
6.015235 0.168945 -2.195268 0.218833 3.265990 1.248900 -0.008518 0.643852 1.037498 0.362631 -0.211177 -0.115168 
5.451998 0.635967 -2.421750 0.286576 3.328249 1.646719 0.110769 0.532237 1.187358 0.289008 -0.165932 -0.122034 
6.216827 0.634583 -2.976372 0.430429 3.746087 1.391812 0.287540 0.708800 0.988245 0.454242 -0.247008 -0.117557 
5.054797 1.039738 -2.651345 -0.085132 3.339887 1.939746 0.021555 0.784722 1.221599 0.294427 -0.078830 -0.138185 
5.860155 0.484728 -2.462336 0.319689 3.152896 0.939740 0.516850 0.587889 1.538568 0.426680 -0.164028 -0.100725 
5.330281 0.825679 -3.029235 0.136543 3.374090 1.671706 0.348447 1.069532 1.653128 0.544185 -0.050908 -0.116823 
4.742594 0.643909 -2.454869 0.134719 3.041026 1.809997 0.066854 0.946752 1.789460 0.315081 0.028811 -0.125211 
5.976647 0.344867 -2.820357 0.009664 3.669907 1.279712 0.449621 1.032753 1.658452 0.695539 -0.081564 -0.093868 
5.143455 0.249224 -2.110104 0.149756 3.242759 1.794061 0.326860 0.795755 1.876434 0.320506 -0.026331 -0.091965 
6.124469 0.710754 -3.190346 0.407185 3.473284 1.577429 0.519453 0.917540 1.502793 0.558295 -0.089599 -0.078460 
4.454893 0.550430 -1.846157 0.692801 3.303980 2.045080 0.195799 1.081975 1.667288 0.196950 -0.025952 -0.105582 
5.570920 0.256554 -2.238676 0.285651 3.571567 1.972916 0.634864 1.081507 1.720381 0.390675 -0.058426 -0.048786 
4.398022 0.154544 -1.677890 0.637391 2.799752 1.668334 0.489418 1.206774 1.690414 0.131745 0.026287 -0.022180 
6.448385 0.578963 -3.717400 1.447813 2.762352 1.053432 0.973109 0.479717 1.994796 0.436267 0.147102 -0.033740 
