2.490173 2.013459 1.710708 1.549546 1.385924 1.090428 0.974461 0.770726 0.558826 0.393705 0.235445 0.080130 
2.597228 2.181285 1.696803 1.378311 1.353748 0.952566 0.729664 0.889947 0.664761 0.284496 0.172830 0.078397 
2.909212 1.910251 1.847921 1.910310 1.516762 1.269181 1.305548 0.792408 0.589509 0.119527 -0.019142 0.069143 
2.767017 1.960045 1.848355 2.233811 1.158521 1.561682 1.200626 0.460834 0.382150 -0.008920 0.171381 0.068267 
2.978474 2.296498 2.050593 1.198399 1.068110 0.889436 1.012922 0.896220 0.270525 0.414758 0.247417 0.073841 
2.672314 2.037114 1.647033 1.021489 1.257462 0.322175 1.557052 0.550658 0.699866 0.048537 0.151368 0.084165 
2.629966 2.483502 1.099650 0.935716 1.553460 -0.138380 1.717487 0.545345 0.795657 0.195428 0.248341 0.094186 
2.277356 2.380010 0.731817 0.993247 1.487346 -0.142599 1.210585 0.106998 1.007320 -0.238500 0.333130 0.077641 
2.227447 2.586060 0.874985 0.464501 1.524459 -0.087996 1.358803 0.470243 0.902829 -0.492951 0.353519 0.058311 
2.234539 2.552581 0.807502 1.281672 2.050780 0.354598 0.744368 0.220790 1.020358 -0.399169 0.253083 0.043485 
2.397025 2.754779 0.915821 1.679676 2.192237 0.299608 0.594231 0.254368 0.952779 -0.848877 0.250959 0.004622 
2.109991 2.538263 0.950131 2.181633 2.164273 0.713005 0.149440 0.225627 0.519291 -0.496516 0.144371 0.031707 
2.224223 2.501699 0.593631 1.880507 1.811947 0.468851 0.751954 -0.077058 1.105781 -0.551985 0.135809 0.026494 
1.979559 2.343733 0.728634 2.277321 1.027729 0.262905 0.887234 -0.360440 1.013191 -0.148345 0.208162 0.043116 
1.938501 2.415894 0.610265 2.093143 0.028508 0.208281 1.695215 0.148690 1.352907 0.241793 0.197185 0.022512 
2.035434 2.351429 0.617357 2.121785 0.118168 0.598666 1.711824 0.115376 1.383616 0.252461 0.191268 0.021601 
2.013545 2.090290 0.737872 2.188964 0.477039 0.634037 1.732184 0.343376 1.524217 0.391416 -0.080942 0.050552 
1.941758 1.983216 0.473665 1.852520 0.261653 1.545387 1.601768 -0.001495 1.082113 0.593733 -0.031980 0.059912 
1.838936 1.740798 0.793647 2.185184 0.174774 1.176124 1.210493 0.020546 1.389123 0.483571 0.057996 0.048590 
1.813090 1.791563 0.818509 2.546992 0.210406 1.099704 1.499498 0.095799 1.311963 0.374159 0.025467 0.046020 
1.758134 1.647800 0.863592 2.036560 0.964073 1.343951 1.283175 0.153594 0.479091 0.384080 0.128261 0.084431 
1.714651 1.741896 1.013711 1.657308 1.518095 0.837405 1.508615 0.719397 0.474897 0.339004 0.247201 0.078664 
2.112384 1.995525 0.998883 1.161534 1.050132 0.597530 1.238836 1.146808 0.073469 0.460320 0.360207 0.077090 
2.490118 1.952293 1.162389 0.661456 1.392362 0.534800 0.967504 1.151231 -0.324996 0.477146 0.206529 0.088882 
2.929082 2.113790 1.323087 0.117667 1.260954 -0.122399 1.071382 1.394107 -0.143698 0.305909 0.226778 0.083023 
3.158232 1.834635 1.158448 0.413265 0.986097 -0.057602 1.179829 1.110851 -0.425137 0.457443 0.121254 0.090476 
3.222828 1.791570 1.598816 0.507111 1.032452 0.383296 1.015076 1.195262 0.011275 0.333187 0.085277 0.050036 
3.536873 2.006035 1.630115 1.331522 1.137975 0.614455 1.044292 0.728784 -0.261335 -0.609186 -0.198719 -0.000170 
4.233716 2.167453 1.535411 1.466449 0.374285 -0.642903 0.378866 -0.340360 -0.398798 -0.812964 -0.245218 -0.063137 
4.475039 2.375149 1.738198 1.374456 0.285649 -1.034006 0.497467 -0.474851 -0.749079 -1.104648 -0.211920 -0.044656 
4.648848 2.940631 2.162579 1.432793 -0.143301 -1.468031 -0.058894 -0.439984 -0.969452 -1.441622 -0.183108 -0.058159 
5.107342 2.998758 2.222676 1.069018 0.513844 -1.477148 -0.529888 -0.153565 -0.794673 -1.338331 -0.337196 -0.062369 
4.682830 3.128891 2.273000 0.947974 0.416692 -1.313524 -0.385073 -0.326866 -1.107846 -1.466178 -0.285934 -0.092259 
4.572440 3.349906 2.470956 0.639425 0.203196 -0.775054 -0.643161 -0.467260 -1.312258 -1.423145 -0.275560 -0.128159 
5.086497 3.258153 2.290509 0.944447 0.040674 -1.020742 -1.040043 -0.393076 -1.086832 -1.397143 -0.371021 -0.112444 
3.691026 2.818862 1.848886 0.634680 -0.200726 -0.561026 -0.970734 -0.953505 -0.863273 -0.685801 -0.292639 -0.122205 
4.416200 3.263849 2.192817 0.805934 0.071937 -1.643305 -0.949063 -0.408130 -1.071042 -1.360113 -0.246746 -0.110521 
3.810365 2.744106 1.792412 1.124509 0.156179 -1.183871 -1.748286 -1.325415 -0.990296 -0.984477 -0.193840 -0.107753 
3.406279 2.626452 1.680976 0.756386 -0.543344 -1.199090 -1.330961 -1.418431 -1.033424 -0.695289 -0.119162 -0.101856 
3.952680 2.706904 1.749281 1.057378 -0.118997 -1.977165 -1.991529 -1.077004 -0.949738 -1.087917 -0.166576 -0.073498 
4.603147 2.892724 1.821080 0.956290 0.260912 -2.635376 -2.063042 -0.990741 -1.166781 -1.630838 -0.246435 -0.035888 
3.818864 2.683935 1.603096 0.766039 -0.223067 -1.821807 -1.900245 -1.299838 -1.161246 -0.950711 -0.104335 -0.065809 
3.497751 2.479988 1.501211 0.684027 -0.514053 -1.684989 -1.489744 -1.041531 -0.945453 -0.729108 -0.143032 -0.070983 
5.263844 3.224662 1.725659 0.075294 0.366576 -3.178475 -1.502054 -0.759394 -1.092844 -1.582128 -0.437116 -0.029032 
3.911999 3.011972 1.865698 0.680492 -0.475797 -1.680972 -1.808089 -1.670182 -1.351914 -0.837364 -0.134769 -0.065527 
4.338956 3.169163 2.176345 0.468079 -0.563936 -1.947216 -1.345177 -0.883144 -1.374561 -0.885642 -0.149373 -0.061093 
4.161471 3.123834 1.958338 0.996933 -0.244765 -2.232713 -1.701489 -1.398238 -1.341632 -0.874920 -0.184653 -0.053676 
4.859688 3.195333 2.328975 1.233080 0.388343 -3.041740 -2.000539 -1.168901 -1.382983 -1.006155 -0.344441 -0.034197 
3.563822 2.675266 1.825767 0.741516 -0.361425 -1.660667 -1.789173 -1.519024 -1.218478 -0.602172 -0.128573 -0.061725 
4.788573 2.944169 2.314475 0.679593 0.300758 -2.592694 -1.684765 -1.042778 -1.484745 -0.656312 -0.265128 -0.041504 
4.034662 2.867914 1.901236 1.002435 0.188277 -2.513965 -1.806026 -1.348659 -1.553427 -0.805345 -0.207081 -0.043074 
3.928519 2.904361 1.597521 0.342099 -0.222545 -1.792976 -1.414109 -1.138931 -1.563117 -0.847224 -0.114903 -0.046780 
3.944988 2.728366 1.545915 0.509709 -0.081048 -2.007060 -1.815998 -1.192913 -1.391064 -0.871436 -0.127610 -0.045720 
4.374335 2.892155 1.810427 0.493707 -0.012726 -2.199526 -1.820915 -1.070702 -1.722452 -1.007193 -0.164785 -0.040425 
3.943357 3.006737 1.641885 0.215385 -0.691330 -1.175331 -1.460032 -1.587054 -1.440777 -0.876138 -0.116676 -0.056673 
3.648681 2.771791 1.525758 0.308277 -0.362967 -1.560348 -1.623652 -1.396794 -1.086306 -0.562750 -0.132553 -0.054153 
5.932183 2.558145 2.100717 -1.506039 1.242654 -2.905604 -1.541735 -0.678812 -1.535356 -1.027123 -0.608939 -0.038781 
4.155886 3.042438 1.175318 -0.428359 -0.402246 -1.637407 -1.561425 -1.200880 -1.411673 -0.851334 -0.122560 -0.046695 
5.162702 2.970526 2.015056 -2.232262 1.478166 -3.353877 -1.013746 -0.682092 -1.550693 -1.167443 -0.591007 0.014983 
3.664504 2.339424 1.311492 -0.435406 -0.263119 -1.284518 -1.263865 -1.045033 -1.243761 -0.468965 -0.056024 -0.028728 
4.839640 2.837971 1.988419 -2.057173 1.924377 -3.652747 -0.523055 -0.724034 -2.043042 -0.740206 -0.592959 0.080216 
4.151431 3.006530 1.373118 -0.633714 0.964002 -3.044799 -0.561889 -1.201397 -1.937728 -0.258209 -0.291254 0.044490 
5.057110 2.083921 2.259230 -0.265661 2.016283 -4.154514 -0.387389 -0.532242 -1.854169 -0.499989 -0.509748 0.146744 
3.509406 2.078535 1.845839 0.450972 0.450011 -2.042506 -1.043843 -0.449323 -1.373798 -0.244111 -0.082365 -0.026751 
4.463224 2.408384 2.492931 1.098083 1.248308 -3.964059 -0.236288 -0.130422 -1.245535 -0.773534 -0.246918 0.121137 
3.944400 2.382655 2.184803 1.240254 0.486700 -2.881520 -0.714820 0.275483 -0.720336 -0.734851 -0.074801 0.065711 
3.955759 2.630323 1.836898 1.104808 0.636375 -2.932283 -0.202885 0.324357 -0.549979 -0.525010 -0.115751 0.073834 
4.989197 2.414791 2.576756 0.257794 1.493572 -3.635713 0.157653 0.449513 -1.316650 -0.789336 -0.352222 0.113045 
4.766885 2.804131 2.201749 -0.045039 1.105463 -3.034274 0.136675 0.226564 -1.421137 -0.997359 -0.313535 0.037133 
4.129810 2.994285 1.793389 0.044854 0.071378 -2.080490 -0.404033 -0.511235 -1.334865 -0.562127 -0.217850 -0.044062 
4.059369 2.955841 1.421048 -0.098405 -0.529729 -1.599017 -0.569895 -0.797543 -1.353726 -0.654906 -0.164740 -0.052381 
5.632495 2.842157 1.610508 -0.805264 0.530930 -3.135033 0.529296 -0.270728 -2.092433 -0.845620 -0.522178 0.016825 
4.862882 3.429043 1.307265 -0.707944 -0.863590 -2.092751 -0.205226 -0.448863 -1.769535 -1.086916 -0.319348 -0.067812 
5.399326 3.488907 1.176678 -0.866822 -0.322328 -3.022993 -0.012939 0.049884 -1.956043 -1.131671 -0.507571 -0.034191 
4.673474 3.343307 1.430447 -0.793576 -0.979898 -1.881149 -0.316145 -0.395878 -1.640811 -0.991337 -0.210731 -0.060291 
5.684223 3.377174 0.828413 -1.170324 0.229328 -3.327347 -0.197518 0.100271 -2.017002 -0.985030 -0.600182 0.009755 
3.809085 2.540013 1.053597 -0.382439 -0.615702 -1.081083 -0.842904 -0.814913 -1.172660 -0.610273 -0.070610 -0.048902 
4.892094 3.687615 1.368280 -1.140320 -0.899823 -1.949761 -0.185551 -0.446110 -1.804326 -0.976900 -0.313362 -0.067902 
5.252954 3.401755 1.363367 -0.856964 -0.682905 -1.793520 -0.512467 -0.223577 -1.524418 -0.941855 -0.277888 -0.060656 
4.256353 3.149638 1.135937 -0.380591 -0.733564 -1.173351 -0.670968 -0.533308 -1.034884 -0.744380 -0.138710 -0.081217 
3.824662 2.575433 1.188592 -0.098059 -0.484410 -0.781588 -1.012464 -0.721837 -0.761439 -0.525888 -0.062188 -0.084524 
5.349005 3.041333 0.501521 -0.200512 -0.264536 -1.245878 -0.784404 -0.193022 -0.764858 -0.888871 -0.296870 -0.071917 
5.177399 2.663649 0.474494 -0.382477 -0.063219 -0.914966 -0.854177 -0.246462 -0.551652 -0.905370 -0.238987 -0.071170 
4.091977 2.501069 0.769203 0.050941 -0.004768 -0.490026 -0.616961 -0.369135 -0.525425 -0.589642 -0.139948 -0.097977 
4.774596 2.156764 0.453488 0.382712 0.307939 -0.411392 -0.819380 0.224877 -0.452107 -0.867780 -0.214543 -0.059527 
