4.178123 2.501816 1.078129 1.339739 1.721712 0.633672 -0.135362 0.159631 0.576492 0.070413 -0.208724 -0.037563 
4.780713 2.776497 0.574871 1.077054 1.919429 0.447563 -0.594201 -0.008111 0.683848 0.147255 -0.153064 -0.073925 
4.874469 2.846236 0.525167 0.901325 2.042862 0.204660 -0.909815 -0.036037 0.654340 0.129931 -0.142478 -0.077994 
4.511296 2.674391 0.884040 0.871968 1.694279 0.335573 -0.718066 -0.301591 0.421059 0.192988 -0.168202 -0.057382 
4.656333 2.742291 0.992450 1.206707 1.191366 -0.167609 -0.895072 -0.069147 0.615357 0.040171 -0.247566 -0.067696 
4.958060 2.619617 0.839773 0.772534 1.315524 -0.107130 -1.010084 -0.072944 0.420386 -0.000199 -0.204532 -0.066873 
4.334586 2.830197 0.987417 0.510823 0.866531 0.035471 -0.702376 -0.453402 0.138485 0.228949 -0.151231 -0.028774 
4.501916 2.690331 0.823950 0.579424 0.792027 -0.410246 -0.609820 -0.087400 0.499377 0.006808 -0.242470 -0.064938 
5.378176 2.794578 0.222183 0.256022 1.406412 -0.412277 -0.638926 -0.180032 0.514365 -0.198973 -0.225757 -0.080554 
4.956914 2.706325 0.280772 0.208713 1.017977 0.153388 -0.620976 -0.107927 0.136787 -0.183695 -0.190132 -0.061830 
4.056821 2.343148 0.552793 0.411457 0.633770 0.319700 -0.307405 -0.235846 -0.000889 -0.148827 -0.242488 -0.035618 
4.255235 2.410523 0.876938 0.383492 0.378335 -0.076942 -0.308170 0.002325 0.178603 -0.181135 -0.257410 -0.048492 
5.721904 2.761283 -0.311003 0.354549 0.943623 0.142387 -0.879027 -0.065191 0.415765 -0.194615 -0.236920 -0.095979 
5.420208 2.738518 -0.064074 0.000754 1.038683 0.055187 -0.809122 -0.175330 0.285876 -0.066995 -0.174002 -0.091918 
4.335046 2.437825 0.613045 0.128387 0.309548 -0.202213 -0.311686 -0.193464 0.021421 -0.105344 -0.192945 -0.047440 
4.586132 2.325803 0.411646 0.127465 0.314795 -0.342286 -0.913213 -0.012594 0.221408 -0.101668 -0.222133 -0.076784 
5.334252 2.505026 -0.093139 -0.201011 0.936091 -0.689496 -1.181669 0.053236 0.391282 -0.005096 -0.222962 -0.108871 
5.563128 2.523143 -0.446344 -0.275308 1.119601 -0.924258 -1.166526 0.063688 0.570861 -0.036380 -0.268279 -0.121159 
5.257142 2.434442 -0.522109 -0.103241 0.971379 -0.894010 -0.870395 0.126021 0.621448 0.010856 -0.219813 -0.094786 
5.186277 2.310432 -0.390683 -0.475868 1.081899 -0.521001 -0.831913 0.263439 0.677775 0.064456 -0.138401 -0.082693 
5.438600 2.437584 -0.697268 -0.511148 0.931629 -0.255313 -0.935748 0.423768 0.743934 0.099492 -0.100764 -0.081562 
5.328734 2.608901 -1.016116 -0.427624 0.805856 -0.440021 -0.595181 0.372799 0.751671 0.006249 -0.100909 -0.069560 
5.383438 2.539630 -1.061940 -0.669274 1.007662 -0.643295 -0.562382 0.341697 0.637362 0.034954 -0.122666 -0.071650 
5.274755 2.353976 -1.009167 -0.681711 0.723286 -0.457277 -0.408683 0.287357 0.529446 0.001738 -0.081636 -0.056397 
5.644900 2.492588 -1.495603 -0.600024 1.234583 -0.488755 -0.307532 0.300767 0.635133 0.131127 -0.094481 -0.048820 
5.594252 2.456389 -1.598501 -0.582642 1.494742 -0.291089 -0.166381 0.445344 0.685231 0.246271 -0.052372 -0.029259 
4.657147 1.742795 -0.446281 -0.645834 0.936417 0.193311 -0.016082 0.375232 0.670379 0.189721 0.057649 -0.008185 
4.519632 1.630384 -0.579530 -0.354416 0.894668 0.315214 0.031905 0.442471 0.567720 0.190203 0.033015 -0.008331 
5.368086 1.902215 -1.415620 -0.420960 1.793340 0.027435 0.031720 0.432328 0.830477 0.187364 -0.022663 -0.017861 
5.758773 1.897871 -1.596792 -0.432789 2.151944 -0.151824 0.145278 0.533282 0.694844 0.282945 -0.096478 -0.014109 
4.462728 1.344933 -0.443419 -0.218710 1.096939 0.745332 0.062694 0.575280 0.625263 0.075940 0.010245 -0.009348 
4.394641 1.518728 -0.659851 -0.187068 1.186072 0.584674 0.359672 0.672911 0.548774 0.092806 0.020842 0.001728 
5.581538 1.607809 -1.431291 -0.542323 1.988854 0.142638 0.585859 0.420867 0.864383 0.138355 -0.023957 0.013985 
6.125725 1.506682 -1.704580 -0.756428 2.553595 -0.285906 0.719819 0.485103 0.856829 0.335527 -0.111045 0.028677 
5.114858 1.570071 -1.063149 -0.620602 1.470268 0.816748 0.228456 0.798255 0.628269 0.165879 0.044488 -0.001069 
5.866460 2.083592 -1.999523 -0.807634 2.542798 0.297654 0.496757 0.474943 0.899460 0.354023 -0.045347 -0.020567 
6.344655 1.867026 -2.077652 -0.609905 2.597919 0.375852 0.223728 0.700044 0.813613 0.429986 -0.123147 -0.042878 
5.093877 1.610877 -1.129895 -0.317508 1.592868 0.996167 0.179536 0.634749 0.906426 0.106899 -0.028550 -0.049311 
4.475878 1.405319 -0.674305 0.069335 1.327932 0.960479 0.287763 0.839649 0.963370 0.148490 -0.072398 -0.050439 
4.388112 1.431337 -0.736926 0.348396 1.393894 0.905104 0.375652 0.800879 1.158398 0.276462 -0.096682 -0.065878 
4.917578 1.583948 -1.011164 -0.046663 2.159990 0.741927 0.125759 0.952226 1.313458 0.423070 -0.072854 -0.086449 
4.689484 1.519609 -0.744448 0.107682 1.910158 0.873156 0.044255 0.976350 1.331416 0.472856 -0.081729 -0.094389 
4.119699 1.520561 -0.419926 0.380731 1.538511 0.730241 0.347101 0.898216 1.268479 0.469464 -0.123148 -0.078695 
3.957196 1.402624 -0.246194 0.524867 1.349162 0.793346 0.398779 0.979412 1.175570 0.392859 -0.148030 -0.066071 
4.272566 1.353686 -0.475237 0.373446 1.614476 0.999556 0.200392 0.976684 1.152845 0.358567 -0.136606 -0.074779 
4.385266 1.490169 -0.894377 0.310134 1.963373 1.117159 0.282388 0.834340 1.182503 0.266765 -0.112649 -0.075163 
4.507199 1.401060 -0.917885 0.234969 2.196496 1.300107 0.176627 0.843329 1.175386 0.209421 -0.124735 -0.078260 
4.323116 1.218577 -0.754331 0.350217 2.140596 1.227602 0.364900 0.983787 1.061476 0.221144 -0.152424 -0.063578 
4.018058 1.149800 -0.541486 0.493232 1.965539 1.200593 0.587027 0.915025 1.040554 0.144527 -0.157978 -0.039742 
4.037716 1.159820 -0.632504 0.623494 1.935278 1.272191 0.497641 0.884132 1.186750 0.120249 -0.162791 -0.045280 
4.124002 1.112081 -0.595338 0.434125 1.944811 1.222529 0.327842 1.139458 1.093092 0.259167 -0.183530 -0.058024 
4.450538 1.403710 -1.053839 0.267060 2.412714 1.044998 0.363320 1.086478 1.330820 0.260642 -0.162962 -0.081995 
4.085670 1.057909 -0.604531 0.571994 2.039798 1.195209 0.476714 1.155995 1.379638 0.244988 -0.238468 -0.081028 
4.022952 0.973741 -0.749429 0.693589 2.145622 1.445296 0.695006 1.210721 1.267811 0.186146 -0.196865 -0.059124 
4.363381 0.900269 -1.026624 0.685602 2.693123 1.270258 0.691570 1.284516 1.384138 0.227502 -0.225342 -0.068703 
5.163504 1.153021 -1.761336 0.655461 3.123948 1.390620 0.608981 1.448157 1.650982 0.319500 -0.218876 -0.076302 
4.905360 0.861698 -0.962446 0.880093 2.944337 1.277106 0.656464 1.503715 1.579930 0.295143 -0.273599 -0.080221 
4.097401 0.976973 -0.637245 0.982223 2.646207 1.327331 0.472110 1.555375 1.737341 0.438321 -0.222647 -0.093072 
4.656100 0.969885 -1.245469 0.816500 2.770977 1.348349 0.437596 1.565909 1.885122 0.427284 -0.118287 -0.074363 
4.788026 1.007234 -1.647138 0.522977 2.848355 1.365275 0.537163 1.677848 1.977461 0.416081 -0.084987 -0.069439 
4.174363 0.723277 -1.284082 0.507305 2.437777 0.924712 0.567112 1.680574 1.990525 0.414642 -0.137054 -0.083861 
4.086517 0.709595 -1.740209 0.144332 2.651767 1.490336 0.446016 1.698657 1.915141 0.336794 -0.059070 -0.092185 
4.437427 0.712970 -1.545402 0.296651 2.806076 1.068803 0.627764 1.613419 1.864177 0.308274 -0.119813 -0.058698 
4.137850 0.869817 -1.049064 0.561428 2.857647 1.183467 0.472757 1.764491 1.813221 0.331305 -0.167473 -0.079356 
3.926729 0.935685 -0.973527 0.743891 2.819056 1.589120 0.472225 1.587431 1.762840 0.251680 -0.164020 -0.080391 
4.736805 1.049270 -1.681546 0.383086 3.572620 1.555359 0.718087 1.804233 1.913073 0.311575 -0.113003 -0.059678 
5.006125 1.222178 -1.824815 0.295302 3.839009 1.224885 1.163754 1.815609 2.073964 0.405011 -0.152550 -0.048605 
4.017544 0.866015 -0.911328 0.746560 3.109061 1.297126 0.928454 1.707153 1.715483 0.287981 -0.153238 -0.053876 
4.071826 0.947371 -1.282997 0.526389 3.281365 1.583330 0.855666 1.607461 1.559069 0.209353 -0.064574 -0.037545 
4.411591 0.962531 -1.779688 0.453878 3.433406 1.413929 0.787346 1.439906 1.786247 0.166772 -0.059328 -0.031436 
4.494908 0.702403 -2.457014 0.074834 3.622201 0.754689 1.228602 1.614743 1.903962 0.300434 -0.205443 -0.037279 
4.005025 0.749550 -1.392215 0.623857 3.241737 1.330767 0.779179 1.558303 1.750212 0.132413 -0.173588 -0.047751 
3.755934 0.967815 -0.646625 0.965126 2.855114 1.224425 0.646137 1.526734 1.606195 0.252600 -0.272477 -0.060378 
4.084590 1.231847 -1.016011 0.949547 3.083239 0.841462 0.778312 1.574373 1.975117 0.382038 -0.156414 -0.067512 
4.908186 1.165858 -1.687485 0.899485 3.651876 0.763502 1.049180 1.853234 1.952038 0.500305 -0.184217 -0.024790 
3.994148 1.196637 -0.355533 0.879486 2.932825 0.853876 0.561058 1.759689 1.724293 0.469110 -0.192206 -0.064425 
3.585433 1.258255 -0.117851 1.034142 2.434732 0.960175 0.666060 1.407831 1.442675 0.323226 -0.246452 -0.038916 
3.622127 1.269846 0.110247 1.230581 2.723282 1.194801 0.931031 1.439940 1.191954 0.241605 -0.270836 -0.018933 
4.372636 1.594709 -0.622113 1.166509 3.668235 1.054070 0.952692 1.771026 1.589294 0.347335 -0.217873 -0.037521 
3.886100 1.487582 0.183737 1.396581 2.846457 1.149611 0.782102 1.830554 1.605245 0.290989 -0.301402 -0.052068 
3.940099 1.687519 0.346971 1.431142 2.782867 0.858495 0.835702 1.797291 1.740486 0.502898 -0.258978 -0.056448 
3.406038 1.611806 1.068727 1.552370 1.719175 0.692625 0.573690 1.733691 1.730985 0.648832 -0.235467 -0.015887 
3.766071 1.658299 0.319406 1.465665 2.750211 0.866815 0.941480 1.734479 1.863944 0.707565 -0.183804 -0.047692 
3.827827 1.445952 0.193197 1.532970 2.551200 1.191293 0.931226 1.992621 1.948831 0.439991 -0.168061 -0.035452 
4.180856 1.462421 -0.172362 1.499416 2.943904 1.000223 0.730229 1.975314 2.066763 0.565027 -0.119964 -0.044416 
