3.374583 2.207823 1.312278 1.123086 1.527081 1.596362 1.278066 0.717817 0.698527 0.217221 -0.057379 0.040898 
3.632513 2.183459 1.116164 1.006954 1.766667 1.377310 1.245519 0.597567 0.824739 0.101147 0.020685 0.041207 
3.591429 2.080929 1.102520 1.103259 1.658544 1.149106 1.562851 1.161437 1.041061 0.078569 0.182609 0.064853 
3.365125 1.878643 0.860322 0.965023 1.809941 1.091899 1.714260 0.948517 0.689304 0.162476 0.225210 0.083606 
3.480401 2.164477 1.051211 0.853719 1.013979 0.642408 1.333865 1.142657 0.466432 0.232764 0.286125 0.086136 
3.387698 1.789655 1.169342 0.798139 1.863215 0.478958 0.875226 1.320873 0.162849 -0.119702 0.346974 0.112245 
3.030473 1.758040 1.167428 0.659488 1.195114 0.966938 0.964492 1.116174 0.358324 -0.137334 0.085886 0.073673 
3.543808 1.957802 0.947074 0.581546 1.737595 0.990388 1.434447 1.623379 0.365212 -0.287219 0.109978 0.069265 
4.039948 1.993380 0.401249 -0.195680 1.639267 1.381788 1.050685 1.593453 0.458941 -0.115645 -0.022755 0.021277 
4.038247 1.870502 0.449085 -0.214377 1.209166 1.454269 1.702907 1.548265 0.176203 -0.086707 -0.148933 0.015755 
4.186141 2.157354 0.661031 -0.375353 1.281658 1.544315 1.607109 1.009374 0.152544 -0.189752 -0.289412 -0.024610 
4.341611 2.191235 0.402744 0.145325 1.064095 1.158063 1.014784 0.970812 -0.011756 -0.404456 -0.333666 -0.040567 
5.186254 2.694979 0.266205 -0.193101 0.827315 0.383204 0.961752 0.931653 0.045661 -0.637360 -0.241310 -0.019882 
5.211308 2.640182 0.452408 -0.268813 0.455324 0.425596 0.942850 1.145339 -0.018966 -0.875262 -0.339533 -0.061462 
5.042353 2.848766 0.385281 -0.576602 -0.036880 0.333281 0.924637 0.886928 -0.011272 -0.864980 -0.322011 -0.090818 
4.871052 2.964652 0.448376 -0.663802 -0.480842 0.409304 0.976790 0.782219 -0.107548 -0.804859 -0.322797 -0.105716 
5.658195 2.905786 0.099774 -0.581042 -0.217425 0.049872 0.856693 0.789287 0.084148 -0.856825 -0.409668 -0.104745 
5.620585 2.902441 0.318814 -0.449847 -0.127649 -0.021415 0.787272 0.817253 0.206016 -0.907239 -0.405776 -0.103786 
5.453754 3.271559 0.548970 -0.774016 -0.384980 -0.053473 0.621106 1.035687 -0.053243 -0.949440 -0.374015 -0.108918 
5.680600 3.043236 0.469275 -0.580018 -0.253270 -0.559754 0.739000 1.180785 -0.249908 -0.935280 -0.413977 -0.085718 
5.870109 2.766663 0.649395 -0.697983 -0.261489 -0.742543 0.907999 1.403199 -0.717760 -0.767366 -0.363731 -0.065655 
5.281798 2.864139 0.584567 -0.410886 -0.463504 -0.627201 0.721055 1.143910 -0.463158 -0.945595 -0.323013 -0.066667 
5.983813 2.675293 0.573429 -0.499448 -0.337303 -1.255854 0.694785 1.208887 -0.760038 -0.718652 -0.316101 -0.039369 
6.210502 2.715422 0.301096 -0.344002 0.018156 -1.674972 0.692454 1.191662 -1.119581 -0.511863 -0.273996 0.004285 
5.694226 2.722665 0.678218 -0.477815 -0.268855 -1.195567 0.099099 0.798589 -0.699216 -0.508116 -0.239071 -0.041349 
5.200722 2.886338 0.289996 -0.403789 -0.461182 -0.830455 -0.046715 0.290542 -0.193208 -0.436872 -0.184000 -0.046401 
6.040310 2.506187 0.400421 -0.662572 -0.389906 -0.738179 0.136807 0.683177 -0.416504 -0.453640 -0.243589 -0.048274 
4.047646 2.156350 0.595458 -0.120467 -0.416669 0.010328 0.165210 0.131804 -0.156825 -0.409752 -0.227185 -0.048230 
4.868473 2.876917 0.176940 -0.370234 -0.212232 -0.085042 -0.069117 0.297474 0.011900 -0.513853 -0.221890 -0.061069 
4.800717 2.719241 0.169484 -0.275198 -0.120827 -0.072805 -0.208172 -0.032064 0.003003 -0.430708 -0.192811 -0.052141 
5.671371 2.829020 -0.263948 -0.225192 0.390347 -0.556655 -0.428787 -0.359535 0.488179 -0.547468 -0.258259 -0.090551 
4.105202 2.390935 0.586806 -0.234183 -0.312805 -0.456953 -0.269912 -0.175118 -0.051126 -0.366637 -0.228426 -0.059903 
5.197021 2.914671 -0.405464 -0.397648 0.054993 -0.334518 -0.922787 -0.220274 0.532227 -0.404736 -0.233750 -0.129670 
5.088957 2.760522 -0.250695 -0.389713 0.111185 -0.520006 -0.730989 -0.298001 0.426497 -0.460288 -0.277150 -0.122659 
5.246876 2.872673 -0.161865 -0.621197 0.439013 -1.130101 -0.728741 -0.017343 0.480373 -0.515275 -0.333308 -0.127530 
5.854619 3.078408 -0.274217 -0.987562 1.021304 -1.451688 -0.993769 0.360049 0.262574 -0.384490 -0.427692 -0.132233 
5.743563 2.964802 -0.068191 -0.884773 0.895907 -1.152893 -0.873399 0.275046 0.331108 -0.593157 -0.371940 -0.105960 
6.007998 2.942181 -0.055755 -0.837530 1.513893 -1.505038 -0.781828 0.384099 0.219898 -0.538324 -0.504052 -0.100813 
4.342636 2.367506 0.727261 -0.105591 0.234484 -0.306635 -0.419720 0.145532 -0.003649 -0.598479 -0.204299 -0.045559 
5.867087 2.775827 0.293663 -0.858039 2.396274 -0.782576 -0.629693 0.467959 0.278291 -0.679778 -0.550455 -0.129844 
5.195946 2.701714 0.464503 -0.439196 2.021125 -0.395128 -0.414197 0.575524 -0.031789 -0.661427 -0.431812 -0.113339 
5.414891 2.945043 0.439749 -0.473918 1.982640 -0.306833 -0.464733 0.446686 0.105146 -0.831833 -0.382971 -0.094498 
3.592655 2.112056 1.132715 0.645482 0.554299 0.064292 0.095801 0.030384 -0.243198 -0.496163 -0.199371 -0.003103 
5.598957 2.148050 1.260595 0.511030 1.314928 -0.283085 -0.205075 -0.014113 0.330830 -0.769434 -0.332113 0.004061 
5.143137 2.432533 1.121879 0.806954 1.378227 -0.240323 -0.327253 0.265848 0.119962 -0.554443 -0.194679 -0.000125 
4.731651 2.235258 1.679636 1.556282 1.632524 -0.147545 -0.667826 0.124017 0.094347 -0.119919 -0.095741 -0.000051 
4.688838 2.328724 1.896787 2.034972 1.749487 -0.226719 -0.862905 0.625494 -0.067392 0.258519 -0.078047 -0.010191 
4.577484 2.467553 1.925949 2.083284 1.619514 -0.282039 -0.260669 0.586502 0.051561 0.187685 -0.143080 -0.019083 
4.339896 2.440456 1.798584 2.160961 1.660378 -0.493784 -0.188708 0.430509 0.160120 0.130360 -0.149426 -0.001138 
4.286412 2.585696 1.924872 2.124448 1.785870 -0.198189 -0.294463 0.437424 -0.027136 -0.066254 -0.182256 -0.016664 
3.984504 2.812904 1.814575 2.364376 1.321880 0.012521 -0.304270 0.108125 0.312248 -0.185116 -0.121448 -0.007701 
3.898079 2.612111 2.109259 1.823381 1.864848 -0.103482 -0.419258 0.294184 0.241745 0.008408 -0.141062 -0.005946 
4.075495 2.830719 1.947324 1.887928 1.746775 0.097950 -0.180551 0.102610 0.513854 0.029403 -0.099204 -0.011880 
4.668460 2.888358 2.124855 1.875781 3.137604 -0.576098 -0.663327 0.904332 0.253626 0.058532 -0.232284 -0.043416 
4.006641 2.844929 2.404480 2.340002 2.667878 0.132047 -0.439809 0.660174 0.014267 -0.219327 -0.104176 -0.035936 
4.124502 2.979023 2.333851 2.294929 2.572758 0.162693 -0.622367 0.804089 0.208487 -0.110160 -0.150434 -0.048754 
4.079781 2.949157 2.262001 2.155395 2.693925 0.276589 -0.610892 0.720841 0.536591 -0.207155 -0.132815 -0.059589 
4.308331 3.104264 2.008227 2.470815 3.071065 0.904035 -0.723954 0.874504 0.428391 -0.496836 -0.041165 -0.058231 
4.126033 2.664110 2.256026 2.349179 3.163238 1.329164 -0.245737 0.827514 0.822065 -0.369688 -0.106294 -0.060857 
4.306739 2.938215 2.328226 2.485235 3.663473 0.975416 -0.380616 1.038790 0.476956 -0.138825 -0.122494 -0.077686 
3.756080 2.420245 2.432297 2.110343 2.784757 1.019220 0.314411 0.839825 0.481343 -0.131128 -0.157015 -0.052027 
3.406651 2.482744 2.231997 2.358894 2.075214 0.944711 -0.057644 0.210975 0.518158 -0.039769 -0.082789 -0.055549 
3.562229 2.567273 2.290665 2.420692 2.465860 0.953800 -0.002138 0.925811 0.375861 -0.292167 -0.127596 -0.056798 
4.209753 2.522139 2.372805 2.951388 2.640161 1.047002 -0.617062 0.845699 0.426053 -0.566558 -0.088849 -0.039571 
3.982890 2.675535 1.810953 1.955956 2.570508 1.306878 -0.078420 -0.014658 0.491897 -0.150685 -0.053878 -0.073193 
3.347126 2.183334 1.940402 1.759389 1.748531 1.085172 0.144146 0.377476 0.287786 -0.101814 -0.053448 -0.056836 
3.432070 2.162435 1.725758 2.136434 2.239281 1.186897 0.358372 0.681575 0.361803 -0.100641 -0.249395 -0.069129 
3.627818 1.949031 1.312991 2.213948 2.806905 1.498063 0.468704 0.738286 0.608172 -0.220167 -0.279108 -0.070903 
4.239228 2.034732 1.118459 2.208623 3.130076 1.531895 0.324900 0.615658 0.588378 -0.263319 -0.175826 -0.064039 
3.566893 2.156643 1.344144 1.889844 2.172086 1.471442 1.001345 0.603131 0.315632 -0.100862 -0.184601 -0.054451 
3.442743 2.427520 1.628302 1.644453 1.648141 1.292793 0.918294 0.509331 0.193725 -0.048055 -0.065598 -0.042734 
3.250583 2.453208 2.020965 1.609908 1.418265 1.229647 0.962898 0.694525 0.279944 0.046139 -0.084330 -0.032005 
3.681339 2.468739 2.100422 1.992713 2.110491 1.421571 1.103245 0.889787 0.614636 -0.057817 -0.155226 -0.023073 
3.907743 2.617275 1.930092 2.198769 2.302379 1.366048 0.576718 1.025241 0.713747 0.127020 -0.149738 -0.029441 
3.794866 2.524048 1.925221 2.117958 2.276113 1.425541 1.115259 1.229669 0.712609 -0.069148 -0.158776 -0.012281 
3.661637 2.332088 1.684130 1.901451 1.944419 1.504879 1.306112 1.151733 0.656348 -0.131696 -0.183620 -0.003542 
3.439125 2.183835 1.496606 1.471822 1.524426 1.328693 1.098249 1.242569 0.849887 -0.148994 -0.238116 -0.002428 
3.239705 2.030375 1.433249 1.437694 1.828446 1.646207 1.377577 1.153180 0.665137 -0.105792 -0.282089 0.003681 
3.393557 2.103931 1.358177 1.782811 2.065988 1.737321 1.635345 1.338541 0.808781 -0.128667 -0.374714 -0.012811 
3.443730 2.128744 1.514248 1.812428 2.115432 1.700926 1.456156 1.415127 0.836305 -0.156953 -0.343080 -0.018222 
3.508856 2.129749 1.358241 1.650588 1.958974 1.680776 1.085560 1.184517 0.949552 0.066304 -0.284296 -0.039829 
3.359397 2.152942 1.581328 1.659774 1.718047 1.479766 1.041522 0.999397 0.719814 0.032136 -0.097180 -0.009781 
3.436022 2.264268 1.719343 1.643327 1.823817 1.338430 0.888285 0.877777 0.587113 0.241741 -0.014525 -0.001976 
3.495499 2.333408 1.763855 1.779961 1.504582 1.137887 0.842861 0.942581 0.613029 0.332666 0.080458 0.016067 
3.724176 2.322316 1.517139 1.660993 1.766696 1.077461 1.084147 1.179691 0.786892 0.214316 0.073673 0.023665 
