2.787763 -0.633607 1.925736 4.133169 0.941735 -1.996499 1.523877 1.244580 0.868829 0.533090 0.263760 0.061248 
2.431567 -0.089622 1.642662 5.062269 0.306742 -1.308142 1.244670 1.012411 1.091892 0.236299 0.408966 0.045420 
2.368986 0.366695 1.270850 4.921433 0.085566 -0.749715 1.385324 0.783866 1.055311 0.217310 0.454300 0.010963 
2.323903 0.100031 0.914756 5.038712 -0.621558 -0.869628 1.197380 0.505548 1.334440 0.143856 0.714780 -0.043243 
2.310978 -0.005729 0.959713 4.974129 -0.222633 -0.319277 1.667886 0.761302 1.511411 0.286928 0.708282 -0.050683 
1.965144 -0.310223 1.224320 5.185291 0.053357 -0.750159 1.779867 1.114672 1.396960 0.179936 0.563790 -0.014270 
1.776566 -0.222270 1.018014 5.254757 0.196419 -1.428625 2.099672 1.006442 1.453640 0.120651 0.627771 -0.035019 
1.748211 -0.432377 0.840266 5.648196 0.156319 -1.075777 2.149024 0.836447 1.324832 0.021351 0.572624 -0.049484 
1.368961 -0.271586 1.528695 4.687883 0.167903 -1.580346 1.736582 0.732469 1.228982 0.160430 0.496494 -0.000343 
1.153062 0.080971 1.516834 5.114982 -0.090396 -1.303860 1.659582 1.103456 1.419609 0.043397 0.626023 -0.029300 
1.183234 -0.228818 0.985151 5.605729 0.229005 -1.833497 1.815094 0.973549 1.036846 0.027716 0.579006 -0.016841 
0.903480 -0.568057 1.044096 5.749917 0.477689 -1.986189 1.671891 0.847141 0.925543 -0.194683 0.571235 0.019182 
0.670514 -0.418569 1.412644 5.212253 0.828056 -2.782780 1.368271 0.883133 0.660030 -0.122305 0.427851 0.105565 
0.839689 -0.499604 1.777248 4.568828 1.178275 -2.553979 1.535675 1.058494 0.602896 -0.021878 0.318818 0.132367 
0.658283 0.092944 0.839954 5.266227 1.942122 -2.943772 0.801376 1.564710 1.150610 -0.360233 0.331066 0.121295 
0.066494 0.118030 1.199271 4.839673 2.339728 -2.460732 0.071831 1.742026 0.937115 -0.351279 0.412247 0.035337 
0.043001 0.442230 1.076899 4.097393 3.215046 -2.403320 0.231094 2.507338 0.790081 -0.070352 0.471433 -0.031182 
-0.123614 0.602533 1.170131 4.072848 3.279604 -2.482447 0.252198 1.913002 0.726355 -0.080296 0.428404 -0.016285 
0.059866 0.933629 1.575580 3.898221 2.997950 -2.672785 0.848804 1.966894 0.785816 -0.031418 0.578830 -0.030958 
0.101114 0.996488 2.078404 3.894597 2.207247 -2.733239 1.105770 2.054031 0.709171 0.108275 0.645047 -0.017592 
0.371922 0.720846 1.589690 4.163750 2.543275 -2.466905 0.975681 1.271915 0.999776 0.235772 0.611278 -0.069173 
0.693129 0.882484 1.468362 4.029215 2.227363 -1.888471 0.511726 1.335384 0.749616 0.603647 0.695683 -0.103809 
1.117173 0.580741 1.613244 3.596865 2.425454 -1.569275 0.441974 1.559648 0.762170 0.827245 0.698506 -0.085099 
1.468670 0.869722 1.337914 3.771129 2.819153 -1.356264 0.135450 1.411849 1.026011 0.876402 0.507650 -0.033172 
2.258165 1.127933 1.856885 2.553031 1.649552 -0.863881 -0.021147 1.455566 1.116506 0.594168 0.539562 0.087216 
3.865007 1.636599 1.254809 1.533116 1.363827 -0.669959 0.530107 0.853077 0.554909 0.328937 0.394681 0.138747 
4.783691 1.778885 0.664098 1.603884 1.693858 -0.503031 0.042835 0.716969 0.494521 0.325216 0.215725 0.097036 
5.486179 1.716200 0.133472 1.619931 1.440911 -0.926773 0.052998 0.426941 0.459954 0.236563 0.143645 0.073761 
4.965658 1.951743 0.295608 1.002687 1.066337 -0.543388 -0.329282 0.289289 0.042926 0.158686 0.092674 0.033271 
6.156998 1.899437 -0.135594 0.525391 1.569457 -1.213942 -0.309520 -0.074965 -0.077880 0.067880 -0.051293 0.015560 
6.200381 1.856603 -0.025021 0.315101 0.964390 -1.089649 -0.369738 -0.461023 -0.295256 -0.166564 -0.095845 -0.010717 
6.202711 2.230196 -0.087752 -0.035254 0.697401 -1.029267 -0.657438 -0.317805 -0.798530 -0.304187 -0.150048 -0.023404 
5.210858 2.675218 0.274661 -0.095042 0.091560 -0.745277 -0.701769 -0.767655 -0.920120 -0.325722 -0.166995 -0.052764 
4.005073 2.468815 0.719177 -0.281003 -0.293500 -0.450949 -0.704690 -0.964490 -0.877525 -0.382171 -0.231903 -0.090246 
6.341541 2.819978 -0.053260 0.424717 -0.489468 -1.032271 0.073052 -0.845296 -1.234564 -0.477461 -0.146265 -0.055233 
4.737504 2.951067 0.922219 0.024124 -0.466297 -0.948437 -0.621988 -0.445419 -0.628438 -0.521945 -0.300615 -0.107697 
3.409871 2.187643 1.035185 0.240225 -0.219111 -0.311801 -0.449890 -0.658017 -0.798284 -0.626297 -0.290966 -0.109102 
4.520647 2.959269 1.118031 -0.041366 -0.478612 -0.359194 -0.302836 -0.604414 -0.820481 -0.546262 -0.290489 -0.091136 
4.938898 3.105799 0.873482 -0.228242 -0.487907 -0.419843 -0.410923 -0.491031 -0.691189 -0.522798 -0.253172 -0.077982 
4.840716 3.106179 0.934192 -0.404713 -0.795755 -0.749182 -0.456435 -0.434451 -0.658493 -0.496060 -0.205367 -0.071982 
3.603856 2.264734 0.897940 -0.112038 -0.692242 -0.885016 -0.854266 -0.683527 -0.493490 -0.295759 -0.104786 -0.076439 
5.939462 3.131812 0.211052 -0.699320 -0.983868 -1.125541 -0.597554 -0.540936 -0.745534 -0.232141 -0.136629 -0.047305 
4.593243 2.783907 0.479458 -0.791396 -1.100582 -1.075146 -0.778855 -0.539466 -0.499370 -0.369500 -0.098181 -0.066010 
5.452456 2.775347 0.063486 -0.789697 -0.999627 -1.043491 -0.761763 -0.287571 -0.367116 -0.414951 -0.169535 -0.070632 
5.391146 2.830675 0.067787 -0.621689 -0.718036 -0.856711 -0.411547 -0.317276 -0.285729 -0.239478 -0.173694 -0.087346 
5.700273 2.605609 -0.106264 -0.143531 -0.692625 -0.636633 -0.432732 -0.284572 0.032760 -0.230196 -0.206503 -0.113125 
4.158376 2.325704 0.460877 -0.308233 -0.383327 -0.625706 -0.543812 -0.150787 -0.002533 -0.061699 -0.217843 -0.125730 
5.050865 2.364487 0.431506 -0.096449 -0.278777 -0.807245 -0.453402 -0.064993 0.239404 -0.024951 -0.233003 -0.138705 
5.965394 2.057291 -0.221256 0.691681 -0.251727 -0.836433 -0.038789 -0.141945 0.093074 0.170653 -0.112412 -0.146469 
5.774711 2.284718 0.056911 0.875131 -0.186810 -1.135126 -0.137515 -0.127275 0.288785 0.182894 -0.143819 -0.145780 
4.117468 2.401737 0.519769 0.013207 -0.158724 -0.325314 -0.220474 -0.005994 0.240304 0.032448 -0.168574 -0.108541 
4.557979 2.525019 0.849282 0.289119 -0.213431 -0.724972 -0.068390 -0.056039 0.367834 0.265811 -0.118938 -0.092576 
5.864178 2.931580 -0.154171 0.698968 -0.077847 -0.690302 -0.080258 0.017039 0.592392 0.125789 -0.072767 -0.107226 
6.224510 2.647642 -0.209170 0.796223 0.074461 -0.587612 -0.171872 0.232727 0.582655 0.194563 -0.078202 -0.098128 
5.493088 2.660114 0.381684 0.883025 0.444052 -0.363798 -0.462992 0.131131 0.756065 0.288136 -0.119366 -0.116579 
4.974469 2.680731 0.742903 0.651299 0.695361 -0.049870 -0.252488 0.137684 0.422316 0.227182 -0.132126 -0.098874 
4.768446 2.855642 0.747238 0.749085 0.728269 0.337532 -0.099296 -0.185995 0.238797 0.093524 -0.118823 -0.078750 
4.363078 2.671700 1.151783 1.082480 0.833983 0.074137 -0.243681 -0.074084 0.353889 0.072211 -0.135632 -0.061503 
4.601790 2.806988 1.281599 1.111404 0.848571 0.105845 -0.449637 -0.135457 0.287635 0.099974 -0.085071 -0.048274 
4.868157 3.046980 1.139933 0.987229 1.031974 0.186292 -0.940061 -0.518391 0.541387 0.337345 -0.026331 -0.065254 
4.231677 2.923748 1.430845 1.078109 0.991390 0.111216 -0.677279 -0.452210 0.261511 0.413102 -0.023959 -0.024503 
3.748608 2.672425 1.888070 1.324070 0.881366 0.029864 -0.393468 -0.144116 0.324667 0.210718 -0.132962 -0.025383 
4.411967 2.906556 1.678012 1.154302 0.896674 0.212449 -0.232587 -0.126603 0.405663 0.275069 -0.077095 -0.028635 
4.333602 2.979253 1.986901 1.823029 1.170340 0.231419 -0.312989 -0.042190 0.297104 0.072573 -0.162303 -0.040241 
4.901004 3.163198 2.211617 1.857169 1.159003 0.193018 -0.221605 -0.319113 0.245258 0.247397 -0.159230 -0.060564 
4.995724 3.285849 2.164634 2.297981 1.080789 0.312373 -0.060565 -0.532924 0.040606 0.227847 -0.136164 -0.061173 
5.298037 3.092354 2.627011 2.397052 1.001491 -0.047423 -0.116272 -0.578369 -0.252856 0.346544 -0.086490 -0.058283 
4.759179 3.460894 2.451549 2.073030 0.787985 0.017800 -0.227241 -0.410628 -0.023475 0.166352 -0.130601 -0.034190 
4.200734 3.218809 2.499984 1.816470 0.700383 0.014049 -0.192503 -0.209725 0.062976 0.006164 -0.126594 -0.018229 
4.235350 3.472738 2.717963 1.854880 0.719994 -0.090497 -0.281582 -0.117208 0.071215 0.010550 -0.087343 -0.004133 
4.297255 3.415412 2.544675 1.650817 0.695667 0.170963 -0.056554 -0.067200 -0.134275 -0.128375 -0.056223 -0.007017 
3.615772 3.003921 2.225252 1.412248 0.525066 -0.187487 -0.182006 0.056500 0.129188 0.037174 -0.050443 0.016765 
4.073926 3.345990 2.408753 1.603838 0.964787 0.225438 -0.132901 -0.119505 -0.014473 -0.055902 -0.005494 0.007515 
3.761444 2.893198 2.057034 1.569268 0.990663 0.326650 -0.063354 -0.120625 -0.044561 -0.068428 -0.041740 -0.001854 
4.176228 3.310690 2.404935 1.662562 0.897467 0.086576 -0.411398 -0.288882 0.056185 0.159512 -0.096347 -0.006161 
3.793793 2.929703 2.098438 1.601893 0.931154 0.025903 -0.336313 -0.153149 0.015457 -0.011191 -0.108116 -0.010397 
5.138515 3.196007 1.732523 1.694060 0.954878 -0.068138 -0.557290 -0.474678 0.111799 0.016482 -0.036424 -0.012052 
4.294846 3.288870 2.071172 1.340375 0.426454 -0.452944 -0.482793 -0.099317 0.031321 -0.080179 -0.050747 0.002213 
5.157101 3.471860 1.768744 1.361354 0.812269 -0.091614 -0.884510 -0.575199 0.124004 -0.158988 -0.033605 -0.011447 
6.351750 3.498672 0.739155 1.393332 1.448533 -0.675418 -0.581747 -1.177133 0.560694 -0.149136 -0.062684 -0.057076 
5.532130 3.177616 0.948669 1.015228 1.567617 -0.328224 -0.981077 -0.879117 0.292725 -0.110535 -0.056492 -0.047872 
6.197494 3.254304 0.415434 1.128297 1.562000 -0.077278 -1.104007 -1.073367 0.911133 -0.111919 -0.071950 -0.094690 
6.792539 3.419244 -0.271722 1.129181 1.891666 -0.196657 -0.742579 -1.258630 1.053557 0.052120 -0.034601 -0.124914 
5.644008 3.348982 0.436797 0.622509 1.854411 0.128622 -1.313007 -0.776267 0.752884 0.332547 0.122915 -0.072954 
5.373620 2.895226 0.776592 1.030748 1.510938 -0.128041 -1.234612 -0.697750 0.929882 0.449967 0.073081 -0.056915 
