1.527898 -0.057470 2.639627 4.704739 -0.965780 -1.030321 2.314140 0.541428 0.793417 0.322871 0.750676 -0.019732 
1.143984 -0.163900 2.697836 3.941587 -0.871440 -0.199276 2.316702 0.299118 1.041351 0.387930 0.787486 -0.075759 
0.557411 -0.338189 3.041414 3.155721 -0.700303 0.260006 1.691421 0.468887 1.051674 0.284302 0.810719 -0.092471 
0.027160 -0.256530 3.801923 2.814828 0.044788 0.490976 1.497822 0.649936 0.801479 0.272699 0.763968 -0.111138 
0.094827 -0.244122 3.814462 2.966215 0.065664 0.451670 0.576277 0.207346 0.899709 0.144642 0.766286 -0.119219 
0.070035 -0.176621 3.541431 2.995627 0.371948 1.004888 1.105918 0.245754 1.164646 0.230411 0.739731 -0.138596 
-0.246110 -0.120173 3.855628 2.589965 0.576146 1.020024 0.270842 -0.238572 1.070583 0.040345 0.681672 -0.108625 
-0.719541 0.247361 4.233280 2.888164 1.222088 1.261873 0.138298 -0.673477 1.136961 -0.050401 0.532467 -0.121480 
-0.619714 0.783483 4.121759 2.330744 1.076263 1.440129 0.219257 -0.577292 1.091510 -0.126187 0.494301 -0.063456 
-0.506459 1.191194 3.941338 2.240904 0.944510 1.109461 0.351386 0.224823 0.970346 -0.451550 0.549178 0.017531 
-0.987284 1.593658 3.898347 2.112040 0.631427 0.292776 0.962534 0.440797 0.566133 -0.286786 0.572477 0.035754 
-1.114435 1.767653 3.867794 1.420567 1.432314 0.269959 0.930599 0.783034 0.241322 -0.171479 0.615193 0.004146 
-0.946357 1.770520 3.525105 0.707346 1.223473 0.159841 0.863864 0.983533 0.309204 -0.249296 0.694686 0.013137 
-0.835352 2.379083 3.381896 0.682466 1.719328 0.633203 0.569873 0.771410 0.354357 -0.228628 0.531331 0.023335 
-0.858154 2.458156 3.363338 0.366383 1.458089 0.325578 0.795764 0.845374 0.875895 -0.278441 0.649376 0.006648 
-0.646823 2.591155 2.883178 0.545784 1.451863 0.178971 0.892091 0.498175 0.831315 -0.213168 0.632824 -0.010541 
-0.712087 2.912459 2.468192 0.409125 2.054453 0.587702 0.582980 0.478952 1.251297 -0.297395 0.525593 0.036001 
-0.689100 2.911317 1.869973 0.232518 2.300343 0.917375 0.516665 0.590931 1.709124 -0.196091 0.516248 0.017472 
-0.890513 2.735420 2.163504 0.033908 2.451590 1.078496 0.745340 0.523357 1.602484 -0.164454 0.509320 0.020514 
-0.867388 2.629666 2.127718 -0.007296 2.563468 0.770667 0.129385 0.324705 1.734539 -0.022323 0.489555 0.016659 
-0.053771 2.521382 2.087313 0.165111 1.954224 0.491356 0.786435 -0.083075 1.345937 0.082924 0.570643 -0.002643 
0.377275 2.630486 2.599375 0.524170 2.832969 0.852485 0.715008 0.619399 0.851802 0.160729 0.531439 -0.009389 
1.629430 2.643596 2.204703 0.854240 2.558611 0.794210 1.049372 0.429954 0.283148 -0.694690 0.338036 0.021700 
3.876775 2.670952 0.864149 -0.434359 2.069013 0.308643 0.736840 0.432512 0.452228 -0.567146 0.171297 0.034517 
4.736072 2.319844 0.398327 -0.179320 1.581330 0.634888 0.195970 0.014963 0.754661 -0.779233 -0.035907 -0.009524 
5.181225 2.517054 -0.442359 -0.188693 1.507343 0.830643 -0.143169 0.025899 0.573235 -0.997384 -0.211658 -0.083292 
5.045556 2.337352 -0.478952 -0.022147 0.906520 0.798092 0.205540 0.014697 0.143115 -0.961167 -0.259761 -0.067577 
5.003713 2.300329 -0.393703 -0.410341 0.858949 0.660231 -0.140975 0.037849 -0.107615 -0.963638 -0.255881 -0.064647 
5.544891 2.474857 -0.822503 -0.588932 0.860895 0.466301 -0.208512 -0.267068 -0.106577 -0.956523 -0.323769 -0.078305 
5.680064 2.597863 -0.891315 -1.276126 1.245039 0.293773 -0.300467 -0.665094 -0.080457 -0.982979 -0.328980 -0.101186 
5.106060 2.442467 -0.520970 -0.830267 0.190173 0.625840 -0.202333 -0.478621 -0.507833 -0.976798 -0.322052 -0.073115 
5.348039 2.587613 -0.749271 -0.985102 0.388265 0.554693 -0.320091 -0.594879 -0.546403 -0.985946 -0.356799 -0.092028 
5.795682 2.842544 -1.000345 -1.539299 0.622381 0.626030 -0.713890 -1.066702 -0.272106 -1.197404 -0.341519 -0.128970 
6.120133 2.904801 -1.142086 -1.585973 0.301578 0.481738 -0.751691 -1.103564 -0.408654 -1.151232 -0.383745 -0.125777 
5.026813 2.465850 -0.458590 -1.284801 -0.362871 0.048802 -0.324351 -0.553798 -0.774194 -1.033353 -0.368057 -0.083269 
5.434636 2.863079 -0.868996 -1.705158 -0.194633 -0.148544 -0.641927 -0.618835 -0.597373 -1.100284 -0.349082 -0.098584 
6.352003 2.945663 -1.460091 -1.953306 0.056976 -0.208280 -0.847545 -1.036385 -0.471895 -0.983514 -0.367653 -0.113746 
5.809144 2.613965 -0.995711 -1.743912 -0.406792 -0.202772 -0.785202 -0.754492 -0.458365 -1.012759 -0.335539 -0.084500 
4.527682 2.347787 -0.272104 -1.390130 -1.001782 -0.630236 -0.331215 -0.429880 -0.766213 -0.966908 -0.217828 -0.063659 
5.607344 2.741930 -1.176992 -1.808200 -0.605620 -0.367755 -0.969328 -0.525548 -0.333428 -0.991395 -0.304179 -0.100629 
6.199972 2.578638 -1.368572 -1.962802 -0.347157 -0.344813 -1.184828 -0.726583 -0.147103 -0.908381 -0.356669 -0.118131 
4.753866 2.401674 -0.516916 -1.605728 -0.923707 -0.222347 -0.405818 -0.471443 -0.588805 -0.815706 -0.216893 -0.071604 
4.784216 2.238843 -0.520904 -1.343852 -0.940552 -0.496096 -0.319168 -0.257702 -0.477224 -0.886339 -0.233851 -0.074150 
5.377985 2.553090 -0.762210 -1.748480 -0.935877 -0.268700 -0.467164 -0.235744 -0.317506 -0.827497 -0.268331 -0.084154 
5.205707 2.403085 -0.846179 -1.689858 -0.537604 -0.472985 -0.393929 -0.342133 0.010595 -0.875092 -0.253668 -0.098255 
4.688703 2.308688 -0.676935 -1.537550 -0.840058 -0.228310 -0.225230 -0.258005 -0.364906 -0.713505 -0.165188 -0.069175 
6.173898 2.034529 -1.407402 -1.658168 -0.361416 -0.278957 -0.441458 -0.778397 0.382299 -0.710560 -0.301575 -0.095711 
5.192206 2.136990 -1.175670 -1.527530 -0.210926 -0.060271 -0.536776 -0.289986 0.136637 -0.664260 -0.167185 -0.087552 
5.076228 2.099747 -0.941965 -1.479180 -0.148883 -0.102711 -0.410235 -0.119897 0.127553 -0.550578 -0.143909 -0.079279 
4.518703 1.888237 -0.763402 -0.943468 -0.211914 0.114388 -0.052545 -0.105105 0.000127 -0.361505 -0.104164 -0.066867 
5.158473 2.116358 -1.180964 -0.963838 0.223068 0.312200 -0.251822 -0.034471 0.433020 -0.369320 -0.100974 -0.082030 
5.656740 2.066258 -1.405570 -1.349958 0.595465 0.270577 -0.158355 -0.328530 0.781824 -0.399662 -0.114509 -0.090718 
5.456515 2.170729 -1.768408 -0.994370 0.372921 0.343368 -0.320390 0.013946 0.655318 -0.334292 -0.104635 -0.098749 
4.160700 1.672136 -0.604372 -0.867569 -0.012202 0.263488 -0.022450 0.256056 0.205196 -0.196803 -0.050303 -0.064468 
4.934116 1.856151 -1.330996 -0.933427 0.261529 0.596324 -0.369270 0.237595 0.598173 -0.250698 -0.042859 -0.077110 
5.123393 1.978602 -1.223042 -1.277998 0.378987 0.567874 -0.189687 0.087315 0.756172 -0.228335 0.029377 -0.062246 
5.327478 2.256728 -1.352833 -0.918326 0.235779 0.548558 -0.707087 0.451894 0.885026 -0.203332 -0.005898 -0.073083 
4.625505 2.135218 -0.548306 -0.753619 0.054612 0.418082 -0.317147 0.070223 0.313721 -0.082404 0.101282 -0.021798 
5.181468 2.679629 -0.585227 -0.668418 0.072103 0.240360 -0.289232 0.178916 0.556358 -0.258486 0.023899 -0.037433 
4.380222 2.747261 0.487188 -0.562882 0.121824 0.441795 0.472680 0.086357 0.222301 -0.110932 -0.057121 -0.039401 
4.921170 3.087554 0.726046 -0.276422 0.039907 0.556540 0.889193 0.614799 0.261122 -0.504012 -0.011575 0.002922 
4.691551 3.235506 0.773270 -0.151803 0.229062 0.722147 1.150723 0.505958 0.136958 -0.184926 0.053825 0.031949 
5.265042 3.265471 0.687295 -0.354558 0.284682 0.733270 0.985981 0.755534 0.450271 -0.271392 0.081286 0.052024 
5.253199 3.221225 0.388838 -0.260115 0.711117 0.842417 0.825022 1.055465 0.424230 -0.358765 0.056798 0.049479 
5.332842 3.190571 0.652092 -0.214362 0.241891 0.739667 1.363556 1.228263 0.540407 -0.397040 0.052076 0.058205 
4.934775 3.027424 0.662665 -0.230533 0.112727 0.988520 1.228871 1.109504 0.533910 -0.424967 0.133213 0.069818 
4.870351 3.168343 0.825477 -0.214290 0.245803 0.793226 1.383616 0.869590 0.275161 -0.306273 0.160883 0.084228 
4.986115 3.359126 0.818705 -0.018920 0.381121 0.514467 0.946221 1.228753 0.253603 -0.278950 0.180741 0.087678 
5.490329 3.543910 1.040365 -0.593883 0.686333 1.238568 0.708281 0.337747 0.533945 -0.382445 0.209053 0.108522 
6.071781 3.755744 0.762539 -0.011511 0.843164 1.630737 0.446235 -0.149162 0.595949 -0.382612 0.175889 0.090700 
5.126915 3.400089 1.309842 0.435534 0.715604 1.249548 0.418395 0.271470 0.149880 -0.293364 0.120920 0.064912 
5.546684 3.638772 0.864291 0.358723 1.063286 1.131076 0.422282 0.045848 0.278610 -0.329861 0.030506 0.015172 
5.813966 3.580676 0.788979 0.348103 1.152896 1.267171 0.526383 -0.366068 0.301039 -0.341121 0.002621 -0.000908 
5.518563 3.205581 0.817892 0.323651 1.456487 1.018350 -0.096739 -0.176938 0.004853 -0.229959 -0.017446 -0.012254 
5.265186 3.333829 0.624404 0.217372 1.390697 1.203711 -0.305712 -0.702473 -0.134062 -0.200785 0.067448 -0.000663 
5.295768 3.110077 0.520562 0.279123 1.711932 0.851237 -0.584761 -1.126900 -0.117466 -0.104202 0.103523 -0.010824 
5.572283 2.826076 0.305657 0.396581 1.501333 0.361394 -0.785022 -1.074633 -0.033939 -0.060778 0.035970 -0.029591 
6.021325 2.648725 0.060255 0.088739 1.720081 0.233252 -0.833329 -1.243559 0.132758 -0.269015 -0.029114 -0.023464 
5.165274 2.698921 0.132099 0.023326 1.075261 0.231921 -1.055114 -1.061538 -0.084726 -0.093439 0.070947 -0.008595 
4.500493 2.238478 0.129060 0.089782 0.922351 0.172602 -1.097391 -1.004512 -0.044161 0.028441 0.050127 -0.003261 
4.176967 1.996606 0.459463 0.680486 0.981371 -0.121149 -1.357475 -1.027631 0.038722 0.160951 0.072430 0.009372 
5.199289 2.191303 -0.256713 0.346379 1.550044 0.017794 -1.724426 -1.292385 0.426877 0.136244 0.133074 -0.023621 
4.899081 2.126506 -0.280270 0.252569 1.434804 0.041710 -1.707566 -1.050993 0.307992 0.263288 0.128251 -0.028728 
4.413200 2.099298 0.003805 0.148101 0.974168 -0.011013 -1.384414 -1.079552 0.241234 0.330945 0.161669 -0.005961 
4.262223 1.775476 0.041902 0.336559 0.874944 -0.102061 -1.365410 -0.834124 0.180353 0.302511 0.163080 0.000366 
