2.586903 2.017017 1.805255 1.657702 1.356986 1.095429 1.017071 0.860773 0.574232 0.381326 0.222662 0.080374 
2.623701 2.017071 1.668406 1.432133 1.346289 1.123617 0.949263 0.883947 0.601899 0.368845 0.192714 0.078752 
2.737463 2.192567 1.923777 1.699361 1.544109 1.364990 1.019111 0.850797 0.657083 0.385993 0.181491 0.078742 
2.831674 2.316618 2.097974 1.986801 1.712619 1.345655 0.959756 0.655079 0.549340 0.338359 0.154200 0.071699 
2.942175 2.529359 2.357635 2.139432 1.826844 1.434271 1.102767 0.757776 0.313840 0.100390 0.004067 0.048577 
3.045989 2.690585 2.625190 2.268381 1.868091 1.477713 1.113681 0.633548 0.268901 0.095774 0.003050 0.037225 
3.334162 3.078456 2.846161 2.591014 2.211591 1.715626 1.167204 0.663124 0.235485 0.003440 0.002166 0.014039 
3.062992 2.710215 2.510574 2.207381 1.791215 1.380204 0.978992 0.434995 0.115037 -0.098675 -0.119822 0.012216 
3.243804 2.902719 2.664667 2.345716 1.997797 1.492654 0.955632 0.472410 0.153440 -0.061196 -0.097001 0.005212 
3.042929 2.661444 2.454293 2.176593 1.691247 1.334955 0.846225 0.446869 0.020236 -0.053140 -0.070829 0.019957 
3.342505 3.083526 2.859871 2.632641 1.818754 1.330583 0.868197 0.416418 -0.007705 -0.322346 -0.069263 -0.019368 
3.134941 2.784927 2.542396 2.289957 1.693323 1.271415 0.911997 0.436963 0.054458 -0.279210 -0.190671 -0.006586 
3.893622 3.450663 2.731436 2.685377 1.804829 1.524900 1.250017 0.410047 -0.323321 -0.744895 0.052630 -0.032837 
3.096789 2.722190 2.353381 2.293759 1.708759 1.434243 0.837439 0.290651 -0.221479 -0.402283 -0.199499 -0.014848 
3.608742 3.093044 2.616011 2.292484 1.642285 1.589479 1.172443 0.533199 0.005617 -0.550252 -0.196095 -0.044411 
3.152499 2.668838 2.300106 2.066199 1.760945 1.333827 0.966226 0.349014 -0.097086 -0.345554 -0.293379 -0.011637 
3.673088 3.086471 2.697192 2.395680 2.125266 1.552743 0.974648 0.291311 -0.064813 -0.450386 -0.184548 -0.044274 
3.360972 2.929875 2.601978 2.153335 1.797044 1.588119 1.138588 0.466992 -0.158464 -0.401185 -0.272210 -0.035087 
3.507818 3.035495 2.649809 2.202202 1.812130 1.214706 0.689168 0.338905 -0.134535 -0.282879 -0.236285 -0.036891 
3.082329 2.651310 2.327654 2.135741 1.595212 1.193501 0.567671 0.239909 -0.223137 -0.335892 -0.225786 -0.009661 
4.086578 3.855394 2.973105 3.191888 2.326296 0.856944 0.467235 0.367490 0.302230 -1.063094 0.074147 -0.056331 
3.058263 2.707744 2.325502 1.985392 1.411702 0.834557 0.536795 0.116755 -0.057100 -0.322277 -0.198998 -0.001648 
3.309331 2.886266 2.505332 2.312017 1.727585 0.937693 0.489494 0.068034 -0.000958 -0.459147 -0.188189 -0.025522 
3.450750 3.290639 2.889019 2.725276 1.690515 0.931357 -0.065956 0.191193 -0.019399 -0.446314 -0.126468 -0.034934 
3.681039 3.361173 2.853456 2.801151 1.949856 0.962700 -0.041932 -0.085380 0.041211 -0.431641 -0.102767 -0.043140 
3.079224 2.580794 2.253473 1.929209 1.520271 0.941740 0.336063 0.085777 -0.115139 -0.274511 -0.254859 -0.006252 
3.653968 3.222440 2.918727 2.646436 1.817699 0.771921 0.026558 0.022649 0.009333 -0.506174 -0.126366 -0.041762 
3.950538 3.457135 2.868867 3.107204 2.085503 0.414174 -0.248818 0.004276 0.350992 -0.720493 -0.135260 -0.052194 
3.391708 2.869199 2.439934 2.450265 1.723447 0.830276 0.166228 -0.077945 -0.081443 -0.414225 -0.190021 -0.031728 
3.513304 3.089576 2.533779 2.385518 1.767017 0.659916 -0.198546 -0.201434 0.167391 -0.352083 -0.224196 -0.039117 
4.222774 3.479650 2.608975 3.406989 2.537143 0.203897 -0.414546 -0.419575 0.664299 -0.738487 -0.126517 -0.064740 
4.092667 3.537529 2.622923 3.574157 2.386230 0.278984 -0.539479 -0.186461 0.553428 -0.753263 -0.095831 -0.057105 
3.247653 2.832111 2.407125 2.353304 1.679428 0.723673 0.033994 -0.100076 -0.053504 -0.365554 -0.185678 -0.022304 
3.938677 3.477156 2.811026 3.591605 2.541562 0.158133 -0.752901 -0.119417 0.682421 -0.712851 -0.166860 -0.062270 
4.205145 3.432002 3.193992 3.664301 2.739144 -0.240840 -0.586005 -0.279420 0.812271 -0.708467 -0.231048 -0.045462 
3.524311 2.819795 2.462526 2.412037 1.794650 0.343013 -0.215464 -0.090134 0.224805 -0.239608 -0.266445 -0.028457 
3.253466 2.526701 2.213273 2.206790 1.800262 0.572995 -0.107510 0.129154 0.148390 -0.269474 -0.329590 -0.019704 
4.585896 3.506715 2.596239 4.040751 3.272424 0.169082 -0.954722 0.209958 0.707690 -0.818291 -0.183111 -0.049243 
3.202021 2.565798 2.312111 2.267318 1.586837 0.650917 0.020157 0.101402 0.093877 -0.231210 -0.221413 -0.002385 
3.377519 2.742456 2.157074 2.136865 1.796973 0.796266 0.333731 0.189891 0.037864 -0.307917 -0.229305 -0.015900 
3.451347 2.732550 2.253695 2.447244 2.043561 0.967314 0.164716 0.066202 0.101296 -0.349759 -0.193128 -0.025021 
3.510217 2.645604 2.188816 2.371796 1.904456 0.926914 0.239727 0.245069 0.077226 -0.468493 -0.211258 -0.021529 
3.118832 2.386772 2.022457 2.174722 1.848360 0.897205 0.209320 0.239888 0.025315 -0.290633 -0.268261 0.000107 
3.801385 2.668639 2.347635 2.818646 2.252395 0.905386 -0.157807 0.133583 0.310445 -0.333146 -0.222914 -0.040241 
3.289079 2.459409 2.268161 2.460338 2.054858 0.940559 -0.017478 0.054341 0.036484 -0.302570 -0.277477 -0.023704 
3.346144 2.631035 2.391063 2.521878 1.995626 0.621898 -0.229777 0.212826 0.270613 -0.344888 -0.312799 -0.028318 
3.448420 2.545171 2.212725 2.705175 2.171928 0.780325 -0.217772 -0.083825 0.257473 -0.282480 -0.297912 -0.041750 
3.657505 2.701259 2.419173 3.184590 2.360056 0.389867 -0.630173 -0.213058 0.313809 -0.162630 -0.330491 -0.062781 
3.342209 2.424972 2.179066 2.748288 2.246885 0.876310 -0.158301 -0.103106 0.155770 -0.254957 -0.318973 -0.042415 
4.690891 2.580755 2.229243 3.770363 3.241743 0.904444 -0.962798 -0.180895 0.675248 -0.522224 -0.252391 -0.072634 
3.319595 2.475606 2.142855 2.479719 2.180391 0.981270 -0.006950 0.062329 0.119238 -0.256371 -0.356979 -0.035955 
3.549518 2.443823 2.199340 2.700434 2.346158 1.096181 -0.144300 -0.041894 0.180211 -0.198172 -0.328649 -0.051821 
3.630640 2.708645 2.428595 2.902747 2.401095 0.777988 -0.324728 0.020757 0.234274 -0.177931 -0.318259 -0.057183 
4.159374 2.820218 2.474501 3.572107 2.824525 0.557571 -0.756838 0.028671 0.326036 -0.404950 -0.219036 -0.059640 
3.246706 2.583097 2.368485 2.468829 1.934718 1.011581 0.143462 -0.066718 -0.144933 -0.267509 -0.180860 -0.018665 
3.917503 2.862842 2.408149 2.962938 2.698126 0.973714 -0.455554 -0.070886 0.322073 -0.253951 -0.154818 -0.053562 
3.162518 2.573841 2.295552 2.212078 1.781521 0.923806 0.290809 0.152117 0.028012 -0.185451 -0.215770 -0.000060 
3.393892 2.738111 2.529867 2.558121 1.877390 0.892270 0.170272 0.127935 0.152621 -0.100844 -0.213912 -0.013165 
3.243081 2.599652 2.302941 2.387128 2.137477 1.170971 0.246318 -0.005117 0.010448 -0.038249 -0.105468 0.000972 
3.746172 3.008435 2.488267 2.596353 2.441658 1.194706 0.091837 -0.025522 0.233627 0.124139 0.002460 0.000452 
2.998404 2.442722 2.218899 2.032498 1.470322 0.827793 0.419277 0.387025 0.269743 -0.049704 -0.037131 0.041648 
3.147619 2.594841 2.265951 2.292557 2.064561 1.382965 0.817476 0.510118 0.346429 0.107499 -0.022626 0.035219 
2.799587 2.375810 2.162225 1.946953 1.641786 1.297080 0.919269 0.625475 0.389033 0.249475 0.122949 0.065406 
2.868295 2.290639 2.114466 1.955441 1.578186 1.244773 0.972749 0.634900 0.340424 0.236542 0.063359 0.065175 
2.790234 2.315384 2.174436 1.875752 1.526395 1.245424 0.917609 0.602530 0.381416 0.225468 0.062351 0.065679 
2.712259 2.143459 1.901269 1.740129 1.593845 1.180074 0.861168 0.648369 0.457916 0.220120 0.068900 0.073264 
2.680246 2.147845 1.887712 1.611911 1.396485 1.207945 0.844627 0.563551 0.407116 0.226453 0.090950 0.073914 
2.648840 2.120437 1.859738 1.659655 1.342802 1.115850 0.943864 0.732409 0.454168 0.265481 0.137433 0.077505 
2.618033 2.033156 1.717527 1.499719 1.430264 1.235947 0.975072 0.844368 0.510140 0.365169 0.214377 0.079870 
2.632445 2.080933 1.868590 1.643584 1.343453 1.077663 0.832529 0.541625 0.430903 0.267647 0.140095 0.077390 
2.627027 2.087025 1.853081 1.509153 1.335745 1.241579 0.964862 0.709614 0.532909 0.325994 0.154938 0.078442 
2.607770 2.072630 1.836564 1.586931 1.399175 1.166960 0.910579 0.674262 0.448904 0.301536 0.157542 0.077395 
2.715634 2.163213 1.895045 1.712099 1.408464 1.085786 0.848637 0.596292 0.406356 0.258426 0.118435 0.074529 
2.638925 2.062342 1.807369 1.650833 1.463293 1.146326 0.959803 0.692516 0.435315 0.320982 0.200345 0.078879 
2.629120 2.146041 1.902491 1.679766 1.475234 1.337781 1.128776 0.800094 0.526139 0.353754 0.188246 0.079032 
2.608431 2.060394 1.834699 1.600912 1.381576 1.194732 0.988682 0.702727 0.463283 0.296561 0.188013 0.077572 
2.568458 1.952183 1.787522 1.603606 1.381394 1.173944 1.011870 0.780949 0.577019 0.457769 0.256544 0.079971 
2.586733 2.016998 1.765499 1.633081 1.441315 1.182108 1.056004 0.808790 0.575074 0.370582 0.223293 0.080928 
2.586750 2.063191 1.833999 1.577046 1.416863 1.194922 0.897537 0.685994 0.555865 0.380215 0.182100 0.078933 
2.570328 2.005796 1.727761 1.568411 1.341045 1.121323 0.959619 0.720857 0.549769 0.402890 0.227496 0.078973 
2.597890 2.047977 1.791621 1.552073 1.384483 1.192310 0.944767 0.775782 0.640637 0.433774 0.246701 0.080415 
2.640896 2.069230 1.872120 1.598589 1.347617 1.132785 0.897558 0.670251 0.543846 0.398421 0.239610 0.080969 
2.557687 1.983720 1.674124 1.438705 1.204367 0.991015 0.877243 0.680362 0.476034 0.383304 0.224356 0.081715 
2.580551 2.024944 1.761683 1.509203 1.294842 1.049566 0.815027 0.629409 0.468142 0.335523 0.209686 0.077850 
2.637730 2.089243 1.818125 1.559465 1.298162 1.124216 0.864952 0.591270 0.458323 0.376533 0.231307 0.078397 
