2.369243 2.340844 1.623512 1.467636 0.453592 1.060594 0.876103 0.331464 0.863799 0.246365 0.045108 0.082504 
2.275898 2.462399 1.028718 1.837223 -0.044236 1.057477 1.511252 0.413089 1.199487 0.137122 0.061209 0.047316 
2.223684 2.768351 0.843050 1.863831 0.339903 1.858070 0.311525 0.387612 1.106079 0.016400 0.148166 0.060818 
2.277161 2.596706 0.955420 1.827571 0.163329 1.456813 0.729469 0.712061 1.129690 0.205599 0.164439 0.059049 
2.331869 2.542951 0.867088 1.776896 0.350059 1.340520 0.452461 0.355795 1.035175 -0.011389 0.169237 0.054020 
2.435063 2.420097 1.069973 1.726808 -0.015743 1.362844 0.346098 -0.097862 1.221899 -0.171757 0.113335 0.050643 
2.656136 2.257898 1.264525 0.672609 0.304636 1.432440 0.353152 -0.515138 1.324233 -0.274883 0.103109 0.084704 
2.763324 1.951296 1.964604 0.907881 0.533076 1.401054 0.465807 0.083161 1.192090 -0.026354 0.025748 0.086174 
2.490100 2.035488 1.609013 1.286080 0.536324 1.487340 0.573629 0.141538 1.275281 -0.047457 0.237656 0.082612 
2.926448 1.949519 1.728688 1.305048 -0.516467 1.221907 0.883199 -0.120240 1.478387 -0.142974 0.213881 0.092546 
3.015582 2.533546 2.011711 2.081812 0.493600 1.102139 0.776400 -0.100136 0.582322 -0.477083 -0.116809 0.020393 
3.813581 2.883714 2.397916 1.991360 0.665509 0.647678 1.297676 -0.479714 0.227996 -0.298787 -0.323796 -0.064156 
3.486857 2.729102 2.160970 1.984628 0.682122 0.923289 0.949211 0.259766 0.047281 -0.486436 -0.518138 -0.073907 
4.271482 2.836617 1.893071 2.315265 -0.104634 0.561844 0.955248 0.228592 0.581348 -0.817021 -0.478051 -0.137354 
4.042544 2.944057 2.051731 1.986772 0.460838 0.290709 0.506496 0.288859 0.321898 -0.605917 -0.478518 -0.107211 
4.249107 2.975078 2.202176 1.501561 0.372596 0.214014 0.281252 0.689816 0.313211 -0.591273 -0.485023 -0.117846 
4.569156 2.935950 2.170534 1.430586 0.272487 0.068523 0.257997 0.678795 0.354743 -0.839599 -0.419801 -0.106581 
5.065335 3.195803 1.961577 1.593361 0.073574 -0.212831 0.431226 0.518303 0.589088 -1.066782 -0.398581 -0.113374 
3.845432 2.858890 1.937548 1.021855 0.118807 -0.282039 0.219560 0.226592 -0.199096 -0.583967 -0.452814 -0.104781 
3.879568 3.095153 1.825166 0.712688 -0.321955 -0.541672 0.139526 0.188045 -0.299493 -0.764740 -0.408236 -0.128498 
5.281951 3.005059 0.989766 1.120463 -0.162419 -0.539583 -0.550249 0.205119 0.141675 -1.288640 -0.557657 -0.141464 
4.347077 2.773656 1.046527 0.440945 -0.268115 -0.367650 -0.341235 -0.198089 -0.499024 -0.941748 -0.471920 -0.134443 
4.241039 2.929225 1.692610 0.584164 -0.318749 -0.472041 0.057764 0.057528 -0.321565 -0.866872 -0.381492 -0.108111 
3.854974 2.757923 1.772347 0.832388 -0.122808 -0.440557 -0.022447 0.134084 -0.257481 -0.564893 -0.415685 -0.077311 
5.980020 3.207903 1.651684 1.070432 0.317791 -0.593589 -0.039316 0.348693 0.642549 -1.359741 -0.556067 -0.084508 
4.954453 3.189712 1.484283 0.758393 0.347373 -0.523590 -0.372524 0.209417 -0.129519 -0.939630 -0.281963 -0.053801 
5.422511 3.369442 1.761994 0.465025 0.093543 -0.639896 -0.790719 0.438014 -0.224047 -1.224649 -0.322531 -0.064140 
4.151486 2.994362 1.577335 0.315678 -0.468243 -1.028472 -0.857587 -0.249882 -0.578650 -0.749087 -0.182503 -0.048174 
3.972543 2.946707 1.423031 0.345645 -0.610269 -1.111179 -0.820421 -0.871678 -1.034417 -0.763131 -0.135031 -0.039064 
3.944298 2.521631 1.015250 0.352548 -0.340501 -1.075047 -0.908104 -0.697353 -0.831642 -0.779342 -0.197816 -0.036026 
5.342709 2.966596 0.992591 -0.174056 0.324540 -2.024178 -1.279866 -0.064221 -0.607586 -1.416188 -0.427491 -0.046228 
4.533215 2.888892 1.149182 -0.113318 -0.302846 -1.667847 -1.024039 -0.496368 -0.924821 -0.936913 -0.202172 -0.033609 
4.187371 2.635731 0.976916 0.100106 -0.471185 -1.760435 -1.106110 -0.598875 -0.837529 -0.944198 -0.173848 -0.028963 
3.935744 2.672516 1.126133 0.227768 -0.359508 -1.504275 -1.244017 -1.151636 -1.094390 -0.770561 -0.125340 -0.027116 
4.852173 2.831623 0.988594 0.149446 0.168214 -2.068734 -1.519132 -0.527437 -1.029969 -1.147334 -0.259744 -0.016058 
5.082216 2.740450 0.998923 0.108080 0.703886 -2.304638 -1.763011 -0.514939 -1.035490 -1.183973 -0.331219 -0.011004 
5.007842 2.749736 1.258858 0.212125 0.844742 -2.232219 -1.854685 -0.249373 -0.842355 -1.056465 -0.297033 -0.015291 
4.028316 2.578109 1.449351 0.361920 0.175282 -1.567582 -1.984600 -0.822649 -0.894553 -0.573648 -0.139243 -0.025053 
3.422563 2.378720 1.368151 0.479834 -0.005176 -1.766476 -1.448877 -0.892488 -0.887597 -0.396185 -0.162674 -0.010018 
4.124045 2.563611 1.381389 0.402453 0.693341 -2.072806 -1.732905 -0.223706 -0.785589 -0.584641 -0.209161 -0.009941 
5.003532 2.750940 0.973400 -0.560011 1.606522 -2.490613 -2.027404 0.696500 -0.906276 -0.861618 -0.401420 -0.061975 
4.190499 2.307509 0.902308 0.041510 0.262782 -1.333918 -1.406817 0.110453 -0.414073 -0.637815 -0.283015 -0.039925 
3.563082 2.328188 1.028722 0.290253 -0.309346 -1.008023 -0.243446 -0.007698 -0.349090 -0.605548 -0.309361 -0.026391 
4.298780 2.469353 0.822384 0.074451 0.443807 -1.007380 -0.188207 0.514464 -0.482876 -0.837178 -0.355158 -0.038085 
5.452072 3.274816 0.790478 -0.936012 2.523593 -2.251243 -0.374592 1.319517 -0.736675 -0.836663 -0.732658 -0.066948 
5.362706 3.333971 0.567112 -0.858919 2.125668 -2.221482 -0.543554 1.372678 -0.540030 -0.581122 -0.589200 -0.049391 
5.558204 2.786482 1.021100 -1.157755 2.176618 -2.549458 -0.559301 1.230944 -0.787115 -0.652775 -0.564078 0.002057 
5.698249 2.734695 1.220431 -1.086318 2.161708 -2.737484 -1.044314 1.030791 -0.870851 -0.645944 -0.509585 0.005573 
5.374274 2.952114 0.719524 -0.365083 1.600137 -2.696326 -1.596625 0.533832 -0.924836 -0.782106 -0.425361 0.012115 
4.755460 2.849785 1.174309 0.021862 0.407108 -1.831524 -1.432937 0.352877 -0.636911 -0.546371 -0.099113 0.022747 
6.197445 3.106559 0.974279 -0.217668 2.230752 -2.313070 -1.358305 1.438893 -0.991794 -0.284826 -0.414983 0.016552 
6.020382 3.399921 0.997377 0.008048 2.129037 -2.145894 -1.075542 1.906098 -0.779489 -0.294315 -0.398962 0.047843 
5.505860 3.433272 0.901250 0.346177 1.758866 -1.883950 -0.906074 1.846915 -0.542883 -0.472591 -0.319590 0.069720 
4.728811 2.863761 1.467971 0.758185 0.303538 -1.030936 -0.696556 1.056484 -0.025205 -0.780516 -0.015500 0.062198 
4.102074 2.659773 1.498193 1.120676 0.262306 -0.902227 -0.418614 0.610118 0.129707 -0.659424 -0.031585 0.035676 
4.956000 3.195316 1.118347 1.018060 1.196479 -1.643155 -0.995150 1.304338 0.245460 -0.571247 -0.193278 0.034430 
5.317292 2.913887 1.306596 0.702686 1.138005 -1.099671 -0.818326 1.379849 0.424001 -1.033381 -0.213380 0.039859 
5.595876 2.764346 1.426722 0.700373 0.723991 -1.221325 -0.702768 1.178889 0.697687 -1.119046 -0.228807 0.075338 
4.004903 2.634905 1.418531 0.632631 -0.098478 -0.872667 -0.158436 0.642759 0.045808 -0.651027 0.039959 0.047483 
4.503772 2.907252 0.885086 0.557774 0.083240 -0.889873 -0.424575 0.856009 0.113811 -1.001843 -0.042321 0.026660 
4.475222 2.510503 0.772563 0.875323 0.054358 -0.650435 -1.157457 0.941727 0.096349 -0.838783 -0.096143 0.049496 
4.960122 3.099074 0.479741 0.971538 0.245182 -0.800712 -0.912032 1.276058 0.458916 -1.294162 -0.165325 0.035378 
4.515075 2.688350 0.667422 0.487760 0.110999 -1.677786 -0.894051 0.808370 0.047584 -0.904134 -0.115391 0.028234 
4.436473 2.659988 0.625730 0.006953 0.060759 -2.161940 -1.384493 0.819851 -0.023312 -0.983154 -0.100591 0.011842 
4.106317 2.499399 0.433572 -0.341798 -0.456416 -1.538605 -1.275225 0.457590 -0.302690 -0.622671 -0.039039 -0.016757 
4.635093 2.656496 0.263141 -0.692307 0.168373 -1.966416 -1.463737 0.907538 -0.139318 -0.924750 -0.114836 -0.025363 
4.582688 2.714183 -0.020551 -0.501323 0.517539 -2.118213 -1.416164 0.977133 0.061907 -1.028842 -0.169461 -0.032704 
4.705574 2.434144 0.187365 -0.498112 0.261570 -1.374731 -1.956372 1.034843 0.435507 -1.129892 -0.083852 -0.036201 
4.980150 2.077482 0.559854 -0.502565 0.707401 -1.299851 -1.868303 1.135734 0.524946 -1.064383 -0.117948 0.000123 
4.748230 1.807221 0.426964 -0.102212 0.877681 -1.244132 -1.868382 1.133972 0.503042 -0.953571 -0.052855 0.027897 
4.666008 1.698322 0.774437 0.101620 0.867638 -1.366721 -1.189915 0.991177 1.060010 -0.760655 0.000429 0.070649 
4.407738 1.567967 0.158806 0.329421 0.998935 -0.897261 -0.896906 1.001692 1.076527 -0.689052 0.114463 0.080498 
5.294286 1.215066 0.080512 0.109884 1.342784 -0.884851 -1.093737 0.966595 0.932547 -0.553888 0.044413 0.149711 
5.006490 1.343178 0.103702 0.438421 1.085108 -0.579212 -0.609514 0.660503 1.331690 -0.549353 0.165150 0.172768 
4.774770 1.205780 -0.403854 0.390423 1.525368 -0.919056 -0.652352 1.051801 0.460683 -0.277987 0.132726 0.155187 
3.493216 1.239218 0.426972 0.783741 0.710737 -0.315781 -1.062095 0.450568 0.806597 0.211719 0.220345 0.084071 
4.355178 1.036263 0.799889 0.675009 0.889889 0.663152 -0.626752 0.662062 0.829780 0.003745 0.180119 0.107128 
3.821855 1.307889 0.968216 0.607267 0.587954 0.574209 0.187963 0.420493 0.706888 -0.043978 0.082561 0.075255 
3.912801 1.617205 1.085316 1.284676 0.302971 0.593634 0.419632 0.677584 1.058302 -0.602707 -0.009089 0.082537 
3.884095 1.760443 1.418139 1.514103 1.053862 0.446444 0.367475 0.504784 0.917824 -0.792691 -0.098512 0.063492 
4.056629 1.808620 1.127743 1.559405 0.563098 0.570511 0.864506 -0.079659 1.000036 -0.594753 -0.049877 0.041569 
3.888100 2.222385 1.072357 1.332292 0.063161 0.582477 0.758012 -0.127903 0.761192 -0.079789 0.021047 0.019830 
3.586559 2.107969 1.211194 0.694507 0.187872 0.325304 0.701480 0.557648 0.516261 -0.116454 -0.013364 0.036862 
3.710171 1.903781 1.126472 0.172194 -0.295714 0.371095 1.113368 0.504732 0.816309 0.079965 0.029369 0.052878 
3.697420 2.174643 1.440342 0.594460 -0.471702 0.879679 1.017190 0.651332 0.803333 -0.203739 0.047663 0.049361 
