2.755808 1.620170 1.238292 1.226100 2.271835 0.685847 0.696830 0.533651 0.416489 0.642765 0.330868 0.075634 
3.011816 2.111936 1.550871 1.506847 2.834367 0.717992 0.392548 0.540486 0.118846 0.527108 0.468319 0.080438 
3.086304 2.065342 1.499730 1.396104 2.212676 0.459916 0.229459 0.336225 0.340655 0.183977 0.251720 0.072022 
3.027566 1.693402 1.532285 1.309046 2.960222 0.739655 -0.685037 -0.180889 -0.453555 0.302224 0.173534 0.018984 
2.906148 1.750599 1.515591 0.956583 2.275302 0.841150 -0.572484 -0.455718 0.017351 0.490880 0.179149 0.040862 
3.070754 1.673766 1.409819 1.155791 2.287421 0.956352 -0.892486 -0.423127 -0.079532 0.317747 0.087234 0.039989 
3.232707 1.491313 1.465540 1.464311 1.481612 1.059032 0.021511 0.113275 -0.000706 0.510695 0.085972 0.055950 
3.232148 1.675796 1.292761 1.506727 0.926436 0.625930 -0.099852 -0.008270 0.115071 0.142066 -0.097780 0.068992 
3.078572 1.778857 1.405896 1.268699 0.672029 0.449377 0.402133 -0.098221 0.061850 0.305242 0.004146 0.084728 
3.238888 1.813306 1.647997 0.993323 0.488838 0.574812 0.534259 0.119749 0.140045 0.185417 -0.028191 0.074566 
3.623248 1.696356 0.722370 1.295972 1.346048 1.301896 1.548118 -0.669866 -0.479372 0.076520 0.164145 0.102809 
3.115411 1.927103 0.298609 1.128189 0.946728 1.208904 1.734346 0.214999 -0.054460 0.049015 0.400362 0.122326 
2.869687 2.123652 0.198431 0.621859 2.451768 0.623801 2.459173 -1.280629 0.263902 -0.195242 0.230998 0.170223 
1.627833 3.486990 -1.266926 0.776038 2.684474 0.041894 3.464633 -1.225572 0.027740 -0.276130 0.415031 0.251686 
1.162835 2.560684 0.076671 0.549283 3.874298 -0.247071 3.588313 -0.833891 -0.284787 -0.378633 0.445895 0.231782 
0.661566 2.169676 -0.757438 -0.404488 4.786871 0.769204 2.266441 -0.287447 0.386405 -0.366165 0.196034 0.216702 
0.222126 0.966528 -1.246436 -0.290922 5.313795 1.396256 2.927411 -0.519370 0.356874 0.124880 0.273900 0.196992 
0.501576 0.850646 -1.664571 -0.921514 5.215242 1.592181 2.891569 -0.338141 0.346782 0.189105 0.187522 0.149945 
0.543405 0.544204 -1.848483 -1.478883 4.888346 1.592388 2.961503 -0.012928 0.388851 0.066135 0.123316 0.098507 
0.976975 0.679790 -1.532899 -0.953981 4.891199 1.636065 2.995260 0.275137 0.340591 0.093774 0.130027 0.072432 
1.638661 1.082297 -1.258975 -1.212344 4.790483 2.073849 2.574543 0.641984 0.719758 -0.145565 0.187272 0.008302 
2.295904 1.839816 -0.895185 -1.469068 3.911962 1.161898 2.624177 0.899615 0.906940 -0.028004 0.127705 -0.033484 
2.661391 2.349387 -0.662195 -1.744805 3.818171 1.019423 2.383331 1.011015 1.153780 0.474871 0.314004 -0.063630 
2.907165 1.984960 -0.095352 -0.976078 2.469874 1.250579 2.366730 1.027724 1.009333 0.471731 0.159316 -0.045329 
3.433042 3.253425 -0.567504 -1.883394 3.318277 1.329319 1.675570 0.956247 1.185839 0.603186 0.346579 -0.075240 
3.479338 3.110821 -0.207862 -1.194617 2.449228 1.041089 1.350706 0.760120 1.278840 0.552633 0.340912 -0.039556 
3.942341 3.494668 -0.021696 -0.832084 1.652758 0.868181 0.670162 0.537279 1.415172 0.245457 0.569706 -0.014012 
3.793130 3.174350 0.741065 -0.280111 0.718224 0.156083 0.503601 -0.362884 0.841582 0.525954 0.561090 0.116170 
4.549112 3.908429 0.318491 -1.253043 2.256121 -0.689232 -0.063786 -0.405320 1.143729 0.397211 0.686540 0.100213 
4.367461 3.598905 0.917965 -1.062180 1.705220 -0.534712 -0.081476 -0.266740 0.903455 0.178720 0.662083 0.130670 
4.889136 4.195188 0.251441 -1.555460 2.001000 -0.437269 -0.468036 -0.531002 0.733366 0.038553 0.613038 0.048590 
4.848290 3.432682 -0.480845 -0.041419 1.433164 0.021918 -1.145781 -0.987297 0.694260 0.079813 0.387417 -0.025380 
5.386719 4.313759 -1.521672 -0.145118 2.379649 0.111284 -1.460015 -0.832523 0.227204 0.090029 0.216875 -0.118912 
3.881973 2.399658 0.515373 -0.071684 0.672737 0.015244 -0.625648 -0.807901 -0.052507 0.157628 0.003162 0.011238 
5.153547 3.596234 -0.991253 0.873246 1.801467 -0.535006 -1.193458 -1.484209 0.186592 -0.110057 0.079654 -0.065552 
5.327750 3.368904 -0.323234 1.038059 2.169689 -1.474253 -0.556758 -1.411262 -0.062104 -0.345460 -0.161185 -0.013270 
4.440783 2.816564 0.819339 0.785235 1.362962 -1.056729 -0.594004 -1.233956 -0.451234 -0.467925 -0.161695 -0.035556 
3.891316 2.559760 1.280288 0.677357 0.686968 -0.576373 -0.892998 -0.721452 -0.897065 -0.401050 -0.193394 -0.062452 
3.763636 2.551665 1.234165 0.886444 0.721942 -0.426648 -0.489918 -0.833805 -0.688544 -0.494152 -0.293292 -0.087307 
5.362006 3.141178 0.117066 1.014917 2.862156 -2.266258 0.492929 -0.167319 -1.168701 -0.996624 -0.822156 0.043392 
4.116907 2.530839 1.178316 0.674690 1.432389 -0.381771 0.273242 -0.464306 -0.948091 -0.876747 -0.422507 -0.092065 
4.910063 2.817049 0.434491 0.794587 2.894082 -0.777682 0.573204 -0.844662 -0.787908 -0.996902 -0.540223 -0.046545 
3.432723 2.340747 1.166263 0.794912 0.791666 0.019583 -0.117239 -0.654727 -0.886499 -0.775792 -0.391733 -0.105864 
4.751179 2.511626 0.233498 1.116894 2.613030 0.174253 0.000493 -1.513875 -0.659563 -0.685110 -0.315590 -0.097480 
3.958277 2.269162 0.665712 1.105787 2.190257 0.662243 -0.747870 -1.586329 -0.701506 -0.321318 -0.307279 -0.133397 
3.990690 1.675534 0.778540 1.578400 2.845259 0.601860 -0.652688 -1.494913 -0.681518 -0.418273 -0.338682 -0.133922 
4.091962 1.883078 0.538858 1.490944 2.834139 0.782209 -1.239697 -1.594491 -0.623782 -0.404230 -0.275142 -0.158912 
4.671801 1.957786 0.296187 1.399251 2.963737 0.610560 -1.395600 -1.766584 -0.499435 -0.410070 -0.273842 -0.175973 
4.035024 1.982276 0.715855 1.436425 2.429394 0.624547 -1.288854 -1.619660 -0.618611 -0.387212 -0.281142 -0.155761 
4.014425 1.668864 1.354831 2.412152 2.639283 0.536376 -1.678621 -1.659342 -0.711042 -0.266232 -0.238054 -0.177899 
3.987237 2.150947 0.786093 1.345766 2.482813 0.654070 -1.393176 -1.667115 -0.610630 -0.230664 -0.277796 -0.164154 
4.103038 2.135882 0.963762 1.441784 2.675289 0.779423 -1.439908 -1.638398 -0.677825 -0.209370 -0.218068 -0.155346 
4.273748 2.203055 0.476548 1.151005 2.670678 0.527050 -1.383663 -1.402319 -0.438485 -0.218268 -0.338004 -0.183496 
4.859663 1.990966 0.610246 2.308206 3.782632 0.269351 -1.897850 -1.765217 -0.515260 -0.201567 -0.262358 -0.196883 
3.918527 2.143653 1.008544 1.559362 2.438066 0.483844 -1.735807 -1.662732 -0.536209 0.007091 -0.344848 -0.188093 
4.030349 2.083150 1.032629 1.908870 2.550487 0.299771 -1.878965 -1.662129 -0.519480 -0.105736 -0.308143 -0.188386 
3.978074 2.252668 0.823855 1.652950 2.498306 0.370665 -1.756835 -1.660657 -0.524702 0.006718 -0.326210 -0.180190 
5.272458 2.048500 1.032927 2.198535 4.619336 -0.454134 -2.497654 -1.332499 -0.907647 0.153322 -0.335090 -0.225099 
4.516497 2.213655 1.003395 1.806857 2.947901 0.179012 -2.179764 -1.702478 -0.564658 0.021746 -0.236180 -0.190218 
3.689414 1.688150 0.983688 2.078408 2.374437 0.333964 -1.712029 -1.580239 -0.596448 -0.024351 -0.285580 -0.155847 
3.963719 2.008402 1.373964 2.155309 3.286367 0.019206 -2.292677 -1.398897 -0.715145 0.045425 -0.213514 -0.184931 
5.384582 1.763747 1.210650 1.336984 5.199242 -0.782653 -2.858457 -0.901032 -1.284040 0.207715 -0.285863 -0.231460 
3.965521 1.932233 1.303362 1.560056 2.987535 -0.259707 -2.149941 -1.157533 -0.894888 0.086425 -0.227463 -0.169468 
3.713820 2.028807 1.504774 1.515528 2.552496 -0.500723 -2.141124 -1.172077 -0.925121 0.101562 -0.232291 -0.153224 
5.469268 1.889300 0.868033 0.942083 4.673870 -1.292425 -2.693805 -1.023024 -1.310863 0.310084 -0.299707 -0.182572 
5.939775 1.911944 0.615154 0.945776 5.413366 -1.434342 -2.942868 -1.143647 -1.395100 0.469654 -0.366713 -0.188121 
4.502586 2.029571 0.914880 1.432319 2.774446 -0.591553 -2.355584 -1.633635 -0.711625 0.076016 -0.087706 -0.124361 
6.137635 1.724906 0.010639 0.479994 4.538497 -1.218600 -2.464438 -1.616862 -1.026055 0.442029 -0.187722 -0.107779 
5.538505 1.796056 -0.595623 0.877779 3.591059 -0.982244 -2.070525 -1.767768 -0.621978 0.326224 -0.031759 -0.053474 
5.925754 1.591313 -0.748431 0.922664 3.895007 -1.482169 -1.437232 -2.112553 -0.382136 0.360601 -0.052255 0.010590 
5.792052 1.742504 -1.233370 1.116699 3.716370 -1.496362 -1.219494 -2.386935 -0.063984 0.248271 0.039350 0.025989 
5.510370 1.690785 -1.222907 1.344844 3.560262 -1.588463 -1.005095 -2.222006 0.008226 0.144876 0.146142 0.076788 
4.898230 1.854622 -0.785740 1.401647 3.012446 -1.090128 -1.031920 -1.681955 -0.023395 0.045476 0.234922 0.060742 
4.752005 1.658177 -0.470360 1.258652 2.966063 -0.823104 -0.891793 -1.377240 -0.036229 -0.033252 0.262982 0.081593 
5.507274 1.666062 -0.868092 1.192515 3.651943 -1.448155 0.069399 -1.493063 -0.040549 0.187593 0.193050 0.193409 
4.770192 2.364525 -0.340207 0.903037 3.078184 -0.313570 0.549707 -0.636014 0.077005 -0.009079 0.361404 0.188947 
4.687125 2.192681 0.223541 0.806935 3.000775 -0.121047 0.936541 -0.500024 0.271365 -0.070680 0.522852 0.247449 
3.536293 2.199992 1.062134 1.046459 1.079170 0.954655 0.452370 0.028057 0.053554 0.146435 0.551679 0.109055 
4.808264 1.858970 1.064179 0.590987 2.204378 0.228307 1.264044 0.026061 0.078194 -0.072745 0.620581 0.295951 
4.339040 2.118256 0.672549 0.998711 1.985418 0.696389 1.146987 0.470900 0.080977 -0.087569 0.646838 0.224528 
4.974537 1.437477 1.611796 0.707031 3.335424 -0.111605 1.154128 0.346347 0.021160 0.192505 0.466295 0.297839 
3.175574 2.011524 1.466185 1.471526 1.875894 1.332418 0.703363 0.048055 0.118987 0.452313 0.418416 0.065940 
4.715351 1.320680 1.886242 1.342606 3.218377 0.312930 0.879919 0.005729 0.283264 0.619406 0.400334 0.150776 
4.336290 1.409466 1.454047 1.330988 2.546858 1.016150 0.854493 0.443436 0.428684 0.580380 0.568361 0.136820 
3.717139 1.926955 1.643785 1.633705 2.267860 1.069231 0.947089 0.295455 0.383969 0.506437 0.435441 0.089462 
