2.696513 1.803751 1.434372 1.236545 1.147395 0.800381 1.108730 1.010196 0.628326 0.221378 0.263430 0.081334 
2.609355 1.895355 1.610948 1.469741 1.037235 0.959782 0.718261 0.735797 0.617594 0.496020 0.300488 0.081650 
2.725659 2.184287 1.797650 1.231422 0.922374 0.799480 0.622961 0.543276 0.366910 0.448576 0.378905 0.090314 
2.749701 2.191651 1.607144 1.249351 1.020596 0.595564 0.512407 0.606091 0.548857 0.382311 0.445493 0.093760 
2.678259 2.107471 1.249985 1.264108 1.120304 0.988548 0.873490 0.700549 0.550958 0.364495 0.327048 0.083089 
2.814803 2.126265 1.103803 1.424387 0.983464 0.901105 0.801667 0.758644 0.442500 0.348865 0.275683 0.086861 
2.265484 2.379482 0.007889 1.669453 1.054574 1.322755 1.171853 0.510358 0.561412 0.156011 0.376037 0.068633 
1.974444 2.603295 -0.009918 0.993271 1.492087 0.809525 2.300948 0.542448 -0.083869 -0.367424 0.341521 0.099817 
1.764741 2.369912 -0.632894 0.739289 2.167061 0.758249 3.099111 0.074834 -0.055010 -0.407391 0.376216 0.161357 
1.905632 2.698558 -1.534356 0.828407 2.344103 0.592026 2.986880 0.380762 0.213648 -0.348071 0.255611 0.164177 
1.970017 2.250657 -1.765410 -0.119743 2.408688 0.899429 3.501884 0.736641 0.469918 -0.052753 0.239192 0.117536 
2.145173 1.926052 -1.485703 -0.363301 2.510120 0.990005 3.039529 0.817378 0.691866 0.060661 0.165160 0.080469 
2.539190 1.855227 -1.492351 -0.551954 2.803312 0.842437 2.467753 1.140450 0.714567 0.400449 0.058365 0.061312 
2.956017 2.363326 -2.208293 -0.320404 3.327740 0.518798 2.444000 1.392087 0.745894 0.737403 0.019076 0.090661 
3.494644 2.663793 -2.090960 -0.200086 3.264977 -0.223280 1.706877 0.780160 1.221254 1.014888 0.281568 0.104724 
2.861700 2.034741 0.054863 0.321587 1.800216 0.183023 1.259333 0.613776 1.169722 0.981235 0.449875 0.051396 
3.808030 4.125678 -0.943991 0.177871 2.636511 -0.465764 0.782957 -0.031429 1.051625 1.326518 0.435837 0.145904 
3.684640 3.311974 0.304303 0.159998 1.254966 -0.349317 0.814485 -0.131405 0.762886 0.922599 0.468544 0.135650 
4.297163 4.381490 -0.219151 -0.109184 1.597901 -1.284470 0.921463 0.124879 0.705504 0.832320 0.322266 0.181983 
4.041171 2.798594 1.370751 0.021873 0.511656 -0.591468 0.102326 0.197867 0.517972 0.624573 0.517485 0.141871 
5.263509 4.100848 -0.663720 0.055286 1.324422 -1.456296 0.721255 -0.591365 0.590980 0.424000 0.398732 0.210817 
4.272510 3.480609 0.317058 0.287142 -0.002183 -0.589799 -0.116302 -0.608411 0.523660 0.258511 0.484815 0.137193 
5.221954 4.202207 -1.165239 0.893338 0.339841 -0.783062 -0.131186 -1.115587 0.798669 0.075969 0.522971 0.054049 
4.905521 4.058381 -0.645150 0.490577 0.811021 -0.734154 -0.392279 -0.962946 0.396748 0.037667 0.326758 0.060708 
5.165851 4.324129 -1.027847 0.479535 1.107166 -0.912643 -0.493310 -1.061730 0.441760 -0.151680 0.167452 -0.009753 
5.225012 3.546807 -0.336533 0.234705 1.125720 -0.412863 -0.459291 -0.990203 -0.014498 -0.261585 -0.039262 -0.031884 
3.831276 2.661846 0.806892 -0.052866 -0.045415 0.025366 -0.356673 -0.627467 -0.442654 -0.256907 -0.202826 -0.018401 
5.605848 3.423662 -0.296840 0.314755 1.445422 -0.333450 -0.244185 -1.060791 -0.311918 -0.410075 -0.160968 -0.037613 
5.929281 2.902019 0.026664 0.605143 1.743875 -0.206012 -0.395792 -1.042818 -0.626825 -0.326053 -0.185469 -0.034196 
5.494296 2.952141 0.618764 0.722030 1.756754 0.156012 -1.125912 -1.224905 -0.773284 -0.184548 -0.094946 -0.039529 
3.548607 2.395928 1.160714 0.639679 0.541376 0.004817 -0.605474 -0.932818 -0.645826 -0.268627 -0.187936 -0.010807 
5.963825 3.061905 0.043206 0.895361 2.300809 0.157310 -0.880088 -1.322790 -0.815512 -0.189150 -0.053059 -0.006110 
6.561027 2.824416 0.137257 0.577124 2.512783 0.325691 -0.795700 -1.173050 -0.786441 -0.321721 -0.088513 0.007541 
4.996630 2.970863 1.142089 0.949569 1.180875 0.398290 -0.596959 -1.141031 -0.792474 -0.475848 -0.014821 0.031043 
3.412682 2.593870 1.970282 1.310807 0.519587 -0.347590 -0.847710 -0.871554 -0.528407 -0.273401 -0.085037 0.005513 
5.610861 2.970948 0.769848 1.381422 1.997066 0.076256 -0.615995 -1.369321 -1.095652 -0.515938 -0.030411 0.037805 
5.506329 2.852788 0.890417 1.605306 2.081144 -0.093969 -0.879423 -1.191467 -1.195476 -0.479842 -0.054521 0.026778 
4.793772 2.768639 1.163472 1.318176 1.635870 0.286889 -0.827825 -1.469304 -1.080920 -0.470730 -0.030474 -0.003474 
3.378849 2.167231 1.437184 1.214873 0.761567 -0.169229 -0.950203 -0.959734 -0.695240 -0.400441 -0.132654 -0.028761 
5.243573 2.818354 0.856601 1.189146 2.128112 0.600236 -1.242313 -1.551869 -1.042329 -0.562839 -0.058551 -0.024550 
5.191578 2.836187 0.574393 1.305668 2.634615 0.351656 -1.534774 -1.568757 -0.661932 -0.245939 -0.077722 -0.073909 
5.580102 2.760145 0.852860 1.189761 3.429266 0.429866 -1.521040 -1.468485 -0.584171 -0.220287 -0.077159 -0.073612 
3.909918 2.564281 1.534672 1.534041 1.512014 0.342291 -0.960701 -1.152345 -0.513098 -0.142538 -0.130409 -0.032595 
3.512489 2.346139 1.940810 1.903119 1.455553 0.081318 -1.126571 -0.935302 -0.430674 -0.144014 -0.147948 -0.034755 
4.793782 2.875768 1.254598 1.867501 2.639156 0.243076 -1.454755 -1.396695 -0.268235 -0.080095 -0.084866 -0.074550 
5.396317 2.598156 0.978794 2.266513 2.993916 0.349190 -1.740972 -1.452021 -0.211656 -0.196270 -0.113500 -0.087125 
4.885356 2.511205 1.054623 1.889840 2.465196 0.238040 -1.696469 -1.283912 -0.424702 -0.203225 -0.085427 -0.067410 
3.566356 2.285108 1.601379 1.566354 1.310476 -0.088864 -1.156333 -1.105677 -0.532085 -0.157684 -0.149853 -0.044170 
3.794317 2.564180 1.332198 1.051454 1.046126 0.027674 -1.015707 -1.113358 -0.611300 -0.216243 -0.144673 -0.045224 
5.522225 2.443781 0.783333 1.527421 3.136786 -0.084297 -1.951199 -1.493987 -0.729496 -0.333218 -0.110884 -0.064494 
6.310579 2.142530 0.839307 1.227201 3.723624 -0.075887 -1.855458 -1.669185 -0.628913 -0.183323 -0.163185 -0.071138 
4.840790 2.315491 1.005684 2.040215 2.358049 0.014996 -1.968733 -1.496640 -0.390504 -0.154419 -0.016132 -0.063048 
4.017029 2.282583 0.990639 1.424978 1.527626 0.142478 -1.302687 -1.220039 -0.203950 0.077493 0.024177 -0.024510 
6.282103 2.231247 0.279342 1.383775 3.578962 0.178042 -1.645351 -1.344663 -0.121054 0.078358 -0.027466 -0.033721 
5.894404 2.573187 -0.070834 1.157201 3.694348 -0.248950 -1.442271 -1.047697 -0.286630 0.307643 0.025364 0.000780 
5.147983 2.474171 0.407594 0.985912 2.928760 0.040113 -1.228984 -0.862034 -0.333865 0.233663 0.178415 0.033337 
4.937810 2.502917 0.296320 0.572142 2.363950 0.318459 -0.876363 -0.788177 -0.372511 0.152545 0.267010 0.080734 
4.044409 2.027788 0.581344 0.725367 1.641617 0.269984 -0.519036 -0.627862 -0.479657 0.191605 0.192485 0.082789 
4.993640 2.419019 0.049072 0.460330 2.569157 0.042705 -0.519579 -0.413822 -0.723232 0.312917 0.283354 0.143442 
4.490796 2.545517 0.597421 0.424441 1.475182 0.667784 0.022341 -0.622949 -0.598131 0.254678 0.454713 0.181048 
4.063108 2.445651 0.775133 0.276760 1.319396 0.871688 0.212472 -0.271570 -0.337706 0.441722 0.498851 0.168062 
3.611850 2.286782 0.973456 0.505687 0.469439 0.824404 0.440207 -0.142781 -0.107987 0.339616 0.634685 0.176556 
4.382875 2.615568 0.479597 0.372510 1.342961 1.055291 0.307549 -0.214568 -0.200369 0.287830 0.753891 0.256237 
4.015164 2.344003 0.898485 0.777446 1.412956 1.093447 0.670344 0.075216 -0.192056 0.218629 0.721456 0.214560 
3.316449 2.202351 1.079003 0.843143 1.217323 1.058317 0.894109 0.494477 0.102427 0.248121 0.364399 0.103781 
3.828240 2.533585 1.459092 1.398608 2.027010 1.339600 0.950573 0.470236 0.185103 0.380917 0.372632 0.109744 
4.205583 2.368451 1.487955 1.259567 1.919706 1.232187 0.385587 0.551524 0.257639 0.234560 0.491039 0.142440 
3.230375 2.315302 1.583906 1.253420 1.317067 1.177847 0.486583 0.171190 0.220711 0.379862 0.486470 0.106412 
3.157745 2.257156 1.551012 1.305973 1.441898 1.233871 0.596412 0.469169 0.469498 0.502921 0.431061 0.094256 
3.245702 2.116919 1.526952 1.332782 1.435177 0.761258 0.274389 0.206966 0.545387 0.451667 0.355309 0.093744 
3.530740 2.127688 1.642841 1.930181 1.715302 0.685538 -0.062955 0.063009 0.220825 0.324819 0.406327 0.099603 
3.129576 2.114262 1.671389 1.583426 1.471694 0.741488 0.245011 0.372125 0.424242 0.519195 0.376347 0.091379 
3.141349 2.200987 1.604404 1.440577 1.015737 0.671915 0.458310 0.423918 0.437429 0.428896 0.384864 0.099196 
3.127156 2.327599 1.977772 1.651856 1.136943 0.584095 0.442867 0.353977 0.399584 0.399869 0.475706 0.103022 
3.152706 2.355767 1.814025 1.511908 1.420338 1.014870 0.605676 -0.057319 0.161278 0.486416 0.453752 0.101541 
3.283629 2.084700 1.298108 1.223191 1.184329 0.901101 0.558574 0.431683 0.268537 0.304466 0.440088 0.111515 
3.215921 2.312195 1.579424 1.081370 0.832151 1.023389 0.719764 0.372150 0.311347 0.388994 0.475899 0.111524 
3.153090 2.269714 1.555551 1.053653 0.990133 0.760707 0.634527 0.580189 0.550308 0.548794 0.404322 0.100041 
3.392744 2.153500 1.585878 1.315349 1.033413 0.336469 0.252332 0.559150 0.554672 0.704162 0.503367 0.123336 
2.953457 1.927046 1.427769 1.092250 1.151586 0.258527 0.283046 0.813553 0.823947 0.541784 0.409230 0.096026 
3.054114 2.262115 2.021813 1.667218 1.190796 0.253055 0.246301 0.816494 0.471597 0.492969 0.428012 0.105128 
2.828590 2.111989 1.691743 1.369109 0.961756 0.450210 0.726985 0.978432 0.631742 0.364272 0.306403 0.087265 
2.919953 2.013352 1.505508 1.485967 1.262728 0.992439 0.679420 0.833558 0.717480 0.353599 0.355061 0.086001 
2.750595 1.959486 1.668772 1.489455 1.140399 0.856920 0.934035 0.791844 0.586072 0.258909 0.351461 0.083869 
2.809252 1.852841 1.364440 1.405054 1.203049 1.057750 0.630784 0.766621 0.644382 0.384242 0.289282 0.082742 
