2.923403 1.930949 1.479254 1.214333 1.215223 1.052034 0.950738 0.756461 0.892252 0.056193 0.034173 0.067803 
2.804510 1.885012 1.756219 1.617338 1.249442 1.138598 0.698784 0.879855 0.372206 0.101187 0.050144 0.074205 
2.743499 2.113100 1.966910 1.423469 1.269488 1.052561 0.680777 0.751432 0.245270 0.229817 0.134401 0.073221 
2.667775 1.834388 1.691328 1.434618 1.346170 0.595361 0.763987 0.567906 0.231084 0.035329 0.293596 0.088462 
2.801006 1.827978 1.781561 1.736334 1.370772 1.012130 0.635667 0.613667 0.135941 0.110181 0.232618 0.081787 
2.872273 1.693360 1.983199 1.706142 1.078269 0.853165 0.698831 0.449021 -0.090589 -0.180149 0.263165 0.088600 
2.771191 1.981832 1.920221 1.702135 1.214508 0.666354 0.790857 0.494767 -0.310945 0.013853 0.197961 0.075134 
2.619244 1.822084 1.522433 1.468218 0.967792 0.936897 0.600938 0.477263 -0.103568 0.087883 0.227048 0.090228 
2.741016 1.801114 1.308401 1.337360 1.285014 0.963698 0.459053 0.216662 0.195347 0.039780 0.232432 0.092473 
2.842415 1.854098 1.698259 1.723414 1.026019 1.388127 0.894331 0.137584 0.225824 -0.035715 0.255369 0.083901 
2.746262 1.769242 1.496205 1.715821 0.949671 1.084177 1.100128 0.060205 0.388496 0.137921 0.150119 0.078409 
2.776407 1.618819 1.440350 1.813715 0.927870 1.524034 1.004134 0.278206 0.269912 0.218623 0.092531 0.079895 
2.561918 1.906760 1.803887 1.811154 0.790260 1.451304 1.182846 0.095803 0.385740 0.291608 0.343796 0.071160 
2.624685 1.823400 1.487859 1.899824 0.779202 1.611996 1.038797 0.271624 0.411421 0.357124 0.236655 0.074377 
2.625548 2.011947 1.231866 1.451513 1.053978 1.491937 1.245379 0.285435 0.629557 0.233110 0.431390 0.079003 
2.467507 1.832854 1.135612 1.185460 0.631365 1.400287 0.835393 0.567635 0.794794 0.158465 0.345486 0.081037 
2.799128 1.932862 1.284922 1.827245 0.695443 0.869897 0.310125 0.605413 0.535485 0.357850 0.396493 0.095940 
3.216775 2.394654 2.143546 1.536477 1.108476 0.416678 0.311618 0.349711 0.127812 -0.001271 0.183478 0.065687 
3.711395 3.126325 2.632189 1.876887 0.938386 0.077016 0.235389 -0.008259 0.110518 0.036207 -0.030845 0.026323 
4.658031 3.163176 2.630422 1.787894 1.131057 0.599277 0.641873 0.527622 -0.325209 -0.747143 -0.068551 -0.007328 
3.770094 3.185483 2.362294 1.559749 0.731308 0.584811 0.469824 0.317910 -0.115106 -0.469898 -0.223183 -0.046759 
4.248965 3.469584 2.240970 1.489488 0.851213 0.921445 0.731569 0.066861 -0.320099 -0.813381 -0.196356 -0.063227 
5.094111 3.583252 2.087595 1.322659 0.943075 0.806090 0.441076 0.273637 -0.174372 -1.117575 -0.291339 -0.075498 
5.105982 3.460643 1.999472 1.493082 1.016785 0.364263 0.215090 0.109792 -0.153102 -1.192618 -0.308661 -0.075964 
3.733043 3.004521 2.124739 1.203172 0.477215 0.137081 -0.052954 -0.110840 -0.393111 -0.550373 -0.367998 -0.081228 
3.958507 3.111741 2.078704 1.300066 0.684084 0.178203 -0.036269 -0.255817 -0.462439 -0.596806 -0.348163 -0.085608 
5.724569 3.433227 1.578900 1.281544 1.069052 0.013570 -0.165880 0.047133 -0.141731 -0.840466 -0.413931 -0.104285 
5.179816 3.349562 1.488285 1.197728 0.905969 0.166682 -0.056936 -0.245920 -0.175670 -0.540759 -0.353470 -0.105105 
4.013581 3.002196 1.934618 1.136547 0.539155 0.190545 -0.031964 -0.102048 -0.331747 -0.520711 -0.412251 -0.089154 
4.318762 3.091943 1.694596 1.001678 0.643479 0.128758 -0.252125 -0.205855 -0.201598 -0.525706 -0.374677 -0.091895 
5.702339 3.206719 1.263542 0.871953 1.220528 -0.060281 -0.791968 -0.296269 -0.024146 -0.624419 -0.354351 -0.104011 
5.734999 3.314175 1.023053 0.777019 1.089041 -0.185616 -0.725899 -0.442109 -0.249300 -0.601961 -0.314798 -0.085525 
4.848899 3.146137 1.639529 1.011391 0.371592 -0.233627 -0.852543 -0.832517 -0.551821 -0.441031 -0.196375 -0.043493 
4.930429 3.319182 1.444474 0.599501 0.192370 -0.310128 -0.813240 -0.582526 -0.466255 -0.659455 -0.196125 -0.045476 
5.899176 3.066799 0.992053 0.498661 0.624009 -0.532930 -1.149170 -0.841735 -0.369593 -0.836512 -0.297413 -0.050338 
4.381368 2.921921 1.457175 0.626082 0.047081 -0.604810 -1.119512 -0.881492 -0.847845 -0.731886 -0.100230 -0.020107 
4.294026 2.832432 1.358561 0.662089 0.009757 -1.019466 -1.343892 -0.835090 -0.535606 -0.576026 -0.113050 -0.021694 
4.901988 3.052893 1.164982 0.584555 0.088393 -1.098800 -1.483939 -0.909070 -0.603067 -0.719350 -0.127344 -0.014538 
3.574819 2.287851 1.209837 0.520323 -0.235800 -0.989238 -1.283074 -1.007875 -0.733157 -0.540293 -0.017990 -0.002764 
4.400780 2.624359 0.993202 0.617609 0.331015 -0.871777 -1.862703 -1.309725 -0.732885 -0.487922 -0.044768 -0.006452 
4.291239 2.591102 1.153086 0.611720 -0.153407 -1.309754 -1.805537 -0.949064 -0.356896 -0.530478 -0.101638 -0.009151 
5.089969 2.487205 0.710568 0.709609 0.375624 -1.145573 -1.936098 -0.972894 -0.416370 -0.713852 -0.146721 0.002204 
3.577786 2.336632 1.312646 0.537882 -0.275187 -1.058314 -1.308391 -1.023319 -0.798937 -0.532777 -0.008009 0.005179 
5.317693 2.909605 0.411960 0.320825 0.608333 -0.817828 -2.033391 -0.955056 -0.465883 -1.014486 -0.183975 -0.016625 
4.538520 2.764318 1.135448 0.360080 -0.415184 -1.161004 -1.263702 -0.567661 -0.819925 -1.030636 -0.051761 0.021014 
4.900000 2.628216 0.898501 0.609426 0.095630 -1.249711 -1.566352 -0.814695 -0.778011 -1.130157 -0.143058 0.021958 
5.034263 2.702757 0.417920 0.365602 0.487569 -1.252423 -1.318569 -0.432947 -0.677875 -1.202601 -0.243857 0.013464 
5.764742 3.098423 -0.273295 0.513928 1.956373 -1.293926 -1.427124 -0.244063 -0.404150 -1.187294 -0.588514 -0.042556 
4.740412 2.568973 0.623213 0.775234 1.028533 -0.714104 -1.013082 -0.139541 -0.428124 -0.954354 -0.179354 0.025620 
3.738691 2.272531 1.167903 0.871961 0.477320 -0.273078 -0.459317 -0.093062 -0.535670 -0.640095 -0.139235 0.022305 
4.424371 2.565927 0.930353 0.932678 1.349615 -0.763215 -0.599819 -0.040629 -0.212251 -0.659768 -0.220000 0.007669 
5.050760 3.031248 0.385083 1.073309 2.095008 -1.083013 -1.101044 0.052852 -0.005046 -0.680718 -0.286873 0.002743 
5.424546 3.122306 0.284581 1.144646 2.845572 -1.714044 -1.048980 0.077449 -0.126276 -0.561050 -0.445544 0.034879 
3.634933 2.109342 1.273230 1.097720 0.617048 -0.506194 -0.875557 -0.365012 -0.283080 -0.351615 -0.059643 0.048283 
4.745160 2.461709 0.787997 0.639733 1.657874 -1.199295 -0.872009 -0.222781 0.000340 -0.606912 -0.182119 0.033461 
4.983105 2.834794 0.484783 0.755676 2.205812 -1.669837 -0.527836 -0.086349 -0.243150 -0.575397 -0.273911 0.061423 
3.879783 2.631136 1.058859 0.747281 0.639477 -0.615723 -0.422671 -0.725977 -0.046399 -0.291951 -0.050304 0.031532 
4.847089 2.877379 0.642077 0.587559 1.846128 -1.276198 -0.270090 0.087974 -0.120347 -0.662081 -0.230875 0.040483 
4.810429 2.785270 1.086383 0.080265 1.898775 -1.179282 -0.625255 -0.100937 -0.066197 -0.556166 -0.158220 0.028507 
4.805425 2.870797 0.871149 0.451060 1.724980 -1.593839 -0.379718 0.159076 -0.244563 -0.745119 -0.226195 0.044241 
4.087359 2.569985 1.032525 0.645672 0.737694 -1.054437 -0.659455 -0.080149 -0.095752 -0.600548 -0.140085 0.007071 
5.213182 2.970946 0.578461 0.368207 1.744426 -1.677604 -0.689451 0.126511 -0.105951 -0.961287 -0.334225 0.018081 
4.652284 2.767559 0.690073 0.278567 1.044633 -1.230204 -0.755593 0.009819 -0.226679 -0.651432 -0.220453 -0.015399 
5.329387 2.957751 0.585294 0.135331 1.654559 -1.890151 -0.513170 0.224030 -0.045322 -1.040416 -0.392352 0.019147 
5.031221 3.133009 0.508431 0.044836 1.464044 -1.719435 -0.432278 0.224855 -0.228937 -0.855661 -0.299747 0.006681 
5.273770 3.072510 0.414763 0.004518 1.652681 -1.906469 -0.299904 -0.099834 0.047490 -0.757293 -0.345704 0.007161 
4.555665 2.881782 0.770970 0.204172 0.998844 -1.039521 -0.721464 -0.168287 -0.060820 -0.690296 -0.159382 -0.028967 
4.873618 3.039400 0.620087 0.524465 1.537214 -1.510866 -0.631477 -0.104756 -0.208356 -0.652977 -0.281677 -0.022557 
5.329404 3.173889 0.089417 0.839229 2.186582 -1.666435 -0.797398 -0.292311 0.200404 -0.845442 -0.420369 -0.039910 
5.140066 2.991164 0.070451 0.795241 1.934151 -1.291999 -0.793289 -0.187035 0.555012 -0.773820 -0.310663 -0.057201 
5.212198 3.169059 -0.547208 1.048052 2.506410 -1.440548 -0.617722 -0.252454 0.484857 -0.598159 -0.333340 -0.022426 
4.622899 2.678648 0.071467 1.127866 1.821931 -0.650917 -0.865537 0.181791 0.673736 -0.693195 -0.146078 -0.026788 
4.839565 2.488175 0.012110 1.006752 2.530882 -1.017949 -0.557976 0.321551 0.810800 -0.363659 -0.073513 0.047733 
4.348623 2.078287 0.691209 1.195260 1.982027 -0.756474 -0.630874 0.566667 0.881749 -0.093511 0.114206 0.072392 
5.072944 2.101272 0.552879 0.925610 3.217865 -1.319077 -0.389551 0.663280 1.130698 0.016002 0.049923 0.163308 
4.856370 1.903418 0.852664 0.971354 2.824569 -1.267716 -0.506729 0.827196 1.364562 0.012843 0.127415 0.165973 
4.003165 1.973888 0.940532 1.378430 1.723583 -0.581161 -0.683625 0.579206 1.216789 0.074255 0.079480 0.063891 
3.126682 1.952315 1.598123 1.691366 1.402545 0.126737 -0.126899 0.617395 0.775130 0.083989 0.024461 0.058151 
3.795482 2.175236 1.517796 0.954479 2.012039 -0.140471 -0.693977 0.473967 1.015993 0.031181 -0.124065 0.006922 
3.822300 2.091772 1.042730 1.092026 2.021801 0.283892 -0.228831 0.275704 0.699924 -0.141784 -0.073168 0.023539 
3.822389 2.329239 1.659523 1.411366 1.723901 0.398990 0.412878 0.582631 0.839767 -0.347476 -0.095986 0.023492 
3.061522 2.054849 1.734250 1.330357 0.845150 0.373495 0.603966 0.672144 0.431564 -0.087499 0.018296 0.067075 
3.289035 2.251052 1.762541 1.774419 1.263362 0.034126 0.531685 0.575099 0.718180 -0.024005 -0.051927 0.053410 
3.434418 2.018860 1.528092 1.763038 1.817850 0.200561 0.457566 0.389918 0.409975 -0.082408 -0.104728 0.046088 
3.771273 2.020036 1.792724 0.891850 2.371680 -0.674354 0.763762 1.053523 0.689166 -0.231628 -0.133123 0.076417 
