3.542988 3.203853 2.661665 1.822266 1.911668 1.708187 0.991811 0.363924 -0.309912 -0.216615 -0.045443 -0.045695 
3.567645 3.226171 2.877889 1.905490 1.900420 1.061850 0.760675 0.557166 -0.351136 -0.437589 0.091110 -0.048925 
4.006670 3.302930 3.283347 2.526558 1.952172 1.064976 0.276996 1.022621 -0.537689 -0.929472 0.168172 -0.043776 
3.527249 2.837649 2.654306 1.868352 1.841411 1.070056 -0.102683 0.105727 -0.067416 -0.651423 -0.064805 -0.065042 
3.498163 2.871641 2.433426 2.233660 1.544922 0.300284 -0.093863 0.180863 -0.276457 -0.531813 -0.127189 -0.059954 
3.334085 2.718720 2.698880 2.186155 1.500604 0.453590 0.010055 0.345765 -0.545456 -0.775629 -0.075417 -0.064670 
4.087545 3.020417 3.628516 2.767860 2.465523 0.363522 -0.891950 0.967301 -0.641411 -1.784566 0.137665 -0.059562 
3.578295 2.620481 2.848513 2.074597 1.815061 0.441559 -0.508211 0.610450 -0.458530 -1.210092 -0.054627 -0.068930 
3.583549 2.797188 2.628035 1.524880 1.805832 0.629777 -0.539205 0.710576 -0.571683 -1.159573 -0.067672 -0.091663 
3.515897 2.924311 2.653307 1.644407 1.725072 0.837530 -0.249907 0.370515 -0.685503 -0.985129 -0.110211 -0.101927 
4.703815 3.684479 3.667581 1.186042 2.289951 1.205989 0.482743 1.484965 -0.989973 -2.226363 0.039906 -0.135126 
3.707052 3.235486 3.180630 1.488149 2.045069 1.400240 0.047491 0.474527 -0.749784 -1.120377 0.017985 -0.109621 
3.683035 3.615207 3.139362 1.714439 2.364435 1.415846 -0.508207 0.529868 -0.633514 -1.260783 0.104716 -0.145418 
4.076077 3.835065 3.456041 1.729389 2.177232 1.871130 -0.465601 0.529507 -0.446591 -1.852370 0.181838 -0.144602 
4.131688 3.912548 3.326689 1.382690 2.144124 1.499984 -0.499574 0.292372 -0.467201 -1.955230 0.165209 -0.157894 
3.530925 3.251765 2.980948 1.103778 2.076314 0.937550 -0.361239 -0.285162 -0.445099 -1.410927 0.062334 -0.133936 
3.701409 3.109219 2.645822 1.278470 2.076978 0.651071 -0.209299 -0.082133 -0.399015 -1.435750 0.021140 -0.115561 
3.538858 3.228338 2.736584 1.438568 1.496074 1.342655 0.135776 0.137056 -0.788604 -1.464454 0.080941 -0.121019 
4.047013 3.727156 2.167559 1.440505 1.527502 1.523822 -0.251253 0.944607 -0.531261 -2.167709 0.086583 -0.155059 
4.333963 3.832561 2.064498 1.884780 1.943252 1.600742 -0.405900 1.150250 -0.425934 -2.539650 0.056166 -0.150117 
3.797675 3.307356 2.217426 1.084267 2.068722 1.219703 -0.210620 0.329270 -0.549928 -1.833647 0.089900 -0.132628 
3.532031 2.961135 2.202418 1.360373 1.337899 1.286168 -0.436260 0.027405 -0.658960 -1.604539 0.027861 -0.119784 
3.411137 3.057837 2.037954 1.231892 1.693383 0.383396 -0.235228 0.120843 -0.667880 -1.449572 -0.017306 -0.143327 
3.905884 3.389003 1.906327 1.386708 1.945397 1.069229 -0.668786 0.175911 -0.449922 -1.784419 0.001824 -0.149235 
3.472100 2.715279 1.935036 1.102362 1.663624 1.057436 -0.559965 -0.095334 -0.672695 -1.257076 -0.131133 -0.121849 
4.210334 3.257578 1.604159 1.406347 2.400590 1.451083 -0.992071 0.409814 -0.430204 -1.982140 -0.054895 -0.141136 
3.621865 2.702399 1.930835 1.305874 2.317452 0.751920 -0.316541 -0.027859 -0.697885 -1.264905 -0.150191 -0.110677 
4.131497 2.684023 1.604628 0.835273 2.611735 1.316527 -0.709358 -0.131765 -0.249952 -1.701345 -0.153876 -0.113502 
3.597561 2.472406 1.440501 1.492961 1.982872 1.049986 -0.501555 -0.106906 -0.725785 -1.269588 -0.224133 -0.106326 
3.933363 2.491873 1.138961 1.319799 1.752187 0.909635 -0.610162 -0.326945 -0.274155 -1.327061 -0.312692 -0.125218 
3.395220 1.906449 1.693201 1.628341 1.470977 1.062148 -0.281956 0.063107 -0.765378 -1.181076 -0.332157 -0.079837 
3.744384 2.318522 1.498452 1.513583 1.643031 0.719524 -0.461579 0.276604 -0.456685 -1.554560 -0.291342 -0.093862 
4.242867 2.610194 0.773532 1.731540 2.448069 1.014143 -1.265177 0.411848 -0.520591 -1.711422 -0.318549 -0.108795 
3.726469 2.112267 1.398988 1.155811 1.752538 0.410396 -0.887954 0.184803 -0.396614 -1.316489 -0.359526 -0.119612 
3.161990 1.982264 1.534247 1.720095 1.186815 0.644591 -0.875825 -0.352492 -0.701398 -1.116230 -0.253254 -0.105099 
3.789831 2.027836 1.407181 1.421129 2.278164 0.403989 -1.510741 -0.162218 -0.280288 -0.988097 -0.385425 -0.152461 
3.612584 1.911659 1.817955 1.863347 1.566134 0.222281 -1.281651 -0.262860 -0.596480 -1.098451 -0.255063 -0.108238 
3.727646 2.097657 1.350736 1.426628 1.921913 0.496078 -1.153227 -0.072885 -0.482153 -0.994229 -0.355419 -0.127061 
3.301807 1.972135 1.651257 1.833545 1.766039 0.431402 -0.738523 -0.224973 -0.680367 -0.877306 -0.355198 -0.111991 
4.355442 1.959170 1.461794 2.018342 2.883814 -0.035815 -1.063728 0.386951 -0.770939 -1.229503 -0.389072 -0.079606 
3.689854 1.838923 1.528421 2.028098 1.694671 0.438581 -0.642535 -0.135413 -0.378915 -1.053231 -0.423714 -0.101584 
3.738490 2.280296 1.275032 1.834472 1.868485 0.134432 -1.044441 -0.222181 -0.409232 -0.847285 -0.401650 -0.128415 
3.352599 1.971641 1.702287 2.135406 1.719688 0.184092 -0.728632 -0.174980 -0.658066 -0.942912 -0.313880 -0.101540 
3.638912 2.445181 1.728203 1.714763 2.131885 0.076928 -1.117693 -0.119848 -0.501563 -0.695811 -0.352126 -0.135903 
3.699339 2.413609 1.952693 2.246533 2.533562 0.407385 -1.282142 0.031174 -0.403021 -0.723797 -0.333219 -0.132421 
3.653997 2.359171 2.232318 2.405370 1.971526 -0.247190 -1.406455 -0.133262 -0.461014 -0.750674 -0.361856 -0.127192 
4.895805 2.097887 2.027261 2.695051 2.962372 0.177261 -2.556162 0.290191 -0.689159 -1.062062 -0.389598 -0.124160 
3.817712 2.266330 1.664988 2.264187 1.699846 -0.427943 -1.025987 -0.181145 -0.550457 -0.841549 -0.344074 -0.105521 
3.907205 2.188562 1.892117 2.595877 2.034792 -0.537162 -1.342414 -0.174014 -0.542409 -0.791113 -0.349450 -0.105525 
3.741783 2.209053 1.886162 2.646566 2.060554 -0.262895 -1.195233 -0.130265 -0.508331 -0.715720 -0.338168 -0.111307 
3.719087 2.463930 1.922345 2.350111 1.695947 -0.313102 -0.923691 -0.159008 -0.433016 -0.681735 -0.307653 -0.101148 
3.942159 2.417606 1.992934 2.599874 2.195488 -0.025505 -1.140984 -0.214710 -0.317030 -0.660125 -0.300941 -0.102620 
4.841129 2.341849 1.839238 2.788800 2.479405 0.234786 -1.452335 -0.381278 -0.072885 -0.885715 -0.343682 -0.089099 
5.071513 2.470011 1.668654 2.735088 3.056009 -0.043790 -1.354435 -0.270609 -0.219812 -0.932665 -0.370876 -0.081443 
3.742001 2.472738 1.999296 2.193095 1.731610 -0.151735 -0.871085 -0.135463 -0.328335 -0.478729 -0.262046 -0.082256 
3.553999 2.524316 2.093519 2.368545 1.775168 -0.048383 -0.690359 -0.196114 -0.214974 -0.503630 -0.298241 -0.093651 
5.164822 2.511730 1.688069 3.266412 3.022923 0.476736 -1.403513 -0.149637 -0.260120 -1.074162 -0.289083 -0.037158 
4.647208 2.556414 1.736836 3.406485 3.098260 0.387214 -1.191352 -0.265796 -0.231020 -0.965826 -0.171942 -0.056001 
4.704616 2.573927 1.663953 3.192217 3.251815 0.537085 -1.182802 -0.172568 -0.111788 -0.805253 -0.156728 -0.054158 
3.958149 2.768116 1.790196 2.575921 2.302571 0.809226 -0.505236 -0.156804 0.129883 -0.386691 -0.116471 -0.068571 
4.659379 2.685944 2.295301 3.043879 2.670922 0.542443 -0.864329 -0.037836 -0.080626 -0.647887 -0.090121 -0.034949 
4.537342 2.960937 2.490300 3.269091 3.326877 0.682240 -0.782982 0.142820 -0.204540 -0.580455 -0.069669 -0.060356 
4.141225 2.932826 3.032860 3.027690 2.625851 0.807504 -0.539442 0.364634 -0.105250 -0.487448 -0.004213 -0.048393 
3.352572 2.823220 2.696162 2.613934 2.197206 1.107149 0.401273 0.596425 0.095637 -0.072437 -0.070316 -0.028082 
3.820168 2.881289 2.663457 2.382724 2.700305 1.446765 -0.013634 0.773012 0.608168 -0.038379 -0.071232 -0.023200 
3.424729 2.741523 2.439941 2.391788 2.158348 1.068281 0.219181 0.848180 0.443345 -0.005463 -0.163088 0.000697 
3.871181 2.945564 2.804857 3.074647 2.555961 1.643175 0.088971 0.871724 0.430436 -0.378418 0.061348 0.007668 
2.926845 2.557000 2.332890 2.229237 1.841447 1.292672 0.808439 0.785532 0.278507 -0.081678 -0.121607 0.022692 
4.217626 3.319422 2.400858 2.708559 2.484338 1.820547 0.071259 1.378082 0.626400 -1.019728 0.083124 -0.007434 
3.258294 2.743923 2.380935 2.303724 1.909733 1.044977 0.385952 0.795751 0.324034 -0.140226 -0.034436 0.010483 
3.169961 2.681116 2.191796 2.224301 1.721928 1.184813 0.777587 0.638579 0.212977 -0.140808 -0.051290 0.014251 
3.170236 2.539951 2.215276 2.143219 1.827851 1.170130 0.820018 0.670990 0.211535 0.098322 -0.031438 0.026218 
4.194848 2.938775 2.999707 2.201124 3.095330 0.689968 -0.159659 1.294965 0.619574 0.135707 0.067777 0.015950 
2.926907 2.367440 2.135954 1.966455 1.668076 1.261098 1.006638 0.873201 0.618950 0.359410 0.197731 0.069490 
2.687510 2.241605 2.085046 1.767280 1.560861 1.266383 0.971563 0.796784 0.517877 0.318927 0.175449 0.071618 
2.807546 2.258022 2.105794 1.893612 1.784467 1.361524 1.178503 1.074246 0.638168 0.401370 0.143752 0.079620 
3.248509 2.470782 2.228212 2.322842 2.121772 1.451637 1.048483 1.376625 1.061166 0.576416 0.211080 0.096430 
2.718050 2.149667 1.952949 1.842253 1.733082 1.384534 0.863718 0.799200 0.533888 0.349328 0.182550 0.076230 
2.699215 2.070959 1.900370 1.751415 1.564475 1.281363 1.028865 0.867822 0.725574 0.364661 0.175913 0.076512 
2.682859 2.135323 1.871772 1.703102 1.622979 1.432483 1.098399 0.790607 0.593658 0.379866 0.233992 0.079312 
3.064672 2.501396 2.152140 1.954881 1.841218 1.411308 1.137421 1.474923 1.215731 0.387566 0.210299 0.090655 
2.770093 2.172673 1.966107 1.645696 1.549393 1.392433 1.174062 1.147888 0.679793 0.381978 0.230537 0.079899 
2.706054 2.192734 1.868867 1.624907 1.495169 1.228071 1.160109 0.986243 0.651647 0.380173 0.210358 0.076334 
2.703599 2.103440 1.912239 1.692842 1.587653 1.335086 1.255148 0.942879 0.698297 0.372263 0.132324 0.078194 
3.039556 2.574565 2.405507 1.635281 2.243700 1.597797 1.340514 1.498845 1.006391 0.401992 0.090265 0.081805 
