2.793668 1.186962 1.257510 2.472899 1.780879 0.065599 0.406134 1.398614 1.347344 -0.243274 -0.142807 0.109490 
2.757430 0.785916 1.643309 3.099971 1.848116 -0.471443 0.613418 1.814311 1.193525 0.089504 -0.222061 0.132119 
2.672921 0.020173 2.127150 3.325134 1.601875 -0.698506 0.944732 1.776498 0.816550 0.242422 -0.235798 0.124213 
2.075800 0.031084 2.521161 3.539411 1.082736 -0.848646 1.202885 1.687980 0.860891 0.518837 -0.220400 0.134922 
2.132328 -0.041935 2.902618 3.504986 0.895047 -0.537386 0.968710 1.574708 0.616145 0.602762 -0.209520 0.105676 
2.107069 -0.000954 2.978910 3.478568 0.837906 -0.623650 1.339373 1.250277 0.307817 0.576500 -0.106456 0.092256 
2.052699 0.050713 3.173661 2.804506 1.004369 0.065133 1.979673 0.620010 0.085809 0.699621 -0.048877 0.057528 
1.515283 0.477982 3.810977 2.616364 0.452087 0.149314 1.974374 0.629090 0.295588 0.881801 0.136880 0.044567 
1.383890 0.660529 3.862980 2.175456 -0.487131 0.781530 1.868296 0.358132 0.315556 0.764507 0.214714 0.032040 
1.467603 0.581248 3.976471 1.837850 -0.562289 1.440706 1.685020 0.334872 0.277318 0.709680 0.221065 0.024738 
0.939418 0.640693 4.222713 1.367704 -0.343432 0.926412 1.609073 0.390249 0.416236 0.600232 0.482830 -0.006042 
0.903745 0.841701 4.060250 1.695188 -0.183005 0.901202 1.795303 -0.316089 0.507888 0.490897 0.523219 -0.026252 
0.748157 1.192160 4.024717 1.881243 0.155480 0.569933 1.665689 -0.349780 0.818542 0.268347 0.718152 -0.055384 
0.569978 0.824530 4.064787 2.081866 0.240511 0.569020 1.823158 0.084006 0.839220 0.193252 0.729835 -0.041842 
0.295032 0.674826 4.746337 2.326143 -0.088010 0.612117 1.638935 -0.077906 1.036284 0.149854 0.507319 0.023686 
0.296647 0.598023 4.542131 2.345538 -0.064579 0.570769 1.494802 -0.045699 1.031478 0.048520 0.485782 0.043720 
0.203757 0.417326 4.460693 2.263103 -0.068687 0.546975 1.971021 -0.190373 1.026419 0.102716 0.445562 0.051839 
-0.108625 0.282725 4.734651 2.524944 0.024505 0.645317 1.853435 0.112987 1.274945 0.092208 0.338177 0.089221 
-0.701863 0.048579 4.523317 2.287934 0.419031 0.590424 1.893549 0.088905 1.676984 -0.099990 0.450557 0.035248 
-0.757830 0.371380 4.921716 2.158765 0.270541 0.235924 1.956852 -0.148570 1.279511 -0.001140 0.457407 0.030384 
-0.994973 0.423250 4.489674 2.008401 0.206195 0.353847 1.966320 -0.311948 1.092038 0.025852 0.466952 0.025968 
-0.911114 0.677415 4.566421 1.840192 0.143049 0.386552 2.093747 -0.431975 0.965306 0.035155 0.470460 0.032318 
-0.941708 0.653817 4.305949 2.255549 0.441713 0.685182 2.602996 -0.523864 0.553922 0.146719 0.483383 0.035069 
-0.645335 0.808341 4.486342 1.978126 -0.204234 0.318604 2.798264 -0.276867 0.909334 0.095349 0.478400 0.056378 
0.123321 0.607132 4.138585 1.690157 -0.128784 0.916221 2.738320 -0.538895 0.811213 -0.116278 0.539722 0.047467 
1.709784 0.481493 2.488234 1.227966 0.170728 0.582313 2.005843 -0.857641 0.445974 -0.065868 0.466008 0.089140 
3.667761 0.609916 0.554606 0.942802 1.944982 -0.351238 0.599675 -0.082808 0.797512 -0.360096 -0.140923 0.071309 
4.966611 1.020722 -0.312490 0.398791 2.182006 -1.264643 0.051694 -0.854351 1.102443 -0.697893 -0.257634 0.078151 
4.866633 1.322711 -1.031947 0.352221 1.661393 -1.057592 -0.779868 -0.699117 0.847216 -0.742911 -0.208032 -0.019347 
4.890930 1.551600 -1.271228 -0.130435 2.065907 -1.155231 -1.102070 -0.809050 0.591948 -0.641719 -0.206903 -0.035312 
5.031774 1.585691 -1.227446 -0.606249 2.126440 -0.861565 -1.490027 -0.556384 0.281163 -0.566442 -0.207820 -0.046077 
5.191432 1.733402 -1.450105 -0.832550 2.047405 -0.730003 -1.614888 -0.476308 0.163885 -0.610361 -0.242850 -0.057043 
5.060154 1.563548 -1.271941 -0.694921 1.426692 -0.290973 -1.533236 -0.389566 0.145101 -0.822909 -0.243121 -0.038976 
5.096456 1.710090 -1.540547 -0.781452 1.508263 -0.397471 -1.346093 -0.380423 -0.144791 -0.672897 -0.258908 -0.035920 
5.171506 1.627465 -1.659814 -0.826940 1.332788 -0.459700 -1.393336 -0.679679 -0.045087 -0.738795 -0.246478 -0.030412 
5.537452 1.733655 -1.926347 -0.886958 1.132708 -0.584844 -1.405011 -0.931043 0.128596 -0.776873 -0.274919 -0.037108 
4.951173 1.379544 -1.439567 -1.100017 0.597783 -0.677811 -1.354800 -0.577144 -0.095754 -0.752511 -0.174987 0.010837 
5.795016 1.508845 -1.984392 -1.407838 0.910946 -1.001104 -1.179476 -1.364339 0.025520 -0.700345 -0.238738 -0.006744 
4.780870 1.555348 -1.498197 -1.403657 -0.040245 -0.411469 -1.131722 -0.797262 -0.049383 -0.671017 -0.055773 0.005725 
6.253312 1.879241 -2.284645 -1.895935 1.276719 -1.169602 -0.628233 -1.294600 -0.050292 -0.424096 -0.260283 -0.014677 
3.575030 1.310521 -0.698916 -1.107034 -0.760676 -0.520331 -0.508413 -0.536510 -0.535009 -0.498329 -0.043588 0.018437 
5.749315 1.885510 -1.799030 -1.950436 0.574845 -0.778126 -0.982364 -1.035775 0.222239 -0.737427 -0.194699 -0.028300 
4.803544 1.842341 -1.431026 -1.701112 -0.477957 -0.590572 -0.699870 -0.494630 -0.021589 -0.710021 -0.085584 -0.016991 
5.758894 2.125365 -2.396490 -2.147514 0.597416 -0.849598 -1.025087 -0.919918 0.518267 -0.635759 -0.196788 -0.108003 
3.785171 1.106758 -1.189121 -1.303429 -0.569182 -0.568113 -0.592311 -0.247238 -0.046075 -0.439771 -0.056627 -0.019337 
6.035675 1.716710 -2.959532 -1.919833 1.035739 -1.107408 -0.690068 -1.037152 0.696173 -0.408279 -0.290639 -0.111984 
5.890203 1.776678 -3.305603 -1.780283 1.230616 -1.229520 -0.600721 -0.929034 0.703193 -0.391287 -0.313983 -0.117279 
5.962392 1.938208 -3.805112 -1.415023 1.466712 -1.331472 -0.418480 -1.050233 0.704949 -0.341839 -0.322308 -0.117926 
5.661792 1.793979 -3.313561 -1.579980 1.637593 -1.013055 -0.583949 -0.948027 0.642585 -0.411718 -0.300256 -0.125215 
5.577839 1.977197 -3.294611 -1.613560 2.134040 -0.901474 -0.558420 -0.796876 0.483553 -0.282446 -0.319048 -0.115875 
5.333514 1.729339 -2.917988 -1.250475 2.071970 -0.245657 -0.745525 -0.373612 0.316531 -0.262622 -0.254357 -0.105840 
5.404485 1.834651 -2.958232 -1.264911 2.523978 -0.240317 -0.479222 -0.377426 0.340257 -0.159708 -0.261869 -0.093499 
5.590850 1.937575 -3.173090 -1.016229 2.643058 -0.243079 -0.206912 -0.423155 0.429278 -0.008455 -0.238390 -0.068306 
5.776297 1.661607 -2.808233 -0.749682 2.325088 -0.224660 -0.044889 -0.474941 0.654826 0.006769 -0.124093 -0.045834 
5.898967 1.846179 -2.662592 -0.699552 2.457488 -0.519763 0.139442 -0.537525 0.948071 0.162385 -0.050363 -0.020088 
5.729344 1.971312 -2.056000 -0.830237 2.141929 -0.063435 -0.135475 -0.363182 1.057277 0.174313 0.066405 -0.028023 
6.090099 2.507825 -2.048457 -1.015679 2.817507 -0.406572 0.161290 -0.606732 1.057444 0.429438 0.083963 0.001601 
5.026763 2.053473 -0.740297 -0.247019 1.843941 0.418924 -0.194893 -0.279512 0.865032 0.189849 0.102600 -0.021298 
4.880453 2.295654 -0.310248 -0.256040 1.983005 0.408672 0.052867 -0.351299 0.738869 0.183375 0.080464 -0.005574 
4.387862 2.128057 0.111250 0.376167 1.483568 0.896707 0.179104 -0.200104 0.581336 0.364304 0.118077 0.017472 
4.631427 2.290721 0.453261 -0.046397 1.782361 0.933886 0.337126 0.447262 0.564707 0.004625 0.094051 0.031690 
4.231273 2.311999 0.772735 0.384250 1.470966 1.010047 0.422163 0.842450 0.566789 -0.122848 0.055835 0.023728 
4.207548 2.401143 0.698349 0.365313 1.287495 1.054318 0.362489 0.503372 0.429408 0.237112 0.081986 0.024834 
4.065331 2.297221 0.730639 0.541073 1.295285 0.720556 0.433069 0.624424 0.456948 0.061247 0.087457 0.034468 
4.253188 2.346188 0.567744 0.480754 1.205003 0.556160 0.040422 0.219574 0.651275 0.237239 0.114708 0.030853 
4.081002 2.425160 0.853176 0.588479 0.741376 0.388193 -0.115224 0.255032 0.441697 0.214459 0.241461 0.081120 
3.944387 2.364228 0.909272 0.548170 0.983126 0.413432 0.096220 0.142410 0.485979 0.290226 0.212455 0.071579 
3.784310 2.478109 1.024314 0.833582 0.962178 0.300024 -0.048724 0.343143 0.659239 0.414050 0.163713 0.053604 
3.991484 2.684021 1.216532 0.738964 0.781840 0.385360 0.325889 0.261362 0.527314 0.282486 0.218190 0.068971 
3.756155 2.627399 1.399080 0.868946 0.832675 0.376546 0.436986 0.501325 0.546724 0.106402 0.096803 0.040283 
3.900490 2.675440 1.431112 0.763739 0.794922 0.443546 0.463817 0.410940 0.383378 0.124950 0.131988 0.049797 
3.766667 2.613628 1.492840 0.843204 0.843888 0.333175 0.248478 0.324576 0.354140 0.206106 0.140875 0.051704 
3.810926 2.720626 1.452797 0.767867 0.707664 0.595675 0.552163 0.361419 0.088542 0.044572 0.125282 0.049283 
3.783695 2.661169 1.332669 0.791496 0.817023 0.581616 0.269370 0.207850 0.147425 0.046387 0.165433 0.058691 
4.000780 2.643829 1.354766 0.750456 0.835052 0.629085 0.281384 0.058385 0.276574 0.187566 0.150091 0.058570 
4.253570 2.715465 1.153695 0.708176 1.088366 0.553142 -0.100122 -0.086291 0.058891 0.039814 0.148557 0.063328 
4.503014 2.725196 0.974522 0.911471 1.245760 0.439026 -0.475464 -0.348282 0.188156 0.061026 0.085893 0.033408 
4.591158 2.501984 0.871992 1.141243 1.623676 0.366833 -1.012547 -0.683180 0.124551 0.180815 0.079066 0.011699 
5.168252 2.668803 0.239439 0.987790 2.011446 0.378990 -1.416214 -0.870503 0.261114 0.052847 0.109129 -0.006902 
4.216918 2.352682 0.887701 1.199239 1.205973 0.046693 -1.287484 -0.909073 -0.001864 0.246684 0.135095 0.028469 
5.004250 2.606849 0.000074 1.021487 1.628377 0.266017 -2.082237 -1.169783 0.085575 0.162551 0.241826 0.018271 
5.998487 2.852455 -1.210587 1.003305 2.285374 0.481653 -2.436983 -1.253377 -0.058634 0.195558 0.148716 -0.002946 
6.488894 2.850735 -2.194303 1.491560 2.290020 0.327438 -2.455079 -1.438715 -0.225373 0.307575 0.062297 0.011826 
4.599952 1.956514 -0.140646 0.938952 1.343320 -0.468431 -2.324053 -1.272389 0.150786 0.195948 0.275692 0.035437 
5.257935 1.936804 -0.763072 0.865013 2.136779 -0.229391 -2.549331 -1.430077 0.326273 0.172390 0.269606 0.023672 
