2.547201 1.996081 1.736004 1.539221 1.348344 1.159849 0.960018 0.760964 0.577415 0.393667 0.229633 0.080164 
2.550302 1.991234 1.742377 1.539235 1.348333 1.155601 0.960018 0.764732 0.574218 0.391257 0.229626 0.080169 
2.548722 1.993668 1.742393 1.535443 1.344185 1.164148 0.955849 0.768551 0.570983 0.388834 0.231174 0.080168 
2.548696 1.996104 1.732852 1.542927 1.348400 1.155612 0.955816 0.768584 0.574161 0.393696 0.228074 0.080168 
2.548697 1.993673 1.742436 1.535376 1.348369 1.155607 0.964118 0.761015 0.574183 0.393685 0.228077 0.080168 
2.550250 1.993647 1.742440 1.539163 1.344287 1.151297 0.964126 0.764759 0.574205 0.393687 0.228083 0.080168 
2.551839 1.988782 1.742403 1.539216 1.348378 1.155550 0.960052 0.764701 0.574228 0.393718 0.228053 0.080169 
2.548729 1.993658 1.739195 1.539257 1.348347 1.155531 0.960062 0.764714 0.574211 0.393751 0.228028 0.080168 
2.548717 1.991194 1.739200 1.539331 1.356545 1.155513 0.955968 0.764754 0.574165 0.391309 0.229596 0.080167 
2.548712 1.993632 1.739234 1.539281 1.348263 1.164078 0.947684 0.764773 0.577338 0.393730 0.228037 0.080168 
2.550286 1.991160 1.739258 1.543048 1.348250 1.155568 0.955951 0.772307 0.567797 0.396134 0.228068 0.080168 
2.551808 1.991140 1.739303 1.539253 1.348248 1.155540 0.964280 0.764724 0.574176 0.391239 0.228098 0.080168 
2.567658 1.987869 1.661669 1.555389 1.404324 1.072269 0.984427 0.756901 0.519630 0.384554 0.241041 0.080453 
2.534992 1.895093 1.815567 1.511344 1.416521 1.071261 1.029814 0.834866 0.481691 0.398706 0.243662 0.079758 
2.336327 2.054359 1.893673 1.432447 1.331243 1.162060 1.176324 0.517581 0.746785 0.319291 0.271504 0.079917 
2.398854 2.019164 1.758454 1.754773 1.028631 1.187691 1.252015 0.524604 0.657679 0.294902 0.327393 0.074279 
2.428256 1.861148 1.899303 1.500932 1.282730 0.837079 1.331044 0.664100 0.701815 0.205586 0.369695 0.079927 
2.338119 1.969969 1.684021 1.785276 1.102362 1.160293 1.197294 0.561825 0.495883 0.216175 0.374586 0.072803 
2.373660 1.970367 1.716685 1.722890 1.173353 1.047698 1.026702 0.721392 0.631356 0.349608 0.375781 0.075341 
2.346342 1.805650 1.911010 1.666396 0.766356 1.251168 1.307950 0.529323 0.640889 0.361462 0.435227 0.069350 
2.446643 1.973721 1.905285 1.792555 0.932307 0.936366 1.433777 0.754359 0.290842 0.507280 0.455819 0.071185 
2.574010 1.867271 1.923909 1.664513 0.727382 1.150012 1.122491 0.849257 0.493363 0.637683 0.320280 0.076883 
2.923538 2.200319 1.923662 1.305225 0.503579 0.275938 0.765147 0.677228 0.379349 0.413834 0.331075 0.093911 
3.274104 2.661456 1.625664 0.603469 0.365742 0.802032 0.858070 0.702491 0.518204 0.197972 0.148277 0.061998 
3.891296 2.953964 1.530473 0.390650 0.535547 1.061988 1.179426 0.626132 0.056301 -0.008188 0.068437 0.044533 
3.959061 2.607952 1.078214 0.626881 0.889250 1.321430 1.052323 0.568979 -0.010419 -0.202945 -0.046613 0.023738 
3.783300 2.597307 1.263660 0.562342 0.700477 1.084647 1.105793 0.530393 -0.115154 -0.331889 -0.060284 0.011684 
4.323970 3.123208 1.128808 -0.018187 0.246599 0.972760 1.108942 0.518615 -0.184353 -0.370445 -0.123794 -0.004347 
4.594070 3.169464 1.042680 -0.146613 0.025424 0.711101 0.969169 0.385425 -0.302241 -0.507343 -0.094391 0.011563 
4.680219 3.304178 1.136999 -0.281766 -0.338978 0.529979 0.786158 0.351410 -0.311820 -0.330636 -0.143410 -0.010903 
4.321135 2.943679 1.104595 -0.012093 -0.025052 0.407902 0.497116 0.138952 -0.246624 -0.368504 -0.217836 -0.036047 
4.725355 3.472201 1.350700 -0.156805 -0.176352 0.424751 0.625767 0.165799 -0.294959 -0.378024 -0.310320 -0.072168 
4.463767 3.318510 1.486610 0.180940 -0.036999 0.237690 0.327816 0.097200 -0.246375 -0.372505 -0.344706 -0.088795 
4.674258 3.565584 1.546624 0.013716 -0.270876 0.055695 0.251788 0.064333 -0.212227 -0.333787 -0.340318 -0.101579 
4.817350 3.498931 1.423769 -0.153998 -0.328921 0.068015 0.146862 -0.110848 -0.353037 -0.286844 -0.335044 -0.097632 
5.888874 3.534947 0.827741 -0.494917 -0.415776 -0.035984 -0.030491 -0.169587 -0.430325 -0.283176 -0.267470 -0.089254 
5.227640 3.824983 1.174536 -0.727646 -1.081784 -0.548308 -0.096470 -0.160190 -0.291723 -0.270635 -0.249048 -0.087361 
4.810117 3.476740 1.112508 -0.698840 -1.097272 -0.679335 -0.317884 -0.302897 -0.293843 -0.203384 -0.189302 -0.066886 
4.614038 3.168718 0.960079 -0.607032 -0.935843 -0.667190 -0.529039 -0.351397 -0.114988 0.006026 -0.127938 -0.053836 
6.216506 3.556831 0.503382 -0.888613 -0.781750 -0.628122 -0.678359 -0.388034 -0.022229 0.168214 0.015243 -0.035309 
6.954681 3.847506 0.108322 -0.879609 -0.275082 -0.572292 -1.018965 -0.493328 0.162778 0.329543 0.131895 -0.029224 
5.334247 3.609082 0.938903 -0.528530 -0.693266 -0.648809 -0.800491 -0.444904 0.248663 0.504872 0.051439 -0.018050 
4.541142 3.129906 1.186162 -0.219384 -0.807852 -0.785675 -0.520176 -0.058606 0.353553 0.444519 -0.028972 -0.019970 
5.083660 3.201919 0.836134 -0.358978 -0.458647 -0.495822 -0.446898 -0.112480 0.403703 0.465753 0.023500 -0.023404 
6.867414 3.409592 -0.170609 -0.618036 0.225656 -0.297409 -0.551795 -0.017280 0.479453 0.423100 0.106153 -0.035455 
6.251294 3.229795 -0.048610 -0.534610 0.347467 -0.047596 -0.428182 0.040276 0.569189 0.407415 0.096317 -0.037472 
5.245778 2.972745 0.376519 -0.167083 0.376331 -0.028284 -0.526788 -0.014956 0.735491 0.535566 0.060163 -0.043738 
4.521044 2.610370 0.625805 0.117232 0.433854 0.146818 -0.211979 0.172285 0.670345 0.493979 -0.047447 -0.032515 
6.265382 2.714341 -0.304530 0.220920 1.156161 0.155286 -0.709481 0.283122 1.182904 0.538227 0.011641 -0.084939 
6.363394 2.812164 -0.597007 0.069199 1.530054 0.320936 -0.651494 0.183985 1.337282 0.651255 0.119192 -0.068233 
4.910207 2.590993 0.365330 0.374371 0.887799 0.253990 -0.454911 0.303881 1.206381 0.723018 0.167515 -0.012595 
4.552372 2.636528 0.611869 0.351527 0.756751 0.387029 -0.124852 0.311012 1.031200 0.775679 0.227582 0.028584 
5.313317 2.888615 0.538579 0.556659 1.160532 0.085540 -0.760114 0.286319 1.282191 0.773740 0.223791 -0.004986 
5.535361 3.161980 0.707110 0.624470 1.321653 0.106134 -0.776404 0.094520 1.072996 0.729026 0.257810 0.012997 
4.209127 2.816989 1.562793 1.095271 0.800748 0.146589 -0.074389 0.321579 0.717782 0.445813 0.167954 0.061164 
4.128476 2.976528 1.516611 0.786203 0.783010 0.561624 0.341815 0.328754 0.444263 0.417162 0.178586 0.068874 
3.936180 2.982276 1.935547 1.223769 0.786817 0.478590 0.394605 0.359680 0.413382 0.224924 0.150782 0.062970 
3.678193 2.886913 1.958464 1.317774 1.095086 1.023241 0.667531 0.497835 0.307086 0.130278 0.099033 0.048650 
3.359907 2.744859 2.088917 1.527916 1.087225 0.698492 0.669748 0.658205 0.532396 0.269642 0.120300 0.059266 
3.122324 2.375051 1.716254 1.362906 1.180728 1.014643 0.770777 0.706036 0.700841 0.440700 0.149588 0.066000 
2.886477 2.204496 1.756913 1.440815 1.265583 1.101175 0.935675 0.768602 0.517939 0.282106 0.164694 0.067396 
2.986139 2.367767 1.812610 1.316879 1.165123 1.124856 0.991205 0.828968 0.625207 0.360378 0.137193 0.065193 
2.930114 2.310492 1.953860 1.650795 1.394040 1.099327 0.893340 0.748259 0.554400 0.251598 0.049627 0.060632 
2.858258 2.219960 1.713202 1.390031 1.269842 1.274268 1.135497 0.858416 0.563127 0.265452 0.127548 0.065027 
2.894375 2.268459 1.784737 1.396703 1.133307 0.957359 0.930383 0.863198 0.618864 0.352390 0.191530 0.067406 
3.074285 2.477575 1.967262 1.506173 1.242170 0.973137 0.748048 0.650223 0.584594 0.400820 0.197246 0.069456 
3.154968 2.731825 2.225207 1.518672 1.052115 0.846494 0.746972 0.644860 0.478292 0.318014 0.217254 0.069994 
3.220823 2.643184 2.072265 1.646453 1.420522 1.057712 0.716660 0.511990 0.443775 0.245832 0.147751 0.060059 
3.373132 2.708615 2.084247 1.609152 1.274260 1.134493 0.967996 0.687564 0.393753 0.174359 0.097021 0.050711 
3.334704 2.710322 2.151875 1.646637 1.314952 1.028321 0.889953 0.712848 0.510789 0.245529 0.124489 0.056665 
3.357451 2.774540 2.148545 1.637899 1.159335 0.862183 0.769513 0.745911 0.642577 0.355531 0.084313 0.056043 
3.475077 2.885240 2.108163 1.461401 1.037457 0.846819 0.756007 0.631868 0.525800 0.258161 0.099899 0.052513 
3.789591 3.171159 2.216933 1.213641 0.679220 0.761142 0.961768 0.839240 0.280035 -0.025412 0.090043 0.028170 
3.763176 3.114709 2.187579 1.273579 0.833266 0.790681 0.724641 0.488459 0.182568 -0.039074 0.061127 0.030910 
3.874550 3.196533 2.273145 1.405105 0.824504 0.545350 0.509822 0.326381 0.190918 0.034529 0.036052 0.029154 
3.894883 3.371493 2.528705 1.426513 0.756988 0.364974 0.151844 0.131099 0.094424 0.043950 0.043223 0.034281 
4.173991 3.602490 2.623284 1.556154 0.590471 0.066005 -0.147574 -0.085663 0.102602 0.106765 0.070600 0.050291 
4.156832 3.607030 2.634354 1.427469 0.413048 -0.209149 -0.362954 -0.066603 0.080280 0.075308 0.142314 0.072918 
4.341625 3.728202 2.487027 1.061396 0.267791 -0.108936 -0.256886 -0.174219 -0.082277 0.126546 0.191599 0.091481 
4.422603 3.640111 2.237332 0.917394 0.234244 -0.120061 -0.255066 -0.195530 -0.041164 0.113129 0.242686 0.107675 
4.520036 3.709715 2.184535 0.796677 -0.020396 -0.226177 -0.082523 -0.011039 -0.001413 0.039843 0.267579 0.107955 
4.725662 3.498934 1.870247 0.766607 0.331284 -0.092627 -0.307059 -0.091370 0.161434 0.131094 0.244948 0.105045 
4.983004 3.497510 1.513976 0.811217 0.585156 0.012027 -0.535912 -0.161107 0.402266 0.318152 0.223030 0.080228 
4.789215 3.377128 1.627796 0.899573 0.579265 -0.083871 -0.485453 0.030942 0.613741 0.438011 0.198837 0.065323 
4.674105 3.166957 1.550424 1.150638 0.856680 -0.125108 -0.729831 -0.138204 0.840232 0.832285 0.150962 0.037707 
