2.536136 1.940634 1.660886 1.482800 1.377966 1.384347 1.073917 0.624335 0.551890 0.474317 0.262613 0.080164 
2.614089 1.947953 1.791811 1.464036 1.275519 1.217514 1.032821 0.443633 0.354385 0.469617 0.216682 0.080420 
2.547680 1.933764 1.709913 1.672444 1.292077 1.101653 1.021031 0.649338 0.530420 0.434792 0.275395 0.079818 
2.481902 2.001324 1.862457 1.516773 1.331046 1.215117 0.945609 0.591758 0.592140 0.454928 0.215727 0.080172 
2.549058 2.054892 1.847558 1.534560 1.259691 1.128314 0.949492 0.689045 0.611298 0.454209 0.227260 0.080114 
2.488592 1.803215 1.812789 1.711994 1.591444 1.251412 1.049935 0.619888 0.757920 0.606951 0.312442 0.076500 
2.573801 1.759435 1.551438 1.689163 1.547797 1.367738 1.020828 0.383793 0.366251 0.512119 0.322096 0.079293 
2.603962 1.803754 1.421660 1.591732 1.514295 1.555522 1.081065 0.321251 0.216718 0.457164 0.412426 0.085895 
2.501582 1.569930 1.434089 1.479493 2.029425 1.708181 0.990972 0.040427 0.115070 0.443511 0.515496 0.088017 
2.096466 1.619591 1.063743 0.887088 3.181353 1.926264 0.801852 0.648087 -0.234386 0.522962 0.537381 0.083187 
1.673112 1.917514 0.748329 0.866337 3.253453 1.450022 0.891819 0.604388 -0.309644 0.697627 0.329318 0.094663 
1.278788 1.734034 0.261351 -0.375448 4.762833 1.675119 1.141762 0.278289 0.000128 0.478086 0.129308 0.158729 
0.783773 0.676773 0.466137 -1.378522 5.377929 2.508723 0.662415 0.922541 0.395269 -0.025138 0.259713 0.128508 
0.507858 -0.147777 0.761606 -1.233221 5.090849 2.612126 1.433189 0.758932 0.485326 -0.055364 0.378372 0.110907 
0.619129 -0.177406 0.724865 -1.287667 5.164140 2.736350 1.460215 0.933185 0.599992 -0.080455 0.391588 0.072709 
1.182632 -0.159045 0.798686 -1.140553 4.435343 2.834214 1.245049 1.515125 0.689529 -0.068069 0.376779 0.003286 
2.154745 0.221654 0.543109 -1.000622 4.265947 1.793789 1.052281 2.102567 0.802691 0.068488 0.202488 -0.035413 
3.201369 0.922664 0.540033 -0.754177 3.923892 2.049194 0.483124 1.867805 0.754906 -0.154554 0.118706 -0.036938 
3.872141 1.805300 0.203308 -0.646232 3.147557 0.680929 0.402556 1.106793 0.446314 -0.042030 0.156508 0.005162 
3.558527 1.387389 0.509330 -0.012506 1.622081 0.172005 0.657401 0.452483 0.712439 0.345682 0.403904 0.067942 
4.362835 2.652437 -0.900607 0.087407 2.956590 -0.352759 -0.433818 -0.127246 1.206147 0.376458 0.691625 0.088830 
4.443340 2.413721 -0.914381 1.121220 2.245313 -0.522772 -0.455857 -0.538528 1.350540 0.490805 0.638953 0.087304 
4.479383 2.303720 -1.024298 1.119466 1.730424 0.006383 -1.035210 -0.631602 1.043569 0.546293 0.523673 0.051796 
3.909595 1.727050 0.279667 0.707348 1.619019 0.013056 -0.747917 -0.447054 0.541770 0.604798 0.260583 0.037870 
4.735215 1.911271 -0.892627 0.767848 2.562977 0.205736 -0.534976 -0.514892 0.337934 0.230229 -0.028048 -0.026685 
5.173951 2.012798 -1.362551 0.584830 3.157802 -0.792071 -0.012078 -0.907099 0.167935 0.213822 -0.234449 -0.008058 
4.376246 1.858792 -0.682495 0.290503 2.534830 -0.394651 -0.200653 -1.042344 -0.043145 0.172610 -0.186398 -0.006309 
5.201191 2.319595 -1.850350 0.475588 3.660379 -1.528069 -0.066037 -1.279594 -0.030469 0.277684 -0.371853 0.056485 
4.655678 2.540452 -1.176725 -0.076336 3.816496 -1.195703 -0.546979 -1.413916 -0.097479 0.316169 -0.238448 0.020598 
4.341724 2.562360 -0.701325 0.520736 3.728209 -1.368260 -0.811538 -1.521477 -0.177656 0.424889 -0.208892 0.025582 
3.892242 2.289697 0.060309 1.132439 3.289005 -0.997732 -1.120206 -1.471082 -0.301872 0.345308 -0.100155 0.005373 
4.252629 2.390656 0.152332 0.695650 4.165029 -1.330084 -1.298172 -1.183862 -0.384090 0.414706 -0.228483 -0.014152 
4.175475 2.391375 -0.221040 0.545598 3.466268 -1.031343 -0.928991 -0.877898 -0.562804 0.346014 -0.326228 -0.009254 
3.728061 1.853964 0.430936 1.070949 2.952902 -0.795917 -0.994706 -0.814874 -0.542636 0.164603 -0.314031 -0.017003 
5.173610 2.377029 0.186773 -0.808784 5.990604 -1.218336 -1.234397 -0.926432 -1.031425 0.427740 -0.484852 -0.038747 
4.263151 2.050591 0.496024 0.191385 3.902975 -0.714681 -1.366694 -0.580519 -0.768860 0.360074 -0.347332 -0.084154 
3.734586 2.286555 0.582707 1.008011 2.422952 -0.553426 -1.208308 -1.070944 -0.307371 0.174917 -0.311413 -0.050327 
3.631385 1.966341 1.102660 1.172216 2.166296 -0.366915 -1.401248 -0.887363 -0.536004 0.087900 -0.265831 -0.043752 
4.179527 1.997137 1.044992 0.686379 2.515463 -0.431709 -1.581408 -0.673219 -0.680347 0.039919 -0.202409 -0.056734 
4.049075 2.037391 1.001260 0.781341 2.388000 -0.594445 -1.410523 -0.637269 -0.688564 -0.097104 -0.186119 -0.024969 
3.782617 2.118818 0.894526 0.852907 2.578981 -0.875938 -1.147633 -0.997779 -0.374688 -0.062430 -0.220651 -0.006301 
4.006946 2.174047 0.864862 0.852765 2.838549 -0.729614 -1.236267 -1.381800 -0.204870 -0.054338 -0.139373 -0.012361 
4.017060 2.186416 0.753994 1.077766 2.798198 -0.644337 -1.209766 -1.415930 -0.213013 -0.079329 -0.109284 -0.013143 
3.769549 2.008940 0.878903 1.460066 1.961463 -0.298421 -1.262858 -1.243380 -0.126489 -0.088710 -0.151885 -0.021826 
3.858855 2.144298 0.950326 1.391340 2.169442 -0.083470 -1.140121 -1.305054 -0.408108 -0.094911 -0.075659 -0.017171 
5.354245 2.492563 0.208706 1.245454 4.952641 -0.349671 -1.273960 -1.958176 -0.174055 -0.192060 -0.137082 -0.027903 
4.883203 2.047314 0.596771 2.086009 3.610144 -0.455334 -1.239847 -1.869349 -0.008641 -0.185769 -0.068385 -0.036809 
3.969362 2.034056 0.842860 1.677651 2.479907 0.115666 -1.412118 -1.367300 -0.253465 -0.086146 -0.040617 -0.034205 
3.857425 1.794261 0.616812 1.782415 2.573199 0.323583 -1.610787 -1.464354 -0.179851 -0.137967 -0.011452 -0.035991 
4.959358 1.880960 0.391239 1.200193 4.798952 0.438616 -2.120369 -2.116711 0.233465 -0.474902 0.083163 -0.042155 
4.355034 1.777211 0.505940 1.702003 3.334352 0.436862 -1.914908 -1.578021 0.052617 -0.377303 0.072984 -0.035649 
5.042463 2.025445 0.586723 0.980460 5.105342 0.619052 -2.152589 -1.953125 0.216109 -0.515276 0.137686 -0.035607 
4.767988 2.078200 0.745609 1.322834 4.720059 0.546205 -2.317834 -1.603027 0.097551 -0.486574 0.199703 -0.043777 
4.716515 2.107569 1.102777 1.401994 4.128711 0.487885 -2.006866 -1.662640 -0.020640 -0.414564 0.204947 -0.010893 
3.962640 2.027656 1.334572 1.585423 2.510725 0.496568 -1.704804 -1.436236 -0.334478 -0.149880 0.135466 -0.011793 
3.893606 2.110663 1.436876 1.805906 2.176885 0.380002 -1.613630 -1.532641 -0.328436 -0.163835 0.118136 -0.014212 
4.624738 2.164231 1.415013 1.528621 3.333882 0.007643 -1.950640 -1.349661 -0.369426 -0.169455 0.119092 -0.017267 
4.216581 2.326156 1.249114 1.531486 2.480428 0.246891 -1.944814 -1.183521 -0.434686 -0.028645 0.129002 -0.010947 
3.995216 2.010999 1.686537 2.008541 2.362031 -0.088107 -1.887715 -1.336390 -0.137452 -0.056909 0.117100 -0.006209 
3.770492 2.039171 1.481139 1.683453 1.860171 0.198967 -1.888978 -1.115987 -0.320922 0.114346 0.135059 0.013117 
4.420268 2.237027 1.175376 1.599380 2.287133 0.213344 -1.933573 -1.432805 -0.082648 0.077289 0.174475 0.010893 
4.091118 2.507371 0.858481 1.615973 2.456252 0.018440 -1.839572 -1.338144 -0.333046 0.195567 0.222987 0.020577 
3.939980 2.173425 1.134564 1.454255 2.015311 -0.084473 -1.614341 -1.259432 -0.292114 0.178282 0.195539 0.041520 
4.109377 2.377587 1.214262 1.337654 2.249710 -0.154138 -1.867907 -1.182177 -0.216800 0.202146 0.194966 0.030296 
4.570044 2.470029 0.916638 0.863484 2.775007 -0.243436 -2.220625 -0.847379 -0.250403 0.329444 0.193603 0.006972 
4.698208 2.405572 0.819187 0.732641 2.766480 -0.328985 -2.103900 -0.937718 -0.093476 0.435150 0.200887 0.011259 
4.102372 2.122774 0.739355 0.657678 1.694377 -0.204402 -1.505020 -0.858370 0.041423 0.410660 0.211740 0.068725 
4.286731 1.978239 0.296272 0.546336 1.744448 -0.051114 -1.626087 -0.769728 0.215805 0.425445 0.269541 0.074408 
5.066068 2.243725 -0.469796 -0.265766 3.257504 -0.361075 -1.412765 -0.650887 0.109858 0.478249 0.336749 0.097739 
4.818755 1.849282 -0.382656 -0.233384 2.475235 -0.246681 -0.981940 -0.457921 0.226129 0.320254 0.429261 0.163065 
4.858597 1.858790 -0.791520 -0.101842 1.832567 -0.051913 -0.826716 -0.244664 0.456554 0.324620 0.459891 0.171200 
4.467737 1.857058 -0.617456 -0.212707 1.372326 -0.282534 -0.274185 0.099909 0.311559 0.294951 0.510636 0.212668 
4.361985 1.842632 -0.759436 -0.314092 1.354193 -0.839579 0.205265 0.086625 0.400485 0.347491 0.460505 0.231719 
3.962213 1.816477 -0.333969 -0.420684 0.991166 -1.060371 0.038815 0.151344 0.609569 0.473987 0.337310 0.183157 
3.465475 2.295714 0.758576 -0.032930 0.935197 -0.707985 0.659734 -0.133480 0.296019 0.398867 0.326720 0.166879 
3.305331 2.406984 0.968023 0.455805 1.330661 -0.099758 0.793244 -0.118608 0.314720 0.426602 0.432637 0.144527 
3.395826 2.362019 1.164187 0.782176 0.828869 0.054907 0.268532 0.304667 0.351051 0.433015 0.474916 0.135429 
3.103912 2.067468 0.989881 0.476783 0.631866 0.238055 0.285174 0.115037 0.547898 0.573812 0.495098 0.133669 
3.177510 2.055260 1.201007 0.589765 0.647675 0.348584 0.313485 0.363898 0.511420 0.595131 0.535640 0.130780 
3.066309 2.217647 1.355460 1.023809 0.748722 0.395504 0.422162 0.194410 0.420288 0.324459 0.463375 0.116304 
3.171473 2.336738 1.455635 0.828713 1.079714 0.744490 0.353635 0.102267 0.183409 0.524096 0.503346 0.126179 
2.876300 2.016856 1.389391 1.182076 1.003164 0.642959 0.563711 0.429520 0.524883 0.411605 0.373472 0.094548 
3.039822 1.892619 1.061700 0.920715 1.000175 0.828064 0.574702 0.296508 0.224966 0.287110 0.392850 0.111886 
3.128981 2.143278 1.390236 1.352844 1.403877 1.070124 0.670738 0.370276 0.408278 0.349876 0.323260 0.089434 
3.103220 2.085144 1.315357 1.309941 1.503905 1.485692 0.886400 0.369584 0.205040 0.239632 0.251191 0.088525 
