3.053834 2.470225 2.691539 1.459907 0.565518 1.008356 0.361613 -0.313263 0.305672 -0.039284 -0.030172 0.038395 
3.290525 2.875810 3.214314 1.664811 0.784181 1.279003 0.027523 -0.068872 0.501436 -0.052734 0.000130 0.041205 
3.578625 2.847705 3.362478 1.681165 0.299456 1.180944 0.403571 0.630892 0.440078 0.058457 0.120824 0.047960 
3.368339 2.541901 3.355410 1.602064 0.823631 1.314828 -0.057432 0.492037 0.905688 0.211618 -0.038861 0.068119 
2.968358 2.258891 2.482122 1.514104 0.947023 1.377273 0.246820 0.488875 0.738110 0.301758 -0.010259 0.061956 
3.062806 2.197544 2.827367 1.693090 0.854052 1.517112 0.703645 0.737564 1.113218 0.126638 0.024761 0.078167 
2.946371 2.233872 2.573147 1.405146 0.851450 1.346301 0.802518 0.586253 1.124148 0.234294 -0.009034 0.074908 
3.090504 2.477953 2.585703 0.852364 1.566080 1.276302 1.045062 0.691734 0.836953 0.022492 0.089147 0.066548 
3.001743 2.203695 2.128083 1.016562 1.323848 1.182887 1.428119 0.493012 0.874565 0.348949 0.145463 0.078400 
3.004038 2.436999 2.027239 1.080097 1.460929 1.481606 1.502615 0.743256 0.856810 0.364434 0.133263 0.072346 
2.749366 2.147384 1.943005 1.383012 1.538818 1.044735 1.250374 0.772037 0.533726 0.487099 0.218220 0.063424 
3.102380 2.373231 2.615578 0.888284 1.295980 1.586183 1.305958 1.422591 1.221810 0.799832 0.219752 0.079697 
2.735366 2.335139 2.485508 1.766930 1.455300 1.201791 1.336354 1.127472 0.923330 0.714976 0.409979 0.081825 
3.289750 2.530776 3.476446 1.465184 1.350313 0.998387 1.526358 1.202077 0.840977 0.698309 0.491105 0.109461 
3.730937 3.001289 3.017755 2.305303 1.281656 0.722742 0.399778 0.162033 -0.068564 0.259907 0.233080 0.053525 
4.511132 3.870542 3.608519 2.303897 1.101970 0.946141 0.134112 -0.570234 -0.555405 -0.388235 0.073072 0.010037 
4.433403 3.828434 2.847177 2.320343 1.244208 0.794254 -0.266752 -0.722716 -0.439837 -0.533121 0.077773 -0.000091 
4.048517 3.715486 2.982796 2.329209 1.179391 0.535675 -0.683046 -1.123935 -0.694191 -0.489769 -0.026910 -0.046222 
4.093275 3.505198 2.733212 2.889134 1.702726 0.114670 -1.376148 -1.401701 -0.798714 -0.326561 -0.178907 -0.097850 
4.893722 3.355640 2.357935 3.096027 1.803875 0.102865 -1.678057 -2.083981 -0.671766 -0.207316 -0.263301 -0.148123 
4.549990 2.945285 2.627075 3.230718 2.330472 -0.305959 -1.911729 -1.804734 -1.119098 -0.258818 -0.318445 -0.180666 
4.115091 2.962325 2.217195 2.573434 1.897187 -0.271672 -1.896434 -2.047228 -1.088185 -0.375424 -0.238182 -0.159375 
4.700971 2.982298 1.999936 2.727133 1.843574 -0.216031 -1.978307 -2.031914 -1.173340 -0.274894 -0.280764 -0.158040 
4.827968 2.833775 1.843654 3.387928 1.984162 -0.747160 -2.284776 -2.416909 -1.335234 -0.430103 -0.379281 -0.216137 
4.401467 2.705226 1.862570 3.425102 1.699476 -0.863560 -2.417407 -2.642490 -1.319133 -0.678485 -0.351782 -0.229984 
3.471681 2.477033 1.771924 1.702721 0.721050 -0.810765 -1.655617 -1.686412 -1.135621 -0.672511 -0.127771 -0.121666 
3.648634 2.403110 1.729238 2.046046 0.957186 -0.919707 -1.850810 -1.575520 -1.158403 -0.648392 -0.168577 -0.126499 
4.847069 2.087255 0.973084 4.319062 2.192892 -1.375430 -2.170694 -1.883366 -1.594870 -1.156910 -0.232761 -0.114193 
4.296089 2.134528 1.619848 3.491850 2.124856 -1.016850 -2.301978 -1.741624 -1.715316 -1.019404 -0.156226 -0.143271 
3.566742 2.340996 1.622537 1.561575 0.923994 -0.527296 -1.377820 -1.482582 -1.176073 -0.696426 -0.125042 -0.115958 
3.507271 2.293329 1.708484 1.924405 1.132782 -0.751645 -1.680651 -1.292911 -0.900907 -0.615219 -0.235818 -0.129597 
5.144869 2.013471 1.585597 3.664304 2.525232 -1.247231 -2.443760 -1.598747 -1.817749 -0.871476 -0.335705 -0.142682 
4.440895 2.150403 1.661445 3.188014 1.860327 -1.325171 -2.441134 -1.835179 -1.591679 -1.018109 -0.246862 -0.139138 
4.151684 2.266707 1.378353 2.126599 1.447576 -1.131998 -2.118426 -1.671493 -1.321297 -0.877109 -0.149636 -0.106080 
3.894182 2.326244 1.682679 2.364174 1.325372 -1.161278 -2.271876 -1.634142 -1.036019 -0.761915 -0.238553 -0.138845 
6.358830 2.031282 0.798753 4.162467 2.991845 -2.245314 -2.504765 -1.436869 -1.825290 -0.755507 -0.355780 -0.081833 
4.438242 2.229719 1.756433 2.988715 2.078183 -1.060516 -2.296290 -1.904778 -1.676391 -0.781547 -0.251508 -0.166217 
3.823585 2.552470 1.858551 1.783116 0.880414 -0.616237 -1.495396 -1.710652 -1.455728 -0.716485 -0.156511 -0.125266 
3.421581 2.481702 1.979405 1.633568 0.752975 -0.628754 -1.511813 -1.546423 -1.026024 -0.513189 -0.262340 -0.135744 
3.534076 2.677142 1.991192 1.556099 0.781366 -0.561018 -1.418319 -1.606552 -1.262389 -0.733937 -0.194341 -0.133040 
4.155337 2.767949 2.138783 2.346437 1.321860 -0.709079 -1.896444 -1.934782 -1.537815 -0.912400 -0.261317 -0.156705 
3.790720 2.730607 2.024214 1.567729 0.633033 -0.611429 -1.451321 -1.605392 -1.352867 -0.702351 -0.229148 -0.126395 
3.421236 2.621116 2.139351 1.629307 0.488545 -0.759142 -1.199187 -1.087754 -0.959033 -0.714839 -0.279586 -0.121563 
3.539298 2.722795 1.953740 1.298649 0.674280 -0.075159 -0.690351 -1.112515 -1.161140 -0.805772 -0.248295 -0.119354 
3.806908 3.027204 2.235650 1.762956 1.134116 0.184984 -0.630791 -1.048329 -1.061690 -0.755751 -0.290614 -0.125137 
5.720265 3.104176 1.669166 2.502984 2.509397 0.540176 -1.231610 -1.558445 -1.236878 -0.995313 -0.389688 -0.142194 
4.369410 3.333750 2.443368 2.133788 1.634228 0.346655 -0.937614 -1.612027 -1.441947 -0.785681 -0.311241 -0.147046 
4.325942 3.299157 2.425300 2.256568 1.812254 0.269240 -1.352291 -1.818113 -1.229933 -0.637251 -0.337634 -0.161884 
3.553539 2.773101 2.048543 1.593050 1.067801 0.069510 -1.025657 -1.567523 -1.249113 -0.638031 -0.265493 -0.129210 
3.747184 3.030475 2.112693 1.409685 1.017446 0.196218 -0.987565 -1.735667 -1.452831 -0.723965 -0.242926 -0.122337 
4.470328 2.992495 1.945300 1.960536 1.633063 0.020722 -1.543989 -2.078405 -1.461005 -0.606676 -0.298710 -0.149311 
3.608362 2.765296 1.948780 1.370664 0.732629 -0.282218 -1.299159 -1.584419 -1.161364 -0.633263 -0.314030 -0.126240 
3.329506 2.477033 1.661622 1.087634 0.595731 -0.174976 -1.015947 -1.502061 -1.283037 -0.667781 -0.242741 -0.114034 
3.524631 2.615863 1.797918 1.326531 0.899400 -0.059175 -1.136484 -1.519971 -1.117040 -0.545267 -0.272614 -0.109605 
5.534007 3.121799 1.806080 1.839784 1.698947 0.211273 -1.717705 -1.941038 -1.102986 -0.251260 -0.244025 -0.134101 
3.711954 2.678459 1.865323 1.478677 0.899465 -0.157286 -1.299262 -1.506968 -1.037563 -0.523060 -0.273779 -0.109241 
3.497935 2.749900 1.745863 0.808017 0.261579 -0.190455 -0.797421 -1.260496 -1.236750 -0.707856 -0.232687 -0.095339 
3.437528 2.483915 1.628876 1.142992 0.589826 -0.322757 -1.206956 -1.417242 -1.098452 -0.612131 -0.232626 -0.102159 
3.415023 2.565758 1.889219 1.343367 0.509634 -0.504387 -1.383047 -1.590003 -1.188596 -0.634511 -0.218616 -0.112721 
4.444248 3.064835 1.593298 1.133905 1.027099 0.081653 -1.548780 -2.082191 -1.294291 -0.502345 -0.240226 -0.100897 
4.280101 2.970576 1.527852 1.014535 0.940040 0.018267 -1.360958 -1.964304 -1.337161 -0.520579 -0.227822 -0.090571 
3.427360 2.535528 1.695424 1.118192 0.490693 -0.497681 -1.379099 -1.470556 -1.044449 -0.558409 -0.273977 -0.105750 
3.433940 2.413126 1.664838 1.313264 0.834660 -0.299479 -1.525155 -1.904886 -1.311358 -0.529610 -0.189144 -0.119055 
4.602653 3.104113 1.454008 1.144241 1.384696 0.385571 -1.740582 -2.401492 -1.428882 -0.500983 -0.201998 -0.106615 
4.624885 3.104410 1.723604 1.483981 1.523628 0.128734 -1.854021 -2.468690 -1.474201 -0.381310 -0.261442 -0.134399 
3.876913 2.742798 1.883313 1.811611 1.329886 -0.258845 -1.970243 -2.316816 -1.415984 -0.481316 -0.261532 -0.156775 
4.060645 2.927864 1.772799 1.360189 1.125069 -0.108698 -1.618412 -2.286722 -1.681228 -0.708103 -0.216293 -0.123684 
4.791484 3.191493 1.662997 1.510712 1.330900 -0.047153 -1.951451 -2.523389 -1.488551 -0.572138 -0.297660 -0.142095 
4.084050 2.952865 1.805298 1.370747 1.070931 -0.166112 -1.731144 -2.233326 -1.654488 -0.718978 -0.241307 -0.128902 
4.972677 3.339340 1.530254 1.517290 1.578028 0.091560 -2.298167 -2.603130 -1.369501 -0.655862 -0.294319 -0.159615 
4.154281 2.841179 1.844801 1.811486 1.505750 -0.140721 -2.108522 -2.329127 -1.396934 -0.598772 -0.279709 -0.161829 
4.702575 3.018371 1.523276 1.601053 1.832661 0.213374 -1.978207 -2.415215 -1.209178 -0.486206 -0.241416 -0.148074 
4.288736 2.965966 1.699872 1.795220 1.840372 0.266768 -1.840969 -2.358923 -1.208908 -0.403466 -0.234860 -0.148294 
4.292954 2.862615 1.786141 1.847785 1.836434 0.208713 -1.637230 -2.021557 -1.177372 -0.457262 -0.226772 -0.136868 
4.072764 2.961872 2.116766 2.219893 1.993037 0.395000 -1.529459 -1.991050 -1.138934 -0.409066 -0.210580 -0.149742 
4.311134 3.113835 2.223077 2.345188 2.323182 0.580688 -1.476178 -1.952190 -1.106978 -0.416213 -0.191498 -0.152870 
4.063481 3.076778 2.430197 2.602863 2.382965 0.754489 -1.119287 -1.611069 -0.994267 -0.454317 -0.136304 -0.145313 
3.719484 2.853682 2.330268 2.285410 1.957299 0.711850 -0.607866 -1.023044 -0.545289 -0.139482 -0.160800 -0.106813 
3.269293 2.568484 2.221174 2.148461 1.602353 0.549842 -0.371192 -0.534504 -0.221259 -0.062898 -0.142534 -0.078111 
3.366691 2.601923 2.087482 1.857544 1.500057 0.720423 -0.144050 -0.373391 -0.187095 -0.079524 -0.034081 -0.046887 
3.489281 2.765080 2.364363 2.166633 1.699970 0.687881 -0.324288 -0.789244 -0.440940 -0.152650 -0.061026 -0.060522 
3.833847 2.953281 2.336704 2.219642 1.878824 0.897402 -0.524180 -1.048446 -0.764848 -0.154760 -0.007414 -0.058893 
4.067380 3.272808 2.740089 2.151839 1.717513 0.835032 -0.558943 -1.022077 -0.774303 -0.501400 -0.031400 -0.060380 
4.485352 3.357537 2.351243 1.518159 1.586432 0.728809 -0.373582 -0.938372 -0.761813 -0.432259 -0.084668 -0.040825 
3.632844 3.030147 2.409344 1.550370 0.864625 0.612570 0.322033 -0.282392 -0.537162 -0.427760 -0.143641 -0.064740 
