2.901915 1.004208 0.636830 -0.355913 1.738902 0.608840 0.176772 1.279090 1.349827 -0.148025 -0.049445 0.014019 
2.896833 1.436544 0.433340 -0.542376 1.461394 0.383731 0.320291 1.443281 1.094408 -0.358596 0.246894 0.006583 
2.652249 1.894067 0.890213 -0.806420 1.498691 -0.434697 1.441736 1.680907 0.818161 -0.038380 0.361446 0.016411 
2.645644 2.035847 1.094987 -0.396201 1.933495 -0.728554 1.622654 1.710398 1.291802 -0.109724 0.364123 0.027123 
2.592664 1.971116 0.935016 -0.218388 1.962736 -1.197798 1.645171 1.720039 1.517369 0.085773 0.409698 0.051972 
2.435363 2.274533 0.859660 0.007367 2.019504 -0.779197 1.473710 1.637608 1.733894 0.209924 0.302519 0.015172 
2.277652 2.529237 0.778883 0.516629 1.840674 -0.180921 0.868891 1.004018 2.041017 0.169233 0.036760 0.002451 
2.187222 2.181527 0.231942 0.002111 2.077959 0.261046 0.846967 0.706609 1.653021 0.209129 0.029056 -0.009120 
2.062346 2.441440 -0.382290 -0.282926 2.180740 0.495743 0.853832 0.724963 1.473069 0.147288 0.176304 -0.036410 
1.830351 2.466322 -0.589510 -1.263222 2.240369 0.291013 0.358372 0.858990 1.455530 0.135284 0.423684 -0.094204 
1.752363 2.216117 -0.523240 -1.615901 2.151907 0.437832 0.367513 1.229107 1.172147 0.120554 0.654264 -0.104114 
1.799722 1.982711 -0.742489 -1.914572 2.151686 0.646759 0.532068 1.399608 0.906734 -0.138605 0.659773 -0.065268 
1.865347 1.896302 -0.366837 -1.873020 2.292225 0.986731 1.090716 1.481912 0.711425 -0.232466 0.577221 -0.066658 
2.035132 1.762306 -0.160305 -1.458797 2.542560 0.918018 1.290392 1.732217 0.379158 -0.455270 0.388625 -0.040068 
2.346795 1.884058 0.259719 -0.951192 3.085621 1.039883 1.347667 1.350036 0.153864 -0.602966 0.171202 0.004404 
2.731769 1.838200 0.743070 -0.759228 2.888996 0.474370 1.314927 0.782873 0.163816 -0.727296 -0.050727 0.033779 
3.505917 2.119404 1.393693 -0.283987 3.166167 0.783679 0.616480 0.137432 0.029246 -1.221421 -0.263612 0.005492 
3.839156 2.481749 1.655979 0.304469 2.556668 1.031689 0.542103 0.125568 -0.257967 -1.454754 -0.287618 -0.058685 
4.710476 2.861102 1.544789 -0.112320 2.720833 0.645135 0.204521 -0.185304 -0.505357 -1.497326 -0.374150 -0.090020 
4.765651 3.021531 1.853514 -0.129582 1.916452 1.072161 0.056467 -0.205999 -0.967311 -1.519013 -0.316707 -0.089069 
3.901233 2.891566 1.610113 0.530470 0.858657 0.682453 0.208632 -0.344468 -1.158416 -0.983277 -0.348853 -0.106920 
5.000014 3.295585 2.047672 0.029354 1.618313 0.721895 -0.222975 -0.349352 -1.548897 -1.588382 -0.351883 -0.098804 
5.049466 3.601997 2.038749 -0.048791 1.625880 0.484331 -0.295113 -0.375354 -1.851125 -1.667574 -0.404089 -0.119551 
4.302271 3.216533 1.793329 0.343345 0.660539 -0.008556 -0.321501 -0.616153 -1.644787 -1.413511 -0.287706 -0.110218 
4.251207 3.215100 1.581044 0.322730 0.596507 -0.329692 -0.590212 -0.727847 -1.886164 -1.164170 -0.308149 -0.105507 
3.530410 2.625998 1.399687 0.214212 0.147239 -0.194619 -0.579742 -1.093425 -1.480702 -1.043651 -0.214326 -0.107861 
4.339404 3.189893 1.763074 -0.410692 0.519590 -0.635082 -0.791942 -0.589463 -2.386600 -1.422022 -0.252135 -0.111943 
3.902371 2.852060 1.491331 0.066454 -0.094613 -0.219996 -0.587444 -1.097668 -1.654641 -1.158652 -0.187812 -0.090911 
3.981525 2.805217 1.348056 -0.637544 -0.518062 -0.290703 -0.787554 -0.850068 -1.639095 -1.115724 -0.190219 -0.085052 
3.837056 2.768192 1.345242 -0.264615 -0.307113 -0.665067 -0.972873 -1.157076 -1.811515 -1.178869 -0.043638 -0.059296 
4.635600 3.288199 1.355446 -0.933655 -0.096922 -0.797559 -1.015240 -0.611723 -2.062865 -1.695422 -0.205299 -0.063884 
4.435019 2.905495 1.214107 -0.717681 -0.155236 -0.859917 -1.086279 -0.685767 -2.006158 -1.635524 -0.098978 -0.032050 
4.251980 2.666052 0.984201 -0.598714 -0.553299 -0.789153 -1.150368 -0.952358 -1.638734 -1.490490 -0.063086 -0.018725 
5.746630 2.636215 0.721848 -1.158172 1.530362 -1.740024 -2.377768 -0.028383 -1.800666 -2.134717 -0.633337 -0.078150 
5.169647 2.597403 0.613088 -0.664166 0.373610 -1.527001 -2.011533 -0.439838 -1.338063 -2.339956 -0.373436 0.001378 
4.974231 2.798639 0.555765 -0.377124 0.028019 -1.577640 -1.716693 -0.374336 -1.621556 -2.045749 -0.274139 0.014813 
4.247906 2.481150 0.755909 -0.233739 -0.685712 -1.483934 -1.430176 -0.991600 -1.302184 -1.315796 -0.009118 0.026020 
3.625394 2.138336 0.762020 -0.159181 -0.756449 -1.450544 -1.606289 -1.369112 -1.144541 -0.888921 0.060332 0.020056 
3.515380 2.162918 0.747465 -0.247689 -0.756587 -1.265372 -1.407707 -1.597209 -1.507008 -0.810166 0.107146 0.025403 
3.870139 2.105395 0.731448 -0.246059 -0.927601 -1.141750 -1.358781 -1.295172 -1.418794 -1.163308 0.074086 0.039378 
4.257099 2.301174 0.541084 -0.562001 -0.603995 -1.443722 -1.466296 -0.969397 -1.597404 -1.470295 0.005918 0.045430 
3.505637 1.896375 0.380836 -0.341399 -0.648250 -1.183773 -1.272303 -1.140146 -1.294930 -0.971186 0.001118 0.017326 
3.382361 1.720760 0.262469 -0.301292 -0.333978 -1.002540 -1.268042 -1.144460 -1.382357 -0.975823 -0.026693 0.006260 
3.803939 1.851286 0.455082 -0.235055 -0.485914 -0.847737 -1.092979 -0.905538 -1.573819 -1.396100 -0.036208 0.014763 
5.128067 2.004837 -0.077168 -0.494000 0.442980 -0.971651 -1.517654 -0.716730 -1.453023 -1.822717 -0.397352 0.022205 
4.662923 1.993162 0.038792 -0.597718 0.611925 -0.437866 -1.239259 -0.247342 -1.224122 -1.701069 -0.383284 -0.029593 
4.193483 2.150034 -0.096042 -0.628634 0.330488 -0.662060 -0.392590 -0.355880 -1.230503 -1.588681 -0.397801 -0.047667 
4.643443 1.737730 -0.050865 -0.316084 0.796446 -0.609089 -0.932593 -0.024130 -1.180861 -1.843514 -0.478074 -0.018405 
4.801402 1.696523 -0.029034 -0.360106 0.641879 -0.712234 -0.952706 -0.066119 -1.077507 -1.825943 -0.492966 -0.015679 
5.274726 1.687825 0.031024 -0.715444 0.711346 -1.129344 -1.099204 -0.159731 -0.884956 -1.812631 -0.574437 -0.011008 
4.018526 1.925205 -0.018752 -0.444720 -0.084584 -0.810058 -0.450314 -0.265058 -1.094890 -1.497711 -0.328110 -0.039818 
4.812065 1.874117 -0.017063 -1.427915 0.915788 -1.047721 -1.242695 -0.362084 -1.026759 -1.766417 -0.424655 -0.034515 
5.324337 1.895732 0.081780 -1.968954 1.808851 -1.047322 -1.822140 -0.581433 -0.772286 -1.626480 -0.498738 -0.069137 
4.533767 2.161838 -0.482184 -1.002429 0.455236 -0.485648 -1.398708 -0.587895 -0.956720 -1.377956 -0.283215 -0.048655 
4.335448 1.992616 -0.134422 -0.623691 0.531633 -0.632243 -1.304981 -0.670749 -1.024604 -1.320446 -0.203003 -0.006890 
5.555683 1.878959 -0.459425 -1.118642 1.836445 -1.191667 -2.278110 -0.637220 -1.067700 -1.132901 -0.423265 -0.048679 
5.316579 1.967435 -0.591175 -0.738440 1.590052 -1.374363 -2.400957 -0.693116 -0.938050 -1.061914 -0.379449 -0.040920 
4.927550 2.020369 -0.295051 -0.499356 1.269893 -1.206479 -2.328805 -0.674330 -0.732638 -0.766810 -0.264555 -0.061287 
5.248945 2.152200 -0.639373 -0.856796 1.811554 -1.529610 -2.210462 -0.631593 -0.873914 -0.821414 -0.402329 -0.070484 
5.753379 1.824109 -0.448444 -1.304175 1.760182 -1.239010 -2.258928 -0.277379 -0.958614 -1.002125 -0.464221 -0.083300 
5.653174 2.193759 -0.895424 -1.299661 1.729518 -1.170995 -1.900325 -0.390978 -0.736077 -0.982917 -0.516317 -0.100696 
5.037296 1.576636 -0.568445 -0.391861 0.576615 -0.537296 -1.220602 -0.404380 -0.334620 -1.158892 -0.403129 -0.046470 
5.139238 1.732032 -1.019780 -0.743846 0.824059 0.017412 -1.891640 -0.364149 -0.043463 -0.955205 -0.350088 -0.105978 
5.882012 1.445675 -0.958345 -0.964829 2.162321 -1.210126 -1.678918 -0.615433 -0.185498 -0.669258 -0.526657 -0.088751 
5.568462 1.633754 -1.340424 -0.813909 2.137410 -0.984698 -1.894122 -0.570368 -0.150220 -0.609736 -0.389521 -0.082413 
4.739969 1.369451 -0.939000 -0.459430 1.547662 -0.674351 -1.750454 -0.210476 0.058313 -0.676078 -0.126821 -0.022397 
4.818616 1.593010 -1.455761 -0.603524 1.908193 -0.462607 -1.812017 0.048754 0.387024 -0.574551 -0.033864 -0.024090 
5.336229 1.174682 -1.183933 -0.602847 2.152636 -0.501093 -1.671735 0.181262 0.426388 -0.542969 -0.108525 0.039042 
5.511415 1.233007 -1.287146 -0.845321 2.823868 -0.841499 -1.473296 0.435218 0.297528 -0.230701 -0.117977 0.056405 
5.433223 1.057000 -1.166570 -0.413702 2.637953 -0.648273 -1.355844 0.398734 0.569584 -0.249782 -0.058386 0.079823 
5.715653 0.770458 -0.674651 -0.786461 3.319299 -0.630711 -1.426020 0.661584 0.411851 -0.041116 -0.069221 0.062121 
4.719660 0.863202 -0.600132 0.364371 2.355498 -0.403265 -1.346019 0.312063 0.740072 -0.360992 -0.045725 0.039797 
5.024693 0.772868 -0.058981 0.088871 3.237265 -0.088277 -1.503882 0.352299 0.691136 -0.381692 -0.171755 -0.010439 
4.238018 0.708320 0.106353 1.002227 3.104659 0.921225 -1.113329 0.282405 0.905543 -0.682250 -0.324335 -0.051000 
4.659508 0.292715 0.268271 0.334822 3.590283 0.609187 -1.410736 -0.047696 0.718216 -0.610363 -0.188838 0.047288 
3.867463 0.708694 0.071277 0.446696 2.670101 0.507079 -1.159109 0.583772 0.933106 -0.437298 -0.111316 0.021967 
4.383529 0.909110 0.255219 -0.146169 3.195810 0.395280 -1.448253 0.948974 0.959210 -0.321999 0.033112 0.010244 
4.588354 1.366184 0.343141 -0.865199 3.847644 -0.340462 -1.195676 1.186439 0.737220 -0.167716 0.039129 -0.002303 
4.555307 1.011409 0.697596 -1.147221 3.958423 0.028040 -1.073813 1.194892 0.635697 -0.239714 0.101420 0.022488 
3.296611 1.075472 0.659260 0.307585 2.049410 0.195692 -0.453551 0.626762 0.480555 -0.195671 -0.063685 0.009646 
4.147827 0.808000 0.941000 -1.076396 3.480678 0.095908 -1.321334 0.507906 0.159160 -0.494674 -0.059165 -0.013826 
3.762225 1.273661 0.854176 -0.315662 2.566778 0.506122 -1.035058 0.518304 0.006619 -0.420177 0.062404 -0.011683 
4.215798 1.250717 1.381017 -0.485715 2.666997 -0.085255 -1.315128 0.604113 0.252190 -0.192734 0.008616 -0.039207 
3.817305 1.296979 0.984335 -0.057857 1.823330 0.108312 -1.006048 0.817053 0.367629 -0.242460 -0.065775 -0.042391 
3.992967 0.844452 0.970083 0.453556 1.932691 0.684414 -1.137810 1.504465 0.254121 -0.035982 -0.150862 -0.061856 
