1.852793 1.713991 1.316134 1.708711 2.401083 0.327995 1.585314 0.562201 0.734304 0.101994 0.122577 0.113539 
1.815497 1.581812 1.227843 1.176307 2.649812 0.160096 1.446154 0.804431 0.064634 0.290504 -0.024936 0.140814 
1.749619 1.954090 1.113233 1.507383 2.845983 -0.477602 1.192150 0.763499 0.252733 0.441013 0.043104 0.129172 
1.679466 2.013735 1.381954 0.753637 2.738274 0.338024 1.309079 0.174539 0.085982 0.437298 0.068685 0.123799 
1.542487 2.159988 1.375275 1.145662 3.159818 -0.105268 1.693074 0.227701 -0.142691 0.252457 0.122335 0.132646 
1.789833 2.228629 1.116531 1.448281 1.863435 -0.310900 1.370008 0.621389 0.544963 0.163939 0.134367 0.108434 
1.718605 2.300613 0.824284 1.866890 1.966547 0.231092 1.421468 0.421038 0.555941 -0.266079 0.066139 0.110101 
1.640020 2.365788 0.783612 2.334807 1.592697 0.302451 1.310621 0.553071 0.669642 -0.217548 0.232788 0.081884 
1.812506 2.479945 0.816736 2.735431 1.693584 0.685386 0.737466 0.702715 0.980874 -0.393522 0.239003 0.048712 
1.996270 2.230308 1.041882 2.511441 1.192921 1.059056 0.609316 0.323722 0.730673 -0.324416 0.240799 0.054284 
2.226757 2.400552 0.913065 2.455603 1.760068 0.796805 0.644170 -0.068942 0.166037 -0.455892 0.015739 0.059410 
3.023022 2.530935 1.682612 2.086897 1.417351 0.534706 0.557017 0.192750 -0.369238 -0.588799 -0.140187 0.010973 
3.939876 2.897764 1.834311 1.892001 1.676470 0.185051 0.773607 -0.006526 -0.498352 -0.476031 -0.176715 -0.013338 
4.444121 3.321650 1.567836 1.434512 1.354145 0.375003 1.388485 0.311403 -0.414156 -0.850523 -0.189368 -0.023535 
3.212271 2.389878 1.855004 1.639546 1.400837 0.546183 0.186369 -0.173814 -0.312642 -0.298063 -0.224576 -0.014527 
3.311829 2.512533 1.820932 1.407159 1.313202 0.760966 0.438655 0.010189 -0.266981 -0.351926 -0.393891 -0.033761 
5.191819 3.676245 1.472787 0.959885 2.379895 0.022955 0.998046 0.131836 -0.552228 -0.570359 -0.368089 -0.037968 
5.333663 3.689645 1.528776 1.237221 2.101648 0.015876 0.937042 -0.335019 -0.304430 -0.592837 -0.292339 -0.037210 
3.619711 2.853910 2.125757 1.433577 1.030958 0.640878 0.308648 -0.068578 -0.337768 -0.543695 -0.298760 -0.039369 
3.451840 2.861119 2.236525 1.672983 1.113025 0.570193 0.135096 -0.231782 -0.504019 -0.413905 -0.274246 -0.033238 
4.251728 3.371962 2.360747 1.525251 1.110465 0.378717 0.178762 0.040377 -0.454492 -0.496225 -0.249529 -0.056037 
5.867920 3.675585 1.824167 1.421811 2.338906 -0.611304 0.313771 0.492459 -0.584819 -0.599108 -0.404838 -0.036706 
4.737907 3.627241 2.200291 1.560803 1.217847 0.297618 0.093939 0.333557 -0.500193 -0.718279 -0.233123 -0.055868 
4.073587 3.205350 2.211233 1.627168 0.999232 0.343334 0.193710 -0.013885 -0.364883 -0.603463 -0.255143 -0.051390 
4.181635 3.202525 2.192278 1.561833 1.069211 0.532183 -0.017087 -0.149196 -0.437596 -0.493124 -0.268411 -0.052698 
4.063975 3.068643 2.156028 1.508233 1.156079 0.488940 -0.060482 -0.220738 -0.355127 -0.554345 -0.273122 -0.052992 
3.841694 2.950498 2.064303 1.509256 1.051379 0.324591 -0.213915 -0.247799 -0.260759 -0.461436 -0.328464 -0.053915 
4.010223 3.027268 2.009082 1.605542 0.990876 0.244056 -0.199107 -0.179043 -0.296090 -0.583148 -0.267677 -0.048302 
4.404227 3.070403 1.759216 1.617092 1.334584 0.081523 -0.430011 -0.398988 -0.370520 -0.633494 -0.180740 -0.031808 
4.202789 3.029441 1.847786 1.456960 1.058331 0.066715 -0.201290 -0.338148 -0.494493 -0.595425 -0.174358 -0.024952 
4.127730 2.961877 1.672017 1.209059 0.940482 -0.017859 -0.350318 -0.355144 -0.256382 -0.474051 -0.259876 -0.043002 
4.319487 2.928049 1.490142 1.284560 1.033721 -0.020530 -0.346706 -0.433368 -0.374711 -0.708759 -0.224276 -0.042634 
4.898612 2.931812 1.024173 1.214611 1.662450 0.067989 -0.689115 -0.143307 -0.145814 -0.966159 -0.314876 -0.064079 
5.623440 3.105519 0.855718 1.200397 1.777192 -0.357077 -0.907732 -0.446161 -0.022767 -0.927123 -0.362162 -0.063579 
5.996604 3.449308 0.579689 0.836146 2.247682 -0.956846 -0.920630 -0.644968 -0.222108 -0.649905 -0.385539 -0.058495 
4.405303 2.965823 1.507813 1.045920 0.609469 -0.575877 -0.796239 -0.603104 -0.432125 -0.658350 -0.122432 -0.014671 
3.955144 2.864683 1.671986 1.048519 0.687144 -0.392994 -1.128626 -1.013345 -0.605624 -0.328101 -0.070952 -0.008096 
6.318850 3.348195 0.624862 0.502780 2.481599 -1.835790 -0.731740 -0.467020 -0.430376 -0.427990 -0.446382 0.009311 
4.100164 2.984874 1.669024 0.953344 0.466442 -0.426708 -0.765073 -0.963675 -0.638060 -0.307797 0.020183 0.026895 
4.089461 3.013563 1.731924 0.951056 0.143736 -0.846593 -0.908055 -0.568368 -0.417310 -0.391295 0.008992 0.032567 
4.058139 2.848050 1.488709 0.855984 0.466817 -0.504439 -0.975863 -0.906994 -0.552274 -0.315476 0.042790 0.041696 
6.089467 3.307339 0.320404 0.639229 2.439290 -1.674833 -0.580937 -0.158757 -0.442149 -0.593867 -0.392056 0.075628 
3.946929 2.430091 1.179205 0.896365 0.526882 -0.526624 -0.709748 -0.497903 -0.471389 -0.508341 0.037956 0.057179 
4.022645 2.645393 1.232639 0.512836 0.473533 -0.461077 -0.284980 -0.175819 -0.494641 -0.463852 -0.027390 0.050268 
4.436183 2.686063 0.763295 0.717198 1.571889 -0.569059 -0.258544 -0.061825 -0.286354 -0.773908 -0.106558 0.051057 
4.586996 2.785038 0.604825 0.956550 1.862572 -0.635267 -0.344544 -0.115285 -0.173305 -0.773979 -0.109200 0.055615 
4.338132 2.696285 0.907630 1.002945 1.453084 -0.488081 -0.033704 -0.237853 -0.388745 -0.631626 -0.064625 0.062106 
3.707362 2.479141 1.336070 0.579588 0.684789 -0.202916 0.066849 -0.286256 -0.245203 -0.403166 -0.106112 0.048554 
3.958464 2.536630 1.182827 0.713360 0.844685 -0.156019 0.123519 -0.147491 -0.646929 -0.500740 -0.024460 0.070369 
4.424477 2.835479 1.204885 0.949371 0.897876 -0.466627 0.027971 -0.019901 -0.609100 -0.722329 0.030659 0.083056 
3.999346 2.906203 1.271281 0.716820 0.643520 -0.534323 -0.263712 -0.292951 -0.600130 -0.345028 0.047491 0.075022 
3.797906 2.718789 1.633118 0.623279 0.042914 -0.783433 -0.388660 -0.149722 -0.487338 -0.285567 0.045686 0.064801 
4.584789 3.217557 1.732961 0.825118 0.691110 -1.727287 -0.004138 0.321778 -0.876124 -0.453869 0.016381 0.090978 
3.512175 2.270188 1.320272 0.861521 0.617852 -0.422224 -0.610398 -0.313882 -0.383285 -0.239128 -0.004345 0.069076 
4.706614 2.861286 1.140093 0.792070 1.643728 -1.576395 -0.187635 0.250836 -0.445691 -0.517284 -0.081359 0.109138 
4.766059 2.920435 0.891665 0.758077 1.590696 -1.146137 -0.322437 0.285365 -0.164569 -0.608888 -0.116173 0.069490 
4.823051 2.791872 1.019971 1.037105 0.977792 -1.065423 -0.232676 0.253104 -0.167270 -0.498079 -0.065391 0.074791 
3.718347 2.441469 1.195981 0.772003 0.367153 -0.196264 -0.438362 -0.274239 -0.013971 -0.288606 -0.038637 0.051437 
5.688615 2.955547 0.104013 0.906639 1.840636 -1.630229 -0.147019 0.505274 -0.124538 -0.577850 -0.352648 0.087072 
5.681430 3.294711 -0.151756 0.564693 1.968478 -1.412051 -0.500201 0.804806 -0.169303 -0.569285 -0.464448 0.045372 
5.549418 2.992050 0.156547 0.267864 1.532563 -0.933084 -0.373200 0.626188 -0.177950 -0.829693 -0.332635 0.034300 
4.883496 2.899697 0.494616 0.278270 0.621849 -0.531716 -0.098967 0.261429 -0.143532 -0.806918 -0.161392 0.011697 
5.898803 3.346883 -0.321172 0.431383 2.015473 -1.457780 0.066446 0.783521 -0.632037 -0.827848 -0.634014 0.054217 
5.632786 3.028948 -0.163975 0.421558 2.021061 -0.718682 -0.276337 0.521121 -0.385933 -1.017356 -0.527305 -0.008347 
5.183574 2.632948 0.187287 0.533368 1.700137 -0.315836 0.020665 0.496323 -0.380305 -1.175895 -0.419060 -0.005731 
5.581673 2.882046 -0.382860 0.497292 1.873863 -0.565754 0.062108 0.470294 -0.247478 -1.106201 -0.546768 -0.021424 
5.500704 2.818718 -0.348346 0.352401 2.017809 -0.341169 -0.118405 0.582337 -0.233570 -0.955456 -0.493634 -0.024377 
5.088790 2.506334 -0.143342 0.264087 2.051789 -0.264263 0.158367 0.762516 -0.195900 -0.741573 -0.373088 -0.001032 
5.257131 2.237847 0.078914 0.266896 2.192069 -0.407006 -0.008459 0.860063 0.258399 -0.630881 -0.280445 0.031491 
5.538031 2.304384 -0.326645 0.438489 2.695944 -0.813901 -0.384223 1.414169 0.360580 -0.141752 -0.256988 0.078177 
4.795838 2.129797 0.206218 0.798060 2.147722 -0.706030 -0.668263 1.177463 0.788119 -0.136453 0.040221 0.098249 
4.063623 1.953087 0.780548 1.420440 1.228420 -0.695967 -0.578923 1.119737 0.987715 0.048905 0.091745 0.090272 
3.985108 1.766860 0.900854 1.527250 1.063343 -0.760214 -0.623018 1.205742 1.159630 0.115486 0.176436 0.121389 
3.800056 2.003714 0.758342 1.336089 1.219644 -0.059638 0.062365 1.028021 0.942228 0.200839 -0.012148 0.048878 
3.388599 1.858222 0.779438 1.169146 1.643428 0.558713 0.226142 0.810681 0.841014 0.191453 0.055601 0.052188 
2.990382 1.856378 1.509141 1.566405 1.396742 0.332837 0.155135 0.961496 0.807794 0.426573 0.133094 0.074193 
2.856893 1.897298 1.441418 1.408117 1.307490 0.616623 0.524915 0.688282 0.522435 0.238192 0.157307 0.078842 
3.365911 1.939459 1.486949 1.401469 1.060416 0.346334 0.291515 0.831248 0.598664 0.135143 0.170552 0.086131 
3.284979 2.190911 1.513596 1.169430 0.944418 0.387064 0.438986 0.806813 0.560961 0.121804 0.067603 0.068944 
3.075283 2.016621 1.441679 1.152691 1.083654 0.936479 0.845773 0.839646 0.421971 0.115329 0.179078 0.076701 
2.916999 1.833887 1.428571 1.250200 0.835351 0.443930 0.482762 0.671972 0.433283 0.106408 0.186153 0.090683 
3.219623 2.083966 1.599675 1.355567 1.189819 0.905627 0.741306 0.535017 0.290793 -0.129969 0.250715 0.084980 
3.066435 2.142758 1.547952 1.024222 1.379814 0.875417 0.678184 0.472505 0.150388 0.090100 0.154192 0.078851 
2.935703 2.081922 1.608486 0.913176 0.886077 0.749135 0.628368 0.685971 0.150232 -0.002023 0.161553 0.082340 
2.891131 1.968723 1.356955 0.960919 1.224075 0.873320 0.776258 0.836624 0.577645 0.128383 0.116434 0.075233 
