2.517395 1.229987 1.571316 2.562659 1.892351 0.587388 0.630593 0.902272 0.934727 0.285315 0.060411 0.083929 
2.503840 0.978531 1.648822 3.048288 1.694907 0.123920 0.943890 1.306342 0.995358 0.247292 -0.014747 0.107396 
2.577289 0.837002 1.925251 2.679619 1.605219 -0.046490 0.358901 1.411286 0.595230 0.188831 -0.154448 0.108637 
2.384020 0.164022 2.185836 3.880763 1.466684 -0.042758 0.505242 1.826622 0.569100 -0.113986 -0.008252 0.170053 
2.275143 -0.309102 2.824207 3.590823 0.784893 0.403861 0.237052 1.872406 0.737545 -0.205670 0.050082 0.196396 
1.954890 -0.142320 2.754575 3.647511 0.702817 0.379048 0.426164 1.900016 0.364389 -0.126267 0.126054 0.184238 
2.055378 -0.562640 2.538876 3.761223 0.486497 0.658803 0.075136 2.012251 0.763117 -0.124988 0.149927 0.199161 
1.539493 -0.622106 3.377256 3.448606 0.112201 0.853974 0.385536 1.635138 0.688838 -0.191199 0.159872 0.212386 
1.100797 -0.468260 3.600037 3.121634 0.832436 0.416323 0.671320 1.640456 0.220970 0.003458 0.056431 0.192743 
0.862785 -0.517920 3.677057 3.050440 0.436563 0.303748 0.748411 1.116488 0.366152 -0.048508 0.025136 0.219849 
0.436317 -0.469679 3.685850 3.258549 0.209168 0.883216 0.656896 1.234309 -0.047788 0.085824 0.131214 0.203853 
0.545267 -0.184789 3.636783 3.219117 -0.013635 1.176665 0.766690 1.214124 -0.129622 0.140120 0.196100 0.169011 
-0.117881 -0.000442 3.971235 2.895224 0.020237 1.326138 1.015438 1.191359 -0.043930 0.177258 0.205874 0.190048 
-0.089327 0.007202 3.885823 3.081499 0.407092 1.330800 0.954866 1.208765 -0.291836 0.109129 0.263501 0.192804 
-0.508030 0.212400 4.488893 2.710534 0.410682 0.808912 1.218663 0.913175 -0.264732 0.330809 0.054342 0.222006 
-0.401975 0.282554 4.054505 2.550820 0.236055 0.846568 1.273996 1.089660 0.068008 0.392623 0.011506 0.216378 
-0.621257 0.115939 4.212359 2.906246 0.203228 0.848926 1.272318 0.930192 0.417379 0.254894 0.033771 0.223831 
-0.847076 0.117576 4.534119 2.739684 -0.175948 0.466190 1.163755 0.634121 0.357419 0.383747 0.040697 0.176696 
-0.938076 0.007753 4.446708 3.008270 0.079452 0.551462 1.291734 0.851709 0.270445 0.284072 0.182179 0.149336 
-1.106975 -0.584307 4.684889 3.689532 0.564951 0.196409 1.676952 0.964284 0.183646 0.279589 0.259457 0.128541 
-0.919619 -0.765017 4.467846 3.501166 0.483750 -0.043848 1.566502 0.914188 0.036843 0.325026 0.236202 0.130458 
-0.645885 -1.179014 3.831142 3.764848 0.996907 -0.433938 1.045943 0.698515 0.208586 0.263599 0.243635 0.113254 
-0.478097 -1.349170 3.847805 4.037892 0.744214 -0.572333 0.944532 0.875183 0.068390 0.143501 0.308176 0.128173 
-0.178818 -1.146280 3.827813 4.017058 1.200455 -0.576884 0.716228 0.977599 0.263659 -0.139486 0.372344 0.131328 
0.059749 -1.009410 3.479353 4.436732 1.702200 -1.145201 0.978891 1.425629 0.068214 -0.038506 0.403708 0.099115 
0.968254 -1.145732 2.985114 3.714317 1.426968 -0.900934 1.313505 1.633474 -0.145358 0.132335 0.360956 0.128122 
2.202973 -0.139330 2.464673 2.074263 1.548570 0.430988 0.934340 1.111255 -0.121595 -0.126987 -0.219168 0.155825 
3.685883 0.812436 0.797483 0.921048 1.090973 0.588250 0.800488 1.000257 -0.033719 -0.437284 0.136377 0.102641 
4.372082 1.138410 0.034079 0.825095 1.489336 0.521740 0.889090 0.732773 -0.188562 -0.718864 -0.044592 0.081793 
4.732422 1.420891 -0.408584 0.868174 1.244333 0.373270 0.617167 0.502472 -0.384842 -0.673695 -0.085024 0.061378 
5.253380 1.461565 -0.664725 0.640361 1.453593 0.006209 0.453546 -0.099306 0.052789 -0.754534 -0.136284 0.053639 
5.302443 1.584351 -0.734688 0.431588 1.403702 -0.032343 0.206969 -0.277444 0.058677 -0.715849 -0.139408 0.039883 
5.243784 1.685692 -0.887980 0.376268 1.244791 -0.113026 -0.067030 -0.338109 -0.080901 -0.622247 -0.089972 0.039432 
4.598141 1.834446 -0.585353 0.040195 0.846327 0.166606 -0.597499 -0.279638 -0.219607 -0.647676 -0.033047 0.018494 
5.676416 1.605722 -0.873401 -0.121145 0.665821 0.097562 -0.503220 -0.817648 -0.243393 -0.768900 -0.157604 0.033306 
6.378954 1.448240 -0.971287 -0.228038 0.578326 -0.023448 -0.597385 -1.276380 -0.444162 -0.737336 -0.195233 0.038555 
5.826260 1.809043 -0.721222 -0.732867 0.754304 -0.590684 -0.635765 -1.039112 -0.724818 -0.844245 -0.151026 0.061525 
5.106195 1.977972 -0.381146 -0.707482 -0.174578 -0.461785 -0.486962 -0.872762 -1.054116 -0.740479 -0.007252 0.065320 
4.578288 2.238118 -0.352371 -0.896204 -0.376611 -0.648723 -0.799935 -0.601997 -0.616868 -0.595317 0.021250 0.026842 
6.519958 2.029047 -1.042232 -0.941825 0.102571 -1.057785 -0.578792 -0.341013 -0.913859 -0.494001 -0.088751 0.073304 
4.036995 2.013343 0.134421 -0.998473 -1.034576 -0.680905 -0.450615 -0.664321 -0.819578 -0.537506 0.142758 0.052324 
6.403389 1.965091 -0.969093 -0.971733 -0.568716 -0.992205 -0.605092 -0.526235 -0.792064 -0.565225 -0.051953 0.080495 
4.600100 2.297121 -0.337868 -1.439412 -1.020020 -0.712172 -0.649374 -0.440108 -0.618888 -0.587201 0.086579 0.042442 
6.317757 2.107321 -1.203244 -1.274002 -0.414042 -1.100637 -0.783991 -0.176975 -0.631915 -0.390216 -0.071591 0.045336 
4.176943 1.940188 -0.267243 -1.168945 -1.046776 -0.822944 -0.502529 -0.429934 -0.519362 -0.396116 0.163081 0.024578 
6.150237 2.306130 -1.682970 -1.261389 -0.599800 -0.997238 -0.260616 -0.427686 -0.388457 -0.400137 -0.074089 0.011275 
6.554054 2.341765 -2.197412 -1.661552 0.191677 -0.929578 -0.272031 -0.548126 -0.222418 -0.281619 -0.134654 -0.022315 
6.523830 2.495896 -2.585284 -1.591117 0.344456 -0.901278 -0.039463 -0.531179 -0.101769 -0.288986 -0.164785 -0.039284 
6.147631 2.414450 -2.497625 -1.636335 0.478065 -0.490005 0.011096 -0.521517 0.078325 -0.242177 -0.110321 -0.064208 
6.221788 2.212567 -2.702265 -1.420501 0.911978 -0.346336 0.080325 -0.247917 0.274147 -0.047676 -0.106519 -0.066613 
6.139620 2.048849 -2.955094 -1.309832 1.364288 -0.222802 0.329933 0.145618 0.334989 0.087549 -0.123864 -0.044963 
6.353184 2.336564 -3.745072 -1.255447 2.491074 -0.574226 0.629830 0.417222 0.285662 0.458132 -0.351813 0.008049 
5.648418 1.753860 -2.905744 -1.442412 2.272365 0.024468 0.721897 0.635331 0.411030 0.188155 -0.157921 -0.023918 
5.389982 1.608113 -2.605144 -1.554123 2.356582 0.320656 0.840376 0.782969 0.394481 0.047111 -0.130251 -0.021330 
5.597129 1.595138 -2.776439 -1.578799 3.005374 0.257273 1.086291 0.686096 0.427317 0.146206 -0.208887 0.000680 
5.451221 1.286155 -2.480145 -1.338249 3.007879 0.739463 0.983160 0.603768 0.560894 -0.097922 -0.164384 -0.010443 
5.271601 1.129572 -2.188671 -1.191812 2.936221 1.115967 0.927607 0.688662 0.512086 -0.240019 -0.154922 -0.021583 
5.113295 0.853980 -2.014688 -1.026398 2.906411 1.632818 0.809760 0.880362 0.374551 -0.284904 -0.163786 -0.045332 
5.605873 1.248041 -2.579908 -1.164091 3.493606 0.986208 0.819039 0.912994 0.361242 0.028026 -0.317762 -0.068440 
5.524048 1.263901 -2.073446 -1.146812 2.858995 1.073470 0.674348 0.883890 0.428254 -0.065822 -0.216148 -0.069265 
5.838759 1.376968 -1.931255 -1.231058 2.651799 1.097196 0.308445 0.946319 0.529412 0.138229 -0.099327 -0.064513 
6.146605 2.054493 -1.996026 -1.412789 2.651488 0.741258 0.184610 1.090556 0.488289 0.435723 -0.056044 -0.053257 
6.363557 2.031192 -1.314895 -1.405690 2.109314 0.934212 0.193124 0.967013 0.906371 0.423044 0.119393 -0.017558 
5.423566 2.373463 -0.702305 -0.742108 1.505104 0.830366 0.596174 0.861973 0.823142 0.326633 0.262010 0.049716 
5.546498 2.478699 -0.289672 -0.526880 1.686681 1.290638 0.377566 0.598871 0.717240 0.163384 0.280785 0.072622 
4.853273 2.512324 0.373039 0.225909 1.582550 1.390753 0.959736 0.827765 0.393173 0.113553 0.147627 0.054953 
4.165211 2.401744 0.570221 0.598013 1.730683 1.710654 1.015980 0.852110 0.404939 0.064046 0.119277 0.045672 
3.836225 2.184071 0.780458 1.150031 1.736156 1.889529 1.332968 0.952882 0.357635 -0.022197 0.065118 0.049254 
3.855211 2.468112 1.091325 0.884723 1.770225 2.186881 1.817710 0.938226 0.224360 -0.222294 0.090492 0.062324 
3.810938 2.661094 1.232125 0.926422 1.612168 1.687881 1.847145 1.141966 0.339961 -0.307377 0.063570 0.037525 
3.756237 2.598704 1.233930 0.992982 1.231804 1.920700 1.542819 0.805012 0.348554 -0.081815 0.067609 0.039708 
3.560412 2.462097 1.371826 1.178514 1.362867 1.713883 1.318449 1.012507 0.308440 -0.156351 0.089623 0.039984 
3.731467 2.613865 1.335051 1.010284 1.336961 1.544989 1.373733 0.911540 0.334926 0.044915 0.127885 0.045866 
3.691646 2.571338 1.430918 1.066972 1.408296 1.645488 1.585918 0.747295 0.275508 -0.109161 0.120469 0.048657 
4.109534 2.987527 1.414834 0.635963 1.390711 1.834003 1.430929 0.869947 0.185325 -0.285583 0.181002 0.063499 
3.984350 2.810397 1.532873 0.827774 1.416483 1.871835 1.491944 0.599111 0.185664 -0.271838 0.137815 0.056270 
4.239221 2.904513 1.545959 0.631514 1.310633 1.798555 1.539322 0.791037 -0.051717 -0.326470 0.182507 0.077629 
4.129872 2.717241 1.578851 0.986646 1.096319 1.496119 1.246225 0.722651 -0.055973 -0.429126 0.257684 0.085363 
4.466688 2.994262 1.613530 0.584428 1.066478 1.046563 0.852365 0.279198 -0.274017 -0.314928 0.233086 0.096206 
4.550976 2.949547 1.589026 0.590430 1.043095 0.814514 0.352834 -0.105133 -0.144050 -0.308981 0.171215 0.074555 
4.106480 2.639862 1.320640 1.143417 1.098718 0.110051 -0.356378 -0.399840 -0.047258 0.145553 0.139109 0.046435 
4.329367 2.883873 1.235283 0.475760 1.016869 0.338451 -0.701221 -0.641936 -0.198843 0.129524 0.234268 0.072620 
5.017395 2.974489 0.751761 0.356409 1.321800 0.167162 -0.952166 -0.707359 -0.124449 0.019322 0.293645 0.092901 
5.296790 2.804795 0.749472 0.271999 1.658201 -0.186452 -1.326560 -0.842778 0.004710 0.157734 0.289289 0.081454 
4.828016 2.717486 0.618022 0.405323 1.222827 -0.097777 -1.253156 -0.901190 0.005695 0.171167 0.306791 0.081217 
