2.615722 1.869357 1.609383 1.622593 1.393867 1.109954 1.076757 0.773521 0.634624 0.560368 0.214106 0.078404 
2.545935 2.013288 1.761466 1.595031 1.340914 1.147207 1.005442 0.715839 0.553733 0.437499 0.210197 0.079294 
2.574762 1.916766 1.630994 1.563323 1.419924 1.090792 1.156960 1.051579 0.611227 0.390134 0.208454 0.080331 
2.590721 1.910512 1.812928 1.720722 1.395872 1.050194 0.890194 0.850057 0.688626 0.541069 0.253086 0.080102 
2.611009 1.931941 1.762438 1.514777 1.119791 1.018298 1.009417 0.977506 0.668855 0.452142 0.282629 0.079640 
2.689545 1.965664 1.600533 1.444670 1.272870 0.987956 0.952448 0.917578 0.740476 0.447078 0.193796 0.077733 
2.548522 1.886458 1.589394 1.588953 1.421826 0.980321 1.037522 0.983383 0.585112 0.424434 0.181848 0.080588 
2.567126 1.977311 1.669106 1.455944 1.182444 1.194325 0.985073 0.806581 0.747982 0.456995 0.269453 0.079401 
2.602949 1.993644 1.691079 1.463526 1.388667 1.131182 1.052960 0.961658 0.606533 0.442263 0.225410 0.079272 
2.583520 2.015352 1.694922 1.305893 1.006134 0.757457 1.050533 1.043776 0.622311 0.514477 0.266573 0.078948 
2.606057 1.939044 1.583700 1.591069 1.255307 0.672070 1.171695 1.178533 0.817342 0.577597 0.126179 0.078115 
2.637019 1.607254 1.390705 1.395349 1.295343 0.555773 1.050736 1.209432 0.630063 0.583573 0.136754 0.074885 
2.759061 1.587836 1.463067 1.681840 1.561364 0.636478 0.939683 1.055006 0.793599 0.792473 0.008943 0.064003 
2.609291 1.473983 1.673263 1.604615 1.629542 0.909629 0.570237 0.593584 0.540002 0.463618 0.078436 0.074356 
2.850636 1.732533 1.342788 1.642202 1.558969 0.650421 0.910927 0.999631 0.841866 0.690498 0.115798 0.068547 
2.878350 1.860220 1.434278 1.203328 0.688871 0.420578 0.575313 0.864788 1.082672 1.042854 0.539941 0.091217 
3.326067 2.473794 1.426083 1.293672 0.814071 -0.228368 0.892443 0.545072 1.085765 1.008895 0.316312 0.106789 
3.264551 2.284564 1.294997 0.442301 0.773872 0.045721 0.488232 0.337701 0.601557 0.877402 0.328990 0.113215 
3.906039 2.870877 1.259507 0.051284 1.373492 -0.711948 0.767486 -0.074730 0.860753 1.261309 0.313817 0.156218 
3.737657 2.848246 1.249769 0.293400 1.191011 -0.229090 0.659612 0.104922 0.853602 1.178885 0.411324 0.141926 
3.122969 2.249552 1.235553 0.203531 0.572150 -0.369208 0.763727 0.479539 0.831849 0.675061 0.316000 0.098146 
4.103909 3.165372 0.753738 -0.104747 1.288667 -0.615661 0.899268 -0.294109 1.001495 1.057034 0.260559 0.124301 
4.872666 3.367088 0.683419 -0.264622 1.985469 -0.832997 0.857762 -0.531815 1.295152 1.059712 0.258155 0.096952 
4.144352 2.963852 1.169708 0.397101 0.982359 -0.111891 0.261705 0.139818 1.090793 0.965578 0.183712 0.053528 
3.841018 2.477483 1.465918 0.720525 0.608928 0.176236 -0.140192 0.609170 0.784390 0.805152 0.195222 0.056426 
4.845865 3.310766 1.009678 0.627116 0.855018 0.175889 -0.391666 -0.043788 0.638680 1.032542 0.238951 0.044666 
4.895013 3.400244 1.120607 0.453659 0.788586 0.058361 -0.461040 -0.000400 0.554763 0.842928 0.169780 0.028878 
4.686390 3.315573 1.323468 0.027540 0.457019 -0.129058 0.027320 0.029596 0.408664 0.556184 0.166614 0.055397 
4.877318 3.378492 1.144380 0.244961 0.339172 -0.022140 -0.008336 -0.143520 0.279046 0.361922 0.107122 0.032152 
5.239644 3.517352 0.907972 0.018777 0.954611 -0.431620 -0.152745 -0.124378 0.170266 0.267115 0.062773 0.017028 
3.932582 3.213611 1.338221 0.541439 0.456968 -0.446437 -0.119765 -0.245039 0.023775 0.260889 -0.035134 0.019025 
5.165389 3.557196 1.017091 -0.396411 2.114304 -1.708840 -0.264293 0.063942 -0.359884 0.533881 -0.214705 0.012367 
4.892523 3.151018 1.359675 -0.006188 1.691080 -2.163215 -0.627351 0.005572 -0.088901 0.487752 -0.227475 0.003505 
5.056366 3.429605 0.927125 -0.268904 2.296124 -2.643502 -0.966133 0.002019 0.129922 0.473517 -0.311199 0.002722 
4.218046 3.171189 0.982322 0.541618 0.763059 -1.751811 -0.839181 -0.565406 0.263806 0.328403 -0.166607 0.014067 
5.259556 3.506258 0.719308 -0.477888 2.186857 -2.799248 -0.996925 -0.191771 0.215085 0.437734 -0.290368 0.020934 
5.028536 3.264332 0.794974 -0.444914 1.632956 -2.326222 -0.634924 -0.284536 -0.019863 0.217537 -0.196628 0.045237 
4.712926 3.202843 0.835484 -0.466363 1.066372 -1.700821 -0.580007 -0.358751 -0.602649 0.414625 -0.144231 0.049400 
4.459046 3.018665 1.235558 -0.660221 0.440316 -1.210548 -0.411034 -0.320315 -0.722250 0.273585 -0.105822 0.038357 
3.679435 2.296088 1.181072 -0.027938 0.155507 -0.738770 -0.603205 -0.387977 -0.375128 -0.016443 -0.148080 0.031405 
4.918645 3.062341 0.583087 -0.696819 1.547467 -1.745943 -0.583759 -0.309008 -0.323771 0.338685 -0.203268 0.021744 
4.837741 2.867578 0.241901 -0.327203 1.947181 -1.710484 -0.869085 -0.236540 -0.030122 0.326630 -0.290750 -0.019639 
4.689054 2.351739 0.734821 -0.086621 1.714409 -1.266124 -0.985001 -0.316271 -0.033379 0.234393 -0.275495 -0.040009 
3.896125 2.143796 1.140737 0.252858 0.853585 -0.692618 -1.017531 -0.113834 -0.186981 0.096208 -0.292281 -0.022794 
4.802979 2.780431 0.410937 -0.180072 2.424306 -1.569042 -1.284290 -0.041469 -0.228203 0.321620 -0.315192 -0.055571 
4.981871 2.893810 0.597423 -0.416491 2.417659 -1.701738 -1.130154 -0.034899 -0.131482 0.459208 -0.312728 -0.060133 
4.945239 3.299034 0.055418 -0.501737 3.037116 -1.993186 -0.942661 0.187289 -0.196336 0.501612 -0.458267 -0.043520 
4.703061 2.995767 0.720761 -0.021167 2.076581 -1.599117 -0.996426 0.070246 -0.215398 0.562125 -0.343969 -0.047511 
5.133882 3.607952 0.323013 -0.576099 3.449358 -1.881657 -1.055639 -0.003851 -0.247047 0.401015 -0.454970 -0.087503 
4.792530 3.190950 0.708852 -0.721192 3.423553 -1.486511 -0.917906 -0.085226 -0.351414 0.261653 -0.382026 -0.095216 
4.662953 3.090850 1.049959 -0.149397 3.029686 -1.625253 -1.183239 -0.291215 -0.207459 0.276774 -0.328386 -0.072290 
4.528727 3.212518 0.874987 -0.358063 3.460044 -1.331338 -1.013226 -0.244054 -0.086687 0.366796 -0.374842 -0.112222 
4.714215 3.591684 1.003483 -0.500163 4.417966 -1.552322 -1.370484 -0.380183 0.035325 0.531820 -0.334004 -0.150983 
4.372264 3.023420 1.558267 0.017669 3.951997 -0.845010 -1.451693 -0.599305 0.136580 0.397683 -0.325563 -0.139311 
3.991718 2.612085 2.142944 0.670365 3.514159 -0.824630 -1.428013 -0.719368 -0.017995 0.360081 -0.354081 -0.095052 
3.373610 2.821903 1.650972 1.115940 1.953580 -0.167319 -0.621342 -0.521542 -0.048630 0.048629 -0.303944 -0.028181 
4.082021 3.548143 1.985217 0.436285 3.621083 -1.018117 -0.403439 -0.553641 -0.227814 0.227053 -0.164750 0.019122 
3.954268 3.225560 2.022873 0.637874 3.651727 -0.894045 -0.155246 -0.289215 -0.178168 0.225607 -0.249024 0.009443 
3.459806 2.955220 1.955628 1.550687 2.283665 0.026981 0.042406 -0.384833 -0.111723 0.249126 -0.282504 -0.001582 
3.174970 2.647347 1.633835 1.367007 1.371030 0.408773 0.021962 -0.224699 -0.152503 0.157441 -0.158364 0.030467 
3.956004 4.496770 1.448158 1.032855 4.120666 -0.888421 -0.904646 -0.001881 -0.431416 0.331352 -0.101094 -0.036614 
3.447256 3.682723 1.774377 1.531263 2.121858 0.100162 -0.120784 -0.484195 -0.503439 0.127632 0.018989 0.043888 
3.160133 3.102178 1.962610 1.517431 1.162958 0.398633 -0.072236 -0.278957 -0.363932 0.076340 0.055737 0.044954 
3.215536 3.370533 2.364199 1.574091 2.269410 -0.026879 -0.455341 -0.137120 -0.414279 0.260880 0.091402 0.035352 
3.715780 5.330390 1.860713 0.764814 4.369523 0.390079 -1.665616 -0.313563 -0.059503 0.282436 0.375857 -0.147672 
3.178884 3.609729 2.300961 1.449166 3.262255 0.316720 -0.477824 -0.120921 -0.360417 0.251960 0.213565 0.001286 
3.119066 3.133675 2.344936 1.332117 2.671655 0.643495 -0.275823 0.115892 -0.385243 0.165016 0.183710 0.005369 
3.200207 4.205541 1.947380 2.324813 4.178080 0.410360 -1.084721 -0.224465 -0.552041 0.105018 0.340765 -0.081709 
3.584833 5.291927 1.251913 2.036572 5.388813 0.205894 -1.725168 -0.570196 -0.328981 0.361895 0.349524 -0.216673 
3.641513 4.923540 1.506249 2.159946 5.343914 0.349018 -1.973657 -0.705635 -0.181425 0.251841 0.404356 -0.227303 
3.598312 4.224711 2.306046 2.037901 4.586958 0.741395 -2.036795 -1.012750 -0.040597 0.165523 0.352214 -0.158053 
3.929773 4.138317 2.265648 1.835070 4.743383 0.656379 -2.503851 -0.615964 -0.251861 0.359489 0.263872 -0.186709 
3.997227 3.860769 2.306173 2.009674 4.858482 0.429130 -2.397486 -0.639139 -0.098965 0.363490 0.189377 -0.188488 
4.436021 4.156776 1.924437 1.435198 5.378180 0.642358 -2.231524 -0.454248 -0.023112 0.384980 0.247932 -0.237531 
4.673508 3.431901 1.997935 1.468963 4.947221 1.576829 -2.196069 0.010590 0.163835 0.449010 0.255057 -0.213863 
4.168159 2.860183 1.718509 1.907437 4.263446 2.035065 -1.389793 0.162613 0.420556 0.733083 0.080141 -0.155496 
3.742746 2.202008 1.575627 2.268421 3.628393 1.975523 -0.514145 -0.057358 0.568456 0.741122 -0.041902 -0.104083 
4.198254 2.495797 1.087171 2.154147 3.520877 1.877540 -0.445800 -0.073372 0.708629 0.755404 0.015892 -0.102762 
4.857403 2.687257 0.593345 1.828496 3.941099 2.150708 -0.761297 0.136516 0.837909 0.590502 0.119307 -0.117890 
4.927913 2.679189 0.497428 1.684755 3.513097 2.010465 -0.384541 0.117603 0.824470 0.672133 0.160164 -0.079101 
3.826287 2.183446 1.354704 2.033869 2.725468 1.403727 -0.056854 0.147400 0.780226 0.737448 0.172879 -0.008667 
3.651715 2.153268 1.335325 1.792926 2.806799 1.288688 -0.200141 0.254623 0.815565 0.863396 0.269860 0.011336 
3.920525 2.025311 1.280328 1.404185 3.019602 1.182073 -0.573928 0.415380 0.695437 1.048698 0.577283 0.055741 
4.663323 2.495745 0.776580 0.689447 3.648162 2.253856 -1.602521 1.053673 0.376723 1.024490 0.663511 -0.003742 
4.964307 2.566071 0.928523 0.714811 3.571033 2.664514 -1.717971 1.304130 0.293662 1.097803 0.612253 -0.029997 
