2.565983 1.997954 1.744062 1.451781 1.367215 1.134917 0.930993 0.749916 0.486238 0.361419 0.222620 0.080275 
2.537279 1.944832 1.616225 1.487845 1.541516 1.141986 0.949565 0.800662 0.587290 0.467274 0.232777 0.079806 
2.564952 1.951477 1.717073 1.558860 1.466453 1.143048 0.855124 0.605262 0.478446 0.390485 0.215072 0.079886 
2.577080 1.990020 1.760010 1.511993 1.405561 1.270540 0.935523 0.823080 0.552076 0.328437 0.250045 0.080020 
2.603276 1.970800 1.697071 1.510022 1.399026 1.106039 0.782560 0.629054 0.487758 0.383731 0.214163 0.080331 
2.629065 2.081828 1.657810 1.464413 1.331367 1.078900 0.920848 0.701054 0.411464 0.314567 0.219260 0.080473 
2.643962 2.018144 1.672310 1.330082 1.323545 1.079614 0.835895 0.702161 0.518514 0.485180 0.343101 0.081081 
2.823615 2.317282 2.079385 1.736385 1.504342 0.904185 0.480843 0.344316 -0.033689 0.073951 0.084856 0.058412 
3.122054 2.720462 2.346320 2.029315 1.561795 0.874530 0.340185 0.162491 0.141237 0.025170 0.057975 0.038145 
3.588523 3.428431 2.832858 2.463607 1.862678 0.987365 0.429616 -0.022820 -0.061195 -0.106944 0.122388 0.015473 
3.463561 3.252892 2.895669 2.547580 1.698643 1.010763 0.497961 0.218935 0.043083 -0.139849 -0.031391 -0.007673 
3.274022 2.976030 2.622548 2.135297 1.504856 0.968297 0.565579 0.131552 0.065182 -0.131664 -0.033806 0.002768 
3.632558 3.376182 2.964347 2.281718 1.754017 1.132744 0.498755 -0.099571 -0.219545 -0.130703 -0.034181 -0.015356 
3.800089 3.426069 3.232369 2.835885 2.305476 1.036079 0.240074 -0.319500 -0.433227 -0.157071 -0.037342 -0.040775 
3.510980 3.107463 2.707596 2.422829 1.821963 0.887356 0.226387 -0.117110 -0.339477 -0.209862 -0.189066 -0.041635 
3.705795 3.199845 2.847687 2.542504 2.073390 0.930245 0.089729 -0.510244 -0.418448 -0.175546 -0.161485 -0.054228 
3.648545 3.181150 2.688804 2.612701 1.934807 1.056344 0.108741 -0.649320 -0.479507 -0.314517 -0.120770 -0.058797 
4.269888 3.564444 2.709829 2.739108 2.306490 1.154594 -0.110849 -0.857769 -0.375522 -0.123376 -0.202911 -0.080254 
3.886090 3.242805 2.413221 2.434666 2.218624 1.127027 -0.005909 -0.676161 -0.460524 -0.132416 -0.221814 -0.070208 
4.310831 3.567138 2.368640 2.780078 2.970125 1.196379 0.152572 -1.259165 -0.512501 -0.016583 -0.149871 -0.080905 
3.660113 2.940998 2.407104 2.399809 2.267129 0.965408 0.280777 -0.492634 -0.454154 -0.257566 -0.266184 -0.071814 
3.769598 2.850702 2.332661 2.267399 1.835365 0.910846 0.517856 -0.216323 -0.616396 -0.442877 -0.249000 -0.065825 
5.043081 2.834531 1.658969 3.240976 2.737648 0.389766 0.574762 -0.250630 -1.186874 -0.409017 -0.128352 -0.019319 
4.278256 2.492198 2.151325 3.104853 2.511054 0.738115 0.395133 -0.349380 -1.071672 -0.570824 -0.058368 -0.037648 
4.904597 2.510224 1.651935 3.177296 2.648133 0.650750 0.241100 -0.332793 -1.237148 -0.456309 -0.102295 -0.028164 
4.145547 2.602282 1.955407 2.451351 2.221176 0.874958 0.174288 -0.727418 -0.970760 -0.290322 -0.163193 -0.067310 
3.510307 2.511405 1.983823 2.148366 1.920922 0.709202 -0.240720 -0.561225 -0.459854 -0.282178 -0.348422 -0.079503 
3.549279 2.529511 2.119721 2.092465 1.973439 0.768513 -0.078534 -0.767577 -0.834678 -0.262798 -0.249152 -0.075298 
4.050732 2.397733 1.834721 2.497987 2.724283 0.880271 -0.283006 -0.860070 -1.115840 -0.152710 -0.134405 -0.077908 
5.322831 2.244149 1.351249 2.831586 3.570469 -0.144373 -0.261733 -0.503494 -1.776930 0.272082 -0.074316 -0.068103 
3.670251 2.327311 1.868350 2.510727 2.318233 0.786846 -0.361436 -1.109178 -0.905803 -0.220693 -0.177935 -0.094681 
3.572558 2.374266 1.793634 2.159194 2.146630 1.089522 -0.410114 -1.277106 -0.811151 -0.205827 -0.215688 -0.091294 
4.157535 2.533629 1.611641 2.106785 2.762052 1.152246 -0.471773 -1.151039 -1.081551 -0.135078 -0.140458 -0.083479 
5.309488 2.450146 1.298454 3.103578 4.071930 -0.278334 -0.409054 -0.764430 -1.554721 0.052194 -0.142281 -0.042864 
4.049214 2.552153 2.011241 2.508256 2.851716 0.721926 -0.802100 -1.067592 -1.007893 -0.204242 -0.144290 -0.105088 
3.872408 2.583334 1.987872 2.406407 2.438439 0.549385 -0.664021 -1.165782 -0.869361 -0.179444 -0.211231 -0.104123 
3.970693 2.533105 1.810753 2.378725 2.351391 0.775778 -0.849116 -1.225643 -0.656657 -0.223956 -0.219084 -0.108226 
5.584439 2.584284 0.896879 2.426495 3.878480 -0.309211 -0.763090 -0.801378 -1.358332 0.150269 -0.216984 -0.066851 
3.482163 2.300292 1.604286 1.832777 1.810010 0.850469 -0.594511 -1.186545 -0.831614 -0.286455 -0.250986 -0.080685 
4.761386 2.493767 1.141609 1.958408 2.905487 0.438694 -0.475465 -0.826188 -1.269385 -0.074182 -0.208154 -0.073597 
3.520009 2.543498 1.921836 1.783993 1.727075 0.444737 -0.457746 -0.976913 -0.819071 -0.263906 -0.315542 -0.083374 
4.964015 2.454490 1.395977 1.694116 2.929568 0.192830 -0.686829 -0.711649 -1.223953 0.020939 -0.229688 -0.097959 
3.311788 2.469273 1.780291 1.455736 1.458933 0.507797 -0.446348 -0.899920 -0.828958 -0.369742 -0.321649 -0.070963 
5.561558 2.923143 1.001387 1.670431 3.889908 -0.319080 -1.102604 -0.698492 -1.546450 0.369995 -0.250252 -0.086554 
3.857802 2.532674 1.520865 1.851748 2.115187 0.642917 -0.650246 -1.351449 -0.792406 -0.136825 -0.252209 -0.088866 
4.250018 2.567006 1.781910 1.764777 2.394169 0.474889 -0.913673 -1.021988 -1.021952 0.001367 -0.258318 -0.104610 
3.578756 2.428924 1.710352 1.516868 1.679225 0.532756 -0.482305 -0.874574 -1.000552 -0.354306 -0.287403 -0.071432 
6.000463 2.675635 0.686883 1.690627 4.263283 -0.690954 -1.018286 -0.390563 -1.728731 0.246898 -0.291973 -0.045447 
5.655263 2.747540 1.089848 1.396992 4.076801 -0.292569 -0.814097 -0.603340 -1.570186 0.115835 -0.272530 -0.072162 
4.157378 2.779719 1.676488 1.612306 2.321143 0.602516 -0.513726 -0.986662 -1.030436 -0.137953 -0.270310 -0.081106 
3.703625 2.581060 1.808780 1.753303 1.950815 0.647274 -0.427560 -0.889852 -0.879211 -0.302840 -0.284396 -0.070637 
4.958426 3.160236 1.483710 1.602413 3.292336 -0.018531 -0.735850 -1.117626 -1.162401 0.278547 -0.259544 -0.088778 
5.030490 3.010932 1.525847 1.298772 3.117813 0.419608 -0.848139 -1.104739 -1.217468 0.307991 -0.184422 -0.097988 
4.720489 3.193845 1.428121 1.269484 2.696036 0.634414 -0.680955 -1.251642 -0.911492 0.114949 -0.204765 -0.079588 
3.574630 2.582129 1.875620 1.660222 1.780920 0.567666 -0.396766 -0.832951 -0.724049 -0.214277 -0.338695 -0.061461 
3.723470 2.593462 1.759933 1.590822 1.725300 0.696878 -0.584445 -0.923378 -0.636360 -0.192073 -0.310925 -0.062893 
4.985741 3.030804 1.485585 1.162210 2.350755 0.730983 -0.519240 -0.977981 -1.055756 -0.024754 -0.165252 -0.058202 
3.955970 2.665893 2.013134 1.682527 1.558441 0.572902 -0.651971 -0.730918 -0.727272 -0.273707 -0.246728 -0.058599 
3.817471 2.699338 1.792675 1.665745 1.367972 0.531798 -0.452986 -0.820619 -0.468853 -0.296968 -0.297793 -0.057727 
3.460615 2.598123 1.934767 1.533190 1.287189 0.529215 -0.289939 -0.674754 -0.680179 -0.399926 -0.257073 -0.042060 
5.309723 3.239664 1.175780 1.476375 2.744558 0.838390 -0.783033 -1.413980 -0.586773 -0.116287 -0.089550 -0.075501 
3.766337 2.593761 1.958922 1.866267 1.874016 0.702183 -0.641868 -0.945548 -0.639859 -0.157615 -0.231994 -0.062080 
4.738193 3.114092 1.569478 1.851188 2.328859 0.976283 -0.840799 -1.371149 -0.523453 0.000658 -0.127330 -0.078537 
3.789323 2.830204 1.691037 1.664649 1.820950 1.225777 -0.274176 -1.172200 -0.665938 -0.151807 -0.156336 -0.036043 
4.558967 3.206990 2.004521 2.491965 2.802183 1.391150 -0.571576 -1.521163 -0.554480 -0.097514 -0.023194 -0.069736 
4.464892 3.384567 2.153574 2.458991 2.826111 1.385215 -0.232550 -1.127204 -0.578201 0.000313 -0.061546 -0.060441 
3.706435 3.087600 2.455421 2.166218 2.085881 1.330471 0.256679 -0.330601 -0.337356 -0.130811 -0.112950 -0.037554 
3.767138 3.259660 2.818436 2.910557 2.772227 1.612300 0.467850 -0.359923 -0.364339 -0.066920 0.004455 -0.043147 
3.541883 3.124817 2.903840 2.793142 2.547180 1.570315 0.552849 -0.024159 -0.030322 0.037746 -0.045384 -0.025580 
3.325154 2.953912 2.696318 2.519425 2.347329 1.627833 0.888036 0.294662 0.061189 0.048411 -0.054457 0.000401 
3.054163 2.544618 2.349418 2.151371 1.975526 1.477044 0.773598 0.362198 0.083628 -0.007173 -0.052354 0.025632 
3.146467 2.613761 2.403342 2.328575 2.233097 1.666272 0.967453 0.496743 0.288970 0.116228 -0.018478 0.034067 
3.018630 2.399448 2.044154 1.949529 1.916409 1.522301 0.750961 0.337481 0.244014 0.192702 0.069957 0.054193 
2.999052 2.498614 2.269375 2.238763 2.027256 1.501493 0.804172 0.472689 0.419839 0.271618 0.029570 0.051317 
2.980467 2.516798 2.264156 2.199572 2.042097 1.681047 1.057055 0.615622 0.395907 0.152050 0.046557 0.054641 
2.791917 2.260497 2.008736 1.926864 1.780704 1.372541 0.994534 0.654268 0.452826 0.259965 0.089574 0.068421 
2.819622 2.322725 2.158089 2.059290 1.906121 1.436176 0.981313 0.630751 0.405804 0.225234 0.063252 0.063424 
2.863919 2.374425 2.172350 1.989567 1.871003 1.572602 1.116773 0.818628 0.489878 0.247492 0.060285 0.068752 
2.787283 2.283963 2.161637 2.006680 1.784859 1.328514 0.887504 0.580549 0.407510 0.310408 0.128375 0.068195 
2.793456 2.259379 2.005018 1.793606 1.516879 1.255897 0.831969 0.588561 0.395221 0.241400 0.124878 0.068554 
2.744184 2.211020 1.949968 1.798972 1.680730 1.302332 0.919509 0.647328 0.414372 0.265843 0.147194 0.071799 
2.793492 2.303959 2.107974 1.894391 1.578817 1.239880 0.970404 0.720511 0.535694 0.314398 0.133340 0.072823 
2.698227 2.181159 2.002334 1.803871 1.634951 1.243037 1.024696 0.792531 0.548872 0.351315 0.129598 0.077090 
2.593370 1.998120 1.732240 1.481014 1.253938 0.966011 0.787668 0.624676 0.443778 0.351990 0.191566 0.080756 
2.653025 2.156766 1.895420 1.628789 1.478229 1.207418 0.962171 0.696047 0.531342 0.308430 0.144944 0.076649 
