2.703952 1.873626 1.746563 1.577848 1.423709 0.932543 0.446134 0.394567 0.545268 0.400101 0.127847 0.076394 
2.912764 2.011548 1.448079 1.392621 1.491155 1.325728 0.806508 0.575666 0.470352 0.312569 0.012910 0.068503 
2.950525 1.905811 1.448650 1.579780 1.977622 1.378299 0.676726 0.278652 0.491846 0.354959 -0.000254 0.062682 
2.679462 1.597185 1.159094 1.749636 1.998151 1.004997 0.068044 0.372232 0.941635 0.435462 -0.090938 0.053431 
2.760890 1.243042 0.968337 1.770112 2.326709 1.149557 0.171931 0.486285 1.109799 0.453376 -0.164707 0.038569 
2.497997 0.627056 1.112905 2.944556 2.111220 -0.078889 -0.072314 1.074942 1.257312 0.225889 -0.285198 0.085935 
3.229621 0.092631 0.293255 3.090124 2.817270 0.292278 0.226372 1.182562 1.461440 0.172925 -0.232773 0.057675 
2.504902 -0.288742 0.995777 3.413504 2.141703 0.209890 0.322931 1.228543 1.233231 0.511282 -0.244926 0.050617 
2.612772 -0.755425 0.848316 3.583089 2.240834 0.245156 0.698684 1.302539 1.208948 0.414718 -0.235992 0.055419 
2.705305 -1.383912 0.814406 4.543982 2.398436 -0.245565 0.168991 0.940141 1.306194 0.471263 -0.067479 0.018301 
3.371160 -1.941062 0.399941 5.443772 2.665205 -0.614833 0.269251 0.676010 1.368702 0.443932 -0.038040 -0.015116 
2.842094 -1.928819 0.749310 5.044442 1.986055 -0.764015 0.051296 0.691442 1.499096 0.446407 -0.061626 -0.000046 
2.656739 -2.217622 0.705008 5.232129 1.613735 -0.512901 0.247441 0.353624 1.869084 0.446141 -0.113304 -0.009829 
2.975202 -2.585449 0.815725 5.268493 1.674277 -0.847229 0.648969 0.317600 2.144108 0.467984 -0.132576 -0.002279 
2.055003 -2.315734 1.638322 5.297782 2.029470 -1.039131 0.555592 0.894283 1.630509 0.243756 -0.112292 0.049479 
2.371719 -2.728602 1.647160 5.710884 1.354881 -0.929410 0.704469 0.764816 1.915242 0.223724 -0.114195 0.055493 
1.893874 -2.407814 1.985158 4.965995 1.668070 -1.349871 1.436721 0.657915 1.962327 0.128996 -0.073229 0.081285 
1.912318 -2.968142 1.845347 4.756251 1.721733 -1.592984 1.713167 0.365975 1.922335 0.186779 -0.096592 0.103821 
1.060554 -2.578171 2.640974 4.496540 1.946557 -0.505637 1.510438 0.461915 1.437168 0.163899 0.005563 0.133224 
1.241992 -2.507963 2.917490 4.199661 1.549783 -0.809260 1.366315 0.560284 1.328706 0.210184 -0.003219 0.120718 
0.742864 -2.379787 2.828661 5.134936 1.496617 -0.517583 0.586760 0.621983 1.081502 0.197025 0.081021 0.078630 
0.987763 -2.219553 2.886412 4.388410 1.618725 -0.643533 0.818099 0.505303 1.214447 0.123079 0.150130 0.089741 
0.797009 -2.097276 2.841633 4.783994 1.503891 -0.938093 0.655160 0.770172 1.233951 -0.067233 0.267567 0.075690 
1.029529 -2.150835 2.841971 5.156208 1.589022 -1.222723 0.601024 0.660644 1.613833 -0.218357 0.238027 0.082887 
0.619372 -1.914380 3.034450 5.485027 1.467519 -1.227959 0.103254 0.958736 1.226924 -0.207394 0.189463 0.057315 
0.931836 -2.355239 2.544080 4.891447 1.473134 -1.055552 0.303374 1.249983 1.478127 -0.050198 0.156999 0.068654 
1.581576 -2.008098 2.109911 4.509177 1.613487 -0.984973 0.547331 0.736547 2.074846 0.104105 0.026595 0.056580 
1.648398 -1.718997 1.746721 4.339258 2.174388 -0.416061 0.634415 0.707889 1.931476 0.199214 -0.081999 0.060795 
2.155289 -0.642280 1.267202 3.451227 1.886386 -0.718669 0.344190 1.023354 1.355614 0.498993 -0.141413 0.046093 
3.618652 1.028709 1.649703 2.711509 1.754346 -0.690070 0.076698 -0.017352 0.285584 -0.494635 -0.119745 0.068364 
5.004913 1.414947 1.135105 3.001731 1.387442 -0.444356 0.316659 -0.490660 0.503801 -0.665093 -0.157424 0.026437 
4.515141 1.844476 1.027357 2.091271 1.658248 0.141691 -0.398140 -0.137194 0.233869 -0.847120 -0.129068 0.025429 
4.294574 1.903082 0.991445 1.711715 1.410244 -0.012678 -0.768580 -0.121578 0.154004 -0.796173 -0.121115 0.008377 
4.675488 1.861377 0.715783 1.651212 1.599653 -0.339137 -1.006541 -0.258910 0.177051 -0.799009 -0.200576 0.004082 
4.758792 1.784400 0.758041 1.745111 1.332280 -0.530648 -1.122984 -0.325501 0.052313 -0.820275 -0.240109 0.005479 
4.665614 1.810157 0.811496 1.695461 1.229177 -0.702382 -1.428796 -0.381378 -0.008225 -0.664816 -0.257924 -0.015450 
4.153260 1.987733 0.998360 1.414842 1.050077 -0.739959 -1.284202 -0.373009 -0.235116 -0.592279 -0.225673 -0.026390 
4.251520 2.100161 0.900346 1.323930 0.814640 -0.590686 -1.149437 -0.566154 -0.253563 -0.481206 -0.248556 -0.046031 
4.457525 2.205350 0.582706 0.900402 0.863739 -0.296486 -1.237559 -0.710921 -0.094536 -0.452539 -0.249555 -0.069892 
4.585776 2.175859 0.441124 0.470235 0.839523 -0.138984 -1.139887 -0.598800 -0.139885 -0.519320 -0.271105 -0.076441 
4.599849 2.105107 0.356961 0.395891 0.729833 -0.386709 -0.899275 -0.230329 -0.184152 -0.503361 -0.347626 -0.084903 
4.697315 2.171076 0.114963 0.183347 0.738267 -0.154591 -0.895078 -0.286624 -0.198711 -0.514073 -0.359100 -0.097597 
4.991875 2.255897 -0.078103 -0.062351 0.750235 0.088163 -0.911749 -0.411813 -0.180423 -0.521678 -0.346740 -0.109683 
5.016341 2.258648 -0.024654 -0.265033 0.647688 0.388842 -0.781445 -0.617553 -0.207665 -0.394552 -0.305701 -0.111393 
5.447732 2.519249 -0.528756 -0.370757 0.840413 0.135172 -0.658538 -0.569932 -0.309079 -0.302560 -0.257401 -0.105905 
5.505172 2.264974 -0.603031 -0.486399 0.801479 0.130066 -0.556547 -0.497732 -0.305674 -0.260781 -0.204084 -0.083240 
6.017955 2.013519 -1.073889 -0.483895 0.867606 0.163167 -0.518139 -0.407012 -0.085383 -0.292036 -0.183000 -0.059048 
6.158993 1.854871 -1.276992 -0.655783 0.906027 0.099643 -0.311819 -0.468956 0.117780 -0.270843 -0.141768 -0.037980 
5.711725 1.738599 -1.239317 -0.591576 0.611915 0.437315 -0.454819 -0.123594 0.307500 -0.370448 -0.113762 -0.015789 
5.652309 1.711081 -1.274471 -0.667308 0.802079 0.456653 -0.539300 0.166862 0.336676 -0.322213 -0.105108 -0.010493 
5.673292 1.517085 -1.239329 -0.638650 0.945648 0.331488 -0.340433 0.317238 0.389859 -0.265654 -0.097305 0.006385 
6.005211 1.361074 -1.462165 -0.442527 1.067888 0.396534 -0.169600 0.259996 0.633553 -0.222418 -0.129274 0.011805 
5.534456 1.378308 -1.319362 -0.245190 1.073554 0.529722 -0.280970 0.329232 0.705330 -0.192667 -0.096866 0.004251 
5.181647 1.231551 -1.192274 -0.088159 1.247143 0.355909 -0.212141 0.563035 0.725384 -0.174150 -0.111739 0.004464 
4.425580 1.114752 -0.832115 0.191331 1.114541 0.374340 -0.151223 0.453536 0.762374 -0.060605 -0.139373 -0.024247 
4.232170 1.086310 -0.678608 0.211359 1.149734 0.497297 -0.235630 0.458865 0.868714 -0.002285 -0.207633 -0.043883 
4.795409 1.279796 -1.021285 0.129476 1.624748 0.717960 -0.337833 0.605830 1.019949 -0.093695 -0.233417 -0.060572 
4.964035 1.282024 -0.914180 0.338732 1.589008 0.753189 -0.181933 0.433387 0.948212 -0.028977 -0.238830 -0.062351 
3.859438 1.342261 0.022537 0.543225 1.126632 0.758915 0.302001 0.542415 0.527124 -0.047394 -0.218825 -0.002997 
3.328292 1.421449 0.556449 0.884609 1.006792 0.795189 0.651926 0.579049 0.319309 -0.078511 -0.170766 0.037598 
3.819716 1.798347 0.327304 0.745346 1.116223 0.606634 0.366622 0.554043 0.612741 0.075388 0.002226 0.034376 
4.488866 2.346277 0.458047 0.200828 1.002634 0.853267 0.322175 0.595818 0.673652 0.172091 0.177470 0.058543 
4.792093 2.497161 0.679302 0.450981 1.155376 1.056598 0.277271 0.581152 0.938706 0.352794 0.294241 0.075314 
5.329302 2.292947 0.713387 0.899339 1.793800 1.386506 0.144059 0.467046 1.478428 0.261727 0.271166 0.080571 
5.353776 2.154754 0.930225 1.184650 1.874943 1.561440 0.481582 0.706454 1.313853 0.189041 0.176856 0.074143 
4.702774 2.583121 1.049204 1.489195 1.665157 1.405156 0.719928 0.807717 0.995561 0.419816 0.162510 0.034228 
4.627494 2.825636 0.801748 1.291139 2.020935 1.470232 0.617756 0.719421 0.793981 0.206904 0.149110 0.031248 
4.814603 2.800689 1.307859 1.027903 1.582192 1.143726 0.960143 0.932449 0.620504 -0.138929 0.192243 0.084059 
4.879097 2.907321 1.353299 0.934791 1.760893 0.969504 0.755970 0.810504 0.711714 -0.195748 0.168143 0.072497 
4.775753 2.991154 1.203972 1.199257 1.416264 1.036911 0.953506 0.997289 0.596516 -0.137449 0.171270 0.071829 
5.080693 3.227365 1.181431 0.841258 1.748609 1.069613 0.960126 1.120228 0.696452 -0.099523 0.131670 0.055398 
5.125981 3.075372 1.375306 0.697363 1.080264 1.629452 1.088633 0.979398 0.875908 -0.141048 0.153958 0.068754 
5.183853 3.247155 1.329329 0.644432 0.539274 1.937360 1.268658 0.951978 0.755041 -0.056071 0.147023 0.075781 
5.303039 2.925854 1.310347 0.401244 0.993507 1.803824 1.317592 0.925014 0.896240 -0.174184 0.122126 0.078242 
5.463512 2.571961 1.383218 -0.143277 1.283777 1.210662 1.541175 0.565421 0.832869 -0.105282 0.075424 0.096336 
4.737326 2.800195 1.232207 0.356818 0.458149 1.002236 0.981372 0.488284 0.259661 -0.110647 0.131308 0.075384 
5.492859 3.074749 0.960258 0.325480 0.694907 0.631407 0.054903 0.150069 0.541881 -0.302741 0.075975 0.062362 
4.921098 3.064642 1.356358 0.661420 0.590618 0.054202 -0.277940 0.041625 0.284418 -0.123188 0.107334 0.058265 
4.073456 2.772802 1.525667 0.961830 0.756281 -0.084551 -0.749196 -0.465302 0.159218 0.215162 0.139340 0.067902 
3.772356 2.538085 1.473646 0.887277 0.612449 -0.215588 -0.744061 -0.466985 0.071523 0.176984 0.186699 0.083312 
3.742323 2.447511 1.403440 0.797700 0.242416 -0.311894 -0.668001 -0.375736 0.020356 0.157650 0.186200 0.090756 
3.753489 2.420041 1.388321 0.796019 0.309735 -0.482791 -0.863654 -0.402878 0.174899 0.130836 0.177118 0.092158 
3.724106 2.408731 1.232209 0.662998 0.218227 -0.554344 -0.784842 -0.211304 0.263029 0.117855 0.129120 0.083724 
3.651232 2.270273 1.106195 0.635953 0.281852 -0.419301 -0.672844 -0.220709 0.286445 0.154944 0.104267 0.075326 
3.658311 2.176506 1.004252 0.822324 0.439161 -0.446236 -0.773218 -0.128130 0.431823 0.244788 0.047535 0.057406 
