2.547491 1.986729 1.758003 1.527613 1.348864 1.155843 0.947194 0.776446 0.573639 0.393853 0.228156 0.080162 
2.552072 1.979516 1.748799 1.538662 1.360743 1.143202 0.959665 0.754037 0.592528 0.379477 0.237361 0.080184 
2.547595 1.993609 1.730039 1.549829 1.349170 1.155230 0.947666 0.775966 0.583384 0.379484 0.232799 0.080166 
2.552316 1.986697 1.748306 1.528514 1.336406 1.167814 0.960059 0.753623 0.583465 0.386862 0.227995 0.080186 
2.547710 1.993780 1.748129 1.517776 1.348085 1.167701 0.972294 0.753487 0.574024 0.401349 0.232365 0.080157 
2.547759 2.000505 1.729788 1.551067 1.347910 1.155176 0.984740 0.742985 0.592292 0.379919 0.223282 0.080160 
2.543092 2.000579 1.729958 1.539743 1.347772 1.167815 0.960408 0.754113 0.573550 0.386953 0.232424 0.080159 
2.547730 1.993113 1.730338 1.550803 1.347327 1.142910 0.960876 0.775798 0.573641 0.386785 0.237241 0.080161 
2.543082 1.992941 1.730519 1.549726 1.323575 1.155137 0.973134 0.775902 0.582991 0.393836 0.232732 0.080124 
2.510839 1.945008 1.703649 1.509175 1.422732 1.328708 0.986420 0.848269 0.604298 0.429519 0.221860 0.080117 
2.592835 2.025775 1.722248 1.533151 1.410449 1.129937 1.024388 0.834079 0.646610 0.398085 0.243782 0.079503 
2.608018 2.011040 1.798777 1.527285 1.237950 0.989270 0.904932 0.707775 0.536626 0.416760 0.212210 0.079631 
2.610842 2.034684 1.742458 1.482646 1.351195 1.314182 1.005055 0.673479 0.455716 0.256126 0.212507 0.080034 
2.699641 2.004094 1.765470 1.347166 1.419006 1.455546 1.254786 1.147769 0.815109 0.467563 0.223246 0.079011 
2.833093 2.199479 1.912646 1.445532 1.348102 1.424921 0.726323 0.414873 0.462056 0.134082 0.131610 0.073417 
3.190830 2.630259 2.089899 1.197201 0.763322 1.099908 0.919248 0.529437 0.701792 0.536961 0.192899 0.081390 
3.051730 2.214068 1.616276 1.132679 1.012879 1.178645 0.973206 0.586219 0.547534 0.224949 0.131533 0.066388 
4.052549 3.024605 1.797074 0.348835 0.485665 1.166735 1.620348 0.946420 0.185961 -0.135088 0.200940 0.062212 
3.923440 2.782532 1.218343 0.241944 0.352741 0.966411 1.313722 0.916101 0.267140 -0.042297 0.163964 0.059245 
5.655672 3.530005 1.049901 -0.623745 -0.539188 0.946877 2.305154 0.617760 0.438800 0.103582 0.112431 0.093771 
4.563235 3.115367 1.036351 -0.452767 -0.410937 0.761057 1.533298 0.940675 0.296616 0.089151 0.173236 0.067594 
4.202582 3.115480 1.281026 -0.247654 -0.404168 0.351149 1.303340 0.804264 0.329192 -0.161240 0.055448 0.004700 
4.489797 3.179671 0.956502 -0.366796 -0.054250 0.574695 1.040784 0.544589 0.192824 -0.156532 0.028036 0.018073 
4.170515 3.135425 1.270326 -0.019488 0.116624 0.445279 0.968237 0.390277 -0.072701 -0.237313 -0.082512 -0.018956 
5.762628 5.572813 0.100593 -1.122802 0.050483 0.649901 1.677335 -0.510626 0.118869 -0.582753 -0.143101 -0.020767 
4.472533 3.797901 1.444389 0.003143 -0.025001 0.193485 0.739146 -0.176528 -0.159010 -0.502909 -0.210335 -0.070198 
4.854556 3.726573 1.459390 0.361174 -0.275798 -0.089731 0.595646 -0.324954 -0.089917 -0.537801 -0.218892 -0.087462 
4.235304 3.234822 1.593604 0.412914 -0.056429 -0.599671 0.077060 -0.501153 -0.429540 -0.436954 -0.160752 -0.055526 
5.558668 3.744048 1.336216 0.554318 -1.036513 -1.339773 1.008275 -0.111075 -0.714339 -0.697899 -0.229860 -0.081146 
5.229830 3.528659 1.630997 0.072527 -0.539177 -1.410470 0.052950 0.468958 -0.889992 -0.700406 -0.252997 -0.069068 
5.775657 3.394840 1.505051 -0.081122 -0.481984 -1.860257 0.352252 0.388135 -1.111206 -0.575175 -0.281288 -0.049992 
4.313797 3.054468 1.414778 0.295464 -0.170883 -0.725309 -0.465452 -0.320800 -0.646944 -0.504268 -0.180400 -0.042554 
5.489723 3.653008 1.330776 -0.272352 0.741325 -1.418298 -0.642071 0.118194 -0.752607 -0.539292 -0.322015 -0.063843 
5.239685 3.686246 1.588882 -0.365187 0.590993 -1.449322 -0.497142 0.353566 -0.760109 -0.625342 -0.299180 -0.068012 
5.014810 3.560189 1.865105 -0.691462 1.093180 -1.385433 -0.319452 0.262628 -0.984791 -0.403949 -0.288051 -0.057695 
4.438350 3.253884 1.373136 -0.490440 0.175996 -0.443311 -0.189487 -0.172764 -0.982530 -0.439846 -0.259468 -0.047106 
4.589648 3.400650 1.348013 -0.800035 0.628052 -0.473948 0.114613 0.245508 -1.313906 -0.677623 -0.327900 -0.058827 
5.093021 3.639884 1.254427 -1.267729 1.223936 -0.914641 0.467250 0.574398 -1.465136 -0.807462 -0.482228 -0.063804 
3.767147 2.580369 0.946878 -0.296184 0.083769 -0.133373 0.269616 -0.018810 -1.102246 -0.749999 -0.283722 -0.031970 
4.615362 3.080930 0.859773 -0.528353 0.394565 -0.116141 0.450604 0.424250 -0.994691 -1.183718 -0.372063 -0.058109 
4.688938 2.781130 0.447225 -0.787483 0.675006 -0.172726 0.096853 0.267683 -0.907883 -1.154854 -0.421563 -0.065623 
5.430357 2.703643 -0.057931 -1.070155 1.763345 -0.490491 -0.678178 0.460685 -0.948004 -1.059083 -0.552355 -0.101355 
3.804381 2.122634 0.320580 -0.146817 0.338861 0.127651 0.098004 -0.215239 -0.824272 -0.956212 -0.387245 -0.043533 
5.035298 2.490465 -0.281546 -0.361156 1.845725 -0.548708 -0.313125 0.324534 -1.011768 -1.081562 -0.540243 -0.042484 
5.590432 2.552775 -0.271629 -0.630767 2.693931 -0.606370 -0.964283 0.485203 -0.939090 -0.961432 -0.637817 -0.094359 
6.194602 2.341056 -0.070018 -0.993494 3.232412 -0.498761 -1.314665 0.426363 -0.983783 -0.788145 -0.601986 -0.119005 
5.239055 2.462439 -0.258809 -0.187323 2.698972 -0.157182 -0.782612 0.280131 -0.575367 -1.027881 -0.518270 -0.068653 
5.925862 2.613841 -0.194946 -0.083521 2.899811 -0.436131 -1.023697 -0.092218 -0.382950 -0.963704 -0.564735 -0.063454 
5.282772 2.569115 0.202239 0.287548 2.363434 -0.368339 -0.340865 -0.079214 -0.578463 -1.167541 -0.391022 0.004945 
5.478199 2.761470 0.192834 0.467021 2.347434 0.064243 -0.110842 -0.539828 -0.149418 -1.261361 -0.353830 -0.016430 
5.140392 3.062536 0.514690 0.705659 2.100609 -0.194777 0.022730 -0.276056 -0.306296 -1.559802 -0.295636 -0.004039 
4.261981 2.709177 1.080093 0.848649 1.325512 0.285461 0.141091 -0.144499 -0.486029 -1.020409 -0.163269 -0.028659 
5.209092 3.065557 0.749636 1.084209 2.774189 -0.105137 -0.196573 -0.222474 -0.150372 -1.360919 -0.336539 -0.031867 
4.845474 2.847855 1.122180 1.371744 2.531306 0.160138 -0.546285 -0.038110 -0.185784 -0.999794 -0.224147 -0.046272 
5.318106 3.319274 1.165913 1.372122 2.935223 -0.314203 -0.582888 0.051170 -0.137175 -0.890377 -0.298063 -0.043061 
3.829777 2.981015 2.081220 1.189907 1.031811 0.003413 0.215678 0.023455 -0.375813 -0.502098 -0.176251 -0.056700 
5.153206 3.957511 1.115143 1.489759 3.891956 -0.162671 -0.290128 0.176115 -0.195538 -1.072152 -0.343789 -0.090200 
4.327122 3.793419 1.717259 1.652740 2.606770 0.348895 0.161102 0.009573 -0.404878 -0.972986 -0.048429 -0.053441 
3.858984 3.457388 2.068699 1.555037 1.662246 0.364302 0.311377 -0.208044 -0.584070 -0.571458 -0.026474 -0.023879 
3.986058 3.817066 1.829702 1.885169 1.979879 0.420076 0.219595 -0.337434 -0.244129 -0.768410 -0.008965 -0.042192 
4.250339 4.074640 1.883388 0.875106 2.599694 0.304928 -0.463905 -0.224803 -0.188422 -0.708270 0.051378 -0.052302 
3.751515 3.300258 2.502944 1.302455 1.882492 0.350799 -0.277634 -0.293637 -0.378199 -0.389145 -0.065204 -0.014714 
3.376153 2.843905 2.328841 1.263640 1.501440 0.752748 -0.223602 0.022152 -0.312463 -0.433599 -0.157685 -0.015361 
3.387035 3.018553 2.539170 1.520179 2.002457 0.567105 -0.042575 -0.105189 -0.506276 -0.315806 0.024660 -0.010969 
3.840775 3.405338 2.555455 1.464231 2.543605 0.677121 -0.121925 -0.258240 -0.346242 -0.278973 0.084442 -0.009857 
4.018486 3.271613 2.761647 1.765653 2.162593 1.032281 0.014745 0.027666 -0.267641 -0.332542 0.143686 -0.000555 
3.830552 3.258080 2.490909 1.883183 2.052059 1.423685 0.490890 0.267597 -0.144092 -0.178764 0.078992 -0.011423 
3.498639 2.785077 2.280313 1.955622 2.043840 1.497338 0.596829 0.440347 -0.031764 -0.006241 0.055990 -0.007726 
4.020004 2.972768 2.053231 1.772305 2.470882 1.395900 0.589208 0.453485 -0.160330 -0.119481 0.186793 0.022826 
4.267647 2.829648 1.895044 1.493896 2.939624 1.627333 0.354387 0.336370 0.134227 -0.020619 0.169993 0.011872 
3.966984 2.745497 1.581767 1.801188 2.369071 1.785731 0.897785 0.424784 0.422682 0.142999 0.030806 -0.002903 
3.484338 2.519422 1.813288 1.615356 1.784815 1.401899 0.765031 0.421792 0.342836 0.018276 0.095770 0.002173 
4.573551 2.762828 0.881541 1.301576 2.884288 1.779231 1.181450 0.359376 0.502541 -0.343205 0.122530 0.033403 
4.279027 2.838730 0.921991 1.063898 2.487558 1.853137 1.629916 0.658260 0.343331 -0.328349 0.081485 0.038915 
4.641416 2.816964 0.715499 0.561287 2.207981 2.109901 1.469551 1.112233 0.293665 -0.358775 -0.057699 0.012009 
3.665684 2.369912 1.061669 0.975476 1.621717 1.986233 1.664347 1.386934 0.385202 -0.279772 -0.158683 0.005260 
3.744064 2.375201 1.195641 1.017922 1.800228 2.009923 1.758465 1.352370 0.410848 -0.147408 -0.262098 -0.008812 
3.641527 2.596029 1.230842 0.924888 1.566305 2.042861 2.241623 1.531933 0.882467 -0.191192 -0.174353 -0.008385 
4.186222 3.089615 1.748855 1.359211 1.801041 2.239977 1.933641 1.755959 1.604296 -0.121325 -0.185110 -0.053915 
3.763143 3.050056 2.149879 1.476137 1.959759 2.193809 2.241230 1.802052 1.345975 0.004554 -0.243022 -0.026706 
3.171308 2.615551 2.168817 1.563985 1.493351 1.810244 1.870003 1.427517 0.845140 0.079517 -0.172040 0.012491 
3.484740 2.688154 2.174694 1.623233 1.581504 2.121399 2.351656 1.701797 0.880882 0.234533 -0.289714 -0.001241 
3.423346 2.590494 1.942598 1.378955 1.538067 2.161452 2.293450 1.674874 0.832070 0.127695 -0.227260 0.011788 
3.503001 2.515347 1.937263 0.990848 1.115101 1.683681 2.536147 1.834612 0.802971 0.114592 -0.123301 0.002505 
3.154429 2.355271 1.759193 1.358564 1.562899 1.951760 2.188809 1.732975 0.942753 0.023502 -0.225311 0.026635 
