1.706657 3.153251 1.217539 0.455854 2.548896 -0.443363 2.725223 0.563445 0.916037 1.007804 -0.003832 0.186697 
1.520717 2.904411 1.285492 0.871666 1.921977 0.166374 2.563727 0.511020 0.827168 0.762653 -0.068675 0.159494 
1.300650 3.002500 0.812633 0.803986 1.809588 0.029639 2.271516 0.761667 0.924314 0.492077 0.035921 0.122405 
1.152857 3.534474 -0.098133 0.769593 1.953150 -0.627211 2.394478 0.868982 0.888346 0.523994 0.059451 0.126565 
0.810291 3.181572 -0.222189 0.443074 1.262754 -1.396430 1.956129 0.692154 0.973348 0.529645 0.193874 0.137921 
1.090408 3.136887 -0.199905 0.851863 1.802623 -1.080798 1.897632 0.785214 1.168920 0.590099 0.075680 0.128558 
1.208439 2.806442 -0.324673 0.774335 1.848195 -1.058976 1.937458 0.636439 1.244392 0.498676 0.040739 0.134176 
1.661929 2.789318 -0.313352 1.169520 1.385217 -0.712513 1.711927 0.703398 1.019175 0.388151 -0.029931 0.137118 
2.002460 2.432307 0.701377 1.037251 1.480282 -0.345739 1.866269 0.280922 0.701407 0.278297 -0.044733 0.129972 
2.757808 2.788376 1.665705 0.894588 2.153217 0.185492 1.792275 0.545513 0.437423 -0.074462 -0.142475 0.069433 
3.282674 3.981384 1.882600 1.322363 1.501639 0.060647 1.144407 0.309677 0.576845 -0.362261 -0.237859 -0.040234 
4.101450 4.261083 2.257195 1.326558 1.370385 -0.636717 0.989944 -0.011428 0.420387 -0.473032 -0.056681 -0.026532 
4.351841 3.864001 2.130908 1.785344 0.853065 -0.180877 0.208189 -0.028156 0.178491 -0.515507 -0.014407 -0.018119 
4.859973 3.870302 1.949605 1.443782 1.101584 -0.605566 -0.130677 -0.448868 0.020308 -0.511579 -0.048545 -0.008105 
5.166219 3.953828 1.309207 1.877614 0.682055 -1.140936 -0.506948 -0.769289 0.075049 -0.643819 -0.066577 -0.028355 
4.990165 3.321334 1.347184 1.138995 0.472674 -1.215006 -1.067179 -0.567274 -0.038228 -0.721985 -0.129237 -0.025982 
4.700692 2.984470 1.186514 0.829842 0.393741 -1.597827 -0.947887 -0.394171 -0.076415 -0.677451 -0.155864 -0.024992 
4.722709 2.745193 1.106330 1.010950 0.145728 -1.783535 -1.103170 -0.311614 -0.000966 -0.660030 -0.173258 -0.018441 
4.638241 2.636404 0.822134 1.094677 0.034514 -1.967701 -1.282844 -0.393674 0.117211 -0.698423 -0.198254 -0.028725 
5.048242 2.610405 0.462771 0.739112 0.528087 -2.408684 -1.469407 -0.353983 0.038779 -0.806404 -0.298224 -0.022715 
5.077226 2.425285 0.400284 0.651082 0.211365 -2.397575 -1.583255 -0.386292 -0.059125 -0.912969 -0.287500 -0.017335 
4.876884 2.402835 0.181448 0.393284 -0.195984 -2.249495 -1.477944 -0.356735 -0.179395 -1.059381 -0.243552 -0.025420 
4.595199 2.300116 0.247250 0.010170 -0.335666 -1.769392 -1.291702 -0.302422 -0.512638 -0.993504 -0.167271 -0.032329 
4.638660 2.263306 0.388462 0.063310 -0.432261 -1.246107 -1.356077 -0.149312 -0.491602 -1.043441 -0.177001 -0.033029 
4.953307 2.468799 0.155342 -0.194036 0.448932 -1.797309 -1.133991 0.110967 -0.427303 -0.928142 -0.334042 -0.050851 
4.942934 2.617614 0.435510 -0.192152 0.397457 -1.702206 -0.671152 0.247245 -0.514976 -0.786017 -0.295179 -0.041209 
5.119145 2.620650 0.217524 -0.390505 1.286031 -1.914010 -0.777706 0.147216 -0.264500 -0.654604 -0.368583 -0.041341 
4.608770 2.559348 0.362702 -0.112709 0.624041 -1.701903 -0.514927 0.086071 -0.341739 -0.543813 -0.240829 -0.039762 
4.866066 2.704971 -0.073631 -0.507250 1.068154 -1.729998 -0.703890 0.088686 -0.128960 -0.513340 -0.270883 -0.053239 
4.802089 2.383475 -0.116530 -0.461344 0.982323 -1.657428 -0.555461 0.028147 0.018996 -0.573222 -0.268065 -0.055552 
5.150071 2.596080 -0.640220 -0.777828 1.454081 -1.974374 -0.476759 -0.139631 0.232026 -0.517229 -0.374192 -0.068906 
4.955169 2.453977 -0.361922 -0.719597 1.101401 -1.653766 -0.696418 -0.055351 0.340128 -0.528605 -0.272451 -0.089443 
4.961199 2.502505 -0.398839 -0.693478 1.060585 -2.024097 -0.816904 0.354252 0.402667 -0.525953 -0.309482 -0.087210 
4.743405 2.391533 0.244566 -0.190708 0.518431 -1.862419 -1.019245 0.621918 0.574238 -0.402983 -0.216628 -0.090711 
4.905074 2.342676 0.561544 -0.034279 0.684259 -2.232226 -0.808696 1.002536 0.775969 -0.363729 -0.258602 -0.063736 
4.586857 2.252639 0.268136 0.575443 0.189724 -1.697936 -0.863809 1.116093 0.722366 -0.389737 -0.216729 -0.065351 
5.204810 2.315661 0.370342 -0.201365 0.820224 -2.309414 -0.673557 1.203516 0.761162 -0.513904 -0.357143 -0.059254 
5.012419 2.336115 0.427750 -0.193155 0.785324 -1.865277 -0.870850 1.081727 0.808738 -0.580667 -0.294621 -0.076410 
4.207365 2.324710 0.723060 0.494191 0.127168 -1.144631 -0.693173 0.868617 0.828681 -0.276267 -0.288694 -0.120354 
4.558510 2.598904 0.618698 -0.158157 0.592597 -1.159332 -0.504190 0.919479 0.685718 -0.354605 -0.197988 -0.113959 
5.780495 2.181334 1.378709 -0.485764 1.525006 -2.336249 -0.445385 1.359724 0.749221 -0.082535 -0.442846 -0.075985 
5.208452 2.554710 0.967511 -0.027663 0.990917 -1.620430 -0.567714 1.266550 1.006444 -0.221419 -0.305095 -0.102979 
4.180778 2.448809 0.976201 0.291627 0.306210 -0.963015 -0.366902 0.997697 0.829124 -0.116111 -0.233635 -0.111556 
5.331808 2.434243 1.044774 -0.594416 0.987549 -1.550585 -0.955410 1.362439 1.246228 -0.361416 -0.266879 -0.108835 
4.854568 2.455584 0.757708 -0.179145 0.495670 -1.234109 -0.945219 1.387213 0.951428 -0.262760 -0.216800 -0.126089 
5.069254 2.363839 0.520341 -0.807288 0.683808 -0.847599 -1.287651 1.174236 1.245313 -0.436266 -0.168689 -0.146818 
5.176332 2.197304 0.822314 -1.214493 0.691604 -1.060991 -1.135451 1.263901 1.272223 -0.563223 -0.159698 -0.117602 
5.344148 2.279980 0.704644 -1.375546 0.837869 -0.973297 -1.151600 1.411225 1.255660 -0.582375 -0.161410 -0.121211 
4.648930 2.321838 0.619246 -0.886783 0.516367 -0.440247 -0.645889 1.212629 0.849749 -0.570937 -0.053412 -0.106649 
4.972170 2.171921 0.555001 -1.037832 0.262633 -0.147648 -0.754171 1.151948 0.991463 -0.830636 -0.094838 -0.084155 
4.834528 2.312304 0.574837 -1.101704 0.251455 0.224119 -0.529456 1.142458 0.585139 -0.777188 -0.064588 -0.089542 
4.476211 2.275324 0.498849 -0.962724 0.418088 0.612444 -0.002290 0.631307 0.437303 -0.695471 -0.056292 -0.081049 
4.556709 2.274395 0.443030 -0.948835 0.596816 0.634944 0.281210 0.666380 0.312805 -0.583430 -0.091387 -0.078656 
4.653318 2.129486 0.311654 -0.613749 0.826606 0.716902 0.157944 0.754107 0.310413 -0.503002 -0.127167 -0.081249 
4.557848 2.337677 0.059128 -0.816406 1.188112 0.539647 0.319991 0.790596 0.145615 -0.248285 -0.130084 -0.089935 
4.295852 2.146467 0.151169 -0.446837 0.748234 0.699251 0.491776 0.916727 0.215072 -0.249190 -0.014576 -0.044797 
4.402554 2.045421 0.123226 -0.326607 0.551160 0.684052 0.701295 0.787897 0.496671 -0.249094 0.030220 -0.032385 
4.779314 2.171804 -0.181567 -0.966644 1.486550 0.193494 0.501960 1.036710 0.518709 -0.023353 -0.019474 -0.056988 
4.757963 2.194375 -0.405930 -0.678858 1.593729 -0.056873 0.878399 0.939060 0.512535 0.103304 -0.068634 -0.048999 
4.807413 1.828185 -0.399256 -0.605133 1.211124 0.056023 0.840702 0.975199 0.697497 0.059881 0.017271 -0.037700 
4.695044 1.741572 -0.654351 -0.556685 1.547687 0.053794 0.580856 1.216802 0.728520 0.145461 0.095535 -0.018205 
4.986400 1.490709 -0.902854 -0.498430 1.641601 0.200071 0.605434 1.204589 1.054921 -0.038032 0.147611 0.035696 
4.399663 1.484360 -0.620962 -0.408788 1.565939 0.142600 0.437711 1.570389 0.479755 -0.046476 0.202579 0.028286 
4.448695 1.261958 -0.553941 -0.389366 1.755959 0.386338 0.780979 1.360061 0.586825 -0.235574 0.236802 0.058825 
4.975213 1.317512 -0.897711 -0.545537 2.544010 0.101830 1.132575 1.398268 0.920823 -0.073332 0.153650 0.119839 
4.296586 1.502421 -0.947074 0.143738 2.112940 0.548446 1.245710 1.592499 0.721394 -0.103081 0.288232 0.101400 
4.257351 1.308159 -0.678980 0.193437 2.036915 0.721776 1.193566 1.309966 1.019855 -0.233586 0.339492 0.103367 
4.373825 1.472714 -1.001678 0.262819 2.722396 0.375362 1.262716 1.669077 1.082393 0.040970 0.253913 0.108848 
4.522264 1.658062 -1.033525 -0.185493 3.570121 -0.383847 1.394827 1.833838 1.132177 0.240179 0.179882 0.157812 
3.913370 1.620975 -0.320817 0.455854 2.194434 0.359591 1.248688 1.483674 0.800591 -0.023078 0.323501 0.082961 
4.237323 1.477051 -0.141561 0.010465 3.118896 -0.434045 1.470376 1.472213 0.837959 0.065434 0.328248 0.185287 
4.572033 1.083532 0.076142 -0.536088 3.611067 -0.720835 1.420786 1.425759 1.013974 0.042113 0.120683 0.215475 
4.533011 1.140044 -0.227217 -0.357601 3.088975 -0.639228 1.134498 1.271588 1.025437 -0.499811 0.109314 0.187643 
3.999194 0.998215 0.125917 0.410050 2.066602 0.063097 1.306772 1.017916 0.684912 -0.505723 0.123375 0.076824 
3.913651 1.034570 0.174242 0.475253 2.448227 -0.189699 1.362407 1.345704 1.359152 -0.417093 0.160589 0.081427 
3.724553 0.657424 1.450887 -0.097802 2.767670 -0.296985 1.939271 0.996902 0.964180 -0.043554 -0.092451 0.118969 
3.065093 1.284684 1.421782 0.539811 1.853304 0.586529 1.831024 0.805439 0.921359 0.078040 0.099502 0.077498 
2.784065 1.633372 1.905969 0.375685 1.607872 0.888806 1.627461 0.641249 0.493802 0.263757 0.052556 0.074504 
2.741579 1.225087 2.262395 0.860579 1.448273 1.272081 2.391530 0.146118 0.258718 0.476079 -0.154094 0.076193 
2.657300 1.028973 3.743552 0.362524 1.641549 1.402917 2.334596 -0.230359 0.634990 0.499081 0.064832 0.147028 
2.468664 1.446459 2.757514 1.103788 1.342213 1.550376 1.339909 0.452795 0.616226 0.183764 0.170477 0.089162 
1.958716 1.554923 3.280728 0.003275 1.233418 2.191221 0.949507 0.666786 1.155361 -0.074463 0.451139 0.105721 
2.047749 0.957908 3.794357 -0.266209 1.589530 2.184255 1.086954 0.271891 1.065365 -0.097373 0.438111 0.153064 
1.642562 0.550271 4.035125 -1.013006 1.816425 2.692480 1.276923 0.213529 1.271914 0.183230 0.396509 0.163397 
1.767293 0.629504 3.835779 0.191945 1.327359 2.106480 1.103227 0.235143 1.087831 0.014854 0.369511 0.137563 
