2.934700 1.898043 1.744779 -0.272176 1.704850 0.688093 0.884562 0.913406 0.792990 0.554800 -0.182483 0.041565 
2.696146 1.772438 2.230932 -0.164855 1.423326 0.734009 0.750985 0.516502 0.507093 0.340927 -0.056912 0.085014 
2.788569 2.143937 2.416281 -0.360820 1.426703 0.664055 0.343339 0.329208 0.938823 0.142325 -0.192102 0.095941 
2.678717 2.009932 2.681414 0.601532 1.423519 1.026479 0.684011 0.283465 0.641624 0.201304 0.069821 0.088367 
2.691400 2.045058 2.440727 0.653171 1.421950 1.381955 1.068189 0.484888 0.857294 0.123228 0.049624 0.083667 
2.593438 1.733330 2.170589 0.438565 1.186572 0.978227 0.875707 0.258150 0.701711 0.282641 0.112206 0.088732 
2.495580 1.579576 2.037330 0.180093 1.339461 1.274930 0.957079 -0.080298 0.980120 0.606746 -0.008058 0.097390 
2.370877 1.547472 1.945252 0.175089 1.396210 1.597029 1.149002 0.126743 1.092959 0.686392 0.139503 0.080685 
2.770757 1.136027 0.314732 0.241183 2.826215 3.156380 0.741371 -1.139305 0.143760 0.701423 0.386869 0.129572 
2.673789 1.290807 -0.109909 0.678637 2.685590 2.798434 0.708351 -1.695938 0.421591 0.412481 0.408764 0.099906 
2.054676 1.478231 -0.799565 1.448152 2.035709 3.103258 0.198818 -1.657067 0.544628 0.352671 0.542774 0.068936 
1.439394 1.780416 -1.488204 0.949818 2.465598 3.558047 -0.014424 -1.477671 1.033225 0.212885 0.581997 0.044575 
1.211460 1.540109 -2.108237 -0.510361 2.162586 3.114675 1.352869 -0.536885 1.090798 0.447372 0.235032 0.028961 
1.292540 1.693502 -3.074837 -1.275278 2.600778 2.960962 2.278614 -0.602920 1.105631 0.105104 0.033446 0.074783 
2.082829 1.946017 -1.986450 -0.731520 2.986003 2.634060 2.387537 -0.518385 0.994240 -0.005072 -0.011407 -0.025907 
2.819734 2.921354 -2.278401 -1.211403 3.786616 1.688438 2.584978 -0.211809 1.006034 0.106530 0.052808 -0.081234 
2.991404 3.146441 -2.086052 -1.450915 4.492564 1.793253 2.527634 0.065095 1.046497 0.154909 0.128566 -0.134645 
3.436175 3.733457 -2.159024 -1.517485 4.117964 0.984104 1.634229 0.185441 1.187588 0.474661 0.423914 -0.203655 
3.161877 3.294006 -1.327269 -1.173684 3.301983 0.621783 1.583572 0.085713 1.347244 0.584692 0.435898 -0.102811 
3.351252 3.248399 -0.239930 -1.118944 2.272144 0.194282 0.696817 -0.333720 1.265132 0.689424 0.574518 0.004250 
3.378719 3.708773 0.014209 -1.580845 2.172219 0.113748 0.292559 -0.391814 1.369289 0.644841 0.715267 0.027000 
3.735848 3.495869 1.324408 -2.192827 0.800135 -0.350597 0.891929 0.125357 1.049128 0.207145 0.501807 0.096216 
4.368244 3.710540 1.219488 -2.561315 0.985076 -0.135843 0.012019 -0.115266 0.860703 -0.015992 0.503219 0.089900 
4.734014 3.436516 1.413715 -1.811318 1.037307 -0.948658 -0.079410 -0.459648 0.399500 0.082290 0.193812 0.073099 
4.087802 3.353104 1.185852 -0.324089 0.140474 -0.460185 -0.692113 -0.690199 -0.444965 0.003149 0.194506 0.046719 
4.303179 3.405628 1.354526 -0.139319 0.284722 -0.709164 -1.084064 -1.237620 -0.259733 -0.275621 0.095703 0.004874 
4.921214 4.302891 1.660579 -0.893452 0.811518 -0.792378 -0.951690 -1.516074 -0.371168 -0.524612 -0.017477 -0.012777 
4.474770 3.524836 1.767838 0.027154 -0.036834 -0.761170 -0.555468 -1.145076 -0.955652 -0.613070 -0.134068 -0.046655 
3.906400 3.227654 1.736426 0.650905 -0.174224 -0.254159 -0.725279 -1.131624 -0.914648 -0.783961 -0.121666 -0.085442 
3.800310 3.160780 1.754211 0.655950 -0.026785 -0.290062 -0.440508 -0.703118 -0.966763 -0.765178 -0.174295 -0.099548 
4.278282 3.555816 2.052829 0.565275 0.113859 -0.192278 -0.382352 -1.133403 -1.298493 -1.001789 -0.199965 -0.091951 
4.137153 3.271883 2.347777 1.123198 0.487715 -0.264749 -0.770171 -1.225069 -0.835867 -0.745963 -0.223405 -0.095448 
3.832365 2.855200 2.007288 1.103111 0.808041 0.133165 -0.762973 -1.368850 -1.023080 -0.591884 -0.197922 -0.091232 
3.553349 2.760718 1.838715 0.998998 0.564681 -0.186802 -0.692780 -1.020110 -0.906052 -0.541290 -0.274811 -0.097823 
3.934852 3.031672 1.732202 1.216000 1.287860 0.360158 -0.690852 -1.576942 -1.247710 -0.659266 -0.198102 -0.092675 
4.153623 2.850766 1.569771 0.913084 1.306484 0.325267 -0.788009 -1.472144 -1.096822 -0.748234 -0.225004 -0.091012 
3.976578 2.564967 1.466970 1.224068 1.669894 0.728609 -0.938694 -1.461181 -1.082641 -0.667356 -0.180926 -0.094647 
4.198653 2.707994 1.332989 1.035232 1.896461 0.149185 -1.097135 -1.505896 -1.139310 -0.532259 -0.195497 -0.096945 
3.423417 2.327360 1.351276 1.296887 1.249861 -0.181565 -1.308318 -1.485611 -0.831257 -0.312132 -0.275028 -0.120592 
4.178317 2.759514 1.303004 1.274322 2.518088 0.414235 -1.533278 -1.551411 -1.073804 -0.246574 -0.175858 -0.128378 
4.580424 2.779069 1.439747 1.043683 3.290831 -0.165330 -2.179004 -1.701775 -1.270807 -0.242663 -0.199500 -0.177185 
4.737249 2.670614 1.295312 0.858184 3.498227 -0.491637 -2.373686 -1.590454 -1.142991 -0.090144 -0.247600 -0.198694 
3.405851 2.232533 1.373880 1.216649 1.310750 -0.497127 -1.638486 -1.535635 -0.835633 -0.235163 -0.305633 -0.136151 
4.017290 2.336876 1.534620 1.295710 2.207356 -0.507483 -2.569924 -1.666978 -1.028269 -0.132795 -0.254562 -0.179600 
4.379650 2.573852 1.318864 0.614834 3.158096 -0.584840 -2.664586 -1.536132 -0.974240 -0.124701 -0.173089 -0.189522 
4.259362 2.724666 1.471535 0.987008 3.016057 -0.637171 -2.735469 -1.650059 -0.927009 -0.068153 -0.244662 -0.200998 
5.166182 2.527081 1.047842 0.175117 5.385367 -0.876934 -2.994125 -1.833047 -1.117390 -0.265360 -0.292859 -0.244960 
3.884347 2.183480 1.248405 1.305543 2.349610 -0.361139 -2.287360 -1.557694 -0.629349 -0.216388 -0.208874 -0.165068 
4.446373 2.181311 0.949433 0.855998 2.865896 -0.348619 -2.470905 -1.489729 -0.758127 -0.163559 -0.183838 -0.175446 
4.446592 2.352878 0.520234 1.103796 3.453990 -0.891831 -2.740374 -1.584787 -0.995859 -0.246596 -0.181894 -0.170229 
4.690345 2.124197 0.754361 0.831506 3.656909 -0.729840 -2.793510 -1.439529 -0.783381 -0.232474 -0.182946 -0.181427 
4.510875 2.163144 0.425351 0.611840 2.941309 -0.508274 -2.788871 -1.529447 -0.474812 -0.374058 -0.085356 -0.161373 
4.787634 2.112000 0.515243 0.892129 2.996074 -0.596786 -3.001455 -1.677554 -0.489017 -0.339668 -0.063514 -0.141876 
4.433774 2.079004 0.836497 0.716046 2.583424 -0.635517 -2.981144 -1.329328 -0.557642 -0.057715 0.039667 -0.127348 
4.684389 2.327707 0.774595 0.599000 2.936040 -1.038595 -2.630867 -1.367504 -0.550940 0.059496 -0.011948 -0.104690 
5.217563 2.383533 0.602097 -0.046871 3.453923 -0.642862 -2.856335 -1.038598 -0.732243 0.125984 0.078334 -0.117467 
5.184119 2.338092 0.148895 -0.278170 3.349238 -0.597684 -2.665481 -1.070098 -0.680591 -0.003296 0.106768 -0.086476 
4.701741 2.237823 0.194871 0.111076 1.813089 -0.095031 -1.631478 -1.223708 -0.589176 -0.335525 0.235624 0.027318 
5.233067 1.880272 -0.027877 -0.262814 2.638418 -0.764968 -1.338030 -0.928659 -0.691183 -0.332751 0.097656 0.073564 
5.519476 1.870896 -0.329662 -0.007937 2.662925 -1.107689 -0.712154 -0.770419 -0.672299 -0.234042 0.009034 0.121364 
5.492907 1.829967 0.125497 -0.581433 2.689024 -1.200677 -0.213295 -0.461817 -0.922296 -0.330171 -0.003829 0.170588 
4.548970 2.103347 0.175549 0.074237 0.971876 -0.135098 0.064464 -0.375600 -0.748205 -0.324299 0.252850 0.116210 
4.482738 2.246906 0.664027 -0.366910 0.927171 0.307521 0.092908 -0.065285 -0.332326 -0.314859 0.287473 0.103084 
5.144791 2.183447 0.975240 -0.430180 2.156049 -0.526887 0.761022 -0.396592 -0.060936 0.327736 0.345521 0.208681 
4.509544 2.377783 1.144673 0.110299 1.535694 -0.084991 0.655967 -0.257362 -0.160211 0.244928 0.467933 0.160222 
4.602835 2.187582 1.141087 0.021553 1.879273 0.065632 0.958295 -0.381366 0.287379 0.397741 0.538427 0.190719 
4.036175 2.333951 1.171246 0.484113 1.289424 0.399003 0.787884 -0.040777 0.067428 0.313354 0.609953 0.137351 
4.766016 1.854230 1.242886 0.217362 2.257702 -0.102417 0.827706 -0.197241 0.382838 0.051695 0.515582 0.238794 
4.085928 2.324977 0.904547 0.821154 1.569512 0.343858 0.512734 -0.250334 0.218925 -0.033642 0.674034 0.154258 
4.497135 1.767921 1.190554 0.920946 2.016883 0.667866 0.119871 0.342082 0.440070 -0.009488 0.615021 0.178763 
3.767140 1.937544 1.337627 1.049072 1.715743 0.898086 0.283461 0.259007 0.078195 0.465004 0.523876 0.084981 
3.680482 2.097334 1.238720 1.281105 1.940954 1.502983 0.498214 0.210351 0.173977 0.404022 0.450823 0.066518 
3.946307 1.901210 1.545859 1.455199 2.148642 1.491946 0.730493 0.064540 -0.010879 0.649749 0.458561 0.070385 
4.170320 2.118466 1.410573 1.092339 2.046937 1.578004 0.793590 -0.290102 0.350546 0.289723 0.373338 0.082341 
3.715409 2.644748 1.711513 1.020145 1.767660 1.249087 1.043829 -0.385873 0.279511 0.176709 0.343031 0.080356 
3.517620 2.553808 1.689252 1.663214 1.296473 1.143166 0.545465 -0.886136 0.494796 0.482209 0.400116 0.063347 
3.668884 2.704571 1.634064 1.123141 1.608952 0.790891 0.670276 -0.710195 0.452342 0.392521 0.562510 0.114394 
3.719318 3.064265 1.877244 0.647593 1.673872 1.323064 0.935076 -0.866524 0.807669 0.356976 0.582459 0.144941 
3.778137 2.199905 2.140903 0.829244 2.337940 1.066518 0.738144 -0.120524 0.776857 0.194031 0.531228 0.114905 
3.934995 1.887020 2.548505 0.613559 2.416692 1.169602 0.240707 0.367635 0.117881 0.168608 0.758459 0.133161 
3.337942 2.031951 2.191984 1.265378 2.145667 1.118607 0.274256 0.879162 0.272267 0.212168 0.592990 0.051291 
3.669756 2.067535 2.137275 0.843039 1.874139 1.177813 0.099925 0.717722 -0.024016 -0.032931 0.706432 0.089637 
3.419334 1.918872 2.047192 1.366404 1.354880 1.113327 0.217563 0.332152 0.268283 0.149209 0.570809 0.072407 
3.615165 1.979396 1.860412 1.008639 2.010989 0.758396 0.620074 0.016706 0.506350 0.531211 0.548060 0.083168 
3.578361 1.915448 2.448948 1.130895 2.179837 0.603320 0.319034 0.011788 0.298146 0.191520 0.741191 0.111820 
