2.615681 1.941244 1.674650 1.382088 1.470185 1.211886 1.125570 0.979395 0.558041 0.406195 0.188217 0.079196 
2.651880 2.098889 1.823931 1.515811 1.736563 1.316966 1.034545 1.001433 0.630289 0.430952 0.271093 0.080031 
2.631403 2.112633 1.941827 1.526720 1.475722 1.301320 1.038659 0.914224 0.579048 0.478700 0.236994 0.079203 
2.628069 2.033889 1.739587 1.607508 1.538224 1.398144 1.002901 0.819136 0.628168 0.296487 0.191342 0.079430 
2.707228 2.085299 1.904599 1.669554 1.504700 1.537553 1.297061 0.949298 0.549421 0.419984 0.228528 0.082067 
2.602334 1.911572 1.736471 1.543593 1.420741 1.117399 1.049099 0.777345 0.536164 0.321710 0.278300 0.080927 
2.556153 1.938204 1.743625 1.342620 1.208756 1.252777 1.113587 0.838277 0.426133 0.295942 0.217693 0.079090 
2.577558 1.886441 1.722010 1.502563 1.209728 1.064474 0.885390 0.768764 0.499731 0.347598 0.249186 0.080717 
2.565666 2.051475 1.842918 1.375475 1.283110 1.055493 0.882924 0.820930 0.442426 0.411174 0.273817 0.079403 
2.600435 2.046498 1.797169 1.447837 1.337888 1.259413 1.069185 0.793340 0.542504 0.273233 0.189225 0.079352 
2.515155 1.984783 1.801773 1.592899 1.405630 1.207806 1.010471 0.784569 0.549892 0.375256 0.197234 0.079360 
2.621748 2.054667 1.772560 1.558108 1.404040 1.343638 0.985357 0.671648 0.384708 0.206297 0.159686 0.078620 
2.683339 2.006619 1.650291 1.503517 1.372364 1.122499 1.139374 0.872616 0.450548 0.267662 0.207941 0.079812 
2.677104 1.923750 1.570303 1.524233 1.631990 1.462265 1.249628 0.706833 0.260525 0.168234 0.173656 0.083691 
2.619235 1.862224 1.358080 1.597107 1.337633 1.348096 1.180493 0.425874 0.378747 0.217262 0.222419 0.083007 
2.594104 2.073042 1.175894 1.097872 2.029202 1.604346 1.828481 0.496542 0.307105 0.016086 0.257934 0.100272 
2.177537 2.252942 0.049252 1.459360 2.155926 1.794139 2.707188 -0.261335 0.055988 -0.220685 0.040448 0.158081 
2.004475 2.207856 -0.154013 1.633795 1.971359 1.435932 2.756061 0.147117 0.166753 -0.451419 0.086904 0.144909 
1.696693 2.525942 0.304920 0.853145 2.009292 1.839866 2.918272 0.418047 0.211405 -0.840097 0.080909 0.127379 
1.632182 2.591630 -0.382450 0.213987 2.299133 1.749140 2.914554 0.347162 0.543275 -0.763981 0.165071 0.110227 
1.894356 2.153121 -0.950644 -0.280932 2.157101 2.439204 3.012296 0.724947 1.005175 -0.283449 0.285988 0.035385 
2.347077 2.145556 -1.150613 -0.897245 2.079545 1.904653 2.380776 0.449854 1.256816 -0.222715 0.225412 0.025925 
2.647639 1.956205 -0.467239 -0.592109 2.604348 1.759382 2.671266 0.711428 1.474568 0.060885 0.262349 0.029630 
3.175040 2.182525 -0.418330 -0.688990 2.342332 1.652385 2.277699 0.810359 1.044145 0.606169 0.132228 0.047177 
3.677178 2.494097 -0.966242 -0.407122 2.969323 0.974734 2.178845 0.529408 1.539850 0.743212 0.256806 0.025328 
3.860249 2.864829 -0.495140 -0.571244 3.216791 -0.405032 1.313061 0.392670 1.491357 1.205810 0.355488 0.089024 
3.555335 2.465856 0.735085 0.703113 1.665409 -0.222900 0.620199 0.250669 1.172672 1.352620 0.256543 0.076191 
3.758873 2.854894 0.557425 0.694596 1.889029 -0.360292 0.760600 0.166565 1.263207 1.237858 0.323037 0.091552 
4.452575 3.538146 0.138499 0.561046 2.754842 -1.124990 0.152663 0.145724 0.997029 1.374053 0.288228 0.130727 
4.680455 3.270007 0.759333 1.303257 1.541825 -1.107764 -0.117744 -0.013555 1.007607 0.797869 0.378849 0.126532 
3.329528 2.525357 1.114875 0.681868 0.207141 -0.159046 0.080798 0.180703 0.502170 0.535064 0.408469 0.103161 
4.625140 3.555368 0.824280 0.625235 1.313811 -1.498588 -0.154005 0.224955 0.038675 0.965964 0.281531 0.192465 
4.390050 3.769729 1.686570 0.101875 0.921688 -1.930860 0.272910 0.071502 0.087460 0.479351 0.257865 0.176564 
4.300798 3.473620 1.546920 0.042337 0.736914 -0.984461 -0.031439 -0.549916 0.013662 0.530970 0.211878 0.140918 
3.294881 2.745337 1.581855 0.863833 0.367519 -0.544415 -0.272970 -0.528535 0.170383 0.328126 0.136959 0.086579 
5.421782 4.416397 0.699864 -0.172383 2.752959 -1.420532 -0.337704 -1.046966 -0.110543 0.396373 -0.004924 0.078629 
5.070121 3.506244 1.222872 0.581032 1.635492 -0.516959 -0.479068 -0.970838 -0.298601 0.177773 0.030891 0.043242 
4.581895 3.232461 1.487351 0.850798 1.244807 0.009297 -0.654488 -0.882899 -0.238141 0.008733 -0.009587 0.020024 
4.299312 2.874319 1.543460 0.858646 0.707865 0.134082 -0.610122 -0.463816 -0.398976 -0.066484 -0.011579 0.029976 
6.137205 3.396407 0.619216 0.579395 2.209495 0.266228 -1.268482 -0.989625 -0.217959 0.008397 0.048731 -0.012204 
5.166691 3.333335 1.292211 0.753471 1.764766 0.250315 -0.848626 -1.173020 -0.385114 0.010210 0.048792 0.015993 
5.025829 3.406644 1.362026 0.982160 1.823971 0.145352 -0.839895 -1.180563 -0.384331 0.035744 0.009558 0.003908 
4.875201 3.351712 1.479181 1.128845 2.050727 0.304158 -0.984071 -1.214232 -0.430769 0.206674 0.028839 -0.003359 
5.625531 3.378922 1.191059 0.453200 2.832933 0.255245 -1.123921 -1.245513 -0.255726 0.224831 0.045060 -0.042002 
4.537758 3.159205 1.364823 1.399698 1.971395 0.575192 -0.641693 -1.249659 -0.261367 0.252466 -0.098285 -0.035332 
4.091881 2.887073 1.531205 1.270021 1.710162 0.844724 -0.326881 -0.792358 -0.128432 0.049012 -0.204625 -0.032866 
4.280300 3.059827 1.628589 1.314017 1.879809 0.854995 -0.172804 -0.774967 -0.226242 0.108420 -0.142746 -0.023498 
3.427382 2.563268 2.073666 1.526710 1.188499 0.600498 -0.141473 -0.089749 -0.085349 -0.093490 -0.171591 0.003981 
4.637931 3.205358 1.539092 1.070889 2.431445 0.548191 -0.566233 -0.124713 -0.076079 0.154348 -0.140802 -0.053647 
3.670911 2.779862 1.886317 1.476217 1.520661 0.376373 -0.158144 -0.251208 0.287454 0.111367 -0.188509 -0.001829 
3.810047 2.831005 1.835053 1.506641 1.985415 0.765440 -0.380280 -0.450165 0.054313 0.117025 -0.055667 0.001133 
3.332813 2.362506 1.772196 1.788696 1.489787 0.522558 -0.342847 -0.333444 0.184597 0.177272 -0.027132 0.026509 
3.866408 2.660653 1.859749 2.136569 2.556776 0.619269 -0.816996 -0.667455 0.185846 0.312634 -0.072438 -0.032981 
4.429860 2.665646 1.513401 1.806551 2.633067 0.886454 -0.749294 -0.784800 0.335111 0.317705 -0.062812 -0.058756 
4.148240 2.676836 1.578881 1.964661 2.451844 0.799639 -0.712859 -0.785367 0.102867 0.400867 -0.103568 -0.051965 
4.351647 2.752830 1.640420 1.756825 2.596601 0.859321 -1.004886 -0.801587 0.049588 0.200893 -0.038928 -0.049713 
4.430464 2.761686 1.660120 2.167411 2.242586 0.575470 -1.069833 -0.906077 0.174829 0.205491 -0.057817 -0.048722 
5.153293 3.209880 1.318266 1.742116 3.290068 0.908992 -1.868341 -0.968197 0.218140 0.174462 0.082517 -0.086743 
4.410061 2.880826 1.560961 1.772144 2.534567 0.594049 -1.185717 -0.984218 0.044130 0.400452 0.004437 -0.041243 
4.681908 2.539525 1.245777 1.863325 2.584083 0.778501 -1.255786 -1.037517 0.308634 0.342345 0.069486 -0.043646 
4.310735 2.374747 1.176680 1.614639 2.120291 0.674097 -1.145133 -0.877008 0.318791 0.426381 0.110756 -0.007483 
5.580210 2.517583 0.154675 0.868634 2.919413 1.459692 -1.930031 -0.708108 0.250957 0.279937 0.178683 -0.051045 
5.427900 2.435064 0.165841 0.662561 3.111797 1.043892 -1.855793 -0.764822 0.225698 0.357777 0.256825 -0.025452 
4.472225 2.285917 0.458862 1.039946 2.272458 0.625710 -1.165268 -0.797661 -0.028376 0.425883 0.263489 0.044349 
3.941484 2.016934 0.867475 1.446850 2.033037 0.778721 -0.869558 -0.788870 -0.053090 0.482543 0.386900 0.069940 
6.092493 2.440183 -0.562010 0.404700 3.901124 0.872633 -1.305797 -0.571163 -0.447931 0.588850 0.370040 0.092088 
5.287185 2.131655 -0.282618 0.518624 2.414231 1.019385 -0.382452 -0.283542 -0.311306 0.239428 0.408212 0.160791 
4.373195 2.210930 0.287680 0.585017 1.623795 1.331656 0.546904 -0.115714 -0.124487 0.115420 0.383840 0.145410 
3.470761 2.134641 0.773293 0.383033 0.859071 1.410435 1.004499 0.415545 -0.107574 0.002748 0.393210 0.126437 
4.367781 2.565886 0.424759 0.264024 1.336946 1.001464 1.130879 0.797877 -0.242650 0.058177 0.466545 0.197131 
4.030258 2.396614 1.054089 0.810544 1.520439 1.090225 0.832032 0.962646 0.372243 0.347938 0.383951 0.113944 
3.402638 2.241859 1.384588 0.888131 1.151199 1.041875 0.910186 0.845327 0.326988 0.352986 0.395674 0.096186 
2.915795 2.016708 1.431490 1.381081 1.654752 1.307894 0.991759 0.755191 0.584788 0.580858 0.342762 0.075478 
3.281194 2.325877 1.470921 1.134638 1.077780 0.774244 1.069827 0.770866 0.038525 0.258569 0.444776 0.105686 
3.638736 2.463541 1.692342 1.112481 0.983179 0.489693 0.644797 0.976192 0.335943 0.270311 0.486159 0.121793 
3.108078 2.232727 1.461071 1.024601 0.960001 0.786799 0.707174 0.912870 0.787612 0.611218 0.448327 0.092226 
3.660598 2.288088 1.527516 1.171573 0.998100 0.846700 0.995674 0.860457 0.462612 0.404849 0.581429 0.135176 
3.080810 2.239832 1.634686 1.233030 1.181631 0.967359 0.902317 0.812297 0.550612 0.542550 0.307152 0.077405 
3.502934 2.336625 1.597793 1.330653 1.663551 1.303319 0.921391 0.718006 0.273784 0.364728 0.368161 0.097194 
3.816880 2.383948 1.517682 0.789190 1.756037 1.351742 1.159097 0.847168 -0.033386 0.360757 0.438687 0.128037 
3.261224 2.158728 1.475699 1.018836 1.554823 1.565792 1.045793 0.923158 0.380358 0.302853 0.211624 0.077318 
2.900057 2.165611 1.554894 1.143771 1.269542 1.081497 0.822785 0.958737 0.482858 0.366215 0.217163 0.073300 
3.182514 2.203609 1.666684 1.121289 1.558867 1.190645 0.662940 0.808454 0.278210 0.566863 0.415296 0.096672 
3.367516 2.191926 1.745296 1.535495 1.812193 1.059659 0.559081 0.826658 0.510159 0.645753 0.432510 0.099881 
3.034828 2.200961 1.685470 1.072986 1.341409 0.996414 0.650680 0.890307 0.510622 0.557654 0.374563 0.087796 
