2.494604 1.900716 1.653432 1.178925 1.088509 1.135507 1.264885 0.782245 0.664352 0.338455 0.146394 0.078028 
2.658005 1.957371 1.578056 1.281483 1.094567 1.169493 1.247727 0.911423 0.779571 0.427695 0.144571 0.073942 
2.554044 1.689220 1.456978 1.257977 1.120740 1.322977 1.300091 0.974531 0.687552 0.434405 0.209420 0.074180 
2.622165 1.904607 1.623189 0.998624 0.991641 1.174637 1.346992 0.938653 0.833135 0.512664 0.093126 0.071916 
2.642799 1.819427 1.600485 1.180012 1.112649 1.259724 1.376108 1.052966 0.797200 0.440765 0.031783 0.070883 
2.667438 1.965939 1.577218 1.049472 0.847749 1.244329 1.633090 0.962490 0.904106 0.443953 0.100486 0.067101 
2.675923 1.928630 1.385915 1.179067 1.257993 1.510663 1.332984 0.860116 0.601137 0.405346 0.119252 0.075847 
2.654820 1.974913 1.492547 1.283256 0.997236 1.416853 0.996078 1.096684 1.053457 0.355310 0.168391 0.071811 
2.875701 2.046293 1.408096 1.492416 1.670309 1.469553 1.345508 1.221946 0.868332 0.365761 0.219213 0.075190 
3.104513 2.012413 1.384341 1.563070 1.460320 1.461284 1.870735 1.675675 0.745666 0.315718 0.155339 0.070525 
3.089282 1.703114 1.860685 1.217642 1.254684 1.625859 2.066925 1.052729 0.654962 0.540823 0.077242 0.044072 
3.499467 1.159239 1.766716 1.303700 1.370121 2.119603 2.548549 0.903926 0.479911 0.978586 0.006744 -0.011038 
3.235795 1.161679 1.759259 1.414417 1.559198 2.357389 1.963336 0.519613 0.408763 1.008193 0.000873 0.008308 
3.288884 0.893909 1.651030 1.466354 1.929832 2.433500 2.050001 0.559380 0.562277 1.057206 -0.089371 -0.006485 
3.247024 0.856170 1.703512 1.448493 2.508081 2.854847 1.682416 0.495550 0.575502 1.025743 -0.060725 0.026895 
3.698438 0.548258 1.182715 0.442546 2.499252 3.077717 2.971929 0.804888 0.580701 0.935713 -0.280765 -0.010080 
2.862410 1.718225 0.673035 0.670131 1.437555 1.846364 2.860789 0.654960 0.745298 0.307280 -0.135486 0.048412 
2.431258 1.644755 0.144602 1.050690 1.717539 2.678772 3.485016 0.904687 0.734735 0.535760 -0.218447 0.081836 
1.740327 3.456763 -1.843368 0.417929 1.189388 2.212340 4.375202 0.321857 0.787853 -0.115995 0.099383 0.112071 
1.470066 2.462869 -1.164371 1.242112 1.839389 1.094696 3.588422 0.111314 0.373068 -0.192878 0.010414 0.176776 
1.260586 3.118960 -1.695031 0.320675 3.007207 1.074386 3.967088 -0.032537 0.246985 -0.197962 0.053066 0.233928 
1.462459 3.233193 -2.096502 -0.565085 2.408331 1.459342 3.904528 0.104215 0.421775 0.012847 -0.041040 0.209153 
1.257837 2.916326 -1.753541 -0.939002 2.708408 1.703278 3.960831 0.157537 0.400284 -0.019798 -0.085952 0.209233 
1.252457 2.697838 -1.527409 -0.986716 2.587051 1.896146 4.223760 0.094046 0.484362 0.014031 -0.055580 0.195010 
1.803894 3.028506 -0.909696 -1.521706 2.694972 1.863499 3.292881 0.569902 0.617101 0.063165 -0.134109 0.157382 
2.509211 2.144545 -0.353334 -0.926090 2.833039 1.218233 2.676402 0.290044 1.012331 0.545493 -0.090960 0.101701 
2.934060 2.288122 -1.714537 -1.388718 3.679310 0.721959 2.197688 0.123278 1.021938 0.749633 0.044263 0.059293 
2.997486 2.016115 -0.928947 -0.511466 3.054532 0.166639 1.941747 0.528021 0.812991 1.128542 0.046495 0.086663 
3.418543 2.338607 -1.040651 -0.141441 3.458465 -0.263111 1.978115 0.211360 0.866895 1.024323 0.067477 0.127014 
3.459817 2.635524 -0.142244 -0.198966 2.841622 -0.794195 0.587889 -0.188211 0.674026 1.447849 0.279469 0.138529 
3.522942 2.565561 0.135902 0.009627 3.041743 -1.402181 0.182840 -0.259289 0.951137 1.562806 0.343194 0.145487 
3.737762 2.771553 0.124988 0.122294 2.812824 -1.493228 0.216104 -0.441889 0.813933 1.417244 0.288439 0.159614 
3.265876 2.286014 0.321079 0.693753 1.632599 -1.390815 0.319536 -0.501703 0.837867 1.127715 0.415334 0.152945 
3.946088 2.472629 0.383452 0.232788 2.277134 -1.678235 0.294624 -0.687442 0.646767 0.935753 0.271323 0.170301 
4.089122 2.472052 0.740164 -0.177863 2.076632 -1.794585 0.673401 -0.645275 0.436249 0.504355 0.116470 0.179972 
4.546148 2.232778 0.793166 0.245952 2.316151 -1.975749 0.715123 -0.774725 0.326198 0.229239 0.064912 0.197819 
3.635163 2.514836 0.972334 0.433694 1.214432 -0.845636 0.104716 -0.632146 0.188472 0.235668 -0.056635 0.047219 
4.034578 2.544703 1.187362 1.140617 1.542215 -1.105946 0.091616 -0.788137 -0.086823 -0.366919 -0.047207 0.036882 
3.886828 2.455035 1.255216 1.265239 1.264448 -0.555401 -0.029563 -0.565304 -0.505192 -0.450923 -0.080655 0.014763 
4.482441 2.474607 0.703915 1.460513 2.457063 -1.196461 0.196127 -1.177773 -0.566332 -0.437555 -0.193853 0.033478 
3.833896 2.409153 1.017510 0.861144 1.285473 -0.510132 -0.172470 -0.587461 -0.567701 -0.390351 -0.180460 -0.003138 
4.032395 2.389918 1.116520 1.310347 2.001923 -0.396286 -0.367969 -1.084737 -0.832047 -0.256173 -0.132886 -0.004241 
3.632808 2.205773 1.269825 1.458771 1.693664 0.042081 -0.696894 -1.214533 -0.702410 -0.146416 -0.027773 -0.002821 
4.242053 2.198525 1.338468 2.548332 2.510620 -0.352242 -1.153604 -1.346277 -0.602783 -0.010144 0.022545 -0.023675 
4.132695 2.402665 0.682051 1.790042 1.674919 0.159274 -0.919018 -1.387276 -0.345077 0.044870 -0.008891 -0.016208 
4.295098 2.126077 1.239752 2.167934 2.616642 -0.010667 -1.076051 -1.630226 -0.618876 0.176245 0.028556 -0.040571 
4.159363 2.269501 0.931354 1.728455 2.290784 0.390768 -1.099510 -1.527257 -0.420091 0.263932 -0.049310 -0.050357 
4.311985 2.254678 0.861891 1.941863 2.627983 -0.214831 -0.999634 -1.469284 -0.278281 0.209310 -0.113059 -0.063372 
4.097867 2.615074 1.016216 1.641536 2.060767 0.196061 -0.873503 -1.662863 -0.154490 0.263014 -0.112810 -0.051985 
4.081129 2.360861 1.335577 2.005687 2.522744 0.189305 -0.859226 -1.446450 -0.281158 0.076661 -0.096157 -0.051386 
5.183213 2.832161 1.161466 2.682153 3.836782 -0.984109 -0.609177 -1.441934 -0.530637 0.205362 -0.155181 -0.015120 
4.503589 3.063674 1.774019 2.096632 2.383750 -0.192798 -0.849128 -1.085916 -0.402065 0.219672 -0.141536 -0.035424 
4.315073 2.902009 1.652232 1.353270 1.542824 0.421479 -0.665828 -0.539170 -0.238330 -0.102788 -0.144157 -0.019547 
3.705658 2.667189 1.925061 1.727932 1.814575 0.459060 -0.775831 -0.875113 -0.365038 -0.014257 -0.166061 -0.020628 
5.460673 3.150549 1.513546 1.530722 3.268013 -0.084883 -1.133261 -1.609949 -0.110640 0.175596 -0.071652 -0.061588 
3.912177 2.777270 1.932223 2.054591 1.454708 0.041742 -0.860322 -0.945944 -0.270854 -0.069927 -0.135649 -0.012903 
4.173388 2.712243 1.721089 2.019538 1.615795 -0.172450 -1.012832 -1.114641 -0.171028 0.104190 -0.141703 -0.027112 
3.600436 2.515369 2.052664 2.117152 1.748693 0.190134 -1.084229 -1.106431 -0.382245 0.096283 -0.129779 -0.026601 
5.295444 2.784379 1.296631 2.647645 3.524097 -1.250519 -1.016993 -1.500052 -0.216075 0.439299 -0.164974 -0.045095 
3.696568 2.550091 1.830812 2.115812 2.109686 0.068094 -1.349610 -1.160965 0.040199 0.300795 -0.148442 -0.034289 
4.334799 2.807311 1.731794 2.198172 2.040619 -0.332502 -1.141484 -1.122402 0.188807 0.483856 -0.124123 -0.034465 
3.696823 2.498840 1.857219 1.942590 1.747464 -0.078585 -0.921684 -0.876668 -0.092955 0.294070 -0.056748 0.008597 
5.651333 2.667235 0.957523 1.950813 3.026764 -0.908605 -1.258567 -1.200804 -0.113627 0.594077 0.055812 0.001479 
4.497752 2.356760 1.408731 1.818685 1.737664 0.055902 -1.454585 -1.032936 -0.016856 0.415762 0.116719 0.021841 
4.396990 2.251556 1.153512 1.264317 1.099358 0.039942 -1.250221 -0.603275 0.061694 0.292672 0.096665 0.039689 
4.125332 2.265809 1.027182 1.403650 1.572652 -0.075726 -1.440094 -1.320209 -0.072641 0.449290 0.216232 0.037342 
5.410399 2.220272 0.365392 1.176622 2.614454 -0.520564 -1.569159 -1.442382 0.050493 0.523748 0.254975 0.038098 
5.608561 2.081723 0.179518 0.575338 2.199216 -0.222125 -1.332071 -1.714910 0.326585 0.429315 0.286406 0.043344 
4.133411 2.063680 0.454809 0.712530 1.192192 -0.025973 -1.157982 -1.097864 0.080968 0.577628 0.308175 0.058673 
4.588185 2.115709 0.234824 0.724360 1.289103 0.088548 -1.033112 -0.914036 -0.012570 0.273541 0.317371 0.073826 
5.122615 2.061693 0.201493 0.830281 1.096377 0.271000 -0.387078 -0.246444 0.131614 0.190137 0.405223 0.150352 
5.313925 1.997363 0.262177 1.107477 1.355360 0.237112 -0.103752 -0.159702 0.289064 0.335761 0.440679 0.157042 
4.038518 1.907600 0.845069 1.347099 1.290422 0.190119 -0.227270 -0.105658 0.409080 0.606782 0.578119 0.132599 
4.748284 2.431361 1.000012 0.960269 1.479728 0.732622 -0.104819 -0.239065 0.264229 0.657285 0.597583 0.167419 
4.789185 2.271985 0.949630 1.029083 1.149493 0.770305 0.774284 0.067582 0.120260 0.559212 0.575720 0.181790 
5.099127 2.366494 0.676326 0.979086 1.328079 0.650997 0.936425 0.584746 0.385373 0.312534 0.368308 0.143345 
3.583993 2.405076 1.267440 0.932647 0.979903 0.977787 0.898761 0.406322 0.269135 0.219694 0.436384 0.107265 
4.092871 2.523231 1.404160 1.036601 0.896263 0.829291 0.759852 0.577290 0.408979 0.257925 0.267895 0.081774 
4.358372 2.468985 1.149709 1.096975 1.301808 0.752105 1.294702 1.090182 0.367207 0.051974 0.257594 0.096644 
5.332246 1.536406 1.661145 1.356123 1.169917 0.362637 1.481845 1.556391 0.377907 0.183284 0.212834 0.078295 
4.097230 2.293059 1.235748 1.584909 0.669306 0.887507 1.489330 1.475219 0.394286 -0.012696 0.334994 0.093902 
3.555363 2.283082 1.449445 1.379557 1.059169 0.774678 1.250363 1.438555 0.590292 0.048716 0.188334 0.040660 
3.788875 2.068069 1.284746 1.535783 1.043828 0.639860 1.324110 1.098477 0.520029 0.002518 0.283448 0.066208 
4.123945 2.364475 1.127734 1.405245 0.752368 0.898349 1.666850 1.672625 0.470939 0.091548 0.391948 0.097668 
3.606389 2.397705 1.790345 1.538649 0.727814 1.219764 1.138540 1.263860 0.728342 0.261636 0.200411 0.049927 
