1.320151 1.970589 -0.220763 1.860873 1.360446 1.268062 0.240889 0.271214 0.262563 0.431908 0.521963 0.040706 
1.297206 1.687175 -0.645288 2.698316 1.641999 1.516957 0.241719 -0.135545 0.752526 0.568503 0.315641 0.018634 
1.304012 1.694996 -1.072379 2.942702 2.063656 1.488138 0.082591 -0.308359 0.633930 0.375930 0.307807 0.036552 
1.337714 1.916422 -1.721035 2.142777 2.332577 2.463592 0.126737 -0.332855 1.031414 -0.003286 0.139210 0.044089 
1.523171 2.035522 -1.887712 1.724898 1.813817 2.500456 0.078910 -0.259882 1.072930 0.153183 0.089121 0.031746 
1.537534 2.143594 -1.315549 1.361382 1.777039 2.046418 0.031467 -0.142938 0.947918 0.122969 0.112318 0.043273 
1.633446 2.018445 -1.241239 0.830997 1.270479 0.984785 0.092719 0.111344 0.937914 0.496619 0.214057 0.065004 
1.553446 2.106051 -0.899557 0.976301 1.008415 0.389082 0.020351 0.185533 0.974722 0.840923 0.395210 0.056366 
1.741423 2.031560 -0.547793 1.291818 1.305858 0.155332 -0.280599 0.178964 0.973432 1.088669 0.430816 0.032399 
1.950331 1.851325 -0.534434 1.485914 1.092108 -0.027438 0.385072 0.399960 0.688933 0.973808 0.585866 0.048319 
2.060051 2.028120 -0.201706 1.950632 1.754007 0.069705 0.550967 0.472920 1.244103 0.971436 0.660295 -0.025555 
2.378450 1.816212 0.057987 1.851083 2.082387 0.592712 0.475801 0.336916 1.320613 0.633843 0.440860 -0.018529 
2.569124 2.011565 0.652694 1.551287 1.488872 0.894534 1.283883 0.019368 0.288984 0.266132 0.275252 0.056582 
2.727735 2.149731 0.860102 1.461124 1.688977 1.056830 1.094320 -0.566627 0.621017 0.070344 0.033060 0.046940 
3.501497 2.819038 0.894732 1.821925 1.872624 1.576167 1.100750 -1.002344 0.482389 0.037060 -0.040463 -0.020111 
4.195361 2.874897 0.754605 1.574143 2.223305 1.301187 0.146308 -1.114283 0.896517 0.233837 -0.131097 -0.116798 
4.323201 2.620007 0.663843 1.868632 1.863646 0.761346 -0.132725 -0.758674 0.635382 0.190627 -0.232244 -0.140312 
5.155745 2.905419 -0.059961 1.130903 2.205395 1.126645 -0.868370 -0.593929 0.678364 -0.019426 -0.175031 -0.194334 
4.718758 2.480199 0.270405 0.924306 1.749096 0.623401 -0.966142 -0.585984 0.435241 -0.042376 -0.214656 -0.160038 
4.398249 2.261861 0.700736 0.927195 1.187853 0.119125 -1.063363 -0.591786 0.366189 -0.019228 -0.196946 -0.124750 
4.866131 2.685473 0.231522 0.541003 1.230337 0.089647 -1.542123 -0.772825 0.445669 0.114466 -0.101819 -0.144376 
5.084099 2.571022 0.138119 0.413407 1.129111 -0.055678 -1.714860 -0.766355 0.563545 0.017708 -0.126059 -0.146886 
4.901644 2.415127 0.108915 0.584312 0.911864 -0.424780 -1.547877 -0.770611 0.548037 -0.011132 -0.146191 -0.127337 
4.656266 2.232325 0.228964 0.456380 0.588415 -0.508390 -1.529834 -0.716634 0.507510 -0.027570 -0.158228 -0.110586 
4.851121 2.341483 -0.089344 0.111713 0.699858 -0.503049 -1.813524 -0.734396 0.573678 -0.082170 -0.109298 -0.112183 
4.805913 2.249045 -0.066445 -0.002757 0.557963 -0.681197 -1.843857 -0.591729 0.516655 -0.051373 -0.125984 -0.105589 
4.792976 2.283436 -0.108995 -0.154361 0.643597 -0.818962 -1.942729 -0.542572 0.383506 -0.064069 -0.122935 -0.105692 
4.582117 2.196848 -0.085075 -0.355613 0.684194 -0.876699 -1.823226 -0.544700 0.240798 -0.054169 -0.110672 -0.102111 
4.850704 2.118027 -0.377839 -0.430039 0.725646 -0.627212 -1.864997 -0.604339 0.303526 -0.155741 -0.131187 -0.116333 
4.739123 2.034141 -0.302190 -0.259087 0.466335 -0.421359 -1.853557 -0.694474 0.323625 -0.102916 -0.149220 -0.122688 
5.036032 2.019416 -0.464095 -0.597450 0.844165 -0.402422 -2.132135 -0.470288 0.295039 -0.100755 -0.164140 -0.150832 
4.756814 2.247950 -0.629248 -0.433260 0.852413 -0.614515 -1.879959 -0.445646 0.239322 0.040225 -0.209591 -0.165742 
5.269738 2.293867 -0.643780 -0.924879 1.086797 -0.459004 -2.260930 -0.313072 0.269354 0.007756 -0.168955 -0.192760 
5.029114 2.146888 -0.539817 -0.821281 0.852925 -0.454399 -2.118410 -0.302887 0.322335 0.063923 -0.163653 -0.181220 
5.010867 2.002786 -0.541612 -0.663687 0.497946 -0.574192 -2.002154 -0.405363 0.450168 0.044489 -0.160526 -0.161959 
4.794140 1.890334 -0.365504 -0.651564 0.333084 -0.754906 -1.726460 -0.456984 0.488567 0.032385 -0.152231 -0.144629 
4.681565 1.925092 -0.429610 -0.741842 0.200059 -0.598455 -1.815101 -0.056279 0.258994 0.089258 -0.125397 -0.133998 
4.629075 2.007442 -0.497226 -0.961891 0.307099 -0.644258 -1.487844 -0.017712 0.111495 0.094089 -0.092558 -0.120183 
4.473139 2.037311 -0.496720 -1.035350 0.265054 -0.558562 -1.019355 -0.070590 0.077522 0.060863 -0.066032 -0.100710 
4.480140 1.875947 -0.463425 -1.066349 0.065231 -0.282549 -0.915019 -0.077768 0.205737 -0.082466 -0.022092 -0.086653 
4.352979 1.808505 -0.532342 -0.983083 -0.069663 -0.258244 -0.621220 -0.011854 0.144346 -0.108626 -0.031252 -0.080631 
4.390241 1.850437 -0.739982 -1.007253 -0.062807 -0.138725 -0.473273 0.161682 0.080378 -0.177468 -0.035465 -0.072373 
4.375803 1.858435 -0.876401 -1.106307 0.129020 -0.048867 -0.338973 0.248712 0.042625 -0.178039 -0.045159 -0.071139 
4.667680 1.759257 -1.097584 -1.243544 0.283920 0.185958 -0.427974 0.178667 0.208510 -0.265757 -0.039752 -0.070935 
4.612593 1.647600 -1.172776 -1.138289 0.278683 0.280624 -0.330588 0.135452 0.248654 -0.340545 -0.051557 -0.069844 
5.009998 1.579688 -1.454929 -1.141885 0.480900 0.437034 -0.461311 0.058355 0.326876 -0.397298 -0.100556 -0.079501 
5.003017 1.570258 -1.577775 -1.111363 0.593449 0.431489 -0.433519 0.092724 0.275869 -0.452827 -0.128809 -0.084762 
5.300766 1.493581 -1.589434 -1.287580 0.797100 0.597340 -0.565899 0.074348 0.345207 -0.520786 -0.178707 -0.093894 
5.282169 1.412467 -1.506536 -1.335437 0.838279 0.616184 -0.552106 0.071606 0.346534 -0.512360 -0.167268 -0.090779 
5.869117 1.437799 -1.925753 -1.479870 0.927454 0.887413 -0.865378 0.170395 0.399377 -0.401992 -0.231269 -0.116761 
6.097483 1.432370 -2.187605 -1.357018 0.848250 0.945267 -0.787246 0.040454 0.531504 -0.319386 -0.259230 -0.129731 
6.524109 1.310387 -2.590059 -1.145998 0.638479 1.105267 -0.797901 -0.033822 0.570711 -0.150792 -0.303098 -0.148039 
6.757371 1.195238 -2.744974 -0.963772 0.472374 1.166892 -0.791172 -0.026458 0.627933 -0.075513 -0.346268 -0.159192 
6.618772 1.235589 -2.708850 -0.992435 0.511561 1.208831 -0.933900 0.110715 0.618692 -0.036236 -0.332324 -0.162332 
6.352901 1.255613 -2.570276 -1.215296 0.783704 0.938524 -0.712719 -0.068829 0.753435 -0.126944 -0.293696 -0.173319 
5.876332 1.344651 -2.275127 -1.154672 0.927825 0.807083 -0.540679 -0.050183 0.810235 -0.213084 -0.233399 -0.162227 
5.678406 1.503388 -2.332003 -0.932511 0.769817 1.071522 -0.634813 0.056411 0.754496 -0.175797 -0.188750 -0.159630 
5.205565 1.420092 -1.923012 -0.813893 0.787084 0.946806 -0.568134 0.290498 0.600819 -0.144561 -0.148335 -0.145153 
5.140275 1.425261 -1.842634 -0.946241 1.013180 0.835111 -0.385711 0.175163 0.729061 -0.121585 -0.110992 -0.154463 
5.012067 1.494362 -1.809874 -0.905572 1.053497 0.854451 -0.235386 0.080881 0.876704 -0.093079 -0.078730 -0.165584 
5.136463 1.425237 -1.861701 -0.945147 1.227598 0.969285 -0.376430 0.204970 0.961683 0.036710 -0.083301 -0.183325 
4.627685 1.309648 -1.518012 -0.563781 1.076775 0.842951 -0.132782 0.431551 0.849828 0.071205 -0.079665 -0.162659 
4.957968 1.317306 -1.732692 -0.705496 1.290189 0.932186 -0.053654 0.395177 1.007180 0.025425 -0.036591 -0.142705 
5.010328 1.350090 -1.879054 -0.861822 1.384148 1.075583 -0.175379 0.460692 0.988916 0.026061 -0.035744 -0.148017 
5.005501 1.525831 -2.128705 -0.981035 1.417636 1.381339 -0.350966 0.486518 0.969579 -0.012082 0.010357 -0.147533 
5.000120 1.165300 -1.883035 -0.618232 1.275928 0.827443 -0.235827 0.637446 1.096791 0.009689 -0.069412 -0.124970 
5.912305 0.925490 -2.445000 -0.330794 1.244097 0.834083 0.041868 0.314778 1.517936 0.118107 -0.174765 -0.145703 
4.258023 0.951192 -1.199187 -0.256687 1.161802 0.705671 0.022635 0.729969 1.217310 0.069497 -0.036125 -0.122957 
5.006378 1.397866 -2.149560 -0.580643 1.730401 1.132147 -0.489025 0.737727 1.429902 0.120828 -0.016983 -0.158775 
5.100792 1.125329 -1.842649 -0.213671 1.495111 0.906223 -0.377557 0.526013 1.433661 0.051211 -0.083989 -0.132998 
5.723169 1.096818 -2.323257 0.008972 1.499511 1.056614 -0.458104 0.280217 1.416429 0.210757 -0.101639 -0.133232 
4.027192 0.856771 -0.921865 0.141303 1.441990 0.709219 -0.098486 0.430358 1.057229 0.168503 -0.050068 -0.142271 
5.572468 1.185955 -2.237025 -0.567550 2.441056 1.004931 -0.482662 0.110485 1.363803 0.242554 -0.048027 -0.158737 
4.961920 1.097522 -1.724359 -0.033525 1.898153 0.874705 -0.807916 0.377931 1.353763 0.184028 -0.099758 -0.175935 
5.753304 1.261510 -2.326356 -0.362967 2.118770 1.195651 -0.713233 0.320056 1.178942 0.226861 -0.119054 -0.153364 
5.015311 0.971506 -1.930802 0.011409 2.217619 1.303448 -0.545946 0.504293 1.277177 0.133451 -0.132910 -0.164171 
6.731908 0.999211 -3.080239 0.078867 2.570320 1.462505 -0.271588 0.820280 1.108415 0.490633 -0.212161 -0.121291 
5.520938 1.019614 -2.290472 -0.157400 2.701401 1.619383 -0.193152 0.638386 1.298621 0.203098 -0.129503 -0.128409 
6.448076 0.546149 -2.345599 0.314301 2.344067 1.512337 -0.015591 0.570530 1.376853 0.369137 -0.185461 -0.105276 
5.878436 0.662273 -2.048415 0.216067 2.154228 1.657917 0.011726 0.630763 1.645324 0.274569 -0.119781 -0.086040 
6.832112 0.816165 -2.623457 -0.184694 2.678831 1.426322 0.298765 1.011666 1.487840 0.498443 -0.146785 -0.088987 
4.881973 0.940575 -1.645770 0.249044 2.438229 1.442815 -0.133686 1.044029 1.686812 0.192256 0.018961 -0.094135 
6.733855 0.054438 -2.206198 0.092581 2.874300 1.053185 0.545052 0.773737 1.681652 0.589363 -0.083821 -0.043553 
5.389928 0.567646 -2.048600 0.204302 2.863564 1.322404 0.064513 0.545593 1.638026 0.289246 -0.007248 -0.063725 
5.350849 0.311245 -2.274377 0.243070 2.917779 1.041374 0.103434 0.591132 1.536227 0.318631 -0.064295 -0.075555 
