3.017386 2.026337 0.316298 0.488686 1.557193 0.550792 0.223080 0.544370 1.159792 0.360378 0.001331 0.013857 
2.922941 1.982432 0.331163 1.241649 0.960534 0.244667 0.718118 0.512993 1.083357 0.267402 -0.068834 0.034598 
2.886805 1.784972 0.894412 0.969333 1.189435 0.497343 0.317920 0.520656 1.321103 0.298156 -0.154463 0.044272 
2.806266 1.861111 0.695839 1.328567 1.220914 0.531942 -0.022780 0.606463 1.201962 0.248720 -0.001322 0.055365 
2.928860 2.132868 0.688251 1.511916 1.395677 0.776451 0.194966 0.236510 1.128641 0.014100 -0.087893 0.034328 
2.841482 2.213400 1.227858 1.292735 1.223813 0.673900 -0.101325 0.446868 1.029652 0.132810 -0.201614 0.053109 
2.995063 2.012039 0.835942 1.186082 0.987175 0.663334 0.219568 0.481008 1.038792 0.210914 -0.215699 0.041973 
3.142028 2.271682 0.220602 0.900528 1.135798 0.303211 1.127658 0.471737 1.027542 0.412365 -0.318337 0.016410 
3.150735 1.900935 0.757925 0.513157 1.351141 0.407123 0.957256 0.872911 1.182684 0.466848 -0.288041 0.011964 
3.320668 1.898085 0.241911 0.596035 1.375442 0.215435 1.049670 0.174874 1.108569 0.620505 -0.340365 -0.002775 
2.948459 1.867064 0.571388 1.029240 1.185177 0.201959 1.285161 0.740905 0.923757 0.458402 -0.234143 0.034396 
2.941381 2.062372 0.674798 1.138436 0.797853 0.762098 0.274797 0.468798 1.140001 0.114447 -0.213058 0.021262 
2.972970 2.113026 0.983180 0.972198 0.712923 0.993546 -0.229376 0.664134 1.102488 -0.060688 -0.263542 0.031385 
2.767717 2.195132 1.239675 0.678826 0.922803 1.162105 -0.104514 0.887063 1.388375 -0.136559 -0.211401 0.041520 
3.128289 2.298425 1.580668 0.310324 0.141931 0.924036 -0.491270 0.782802 1.299722 -0.315896 -0.123128 0.059178 
3.300568 2.472800 1.835275 0.746424 0.446257 0.443552 -0.011335 -0.026266 0.155360 -0.239748 -0.182776 0.011776 
4.065630 3.066969 2.052716 0.414555 1.001671 0.824725 -0.182164 0.027699 -0.073438 -0.402029 -0.195122 -0.042303 
4.125222 3.302295 2.586851 1.059358 0.346050 0.208952 -0.073020 -0.177296 -0.180278 -0.911204 -0.205515 -0.079279 
4.555490 3.897374 2.340000 0.719526 0.574996 0.096840 -0.068669 -0.307330 -0.554037 -0.989161 -0.300694 -0.125035 
3.464170 2.815566 2.142888 1.020024 0.561828 -0.124623 -0.418636 -0.779397 -0.810641 -0.633465 -0.353771 -0.111245 
4.650154 3.849160 2.340877 0.892595 0.324971 -0.387342 -0.196038 -0.488891 -0.717373 -0.733192 -0.348012 -0.122436 
4.283348 3.463873 2.016668 0.720782 0.264478 -0.600125 -0.439764 -0.632460 -0.751021 -0.835725 -0.310703 -0.109153 
3.984849 3.217461 1.900556 0.715133 -0.139943 -0.900750 -0.410882 -0.780553 -0.848849 -0.775353 -0.265773 -0.091831 
3.945127 2.818622 1.675725 0.790070 0.130583 -0.744055 -0.867117 -0.649968 -0.667886 -0.666134 -0.317212 -0.078583 
4.975169 3.364320 1.492384 0.586991 0.236298 -1.985941 -0.991223 -0.217858 -0.390380 -1.298691 -0.344966 -0.069467 
4.415599 2.986603 1.457761 0.758893 0.173242 -1.473773 -1.199282 -0.175279 -0.400870 -0.893567 -0.306412 -0.062498 
3.716945 2.654458 1.477089 0.736551 -0.140009 -1.147780 -0.890412 -0.506155 -0.469178 -0.671228 -0.333498 -0.055920 
4.555836 3.009011 1.178623 0.615348 0.612231 -1.494439 -0.668428 -0.264668 -0.469434 -0.885512 -0.323057 -0.048613 
5.502322 3.081337 1.032489 0.107583 1.797210 -2.229992 -0.653942 0.009080 -0.389911 -1.173559 -0.640379 -0.047483 
3.890077 2.583675 1.119754 0.346915 0.364148 -1.012842 -0.847390 -0.466108 -0.683364 -0.641822 -0.335920 -0.056847 
3.415725 2.134061 1.009761 0.552897 -0.077532 -0.877533 -1.083683 -0.714450 -0.574469 -0.717550 -0.356913 -0.055443 
5.067690 2.702102 0.528786 0.009871 0.874533 -2.415819 -1.712477 -0.379185 -0.588907 -1.318887 -0.507804 -0.058469 
4.638652 2.593682 0.724732 0.114147 0.485497 -2.310920 -2.033848 -0.942517 -0.869184 -1.100272 -0.294712 -0.037859 
3.953963 2.413452 0.942111 0.298543 -0.205226 -1.773113 -2.163711 -1.350919 -1.054508 -0.833824 -0.146111 -0.040506 
3.806442 2.496549 1.145095 0.365778 -0.346817 -1.944348 -1.962343 -1.432082 -1.079378 -0.773984 -0.139351 -0.035145 
5.283327 3.097732 0.539424 -0.356708 1.308900 -2.985911 -2.374106 -0.745693 -0.975776 -1.527500 -0.575786 -0.064763 
4.518257 2.786402 0.900235 0.124613 0.393868 -2.469746 -2.271418 -0.676272 -1.099011 -1.176475 -0.238209 -0.024604 
4.089845 2.711518 0.979736 0.103731 0.257295 -2.224447 -2.028667 -1.020976 -1.007711 -0.651853 -0.184784 -0.025332 
3.468250 2.409121 1.175714 0.320918 -0.423857 -1.499473 -1.346612 -1.500294 -1.127497 -0.574756 -0.058180 -0.017078 
3.765932 2.123744 1.132938 0.563759 -0.158007 -1.614115 -1.745413 -1.006934 -1.033356 -0.775382 -0.095220 -0.012272 
4.715726 2.965271 0.851535 -0.277624 1.426079 -2.568795 -2.310532 -0.201376 -1.247432 -1.237920 -0.322096 -0.048674 
3.951423 2.634057 1.023215 0.096433 0.263748 -1.905735 -1.902870 -0.817657 -0.997548 -0.864123 -0.110098 -0.027104 
3.505766 2.236060 1.115838 0.239746 -0.170481 -1.633435 -1.577630 -0.793804 -1.003690 -0.693650 -0.099995 -0.023849 
3.705337 2.346032 1.425560 0.126659 0.032371 -1.528649 -1.790542 -0.909541 -1.242197 -0.719692 -0.045953 -0.026355 
5.334352 2.934907 0.630601 -0.688553 2.196689 -2.518931 -2.305822 -0.001789 -1.197986 -1.419744 -0.590613 -0.083350 
4.692159 2.622648 0.708575 0.273383 0.775775 -1.837970 -1.866018 -0.306381 -0.982949 -1.303054 -0.243759 -0.005587 
4.548224 2.584442 0.672696 0.224987 0.711270 -1.619321 -1.671741 -0.678448 -0.945645 -1.071053 -0.175346 -0.006059 
4.548449 2.643104 0.718148 0.098796 0.735284 -1.299397 -1.644732 -0.507001 -0.775112 -0.858859 -0.188956 -0.028136 
5.048700 3.185054 0.328426 -0.160427 1.505093 -1.578780 -1.543870 -0.232312 -1.065466 -1.240086 -0.393501 -0.049126 
5.136646 2.691200 0.921782 -0.351768 1.660422 -2.103792 -1.232894 -0.320241 -1.064848 -1.347563 -0.455767 -0.014971 
4.393960 2.624987 0.894917 -0.007355 0.572401 -1.334540 -1.189029 -0.394518 -0.879810 -1.084186 -0.244504 -0.048146 
4.562953 2.651332 0.711406 -0.104098 0.911050 -1.542653 -1.225176 -0.217759 -0.719166 -1.039848 -0.311565 -0.055083 
4.724801 3.036551 0.288111 -0.510313 1.221665 -1.871713 -1.339456 -0.157944 -1.000529 -1.130011 -0.387973 -0.066460 
3.805606 2.414185 0.939705 -0.259164 0.076745 -1.305180 -1.021141 -0.586361 -1.038874 -0.711595 -0.189900 -0.047355 
4.978963 2.753994 1.043851 -1.168979 1.640071 -1.712698 -1.626830 -0.124899 -1.262814 -1.064532 -0.282711 -0.063017 
4.944220 2.933067 1.013825 -0.860895 1.505268 -1.827849 -1.687948 -0.620110 -1.229672 -1.118789 -0.243628 -0.037177 
4.605734 3.008204 1.060466 -0.063400 1.340800 -2.338017 -1.793552 -0.798597 -1.431815 -0.791543 -0.220745 -0.013005 
3.411537 2.504173 1.648589 0.379770 -0.209710 -1.447305 -1.565470 -1.063346 -0.971011 -0.457385 -0.070140 -0.028103 
4.031202 2.909930 1.431844 0.126717 0.605095 -1.746618 -1.689550 -0.820285 -0.903820 -0.825832 -0.071033 -0.030399 
4.568661 3.306059 1.658452 -0.478228 2.462880 -3.006558 -0.953577 -0.284046 -0.964249 -0.902606 -0.419290 -0.011170 
4.152738 3.147218 1.779917 -0.248272 1.646269 -2.020150 -0.396041 -0.530832 -0.910925 -0.604973 -0.247703 -0.006584 
4.968320 2.634137 1.990853 -0.419245 3.204205 -2.828997 -0.706266 -0.353240 -0.442671 -0.704427 -0.616837 0.060982 
3.700049 2.778859 1.528187 1.214766 1.043892 -1.551509 -1.189558 -1.059212 -0.240603 -0.528615 -0.146606 -0.028518 
4.508401 2.616531 1.683908 1.090231 1.468578 -2.010040 -1.328852 -0.272183 -0.368019 -0.730934 -0.264033 -0.008073 
3.984675 2.550216 1.744300 1.398355 1.828054 -1.693305 -1.190396 -0.066601 -0.698842 -0.530401 -0.317077 -0.042410 
4.120568 2.990529 1.851906 1.010784 2.044936 -1.656092 -0.561834 0.286937 -0.827805 -0.527590 -0.315787 -0.023828 
4.405388 2.720539 2.205250 0.936431 2.743718 -1.877383 -0.245772 0.257490 -0.864736 -0.447964 -0.383879 -0.002096 
4.036284 2.939418 1.826654 1.129956 2.001098 -1.660127 -0.675310 0.017117 -0.543593 -0.393760 -0.322429 -0.027572 
4.522949 3.326386 1.951106 1.070000 1.925845 -2.681566 -0.226218 0.361552 -0.565840 -0.550901 -0.348150 0.037446 
4.371943 3.171179 1.978261 0.910635 1.220614 -2.310539 -0.598167 0.355705 -0.527968 -0.463214 -0.199491 0.018916 
3.758049 2.820333 1.858010 0.932156 0.512592 -1.608484 -0.557863 -0.303758 -0.523511 -0.126356 -0.125543 0.006969 
4.070898 3.138172 1.557238 0.447608 0.941281 -1.143836 -0.579761 -0.144325 -0.754111 -0.200543 -0.110513 -0.001276 
5.234762 3.703100 1.267313 -0.644416 2.603770 -2.650506 -0.138722 0.647192 -0.793801 -0.584010 -0.529513 0.017627 
5.144012 3.368056 1.598500 -0.573722 1.730891 -2.159542 0.027094 0.503385 -0.780240 -0.588670 -0.330284 0.018216 
4.133811 3.036915 1.284357 -0.018347 0.220833 -0.997027 -0.000936 -0.161806 -0.447177 -0.376445 -0.107609 -0.012709 
4.620379 3.276344 0.791846 -0.121052 0.829994 -1.872848 -0.224053 -0.036649 -0.452157 -0.380540 -0.202250 0.008421 
4.954195 3.101533 1.104130 -0.770255 0.431533 -1.666682 -0.356318 0.768366 -0.381079 -0.509918 -0.171047 -0.028268 
5.159903 3.228846 0.492834 -0.926540 1.462575 -1.795480 -0.541930 0.441237 -0.370486 -0.293084 -0.302534 -0.036195 
5.437591 3.076914 0.114776 -1.031441 1.611999 -1.908834 -1.085592 0.454633 -0.136851 -0.461697 -0.380436 -0.079867 
5.748016 2.973191 -0.278746 -0.899694 2.102455 -2.024264 -1.392814 0.362121 -0.156970 -0.257205 -0.457145 -0.079966 
4.872333 2.224981 0.386167 0.334386 0.682460 -1.347503 -1.278639 0.165527 0.324680 -0.449816 -0.160219 -0.040355 
5.417144 2.413825 -0.586095 0.075842 1.679369 -1.940896 -1.101175 -0.102741 0.388201 -0.625150 -0.334787 -0.010622 
5.649893 1.970555 -0.654194 0.311183 2.158598 -2.216315 -0.554519 -0.195788 0.413680 -0.413616 -0.338443 0.059144 
5.330865 1.904535 -0.802082 0.316599 2.022164 -1.402718 -0.537168 0.095023 0.455562 -0.610756 -0.198993 0.074280 
5.006055 1.285738 -0.453141 0.420196 1.593211 -0.552331 -0.550064 0.420692 0.610860 -0.730030 -0.044484 0.110457 
