3.096305 2.246341 1.254916 1.063294 0.883275 1.980173 1.978922 1.388625 0.928027 0.147420 0.068350 0.048663 
3.101893 2.191265 1.463203 0.645157 1.311838 2.382149 2.047495 1.533114 0.853803 0.202135 0.077405 0.062285 
3.063493 1.940315 1.588039 0.845729 1.310722 2.116033 1.413576 1.283315 1.099709 -0.050519 0.126902 0.070430 
2.909075 2.158444 1.697586 1.001755 1.110482 1.388583 0.808160 0.628670 0.665394 0.345291 0.185290 0.074205 
3.580351 1.907266 1.066855 0.679541 1.055753 2.442050 0.573012 0.015584 0.834725 0.169130 0.819597 0.200873 
2.930156 1.500299 0.888454 1.077108 1.550094 1.999674 0.779329 0.106245 0.783555 0.419211 0.579635 0.102004 
2.935698 1.493230 0.327454 1.206763 1.662922 1.990206 0.592614 0.107194 0.928251 0.271235 0.553420 0.086966 
2.877585 1.917136 -0.107649 1.736345 1.429227 2.595364 1.133629 0.412501 0.264683 0.245813 0.463066 0.111934 
2.342112 2.372018 -1.452105 1.607260 2.097567 2.409970 2.732945 -0.379858 0.909866 -0.311462 0.536064 0.050845 
1.973767 2.717267 -0.966764 1.129122 2.377203 1.746008 2.629329 0.022178 0.623574 -0.437946 0.507213 0.066079 
1.811505 2.729046 -2.254512 1.237903 2.638270 2.854510 3.192575 0.153876 0.693458 -0.468164 0.600794 0.062173 
1.437008 2.721182 -2.555895 0.804353 3.033421 2.616589 3.937754 -0.082046 0.443970 -0.235184 0.516818 0.138417 
1.537174 2.501382 -2.200697 0.813258 2.723540 3.086329 4.011217 -0.101395 0.453507 -0.087323 0.483250 0.130737 
1.906271 2.316532 -2.351014 0.120779 3.230468 2.844650 3.210470 -0.203282 0.566362 0.200284 0.391656 0.113801 
2.272003 1.823767 -2.456751 -0.299041 3.060336 2.234021 3.358816 -0.009003 0.727626 0.401655 0.313954 0.064173 
3.214001 1.961332 -3.534446 0.087383 3.277281 1.619871 2.710362 0.408639 1.233558 0.285888 0.341531 -0.005134 
3.211206 1.939439 -2.546321 -0.041283 2.712419 2.126377 2.309276 0.469026 1.172701 0.462942 0.285273 -0.060942 
3.917569 2.256759 -3.309064 -0.532050 3.240853 1.094252 1.590492 0.421812 1.421456 0.670684 0.267497 -0.085958 
4.072467 1.895414 -2.919823 -0.089576 2.642271 0.714117 0.990225 0.580642 1.517886 0.763216 0.297893 -0.071744 
4.590364 1.699937 -2.903562 0.166835 2.552370 0.294524 0.555270 0.395394 1.606563 0.912945 0.312163 -0.053113 
4.390186 1.629384 -2.386881 0.197807 2.402882 0.172023 -0.281943 0.659656 1.318389 1.128487 0.335043 -0.037288 
4.535743 1.873668 -2.109088 0.505231 2.292681 -0.904955 -0.385857 -0.115394 1.492349 1.024111 0.391418 0.015121 
4.861209 1.978799 -2.115363 0.532733 2.313027 -1.506790 -0.507877 -0.406743 1.324221 0.909129 0.288891 0.054393 
4.755946 2.059340 -1.484137 0.486119 1.747771 -1.406067 -0.946674 -0.303654 1.142812 0.729738 0.273621 0.043290 
4.659997 2.136815 -1.230148 0.249606 1.130341 -1.075217 -0.735309 -0.426435 1.193121 0.392472 0.285079 0.029927 
4.933753 2.312985 -0.998764 0.576954 0.758278 -0.510631 -1.001292 -0.222928 0.852959 0.096452 0.227882 0.039754 
5.050629 2.516041 -0.769589 0.628982 0.699648 0.101162 -1.323543 -0.285694 0.615571 -0.130881 0.123905 0.003404 
4.553301 2.597314 0.117970 0.394338 0.816352 -0.210603 -0.920229 -0.424586 -0.032792 -0.071457 -0.001042 -0.027637 
4.854378 2.914109 -0.098556 0.404716 1.456553 -0.620442 -0.801112 -1.171682 -0.014182 -0.158341 -0.028988 -0.056760 
5.054593 3.034553 -0.254812 0.520408 1.756290 -0.320469 -0.960949 -1.329468 -0.040200 -0.188814 -0.064543 -0.095309 
5.016572 3.011227 -0.036929 0.513211 2.047382 -0.509117 -1.230036 -1.834210 -0.137879 -0.277783 -0.051118 -0.096592 
4.770075 2.522568 0.238433 0.448596 1.794722 -0.101931 -1.409133 -1.614197 -0.397182 -0.089872 -0.074607 -0.089763 
6.053565 3.532708 -1.986606 0.270410 3.353344 -0.188346 -1.413900 -2.034296 -0.759756 -0.166895 -0.232521 -0.104278 
4.108253 2.221105 0.227813 0.344410 1.023387 -0.094105 -0.964702 -1.414054 -0.583406 -0.198861 -0.127449 -0.047420 
5.428262 2.883918 -0.750219 0.203309 2.766470 0.134666 -1.541729 -1.506985 -0.660157 -0.155754 -0.079893 -0.085821 
5.754894 2.921105 -0.637644 -0.142094 3.329375 -0.164966 -1.536892 -1.645378 -0.745435 -0.170051 -0.161575 -0.102394 
5.435087 2.911954 -0.038973 0.117761 3.026618 -0.077264 -1.715031 -1.785783 -0.721302 -0.246304 -0.098054 -0.108898 
3.769373 2.303845 1.064109 1.102607 0.991962 -0.169671 -1.556069 -1.699417 -0.648364 -0.103922 -0.174788 -0.082257 
3.677237 2.226315 1.197993 1.129553 0.819478 -0.296097 -1.503277 -1.533162 -0.764268 -0.256440 -0.160076 -0.074603 
4.789389 2.679735 0.772038 1.242353 1.986607 0.214018 -1.919749 -1.774616 -0.616942 -0.183418 -0.099185 -0.104372 
5.500175 2.852393 0.024056 1.187334 2.722621 0.273827 -2.449036 -1.917984 -0.475583 -0.308023 -0.131648 -0.156529 
4.766965 2.583809 0.621592 1.332557 2.162134 -0.096745 -2.186026 -1.895505 -0.459173 -0.161124 -0.153951 -0.137848 
3.567999 2.177227 1.304279 1.424171 1.159938 -0.363303 -1.714079 -1.504770 -0.528614 -0.160613 -0.265484 -0.093181 
4.781255 2.650781 1.020937 1.488463 1.799581 0.047532 -2.418573 -1.688012 -0.547625 -0.278578 -0.166267 -0.115994 
4.393819 2.717741 1.340304 1.261782 1.567931 0.183203 -1.421050 -1.452864 -0.846286 -0.327316 -0.131587 -0.061335 
4.736607 3.175541 1.615179 1.262317 1.855897 0.017660 -1.466501 -1.509176 -1.057608 -0.379595 -0.142321 -0.064882 
4.551247 3.236020 1.892318 1.426752 1.394183 -0.030333 -1.300004 -1.403704 -1.090577 -0.449792 -0.173274 -0.062499 
5.670171 3.406466 2.127205 1.139464 2.520936 -0.806019 -1.520854 -1.135522 -1.142664 -0.331292 -0.281133 -0.090163 
3.730546 3.129962 2.513021 1.386948 0.616008 -0.558900 -1.141423 -1.037669 -1.029601 -0.537310 -0.210702 -0.073353 
3.772952 3.028369 2.099657 1.213216 0.708584 -0.096903 -1.010612 -1.341027 -0.977939 -0.429597 -0.181237 -0.064838 
4.042882 3.207931 2.359810 1.721230 1.498843 -0.227016 -1.306525 -1.332521 -0.846046 -0.137864 -0.263374 -0.075565 
6.029282 3.530371 2.486843 0.810313 3.777536 -0.886460 -2.602195 -1.427310 -1.053353 0.211285 -0.225532 -0.176008 
4.206255 3.127435 2.201620 1.629339 1.451550 -0.243156 -1.556410 -1.433993 -0.801718 -0.188546 -0.190732 -0.064737 
3.743998 2.957051 2.101377 1.370739 1.018722 -0.249568 -1.217924 -1.322741 -0.911217 -0.252386 -0.146272 -0.044135 
4.485791 3.491959 2.165340 1.553189 1.527742 -0.634805 -1.669911 -1.743378 -0.926014 -0.019045 -0.247157 -0.065038 
3.825103 3.117584 2.113885 1.146080 0.547683 -0.452427 -0.918070 -0.999596 -0.798844 -0.287099 -0.151089 -0.030936 
4.305708 3.184487 2.222936 1.622425 1.773393 -0.629141 -1.788951 -1.447901 -0.849123 0.053731 -0.219403 -0.070088 
4.336732 2.886862 1.958134 1.735004 1.763692 -0.569678 -2.173857 -1.431978 -0.511092 0.106767 -0.197264 -0.087162 
5.218722 3.238430 1.016683 1.689246 2.601692 -0.911868 -2.229451 -1.634356 -0.128540 0.175806 -0.136122 -0.108666 
3.884757 2.506580 1.348824 1.385911 1.252505 -0.581835 -1.772419 -1.324231 -0.140307 0.195848 -0.105263 -0.056598 
4.176044 2.637833 1.371639 1.346460 1.421068 -0.264146 -1.745316 -1.248826 -0.153253 0.176164 -0.070591 -0.058536 
4.578882 2.629054 1.198016 1.587872 2.038483 -0.295802 -2.096663 -1.436575 -0.043501 0.085808 0.000376 -0.067763 
5.348660 2.822126 0.494028 1.289233 2.604584 -0.311608 -1.688124 -1.798118 0.266812 -0.011727 0.082146 -0.056308 
5.636791 2.994886 0.018409 1.269103 2.988524 -0.499855 -1.477212 -1.799400 0.241933 -0.009804 0.083322 -0.037684 
4.265058 2.521085 0.924514 0.907320 1.628995 -0.263513 -1.436288 -1.116000 -0.003549 0.284855 0.143073 -0.004339 
4.643339 2.882371 1.141477 1.239421 2.013416 -0.280852 -1.540538 -1.252300 0.062204 0.428754 0.181073 0.000226 
4.798436 2.757788 1.045431 1.251178 2.124039 -0.276155 -1.757929 -1.169764 0.039730 0.599985 0.251134 0.009433 
5.424413 2.817078 0.142613 1.002339 3.075956 -0.436484 -1.417856 -1.110127 -0.067169 0.586072 0.334567 0.071220 
5.308134 2.614017 0.080865 0.671507 2.823126 0.198174 -1.323403 -1.006969 0.067167 0.471300 0.494098 0.103171 
5.021300 2.541857 0.104757 0.717901 2.027314 0.641910 -1.039502 -1.137861 0.211877 0.454158 0.597954 0.128193 
4.575561 2.429941 0.443264 1.033219 2.198264 0.525477 -0.966760 -0.744219 0.124758 0.474161 0.649285 0.144729 
5.819953 2.367706 -0.389246 1.064340 3.250275 0.816980 -1.084310 -0.794387 0.672103 0.578079 0.585952 0.151974 
4.294452 3.014033 1.239927 0.928365 1.535808 1.325013 0.344298 -0.340385 0.074836 0.560725 0.598364 0.175705 
4.285108 2.792188 1.840397 1.280495 1.747171 1.208088 0.041733 -0.136574 0.289419 0.610246 0.584930 0.153765 
3.472606 2.783468 2.172778 1.580177 1.456394 1.238996 0.470238 0.030599 0.132225 0.476767 0.547385 0.106731 
3.934297 2.790309 1.909814 1.610229 2.026465 1.624899 0.721540 -0.070562 0.207495 0.450056 0.475228 0.115967 
4.485657 2.773407 1.746721 1.898489 2.377005 1.517661 0.462388 -0.357889 0.301645 0.464232 0.487746 0.124722 
3.348386 2.495500 1.856179 1.875254 1.920899 1.418189 0.498458 0.073177 0.405727 0.476797 0.412334 0.081258 
3.768194 2.714221 2.209313 1.952150 1.992099 1.408460 0.354969 0.091590 0.240535 0.485127 0.501269 0.110009 
3.291696 2.628749 2.347961 1.987874 1.539647 1.029472 0.679702 0.615490 0.654335 0.517163 0.263509 0.077866 
3.950793 3.110121 2.546822 2.410324 2.087181 1.107869 0.673965 0.328979 0.444624 0.531584 0.373081 0.104274 
3.324498 2.769992 2.296204 2.026144 1.706276 1.092549 0.714716 0.526537 0.618646 0.499946 0.288772 0.080672 
3.033339 2.473641 2.105688 1.845513 1.759465 1.497806 1.279424 0.693186 0.519828 0.440460 0.313791 0.080144 
2.967540 2.436771 2.125509 1.937279 1.921839 1.380849 1.224010 0.972963 0.495790 0.317533 0.277837 0.075053 
3.450559 2.738937 2.386288 2.224541 2.288905 1.714703 1.259614 0.520094 0.521472 0.513963 0.340879 0.093873 
