3.451237 0.786363 2.723806 1.096611 -0.964071 0.983518 1.154051 -0.072915 0.363730 -0.441261 -0.156723 0.081950 
3.266335 0.765336 2.428084 1.217767 -0.652703 1.088584 1.262756 0.048114 0.105158 -0.257838 -0.184717 0.047840 
3.391852 0.586303 2.269960 0.787050 -0.576506 0.501188 1.911396 0.048136 0.040766 -0.148344 -0.169478 -0.016435 
3.408812 0.721920 2.213370 0.718285 -0.873496 0.154312 1.717347 0.329510 -0.038796 0.251990 -0.020034 0.002068 
3.309694 1.227580 1.831961 0.887410 -0.601415 0.441555 1.639763 0.716656 -0.049203 0.414114 0.077573 0.008761 
3.193616 1.435437 2.193762 0.869294 0.045974 0.395803 1.361733 0.497656 0.277359 0.333879 0.202630 0.069559 
3.547721 1.110715 2.052730 0.540593 0.586241 0.114900 0.798596 -0.120018 -0.010464 0.499899 0.395879 0.127056 
3.583623 0.906160 1.916403 0.552054 1.092191 -0.002718 0.776778 0.238118 0.192126 0.078240 0.476093 0.177437 
3.301868 1.373769 1.791290 0.956949 0.621217 0.446880 0.633127 0.080113 0.221527 0.198184 0.443674 0.129182 
2.985046 1.610886 2.242752 1.361565 0.514916 0.558096 0.737535 0.283698 0.377968 0.128137 0.435549 0.093700 
3.006021 1.280968 2.004106 1.216091 -0.163403 0.832334 0.717026 -0.016160 0.918668 0.140313 0.360861 0.125273 
2.991276 1.279123 2.726375 0.575911 -0.097797 1.213134 0.811808 -0.571737 0.553419 0.353756 0.399562 0.137838 
2.711334 1.574660 1.990950 0.792127 0.754852 1.164956 0.646476 -0.266647 0.385997 0.562650 0.273254 0.098785 
2.792332 2.071192 2.119424 0.915027 1.619228 1.590473 0.731944 0.216704 0.168974 0.676279 0.361603 0.087707 
2.886781 1.599470 1.492740 0.634481 1.350652 0.984900 0.527453 -0.086429 0.085570 0.861692 0.313795 0.095490 
2.848189 1.901633 1.605985 0.941035 1.490003 1.387943 0.254986 -0.024360 0.393882 0.739049 0.353403 0.091829 
2.808877 1.937106 1.577066 1.491546 1.654315 1.030553 0.833521 -0.309243 0.286134 0.881056 0.434041 0.085541 
3.254057 2.014583 0.741040 0.961625 1.466892 2.060752 1.445493 -0.959888 -0.006437 0.682076 0.420983 0.135624 
2.915924 1.650719 -0.571589 0.290557 1.049453 2.090748 1.791914 -0.931838 0.507416 0.626226 0.494576 0.129535 
2.164820 2.266879 -1.233329 0.617161 1.588634 1.617957 2.261800 -1.512529 0.652051 0.645111 0.523734 0.141804 
1.797311 2.684879 -2.177407 1.476881 1.802187 1.434986 2.194271 -1.509605 0.491101 0.682839 0.673899 0.138204 
1.122565 2.264044 -2.456267 1.208157 2.921094 1.128787 1.566055 -1.298616 0.334242 0.456145 0.531825 0.141747 
1.443359 1.821714 -3.761200 0.317915 3.001819 1.767852 3.153486 -0.607844 0.712461 -0.135029 0.286744 0.089539 
1.126006 2.015751 -3.810547 0.067200 3.388854 1.626984 3.400326 -0.467242 0.779307 -0.213636 0.270465 0.097943 
1.287322 2.256330 -3.022261 -0.136654 3.307005 1.183158 3.347368 -0.112951 0.870582 -0.350545 0.193890 0.096274 
1.241267 2.371444 -2.786552 -0.670864 3.027615 1.211525 3.249455 0.109689 0.844714 -0.345106 0.176689 0.083147 
1.432990 2.510837 -2.532246 -0.846606 2.971028 0.900447 3.348893 0.274757 1.091358 -0.128946 0.243163 0.033629 
2.539534 2.257171 -2.279493 -0.723714 3.459306 1.565046 2.465244 0.614879 0.838092 0.201548 0.225587 0.025027 
3.258185 2.252883 -1.068668 -0.127016 2.422703 1.816210 1.802163 0.325995 0.737678 0.213925 0.169844 0.015559 
4.061740 2.707430 -2.314435 0.328025 2.957501 0.475269 1.588591 0.578798 0.839227 0.235450 0.138289 0.054832 
4.451286 2.452354 -2.292903 1.051916 2.441081 -0.460759 1.310111 0.547468 0.844383 0.323573 0.274073 0.166277 
4.102847 2.259685 -1.078890 0.465749 2.016834 -1.152697 1.333482 -0.102811 0.723501 0.240396 0.470743 0.185578 
4.085753 2.180079 -1.073574 0.714516 2.053756 -1.433776 0.916739 -0.458792 1.016318 0.267324 0.556934 0.182531 
4.208247 2.462147 -1.242715 1.033174 2.505705 -1.672987 0.733108 -0.647149 1.108121 0.378720 0.552142 0.204926 
3.955670 2.873338 -1.128836 0.878202 2.576456 -1.469103 0.186020 -0.808124 0.962795 0.637878 0.489002 0.157988 
3.651724 2.581665 0.337214 1.482684 1.680851 -0.147535 -0.390563 -1.058594 0.825936 0.594590 0.488486 0.059540 
3.839142 2.615474 0.951951 1.296346 1.606211 0.232395 -0.475742 -0.610216 0.300648 0.418042 0.191120 0.045051 
3.902045 3.071152 1.278881 1.312889 1.528185 -0.314708 0.002266 -0.933630 0.330527 0.271351 0.051710 0.038734 
3.495065 2.975902 1.736940 1.121269 0.987385 -0.163672 0.123229 -0.528478 0.106021 -0.051374 -0.007324 0.034017 
3.885236 3.553169 2.192496 1.717961 1.414495 -0.450849 -0.000613 -0.847480 -0.028628 -0.236081 -0.071005 0.001272 
3.683749 3.445976 2.153604 1.566801 1.552841 -0.454193 0.081641 -1.043787 -0.333248 -0.330956 -0.039621 0.008551 
3.798317 3.188309 2.359163 1.848516 1.402777 -0.426925 -0.006337 -1.190253 -0.277076 -0.279091 -0.131631 -0.009699 
3.546048 2.807414 2.039500 1.622926 1.062817 -0.354328 -0.076893 -0.687590 -0.491150 -0.325024 -0.101270 -0.007121 
3.913542 3.147989 2.221143 2.084100 1.809915 -0.250293 -0.242980 -1.440802 -0.685964 -0.151148 -0.104645 -0.027946 
3.761082 2.897406 2.042994 2.096604 1.750741 -0.332588 -0.155042 -1.050635 -0.491766 -0.360653 -0.109640 -0.027475 
3.763560 3.030668 2.229535 2.046451 1.415135 0.164618 -0.288531 -1.059251 -0.473771 -0.364022 -0.124277 -0.036145 
4.445458 2.908270 2.100312 2.022557 2.081953 -0.638547 -0.402681 -0.932213 -0.277249 -0.243348 -0.194301 -0.031263 
3.955071 3.042391 2.151909 2.242958 1.521355 -0.047064 -0.268335 -0.852998 -0.571878 -0.579837 -0.086394 -0.036361 
3.724691 2.788494 1.966555 1.891725 1.248042 0.062665 -0.753261 -0.976087 -0.409927 -0.206712 -0.228726 -0.049687 
3.651597 2.808834 2.320446 2.313479 1.453568 -0.040147 -0.901139 -1.278838 -0.557257 -0.273960 -0.191336 -0.068774 
4.443753 2.973622 2.275493 2.362388 1.953432 -0.215779 -1.650828 -1.403221 -0.164662 -0.190928 -0.267758 -0.101323 
3.944533 3.062030 2.386479 2.780617 2.332190 -0.111888 -1.628502 -1.738419 -0.388902 -0.209599 -0.273920 -0.137566 
3.713916 2.992842 2.316835 2.015977 1.449230 0.005158 -1.147060 -1.275820 -0.527937 -0.230902 -0.249861 -0.076694 
4.104101 3.174708 2.503778 2.458728 1.953553 0.105295 -1.245605 -1.542646 -0.640746 -0.274866 -0.229231 -0.103748 
3.886039 3.098560 2.389958 1.781504 1.011259 -0.239829 -0.853416 -1.012051 -0.723415 -0.418022 -0.178488 -0.060648 
4.453800 3.294338 2.813959 2.878439 1.933973 -0.120585 -1.447176 -1.405383 -0.688315 -0.104783 -0.338658 -0.120062 
4.255733 3.093027 2.356355 2.676756 2.120444 -0.065918 -1.621150 -1.682404 -0.497061 0.058273 -0.311164 -0.132016 
5.662876 2.334607 2.449992 3.600481 2.814482 -0.502254 -1.971188 -1.697652 -0.726390 0.241537 -0.272582 -0.217578 
3.694558 2.399960 1.929351 2.303978 1.787411 -0.006796 -1.889649 -1.642592 -0.374888 0.018821 -0.249110 -0.131360 
3.904618 2.388056 2.326293 2.966502 2.503184 -0.154387 -2.392993 -1.881842 -0.446482 -0.067847 -0.315363 -0.207059 
5.763635 2.021079 1.875666 3.366127 2.523884 -0.024869 -2.564540 -2.402014 -0.184938 -0.094869 -0.383385 -0.227120 
6.432635 1.461114 2.033828 3.049628 2.560959 -0.099969 -2.457039 -2.401302 -0.150846 -0.039172 -0.416755 -0.208495 
3.907123 2.253442 2.073007 2.803732 2.079066 -0.488104 -2.170309 -1.659795 -0.320033 0.098946 -0.275220 -0.156962 
4.202046 2.286966 1.839590 2.652672 1.955533 -0.630935 -2.090549 -1.619176 -0.198870 0.221494 -0.256344 -0.139519 
4.466635 2.599195 1.821522 2.515491 2.339244 -0.346256 -2.328422 -1.762547 -0.226050 0.254706 -0.241918 -0.156678 
5.912742 1.971631 1.234126 2.862694 2.812341 -0.772995 -2.383271 -1.779878 -0.235216 0.165456 -0.199672 -0.155367 
4.513941 2.239469 1.386976 2.272840 2.088326 -0.444225 -2.278239 -1.693164 -0.126581 0.182324 -0.154284 -0.131339 
4.064411 2.151416 1.258369 1.984487 1.622111 -0.749180 -2.062255 -1.275380 -0.070827 0.066594 -0.093662 -0.081102 
4.414725 2.242793 1.090844 1.898129 1.888284 -0.564391 -2.254888 -1.732421 -0.125839 0.115706 -0.095106 -0.114784 
4.348982 2.215943 1.229410 2.003371 1.804914 -0.619798 -2.219335 -1.785944 0.014084 0.154307 -0.053126 -0.096541 
4.019582 2.293807 1.275553 1.535512 1.547819 -0.611583 -2.095985 -1.743207 -0.048919 0.365563 -0.047375 -0.081964 
3.968275 2.053254 1.004910 1.650096 1.375738 -0.597322 -1.911047 -1.602894 -0.007466 0.367243 0.029044 -0.060688 
4.371078 2.324324 0.721498 1.647298 1.925650 -0.661689 -2.226579 -1.753498 -0.018140 0.368171 0.062151 -0.069910 
4.172774 1.990707 0.821239 1.841497 1.762953 -0.579728 -1.919521 -1.583920 0.001633 0.588629 0.185593 -0.028328 
3.952037 1.788497 0.638364 1.220566 1.557771 -0.512279 -1.567958 -1.380189 0.073962 0.716953 0.247920 0.005727 
3.977993 1.656255 0.642496 1.482547 1.526792 -0.060160 -1.225754 -1.296813 0.202782 0.833971 0.390889 0.034006 
4.450926 1.627980 0.522035 1.997971 1.812066 -0.101235 -1.197769 -1.348679 0.217973 0.652989 0.499510 0.055447 
5.372509 1.276999 0.635541 1.889701 1.947381 0.096314 -0.369025 -1.333033 0.197383 0.565367 0.563756 0.133437 
4.693512 1.533367 1.009284 1.776398 1.299701 0.834704 0.007784 -0.621282 -0.027039 0.266413 0.612906 0.169168 
3.598179 1.692542 1.239325 1.519975 1.366296 0.218059 0.027325 -0.169177 -0.000472 0.547545 0.617609 0.106120 
5.079606 1.676687 1.153405 1.339093 1.062281 0.594028 0.933444 -0.294462 -0.371181 0.484276 0.659785 0.190018 
4.295758 1.923533 1.499200 1.374852 1.067101 0.744948 0.516022 -0.105241 -0.248573 0.301916 0.389407 0.110950 
4.345257 2.185128 1.282703 1.619857 1.115426 0.456636 0.546924 0.121996 -0.087299 0.258879 0.292417 0.093460 
4.758903 1.815308 1.760891 1.803382 1.430526 0.275917 0.804903 0.088009 -0.281530 0.525562 0.498026 0.124332 
5.256125 1.669128 2.473929 1.756039 1.581630 0.018115 0.880667 -0.206201 -0.479281 0.950597 0.581101 0.096272 
