2.585231 1.938045 1.740759 1.563182 1.395401 1.145127 0.934627 0.816854 0.561124 0.326707 0.247138 0.080429 
2.554639 1.957902 1.722874 1.468834 1.283638 1.100779 0.900878 0.737754 0.601201 0.426062 0.204740 0.079758 
2.538521 2.034603 1.738398 1.524595 1.282264 1.126863 0.893866 0.753854 0.584829 0.365787 0.239541 0.079806 
2.534540 1.982213 1.734989 1.543041 1.352414 1.178340 0.929284 0.764001 0.626756 0.474142 0.235966 0.079871 
2.566088 1.989599 1.722241 1.561398 1.301044 1.055371 0.900080 0.696068 0.680352 0.482117 0.230507 0.080382 
2.557494 1.977900 1.707747 1.505673 1.307733 1.198810 0.987190 0.814109 0.656250 0.382617 0.263480 0.080036 
2.547954 2.032953 1.717777 1.487382 1.301745 1.150994 1.029143 0.942064 0.607880 0.453888 0.208860 0.079673 
2.567291 1.982531 1.760437 1.590454 1.344883 1.055904 0.899188 0.824149 0.593137 0.347903 0.182418 0.079610 
2.582132 2.032640 1.801089 1.542781 1.359296 1.163731 0.858588 0.745765 0.530908 0.361656 0.229278 0.079639 
2.588344 1.997869 1.768709 1.609011 1.375795 1.290104 1.093464 0.884864 0.557690 0.356790 0.184188 0.080231 
2.554850 2.020445 1.784569 1.546370 1.416157 1.185310 0.947171 0.813850 0.542590 0.372970 0.230278 0.080322 
2.525120 1.920165 1.736355 1.470679 1.317755 1.124671 0.934776 0.745547 0.520570 0.354957 0.165140 0.081072 
2.607094 2.049428 1.810288 1.564158 1.444657 1.102486 0.921781 0.804420 0.527259 0.401306 0.259242 0.079859 
2.569373 1.982837 1.741462 1.480691 1.357411 1.193926 0.858290 0.858981 0.591520 0.502772 0.255848 0.078971 
2.640212 2.041888 1.640255 1.396900 1.179208 1.012797 0.848544 0.688221 0.615290 0.516465 0.294023 0.081649 
2.814454 2.153858 1.746866 1.200225 0.957385 0.819419 0.762694 0.892271 0.880800 0.595690 0.374227 0.088586 
2.792900 2.157257 1.705075 1.250836 0.830677 0.636170 0.656868 0.841226 0.814845 0.636498 0.406636 0.092750 
3.019343 2.401239 1.886969 1.334542 1.059699 0.839804 0.899067 0.928093 0.737085 0.405654 0.249283 0.079756 
3.015472 2.440626 1.945400 1.414412 1.072789 0.678254 0.567589 0.838175 0.853550 0.629479 0.261852 0.086493 
3.297714 2.725853 2.078597 1.430842 0.918954 0.563126 0.449225 0.510047 0.554904 0.413171 0.234542 0.080438 
3.453711 2.892525 2.131970 1.247739 0.528455 0.198311 0.270890 0.500106 0.710161 0.583142 0.258528 0.091436 
3.898053 3.012717 1.779161 0.935380 0.615074 0.472205 0.488352 0.517739 0.485503 0.510303 0.206130 0.065751 
3.892492 3.091900 1.856494 0.739322 0.469343 0.514796 0.483579 0.352356 0.347735 0.342367 0.151867 0.047356 
3.910310 2.977428 1.722065 0.902351 0.607924 0.551702 0.350759 0.269973 0.249540 0.257730 0.019396 0.011596 
3.771678 2.890627 1.900956 1.126756 0.530067 0.231101 0.229219 0.377317 0.246383 0.086985 -0.028562 -0.007137 
3.917444 3.011810 2.048380 1.402702 0.625867 -0.049118 -0.033098 0.279800 0.202930 0.016811 -0.066256 -0.011325 
3.937049 2.909658 2.123151 1.445654 0.620482 -0.197968 -0.074350 0.368100 0.052415 -0.132082 -0.104200 -0.015729 
3.965578 2.941300 2.091284 1.485788 0.569775 -0.479005 0.036865 0.479662 -0.029563 -0.282872 -0.161109 -0.021424 
3.924378 2.850816 2.016287 1.473772 0.389793 -0.472786 0.128993 0.457434 -0.098895 -0.375787 -0.200666 -0.026236 
3.931446 2.810899 1.994876 1.274652 0.209359 -0.380281 0.180712 0.495877 -0.137939 -0.426952 -0.250249 -0.040811 
3.996617 2.761405 1.909501 1.224344 0.119255 -0.149440 0.240114 0.566862 -0.182753 -0.547448 -0.291371 -0.053501 
3.965501 2.711531 1.603710 0.908854 0.433343 -0.004296 0.315410 0.475829 -0.142679 -0.581196 -0.361879 -0.063420 
3.969067 2.653340 1.213037 0.874901 0.737647 0.155290 0.201907 0.246672 0.016561 -0.558670 -0.412777 -0.068606 
3.846547 2.460287 1.141775 0.896606 0.636075 0.155433 0.280729 0.478233 -0.041352 -0.699077 -0.431156 -0.056905 
3.847678 2.386426 1.093550 0.932059 0.549952 0.099063 0.189656 0.551249 -0.098820 -0.750501 -0.400419 -0.045828 
3.806671 2.268269 1.023772 0.992005 0.651642 0.042537 0.085327 0.456384 -0.162290 -0.786033 -0.364620 -0.031812 
3.771098 2.159757 1.012280 0.879852 0.729954 0.069380 0.024098 0.327744 -0.259774 -0.813148 -0.339332 -0.025896 
3.733780 2.144583 1.075169 0.836635 0.695774 -0.009036 0.047910 0.182160 -0.407638 -0.832340 -0.282544 -0.019514 
3.569287 2.162869 1.007751 0.775517 0.472728 0.102847 0.148997 0.034800 -0.592863 -0.776343 -0.246230 -0.015943 
3.802438 2.277560 0.880679 0.464299 0.426854 0.313175 0.136660 0.004872 -0.503086 -0.741914 -0.286710 -0.029163 
4.083037 2.397730 0.616615 0.423360 0.578002 0.398359 0.130662 0.188430 -0.425008 -0.798673 -0.297343 -0.031801 
4.116505 2.332177 0.698204 0.375853 0.568390 0.411280 0.403968 0.196706 -0.459570 -0.887345 -0.254282 -0.012868 
3.846277 2.252416 0.899948 0.312798 0.263192 0.429778 0.677471 0.206968 -0.523378 -0.747321 -0.209629 -0.000592 
3.955626 2.054956 0.615333 0.594927 0.520427 0.471451 0.548635 0.334597 -0.381933 -0.757780 -0.226163 0.012551 
5.099036 2.396208 0.193420 0.893952 0.873724 0.078401 0.371736 0.810893 -0.268747 -0.980600 -0.276850 0.042858 
5.631477 2.121217 0.096905 1.326906 1.008060 -0.092831 0.552176 0.850293 -0.427161 -0.954411 -0.284998 0.075837 
4.707613 2.124190 0.818177 1.016226 0.810661 0.009030 0.680373 0.632979 -0.356057 -0.858720 -0.153487 0.048370 
4.097509 2.246849 0.908011 0.973091 1.055138 0.473092 0.380621 0.173399 -0.575117 -0.626578 -0.067687 0.039408 
4.899317 1.946735 0.697702 1.468488 1.405281 0.115835 0.517406 0.655112 -0.707680 -0.927271 -0.178043 0.076495 
4.791432 2.164509 0.973225 1.181377 1.207554 0.067929 0.478779 0.903240 -0.783671 -0.942137 -0.165415 0.067914 
4.558670 2.167479 0.913259 1.306747 1.297488 0.282231 0.529935 0.848875 -0.627844 -1.081408 -0.214728 0.055785 
4.481934 2.380006 0.991725 1.477422 1.248643 0.246112 0.679009 0.828706 -0.666911 -0.963777 -0.112488 0.065516 
4.749593 2.505797 1.425017 1.733656 1.253889 0.122713 0.756268 0.837064 -0.714502 -1.085978 0.000770 0.101282 
4.230376 2.666117 1.685093 1.567345 1.449522 0.043563 0.657310 0.768560 -0.834037 -0.757973 0.079805 0.071927 
4.193389 2.815041 2.051942 1.754369 1.932905 -0.048237 0.662302 0.576062 -0.857187 -0.534919 0.106751 0.067206 
4.271374 3.168096 2.205061 1.647750 2.154577 -0.460334 0.892404 1.105266 -1.175187 -0.529382 0.079959 0.078547 
3.798813 3.011692 2.675004 1.352603 1.980204 0.797692 0.419049 0.744716 -0.770610 -0.324271 0.159271 0.014280 
3.291212 2.714656 2.410522 1.718939 2.289898 1.076789 0.233976 0.602251 -0.308135 -0.192098 -0.045434 -0.002944 
3.207469 2.576831 2.329418 1.935741 1.959201 1.088882 0.343322 0.502999 -0.058105 -0.166659 0.004501 0.019205 
3.309873 2.902685 2.464590 1.764693 2.234351 1.185325 0.536097 0.883842 0.031356 -0.164540 -0.027826 0.004497 
3.209192 2.879423 2.476562 1.793389 1.977999 1.368573 0.561898 0.480308 -0.191527 -0.026872 -0.047639 0.011043 
3.121410 2.683650 2.370031 1.821697 1.944792 1.035948 0.267370 0.635276 -0.059799 -0.036264 0.069669 0.026352 
3.040151 2.651306 2.425910 1.638648 1.838724 1.078503 0.483145 0.440001 -0.093799 0.067924 0.024906 0.028056 
3.104990 2.984119 2.741150 2.029159 2.203265 0.694745 0.477248 0.824737 -0.089725 -0.030784 0.022410 0.012761 
3.169631 2.977704 2.606137 2.094232 2.280246 0.860263 0.469126 1.091847 0.141711 -0.054904 0.062131 0.018286 
3.090885 2.820867 2.584218 2.173905 2.213910 1.331199 0.754496 1.308610 0.202401 -0.117893 0.122897 0.024697 
3.230545 2.771289 2.494694 2.205870 2.449621 1.695092 0.806274 1.373462 0.309479 -0.254564 0.050514 0.013301 
3.368206 2.822362 2.561237 2.610518 2.710037 1.826367 0.972656 1.753511 0.536253 -0.514961 -0.009317 0.008168 
3.262449 2.694489 2.528571 2.598237 2.857558 1.649078 1.145094 1.633459 0.504806 -0.367391 -0.137834 0.003850 
3.059967 2.620353 2.309984 2.570788 2.132426 1.686677 0.923055 0.912193 0.345995 -0.219402 -0.083012 -0.007980 
3.155751 2.631155 2.543480 2.633528 2.184565 1.941303 0.997823 1.034645 0.381454 -0.381186 -0.067894 -0.008610 
3.732418 3.175337 2.506666 2.754887 2.620096 2.133204 0.392858 2.095473 0.687882 -0.897831 0.012684 -0.028832 
3.494805 2.898721 2.536663 2.244395 2.617971 1.849680 0.661641 1.487492 0.764292 -0.719729 -0.091565 -0.041130 
3.260720 2.579443 2.369257 2.238934 2.324716 1.704488 0.925148 1.329089 0.061236 -0.317294 -0.167341 -0.026411 
3.312698 2.511314 2.353843 1.830248 1.890727 1.534111 0.581484 0.835050 0.366583 -0.497305 -0.006647 -0.022113 
3.385159 2.839040 2.346226 1.848231 1.964344 1.466671 0.997240 1.054685 0.399463 -0.347944 -0.087130 -0.027096 
3.962325 3.181035 2.306393 2.219893 2.136955 2.163071 0.642143 1.236746 0.870935 -0.641790 -0.042426 -0.033774 
4.788965 3.827938 2.102105 1.889733 2.568641 2.559933 0.323451 1.284055 1.157400 -0.948201 0.044696 -0.066338 
3.528819 2.931410 2.350137 2.341587 2.270713 1.837754 1.141397 1.131342 0.552459 0.001693 -0.198062 -0.017800 
3.345062 2.802768 2.293046 2.086604 1.891350 1.501976 1.240886 0.720812 0.425245 0.017740 -0.118369 -0.009012 
3.641531 2.991553 2.340896 1.940037 2.006027 1.714364 1.082786 0.959390 0.430398 0.109068 -0.105620 -0.011057 
3.917398 3.214414 2.204037 1.872770 1.953380 1.695835 1.173076 1.049566 0.588467 0.221598 -0.122052 -0.016963 
4.015246 3.037496 2.209675 1.840552 1.918631 1.685591 1.373307 1.201766 0.506773 0.245089 -0.077019 -0.002377 
3.267140 2.726812 2.303840 2.024995 1.780543 1.385575 1.170220 0.941491 0.547396 0.260337 -0.048453 0.029629 
2.974736 2.120674 1.625730 1.521496 1.711439 1.527546 0.859525 0.605618 0.392891 0.209877 0.126868 0.056285 
