2.638189 1.875440 2.659061 0.724529 1.409574 0.778359 1.232779 1.031643 0.041854 0.171156 0.144743 0.056025 
2.906941 1.328251 3.071878 0.900293 1.483821 0.205041 0.998087 0.664099 -0.015377 0.569139 0.313263 0.062940 
2.979072 1.316636 2.040534 1.153718 1.471808 -0.218074 0.582784 0.562869 0.704666 0.891230 -0.232661 0.040780 
3.355813 0.955308 2.135728 0.927668 1.880717 -0.448598 0.222568 0.485643 0.607633 0.807923 -0.381012 -0.010496 
3.404220 1.136244 1.807028 0.971623 1.755662 -0.372383 0.048381 0.240809 0.491276 0.776870 -0.499482 -0.048561 
3.472113 0.842822 1.402571 0.732694 1.773777 0.180529 -0.167013 0.073722 0.565989 0.365065 -0.572909 -0.095481 
3.374591 0.855758 1.023305 0.580877 1.014296 0.847324 -0.722966 -0.273629 0.728567 -0.078881 -0.434266 -0.108962 
3.401465 0.914942 0.858887 0.234721 1.033955 0.723352 0.299163 -0.374667 0.998500 -0.144203 -0.349340 -0.071594 
3.509684 0.815761 0.922262 0.128553 1.446298 0.497571 0.958876 -0.068019 1.564043 -0.103118 -0.217185 0.039387 
2.968111 1.561817 0.741605 0.352343 1.290052 0.581472 1.047815 0.904532 0.745238 0.205955 -0.151654 0.031995 
2.775995 1.956366 0.826334 0.522041 0.534079 0.304137 1.268405 1.375551 0.287345 0.515900 -0.050916 0.061253 
2.154762 2.775326 0.872939 0.852395 1.152600 0.228058 2.207859 0.813025 0.438422 0.443433 -0.256217 0.111528 
1.836578 2.528103 0.465238 1.155592 1.033246 0.508873 2.787426 0.715033 0.730925 0.238088 -0.212021 0.106505 
1.887468 2.504012 0.474484 1.263744 1.319835 0.606942 2.498694 0.262952 0.537166 -0.157640 -0.310985 0.127735 
1.867773 2.437593 0.799294 1.035440 1.748016 0.821315 2.544653 0.552680 0.737324 -0.439333 -0.260038 0.111420 
1.946963 1.998893 0.718864 1.017859 1.487021 0.960923 2.894689 0.478189 0.762817 -0.605882 -0.164716 0.113635 
2.506119 2.051153 1.508298 0.513033 1.984506 0.778260 2.538654 0.269059 0.140644 -0.777152 0.022418 0.109048 
2.823731 2.186393 1.933969 0.495942 1.257551 0.694533 2.237475 0.580875 -0.073353 -0.859479 0.083975 0.057663 
3.422138 2.766648 2.087620 1.528744 1.537567 0.493238 0.814362 0.271556 -0.247883 -0.561150 -0.353941 -0.050041 
3.854837 2.621998 2.147934 1.488401 1.211875 0.311996 0.671793 0.221875 -0.257089 -0.659906 -0.398358 -0.072859 
3.901488 2.775735 1.674735 1.230328 1.373662 0.221936 -0.431067 0.021139 0.134837 -0.370450 -0.543619 -0.121127 
4.664902 2.817142 1.446873 1.275639 1.839559 -0.223555 -0.620622 0.022460 0.245287 -0.717272 -0.520169 -0.149443 
3.883882 2.589581 1.586106 1.195222 0.969377 -0.227207 -0.519645 -0.394085 -0.221991 -0.689333 -0.551263 -0.138223 
4.116214 2.645199 1.692875 1.335172 0.888928 -0.522509 -0.702396 -0.431314 -0.438845 -0.766680 -0.500398 -0.137890 
3.708548 2.697402 1.533833 0.678743 0.443191 -0.405046 -0.759053 -0.805201 -0.995891 -0.791043 -0.410580 -0.135483 
4.337770 2.944904 1.358106 0.410080 0.261823 -0.319548 -0.470504 -0.566292 -0.756876 -1.033335 -0.434871 -0.145493 
4.484890 2.762003 1.260180 0.816031 0.769004 -0.501546 -1.075471 -0.580288 -0.442319 -0.954407 -0.439222 -0.145020 
3.362653 2.191872 1.076269 0.506393 0.283527 -0.441847 -0.747045 -0.724800 -0.704027 -0.726152 -0.463614 -0.132786 
3.745909 2.490252 1.376727 0.815103 0.217758 -0.833613 -1.141947 -0.688162 -0.530279 -0.630975 -0.431990 -0.123061 
4.643726 2.560172 1.278151 0.891268 0.768700 -1.022199 -1.697523 -0.921075 -0.452186 -0.807681 -0.367331 -0.106750 
5.676614 2.807501 0.621293 0.413994 1.627091 -1.647243 -2.212520 -1.049875 -0.368775 -1.098684 -0.557346 -0.126444 
3.487636 2.313044 1.163118 0.626310 -0.034235 -1.199066 -1.809062 -1.275751 -0.845555 -0.674111 -0.199508 -0.070719 
4.098952 2.488398 1.237788 0.581281 -0.033832 -1.512013 -1.862633 -0.970375 -0.757743 -0.889234 -0.206761 -0.051281 
4.658919 2.506928 0.979658 0.745582 0.418740 -1.678535 -2.309810 -0.987695 -0.689848 -1.293081 -0.267884 -0.040598 
5.441620 2.749466 0.350026 0.155805 1.072808 -2.000192 -2.346973 -0.994935 -0.643526 -1.620866 -0.531367 -0.065179 
4.830281 2.641983 0.477347 0.521575 0.838188 -1.941120 -2.319051 -0.917665 -0.709967 -1.371040 -0.312273 -0.034516 
4.288070 2.288928 0.928605 0.760692 0.165598 -1.912916 -2.237382 -0.874005 -0.603718 -1.058250 -0.191514 -0.011925 
4.053970 2.295596 0.795745 0.661648 0.336312 -1.583904 -2.297214 -1.208673 -0.683822 -0.701814 -0.136544 -0.025669 
3.446414 2.090071 1.101098 0.661543 -0.228930 -1.544321 -1.723924 -1.191157 -0.856801 -0.604371 -0.070853 -0.007606 
4.228524 2.306736 1.109035 0.973654 0.127778 -1.811985 -2.251372 -1.009024 -0.567477 -1.011539 -0.151922 -0.001768 
4.514283 2.399142 0.988038 0.820986 -0.011618 -1.873328 -2.253686 -0.863698 -0.643752 -1.253558 -0.186074 0.002501 
3.986577 2.190571 0.615673 0.421201 -0.113451 -1.637672 -1.937346 -0.880883 -0.656029 -0.920908 -0.147063 -0.019285 
3.423549 1.923085 0.887411 0.380032 -0.415742 -1.278314 -1.233964 -0.786618 -0.776056 -0.826930 -0.172752 -0.030150 
4.433991 2.213106 0.558118 0.542861 0.223840 -1.285290 -1.192821 -0.382635 -0.676072 -1.398651 -0.247101 -0.004788 
6.430237 2.246771 0.171409 0.385435 1.370586 -2.017404 -0.865620 -0.425876 -0.648687 -1.736667 -0.878174 -0.005794 
4.627407 2.459663 0.531513 0.330759 0.325109 -0.919864 -0.981376 -0.098812 -0.499366 -1.128780 -0.279008 -0.025635 
4.659121 2.466580 0.625348 0.525799 0.325662 -1.025952 -0.901869 0.044668 -0.417211 -1.258961 -0.241884 0.009013 
5.930294 2.694839 0.231318 0.727777 1.197176 -1.478033 -1.245028 0.178870 -0.372268 -1.372951 -0.573096 0.014740 
5.058930 2.588028 0.742546 1.006182 0.478368 -1.515594 -1.375950 0.048489 -0.156641 -1.233120 -0.262847 0.036086 
6.128445 2.859630 -0.050586 1.006902 1.355001 -2.083030 -0.909226 0.145669 -0.273023 -1.146857 -0.580813 0.043281 
5.256095 2.720238 0.705928 0.899848 0.724156 -1.799219 -1.081887 -0.115861 -0.243059 -1.230905 -0.271825 0.050045 
4.484056 2.678521 1.002684 1.046484 0.251028 -1.565992 -1.092880 -0.157943 -0.253855 -0.954476 -0.043043 0.057702 
4.736826 2.560620 0.784460 0.669071 0.638942 -1.896535 -1.001371 -0.220074 -0.157571 -1.124160 -0.100917 0.076574 
5.193232 2.804768 0.241381 0.551953 1.004168 -2.393917 -0.794742 -0.282388 -0.038073 -1.511118 -0.331296 0.070141 
5.163402 2.711417 0.018367 0.237693 1.189350 -2.804825 -0.809750 -0.346957 -0.364718 -1.439986 -0.436344 0.072640 
4.457518 2.367651 0.194706 0.440585 0.088805 -1.964728 -1.184840 -0.252331 -0.702084 -1.341139 -0.142067 0.046150 
5.289996 3.086325 -0.343603 -0.260258 1.540132 -3.429896 -0.570076 -0.235001 -0.413355 -1.208147 -0.677142 0.058466 
5.122917 2.687593 0.365676 -0.487791 1.469939 -2.935101 -0.488365 -0.142386 -0.687848 -1.374009 -0.526472 0.066093 
5.528212 2.645894 0.172764 -0.652595 1.768587 -3.217861 -0.252903 -0.152832 -0.881596 -1.337758 -0.703332 0.113515 
5.264040 2.760979 0.093517 -0.370392 0.525243 -2.397967 -0.452654 0.024863 -0.918456 -1.483957 -0.388788 0.068698 
5.816507 2.627503 -0.207473 -0.203740 0.703903 -2.751339 -0.052724 0.215343 -0.885338 -1.316445 -0.495301 0.120036 
5.592536 2.533056 -0.187759 -0.480881 0.479812 -3.309092 0.271864 -0.132193 -0.845939 -1.513032 -0.483936 0.146300 
4.423967 2.206183 0.395348 -0.373001 -0.599685 -1.611690 -0.535773 0.235107 -0.923935 -1.530888 0.047031 0.069334 
4.939381 2.232140 0.453010 -0.660298 0.294811 -2.305423 -0.036821 0.297527 -0.714986 -1.547724 -0.183933 0.105336 
5.220802 2.194200 0.157415 -0.836618 0.874633 -2.821035 0.227981 0.283766 -0.836124 -1.281737 -0.359069 0.137557 
5.403141 2.092977 -0.131709 -0.834241 1.138066 -3.202023 0.454733 0.271068 -0.925620 -1.014022 -0.453907 0.163539 
4.111380 1.853690 0.211143 -0.449210 0.131376 -1.222955 -0.046839 -0.001503 -0.677338 -0.759826 0.029686 0.028637 
4.719779 1.791329 0.029803 -0.150691 0.670647 -2.032616 0.144104 0.096685 -0.586473 -0.833875 -0.037232 0.102715 
5.174310 1.739188 -0.149132 0.048253 1.482868 -2.502400 0.308955 0.225846 -0.533741 -0.515461 -0.136259 0.155254 
5.764007 1.455877 -0.155493 0.323002 2.394062 -2.708083 0.481624 0.312746 -0.351210 -0.300379 -0.238511 0.211226 
5.079152 1.507191 0.004337 0.951463 2.157469 -1.729885 -0.088890 0.201908 -0.065317 -0.297643 0.041778 0.161025 
4.943811 1.462345 -0.012007 1.301725 1.547246 -0.855887 -0.457220 0.556392 0.197961 -0.354833 0.084675 0.118373 
5.394768 1.055049 -0.037126 1.070229 2.306628 -1.204532 -0.018635 0.690748 0.229204 -0.221448 0.003066 0.151050 
5.274702 1.044875 -0.024683 0.606292 2.512454 -0.974419 -0.016765 0.743306 0.393187 -0.239605 -0.071997 0.116126 
4.453698 0.954287 -0.101290 0.665629 2.157129 -0.401108 0.442805 0.248589 0.032273 -0.439604 -0.115498 0.048065 
4.874583 0.532855 0.264795 -0.279039 2.190110 -1.108347 0.523195 0.558175 -0.097369 -0.601572 -0.216046 0.135024 
4.300117 0.942555 0.806618 -0.002642 1.761868 -1.468254 0.540591 0.152714 -0.506027 -0.432380 0.084846 0.129407 
4.259126 1.104655 0.800872 0.545102 1.813901 -1.357892 0.540552 0.060401 -0.306512 -0.429183 0.013512 0.106989 
3.572736 1.565768 0.771368 0.982610 1.074675 -0.663960 0.510744 0.490155 -0.173118 -0.228044 -0.048780 0.031112 
4.327299 1.476658 1.437351 0.994010 1.885949 -1.476899 1.231867 0.217019 0.209177 -0.353005 -0.282236 0.072655 
4.385767 1.456318 1.048421 0.993376 1.995707 -0.556589 1.062039 0.357618 0.036082 -0.510257 -0.173641 0.073503 
4.194982 1.719300 1.391769 0.910882 1.706988 0.128564 1.341526 0.462741 -0.194603 -0.611815 -0.177253 0.043508 
3.419765 1.681020 1.031617 0.898217 1.394654 0.420072 0.482212 0.411793 -0.217799 -0.297700 -0.151614 0.025939 
3.853818 1.307566 1.328500 0.404202 2.385255 0.720207 0.575881 1.031228 -0.287421 -0.561691 -0.281034 0.005956 
4.168233 1.428002 1.100060 0.580334 2.561544 0.422941 0.548740 1.040501 -0.260841 -0.418220 -0.410703 -0.034943 
