0.438436 3.491305 1.923711 -0.011848 3.864796 -1.409454 3.122535 -0.084665 0.284139 0.569931 0.039505 0.175004 
0.308907 3.217093 2.242120 -0.255891 4.112097 -1.420529 2.864204 -0.388999 0.390220 0.826868 0.030916 0.187662 
0.785443 3.156628 2.113086 -0.426084 3.624162 -1.110111 2.923554 -0.400183 0.304898 0.773177 0.036134 0.194032 
0.657724 3.549030 1.072361 0.077013 3.425604 -1.272730 2.657775 -0.262083 0.924268 0.820942 0.058429 0.186601 
0.288070 3.357005 0.741763 -0.116572 4.024279 -1.918550 2.690253 -0.098358 1.432672 0.926372 0.065025 0.148604 
0.231378 3.322028 1.176721 -0.287594 4.026236 -2.134524 1.985298 0.031658 1.583976 0.953846 0.085730 0.130551 
0.155701 3.258643 1.188087 -0.638255 4.632011 -2.271720 1.865717 0.537401 1.189888 0.778297 0.077073 0.081746 
-0.123796 3.151902 1.346121 -0.478377 3.699833 -1.417027 1.734063 0.092800 1.182019 0.683725 0.206882 0.047232 
-0.204880 3.358983 1.680108 -1.306186 3.497042 -1.987585 1.694829 0.432175 1.035119 0.769367 0.166024 0.065738 
-0.400165 2.929883 1.691552 -1.409895 3.179431 -1.894258 1.268080 0.176312 1.667658 0.901234 0.236161 0.042941 
-0.605210 3.247149 1.282786 -1.098853 2.726016 -1.739378 1.457355 0.194777 1.784592 0.734775 0.220713 0.042126 
-0.539596 3.580581 0.710792 -1.584235 2.596542 -1.855302 1.332557 0.374569 1.864379 0.852965 0.220731 0.063949 
-0.462806 3.421291 0.370025 -0.442789 2.878791 -2.231654 0.785859 0.457551 2.325383 0.929309 0.138663 0.052173 
-0.001488 3.530731 -0.244389 -0.049478 2.839438 -2.636159 0.476219 0.679579 2.277679 0.992911 0.070641 0.086760 
0.247982 3.392708 -0.474507 -0.195547 2.807062 -2.713113 0.264204 0.688700 2.378745 1.038576 0.042755 0.102505 
0.588945 3.065931 -0.197984 0.470822 2.244041 -2.028487 0.011749 0.582317 2.555632 0.760853 0.213470 0.048838 
1.277450 2.830286 -0.136091 1.369031 1.717536 -1.485914 0.531600 0.653599 2.417140 0.751309 0.241846 0.020231 
1.311293 2.663576 0.558984 1.161107 1.935258 -1.263291 0.719346 0.791417 2.087650 0.691680 0.214808 0.061108 
1.475392 2.623394 0.647137 1.487310 1.753988 -1.028636 0.783877 0.780580 2.403229 0.510353 0.259223 0.045112 
1.779646 2.773984 0.823077 1.086783 2.411610 -1.721866 0.805697 0.830963 2.245358 0.536638 0.011242 0.106971 
2.640373 3.283953 1.525906 1.090510 2.299103 -1.520655 0.470633 -0.305159 0.810351 -0.042288 -0.067121 0.055593 
3.247738 4.513681 1.152093 -0.067239 2.242697 -2.278672 0.867709 -0.557323 -0.092161 -0.373461 -0.355136 -0.047374 
3.847647 4.024285 0.685457 -0.340257 2.027751 -2.161590 0.866100 -0.135555 -0.151800 -0.383095 -0.451869 -0.059966 
4.688064 3.932039 0.627627 -1.287286 2.146718 -2.284072 0.804241 -0.339997 -0.168253 -0.387553 -0.473291 -0.028033 
4.852765 3.329634 0.660859 -1.033964 1.714150 -1.946057 0.729113 -0.254379 -0.103301 -0.363914 -0.446710 -0.037364 
5.928716 3.660318 -0.334051 -1.736973 3.091692 -2.880887 0.112931 -0.340229 0.342902 -0.229829 -0.876155 -0.074951 
5.821534 3.399976 -0.695117 -1.020655 2.474102 -2.916450 0.231824 -0.168473 0.297913 -0.370158 -0.824477 -0.038541 
6.018071 2.953647 -0.724526 -1.040963 2.349606 -2.923283 -0.014451 -0.165417 0.205208 -0.367822 -0.838144 -0.038886 
5.842728 2.427772 -0.296119 -1.255965 2.183174 -2.780259 -0.379496 -0.156831 0.104484 -0.372615 -0.747540 -0.044708 
5.941145 2.470893 -0.841431 -1.009692 2.303321 -3.146987 -0.422249 -0.351056 -0.015862 -0.217363 -0.794801 -0.026111 
5.609492 2.478606 -0.707345 -1.111585 1.951323 -2.514392 -0.986951 -0.398559 -0.092778 -0.275648 -0.602194 -0.090792 
5.322033 2.259614 -0.443898 -0.644090 1.229057 -2.242221 -1.082721 -0.491053 0.069495 -0.381910 -0.462780 -0.103261 
6.623678 2.345439 -0.965943 -1.521945 2.428791 -3.549041 -0.499812 -0.680374 -0.055933 -0.091218 -0.971265 -0.040116 
6.260948 2.825271 -1.423724 -1.300019 1.999748 -3.227444 -0.578837 -0.582476 0.008427 -0.225954 -0.856343 -0.080085 
5.186130 2.448134 -0.605539 -1.000365 0.566411 -1.767995 -0.942106 -0.419125 0.087107 -0.571041 -0.426814 -0.145404 
4.548481 2.293589 -0.106415 -0.892177 -0.390431 -1.324247 -0.610171 -0.263952 -0.160355 -0.669674 -0.319381 -0.128344 
5.644895 2.524411 -0.974720 -1.314904 0.582902 -1.704505 -0.734642 -0.639983 0.184507 -0.489903 -0.413279 -0.149219 
5.603095 2.542560 -1.035339 -1.161608 0.215078 -1.260211 -1.146489 -0.553351 0.313455 -0.511308 -0.337567 -0.167948 
4.188539 2.288844 0.088496 -0.893586 -1.083258 -1.159727 -0.703715 -0.137269 -0.106736 -0.484412 -0.217093 -0.131534 
4.478310 2.256773 -0.240613 -1.144504 -0.571222 -0.999861 -0.820573 -0.250411 -0.076875 -0.387713 -0.223313 -0.131114 
5.817061 2.250925 -0.925611 -1.349707 -0.453945 -1.155334 -0.870686 -0.180959 0.158557 -0.545776 -0.303422 -0.114597 
4.926704 2.296679 -0.579772 -1.428857 -0.999834 -0.739077 -0.483227 -0.119234 -0.190993 -0.657473 -0.173846 -0.086798 
4.506560 2.046434 -0.603946 -1.326537 -0.783363 -0.800305 -0.536872 -0.013666 -0.165390 -0.654730 -0.161225 -0.097914 
5.322309 2.203368 -1.137701 -1.533797 -0.477585 -0.811664 -0.844365 0.236683 0.189638 -0.797921 -0.290797 -0.112079 
4.446507 1.788302 -0.778409 -0.990651 -0.589230 -0.565475 -0.305419 0.187349 -0.013133 -0.780608 -0.184705 -0.091759 
4.159040 1.719840 -0.596412 -1.154680 -0.559982 -0.487645 -0.115964 0.233813 -0.071139 -0.706840 -0.154392 -0.097180 
6.717365 1.486940 -1.812360 -1.839497 0.882679 -1.704696 -0.084651 -0.119528 0.673776 -0.459049 -0.638378 -0.108557 
6.091014 1.738304 -1.831949 -1.884093 0.587109 -0.938767 -0.360502 0.011558 0.902066 -0.679268 -0.482149 -0.129039 
4.458430 1.756521 -1.024017 -1.281483 -0.475137 -0.110021 0.183281 0.562586 0.095650 -0.837319 -0.155099 -0.079944 
4.497610 1.571003 -0.986156 -1.177650 -0.287449 -0.101178 0.245319 0.779439 0.217443 -0.786022 -0.179127 -0.082513 
6.103769 1.764206 -1.999879 -2.019959 1.216988 -0.944724 0.006370 0.620692 0.885162 -0.358909 -0.502007 -0.141357 
5.848084 1.505594 -1.754387 -1.922444 1.022175 -0.540322 -0.285508 0.699436 0.903762 -0.401168 -0.426171 -0.153645 
5.777581 1.977372 -2.501504 -1.417164 0.931474 -0.637780 -0.232385 0.642136 1.031372 -0.293956 -0.422408 -0.183330 
6.255219 1.500746 -2.272685 -1.800132 1.327519 -0.979575 -0.266429 0.820626 0.995428 -0.102093 -0.537367 -0.184969 
6.056729 1.693742 -2.636135 -1.156523 0.721662 -0.569857 -0.270804 0.606223 1.321499 -0.231627 -0.447257 -0.202225 
5.819121 1.542537 -2.122455 -1.607190 1.107005 -0.674496 -0.182723 0.623486 1.349110 -0.213605 -0.404842 -0.183441 
5.695468 1.668023 -2.365335 -1.542304 0.701374 -0.064405 -0.645307 0.851842 1.338103 -0.280920 -0.355700 -0.209053 
5.911996 1.567798 -2.497104 -1.714810 0.820383 -0.319865 -0.125603 0.494514 1.596253 -0.315214 -0.399455 -0.213542 
5.862447 1.316507 -2.360302 -1.683580 0.722219 -0.283842 -0.355604 0.762940 1.400318 -0.316551 -0.425289 -0.192751 
5.663835 1.524704 -2.458823 -1.814202 0.726313 -0.235478 -0.558906 0.826966 1.329077 -0.340658 -0.383010 -0.208413 
6.265759 1.389813 -2.553941 -2.117707 1.096440 -0.550029 -0.141523 0.673762 1.360030 -0.122632 -0.498328 -0.215791 
6.164795 1.488504 -2.557854 -2.035714 0.802781 0.161336 -0.729078 1.095869 1.234008 -0.139270 -0.439609 -0.233211 
5.684659 1.359145 -2.087223 -2.098742 0.626473 0.356100 -0.541503 0.817814 1.433042 -0.436107 -0.320015 -0.189204 
5.180665 1.337746 -2.006083 -1.553126 0.447149 0.152562 -0.348573 1.153612 1.236623 -0.577841 -0.278093 -0.146976 
6.603332 0.635666 -1.734990 -2.375232 0.836462 0.332660 -0.663027 1.412353 1.329195 -0.295551 -0.504992 -0.203250 
6.273751 1.136874 -2.261929 -2.053274 0.860228 0.139383 -0.298439 1.276310 1.383302 -0.266779 -0.508150 -0.209371 
5.805674 1.332132 -2.268686 -1.674047 0.830862 -0.174364 -0.068962 1.178887 1.358414 -0.364930 -0.442242 -0.181937 
5.337332 1.362807 -1.853885 -1.362821 0.375166 0.115490 -0.254079 1.123506 1.256258 -0.485931 -0.288292 -0.151880 
7.516524 0.587477 -2.460764 -1.460874 1.739984 -1.417458 0.604647 0.888038 1.085432 0.046589 -0.639273 -0.135641 
5.962510 1.146295 -2.164446 -1.013138 0.715397 -0.101817 -0.244320 1.013290 1.189387 -0.264348 -0.407441 -0.156260 
6.069258 1.291690 -2.337852 -1.089460 0.887820 -0.068467 -0.171966 0.916750 1.186665 -0.252803 -0.428246 -0.167782 
5.181109 1.313491 -1.772362 -1.062615 0.671580 0.276131 -0.063571 1.048302 1.163359 -0.610355 -0.296123 -0.137754 
5.550819 1.349491 -2.235893 -1.178042 1.004892 0.420390 -0.127331 1.114423 1.260599 -0.463566 -0.416902 -0.177999 
5.739782 1.119576 -2.351604 -1.018600 1.082893 0.151881 0.274479 1.286603 1.219644 -0.408347 -0.500885 -0.166756 
4.967967 1.102953 -2.077669 -0.931856 1.204991 0.236071 0.052953 1.094112 1.166631 -0.438101 -0.336014 -0.159696 
4.476014 0.972325 -1.406234 -0.453846 0.953440 0.278594 -0.021690 1.262893 1.168191 -0.380072 -0.258059 -0.157774 
4.637123 1.057669 -1.494405 -0.359662 1.088438 0.044293 -0.200234 1.309936 1.239193 -0.403659 -0.317581 -0.176480 
5.659468 1.201337 -2.064527 -0.348111 1.464399 -0.056984 -0.147850 1.400967 1.421870 -0.116796 -0.437179 -0.169746 
5.106226 1.375272 -1.682823 -0.332056 1.247714 0.331163 -0.281480 1.224728 1.478160 -0.305691 -0.246893 -0.141392 
5.054171 1.175468 -1.674503 -0.320622 1.657105 0.516289 -0.165772 1.351948 1.696210 -0.232393 -0.241048 -0.139468 
4.295592 1.033344 -1.063779 0.121357 1.236445 0.255760 -0.048198 1.188396 1.337310 -0.202359 -0.141865 -0.128747 
5.140609 1.257400 -2.155879 -0.333100 2.028575 0.622490 -0.235400 1.407275 1.455700 -0.200447 -0.255965 -0.128729 
6.324715 0.383784 -2.166570 -0.270331 2.154497 0.216844 0.102538 1.321083 1.403135 -0.062322 -0.434965 -0.091464 
5.218999 0.632311 -2.084587 0.107280 2.043610 0.406731 -0.236928 1.056693 1.442284 -0.346917 -0.344255 -0.108315 
3.716945 0.663512 -0.947367 0.620288 1.697100 0.143503 -0.326016 1.213038 1.376962 -0.281259 -0.212132 -0.149001 
