2.686039 2.006699 1.653538 1.512329 1.353095 1.109997 1.000833 0.693160 0.604110 0.313833 0.200626 0.073466 
4.316739 1.246255 -0.739641 0.425088 2.361905 1.161944 0.496391 1.186520 1.338605 0.205121 -0.017210 -0.035383 
3.847055 2.952446 2.086730 1.514205 2.790781 1.729622 0.892098 0.869394 -0.021801 -0.244610 0.000750 -0.021871 
3.875969 2.364193 1.016145 0.455831 1.536086 1.475144 1.286680 1.050038 0.462961 0.056755 0.065484 0.021912 
2.235247 0.579492 1.549257 3.157392 1.434342 0.379245 0.493775 1.117548 0.995089 0.211935 0.066403 0.084801 
4.641745 1.927922 0.362843 0.956641 2.021785 -0.052399 -0.287765 0.440415 0.604305 -0.215935 -0.055203 0.029515 
4.405148 3.633466 2.134638 1.092650 3.767543 0.846604 -1.007450 -0.643373 -0.810320 -0.082312 -0.011940 -0.093449 
5.360823 2.893537 0.127970 -0.164671 2.793562 -1.266476 -0.407760 -0.069577 -0.173556 -0.268609 -0.326118 0.000432 
1.343403 2.549821 0.800502 0.643876 2.592488 -0.772589 1.197819 0.465675 1.143242 0.486566 0.195684 0.072014 
5.499452 1.345223 -2.187093 -0.933360 1.996687 1.297205 -0.455247 0.545029 0.981727 0.039879 -0.127275 -0.163512 
4.025951 3.286734 2.688840 2.405949 2.330257 0.929844 -0.047993 -0.368193 -0.425699 -0.338611 -0.106731 -0.055139 
4.192096 2.957423 1.577816 0.794495 0.569744 -0.234779 -0.273060 -0.219650 -0.271393 -0.328409 -0.097686 0.004389 
0.775604 1.011024 3.912173 0.630593 0.244241 1.940878 0.785662 0.407508 0.746778 0.389963 0.233043 0.055998 
4.776985 1.891090 -0.681560 -0.670911 0.556718 0.071576 -0.259994 0.298780 0.462710 -0.136892 -0.072152 -0.059215 
4.476374 2.954071 1.714951 1.935474 2.305496 0.333454 -1.149754 -1.402828 -0.901553 -0.546336 -0.205091 -0.106295 
4.877704 2.890908 1.014422 0.626917 1.137404 -1.376044 -0.577067 0.207371 -0.125707 -0.606198 -0.217080 0.004084 
3.601699 2.286921 1.396287 0.990499 0.942030 0.371198 0.469162 0.322901 0.391518 0.095647 0.071192 0.053631 
5.492137 1.030505 -2.024803 -0.269105 3.075250 0.541301 0.511048 1.137441 1.419280 0.317198 -0.212873 -0.072817 
3.284819 2.653582 2.291557 1.984317 1.877766 1.178090 0.733479 0.345654 0.132626 -0.022773 -0.026281 0.014204 
4.715433 2.994912 0.623242 -0.508874 0.425666 0.567737 1.271282 0.602888 0.155204 -0.162038 0.020562 0.027133 
1.313669 -0.833999 2.378701 3.932050 1.034960 -0.243462 0.831141 1.295416 0.786206 0.155257 0.156893 0.092646 
5.301903 2.671021 0.166420 0.300043 1.450555 -0.154233 -1.123072 -0.597438 0.116117 -0.303758 -0.135934 -0.051120 
3.829172 3.317122 2.135377 0.724524 3.062930 -0.333199 0.770240 0.346208 -0.829710 -0.220904 -0.194552 0.006771 
5.524396 2.757217 0.038968 -0.876615 1.679638 -2.266898 -0.524041 -0.117632 -0.706461 -0.758181 -0.539537 -0.009448 
1.819899 2.349279 -0.045195 1.696359 1.297417 0.626943 0.866509 0.092277 0.879275 0.213343 0.392734 0.031314 
6.005263 1.711490 -2.124495 -1.446683 1.629617 -0.342839 -0.528338 0.396428 0.612315 -0.024594 -0.296344 -0.122930 
3.739223 2.967383 2.169710 1.635315 1.521139 0.657648 0.070459 -0.335525 -0.574283 -0.566453 -0.178967 -0.053332 
4.932452 2.792326 0.595143 -0.190519 0.699413 -0.651291 0.612910 0.121173 -0.752591 -0.757620 -0.309208 -0.008798 
-0.578543 -0.241937 4.148270 2.418197 -0.604485 0.238186 1.614253 0.498336 0.507848 0.377000 0.190231 0.074310 
5.360045 2.112893 -0.962306 -0.938238 0.649982 -0.731387 -1.531988 -0.486958 -0.027464 -0.518817 -0.246161 -0.098434 
3.752011 2.728495 1.763094 1.330492 1.265528 0.117296 -0.939664 -1.294777 -1.007880 -0.629735 -0.212927 -0.100872 
4.261292 2.582239 0.823604 -0.052657 0.029342 -1.001225 -1.086947 -0.831816 -0.918991 -0.760739 -0.161373 -0.032363 
