SAMPLES:	25756
BITSPERSAMPLE:	16
CHANNELS:	1
SAMPLERATE:	16000
NORMALIZED:	FALSE
-16
-17
-16
-12
-10
-11
-10
-4
0
1
0
-1
-2
-3
-4
-4
-3
-7
-9
-7
-4
-2
1
1
2
2
0
1
-1
3
11
19
21
18
15
16
13
9
7
9
12
12
10
7
2
-5
-9
-9
-7
-5
-6
-7
-9
-11
-10
-10
-9
-9
-7
-6
-2
1
1
1
0
-2
-1
-3
-1
-2
-1
-1
0
1
1
3
4
5
3
3
0
-2
-4
-6
-3
0
4
7
6
4
1
0
-1
0
2
0
-1
0
1
3
6
6
7
6
5
3
4
3
0
-2
-1
-2
-3
-5
-7
-6
-8
-12
-11
-5
0
1
0
1
5
5
7
8
9
7
4
0
-3
-4
-1
1
4
5
3
-2
-6
-10
-12
-11
-9
-8
-9
-9
-9
-7
-7
-4
-3
-2
-3
-3
-1
4
8
10
12
15
19
18
17
14
12
11
11
13
14
11
7
3
2
2
0
-2
-5
-7
-8
-9
-11
-14
-13
-14
-13
-9
-6
-5
-2
-2
-1
0
0
-2
-3
-4
-3
1
5
5
4
1
1
1
3
4
3
-1
-1
-2
0
3
8
8
8
7
4
1
-1
-2
-2
-2
-1
-1
-1
-1
1
-1
-1
-2
-3
-4
-4
-6
-4
-1
0
2
5
5
6
6
7
7
9
8
8
5
4
2
2
3
0
1
1
1
1
0
-2
-3
-5
-7
-9
-11
-11
-9
-7
-5
-2
-1
0
0
1
-1
-1
-1
0
0
-1
-2
-2
-3
-1
0
0
-1
-1
-3
-2
-2
-1
5
10
13
15
16
16
15
13
13
12
13
13
11
10
7
5
1
-3
-5
-9
-12
-13
-15
-15
-16
-19
-19
-17
-14
-12
-11
-11
-8
-3
2
6
7
7
7
11
11
12
11
10
8
5
3
1
1
1
1
2
3
3
4
5
5
5
3
3
1
0
-1
-3
-4
-4
-3
-2
-1
1
1
0
-1
0
-1
-2
-2
-2
1
4
5
5
5
3
3
4
4
3
3
1
0
-3
-6
-10
-12
-14
-14
-15
-17
-18
-22
-22
-23
-21
-17
-14
-8
-3
1
5
8
12
14
15
16
18
20
18
16
15
16
19
22
23
20
18
15
13
11
9
7
3
1
0
-2
-1
-1
0
1
2
1
0
-3
-7
-11
-14
-19
-21
-22
-20
-18
-16
-14
-13
-14
-15
-16
-16
-14
-12
-10
-6
-3
1
2
2
5
8
10
11
13
13
13
11
10
8
7
8
8
7
8
8
7
7
6
6
9
9
9
9
10
5
0
-3
0
2
1
-2
-1
3
2
0
-2
-5
-5
-8
-7
-5
-1
1
4
8
10
10
7
4
4
1
-1
-4
-2
-1
0
-4
-6
-8
-12
-13
-15
-17
-19
-19
-19
-19
-19
-18
-16
-14
-11
-8
-4
0
4
6
9
11
14
17
19
20
18
18
19
18
17
14
14
10
10
7
4
3
1
1
1
1
0
-2
-5
-6
-8
-8
-7
-6
-4
-4
-4
-5
-5
-5
-5
-4
-5
-5
-5
-5
-4
-1
0
2
3
5
7
11
14
19
20
19
15
10
5
1
-1
-1
0
-1
0
0
0
-1
-4
-8
-12
-15
-15
-14
-12
-9
-7
-5
-4
-5
-6
-7
-6
-4
-5
-2
1
2
3
1
0
-1
1
1
2
3
4
4
4
5
4
4
6
12
16
17
14
9
5
2
1
0
-1
0
-2
-1
-2
-5
-6
-5
-5
-11
-16
-16
-15
-14
-16
-17
-15
-11
-10
-7
-4
-1
0
0
2
-2
-5
-4
1
4
5
9
15
18
16
15
14
14
12
10
9
12
14
14
14
12
12
14
16
15
11
6
1
-1
-3
-7
-13
-15
-16
-17
-18
-18
-14
-13
-14
-15
-15
-15
-13
-12
-8
-3
-1
0
0
2
1
3
6
8
12
14
14
13
11
8
5
3
1
0
0
0
1
0
1
1
0
2
4
7
8
9
9
7
5
1
-2
-5
-6
-9
-9
-7
-7
-6
-4
-2
-1
-1
-1
-2
-1
-2
-3
-2
-1
2
4
7
8
7
6
4
5
6
7
6
5
3
0
-3
-6
-9
-10
-12
-12
-13
-15
-15
-13
-13
-10
-7
-5
-3
-3
-3
-6
-4
-3
-4
-4
-1
3
5
9
12
17
22
22
22
21
23
21
21
21
22
21
18
15
13
10
6
3
4
0
-5
-13
-18
-20
-27
-35
-39
-37
-33
-30
-27
-24
-21
-18
-14
-8
-3
1
3
5
9
13
16
19
20
21
22
24
24
25
21
19
15
13
11
7
2
-2
-6
-8
-8
-9
-7
-5
-4
-4
-6
-5
-4
-1
-3
-5
-6
-5
-2
0
1
2
2
-3
-6
-8
-10
-13
-12
-7
0
3
4
7
14
17
14
10
9
11
14
14
16
17
14
7
-1
-5
-7
-8
-10
-12
-15
-16
-19
-22
-24
-26
-27
-25
-23
-22
-20
-18
-13
-9
-4
1
5
9
12
14
15
16
17
19
22
24
25
27
26
24
21
19
17
15
13
10
8
3
-1
-3
-4
-5
-6
-6
-9
-12
-16
-20
-25
-29
-30
-28
-24
-20
-16
-13
-10
-7
-5
-1
1
2
4
9
14
21
25
27
27
26
25
23
20
14
7
1
-2
-3
-1
0
-1
-6
-10
-13
-12
-9
-7
-8
-10
-15
-14
-13
-11
-6
-1
2
4
5
5
5
4
5
6
9
9
10
10
11
9
8
10
10
6
2
3
7
6
3
4
4
-3
-13
-20
-20
-20
-23
-24
-20
-14
-13
-15
-16
-17
-18
-16
-10
-4
1
2
4
3
4
7
12
18
22
25
23
23
25
23
24
22
18
14
10
8
6
3
1
-3
-5
-8
-7
-5
-2
-1
0
0
-1
-6
-10
-13
-14
-17
-20
-20
-19
-16
-16
-14
-9
-5
-5
-4
-3
-3
-1
1
4
9
12
13
15
15
15
15
15
14
11
10
9
7
6
4
2
2
0
-4
-8
-10
-7
-8
-9
-8
-7
-2
-4
-7
-8
-8
-6
-5
-5
-4
-3
0
1
4
5
8
8
9
8
7
5
6
6
7
7
7
6
6
7
7
7
3
0
-2
-3
-4
-5
-6
-8
-10
-12
-13
-15
-17
-16
-12
-8
-4
-3
-2
-2
-2
2
3
4
4
5
6
9
9
11
10
10
9
10
11
11
10
10
10
7
4
0
-2
-1
-4
-11
-15
-17
-17
-17
-16
-12
-9
-7
-2
0
4
5
5
4
4
3
1
2
1
3
5
7
10
11
11
9
7
5
2
1
1
1
0
1
2
1
1
0
1
1
1
0
-2
-5
-8
-10
-10
-11
-12
-9
-7
-5
-2
-1
0
-1
0
0
0
0
2
2
3
5
10
12
12
10
9
8
4
0
-1
-3
-2
-5
-6
-6
-3
-6
-7
-5
0
-1
0
1
6
8
4
0
2
7
7
2
-2
-3
-3
-7
-6
-2
1
-2
-4
-5
-4
-3
0
0
1
-1
-1
5
5
3
3
8
12
11
9
9
8
4
-1
-6
-10
-13
-16
-14
-11
-8
-7
-7
-5
-4
-4
-3
1
7
10
10
8
5
2
3
4
7
9
9
12
12
8
6
3
4
2
-1
-1
0
0
-1
-2
1
1
0
-2
-3
-4
-4
-7
-8
-6
-8
-8
-8
-7
-6
-4
-3
-3
-3
-5
-8
-9
-10
-8
-7
-3
0
6
10
12
11
6
4
8
10
9
7
8
9
10
9
4
1
1
-3
-4
-4
0
0
-4
-7
-8
-6
-4
-7
-5
-3
-1
-1
0
1
3
4
3
5
6
6
8
10
11
9
9
11
11
11
6
4
5
3
0
-3
-6
-7
-8
-4
-2
-4
-9
-12
-8
-8
-11
-16
-16
-12
-9
-9
-10
-11
-9
-12
-11
-10
-5
1
3
6
9
12
14
14
13
13
11
12
13
14
15
14
16
18
18
13
8
5
2
-1
-4
-8
-12
-16
-17
-17
-15
-11
-7
-4
-3
-1
-1
-2
-4
-4
-6
-5
-1
1
4
8
10
13
14
13
11
9
9
9
7
2
-3
-6
-3
-2
0
0
-2
-5
-9
-13
-14
-13
-11
-8
-3
-2
-1
-2
-2
-2
-5
-9
-5
-1
1
0
-2
-1
1
0
1
3
4
3
1
0
4
5
4
6
6
7
7
8
7
5
2
2
3
4
6
7
7
8
8
8
8
7
7
6
4
0
-2
-5
-7
-9
-11
-11
-12
-11
-11
-11
-10
-11
-12
-11
-10
-10
-7
-5
-2
1
4
6
7
7
8
8
8
6
5
5
5
5
5
1
-2
-3
0
2
2
0
-2
-4
-3
-1
-1
-1
2
4
4
2
2
3
4
3
3
3
3
3
1
0
-1
-2
-2
-1
1
2
3
3
2
1
2
3
4
2
0
0
2
5
6
5
2
-3
-8
-11
-12
-12
-14
-14
-10
-2
-2
-1
1
4
4
0
-3
-2
0
-1
-3
-3
0
3
5
7
8
12
13
13
11
9
8
9
10
9
5
1
-1
-2
-3
-7
-9
-7
-2
0
0
-4
-8
-12
-14
-13
-11
-9
-9
-8
-7
-7
-8
-7
-3
1
1
2
7
14
16
13
13
15
14
10
9
11
8
3
1
5
4
-1
0
7
10
7
3
4
4
1
-3
-4
-4
-9
-11
-12
-13
-12
-10
-8
-6
-2
-2
-3
-4
-7
-9
-9
-6
-3
-1
2
3
4
3
0
2
4
7
7
5
5
4
3
2
1
2
3
3
2
1
-2
-5
-6
-4
-1
1
1
3
5
4
7
10
11
7
3
2
2
0
-4
-3
1
5
4
1
0
0
-3
-6
-8
-6
-5
-4
-2
0
0
-1
-2
-1
-1
-1
0
2
2
2
2
0
-2
-5
-5
-5
-5
-4
-2
-1
0
1
3
4
6
10
13
12
12
9
8
5
3
1
0
1
1
1
1
1
0
0
-1
-2
-4
-3
-3
-2
-2
-3
-5
-7
-8
-8
-7
-4
-3
-2
-2
-4
-5
-5
-3
-2
1
1
1
2
1
3
3
6
8
10
9
8
6
5
5
5
7
8
9
11
11
9
6
2
-1
-1
1
2
1
-3
-7
-11
-11
-10
-9
-9
-10
-11
-11
-8
-5
-2
-1
1
1
1
1
0
-2
-3
-3
-2
0
0
-1
-2
-1
1
3
4
4
3
1
1
2
3
4
5
6
7
9
11
10
9
7
6
6
5
6
6
5
2
-1
-6
-9
-10
-9
-8
-7
-7
-8
-9
-9
-8
-7
-6
-3
0
3
6
7
6
5
7
6
8
7
8
8
7
6
5
4
4
3
2
2
0
-3
-5
-7
-9
-10
-10
-11
-8
-5
0
3
4
4
3
2
3
2
2
0
0
0
-2
-3
-5
-6
-6
-7
-8
-9
-9
-8
-10
-11
-12
-12
-8
-3
2
5
5
5
5
8
12
16
17
16
14
13
15
14
15
14
12
10
7
4
2
2
0
1
0
-1
-3
-4
-6
-7
-7
-8
-9
-10
-9
-8
-9
-11
-8
-7
-8
-8
-3
0
-2
-7
-7
-4
-4
-6
-5
1
3
-1
-1
-3
-1
-3
-4
-1
2
5
9
13
13
9
10
11
10
7
7
8
10
8
5
5
7
7
6
5
4
2
-2
-4
-4
-4
-5
-4
-2
-2
-2
-3
-2
0
1
0
-2
-2
-3
-3
-5
-7
-8
-7
-5
-2
-2
-5
-9
-12
-14
-10
-6
-3
0
1
-1
0
1
4
8
9
9
8
6
6
6
9
8
8
8
9
8
10
12
10
7
2
-1
-2
-6
-9
-9
-9
-8
-8
-11
-11
-7
-9
-10
-10
-6
-3
-3
-6
-5
-4
0
3
4
6
6
7
10
11
13
13
12
12
10
7
5
2
2
1
0
0
-2
0
1
0
0
0
0
-1
-2
0
0
-1
-1
-2
-2
-3
-1
-1
1
0
2
2
-1
-2
-5
-7
-7
-7
-7
-7
-6
-4
-4
-7
-9
-10
-7
-6
-3
-4
-5
-6
-4
-3
-1
1
2
5
6
9
13
15
16
16
18
18
16
13
12
10
10
7
5
4
4
2
1
-1
0
0
0
1
0
0
-2
-4
-6
-8
-8
-7
-7
-8
-8
-8
-10
-11
-11
-10
-9
-7
-6
-5
-5
-6
-7
-8
-7
-5
-2
0
5
6
6
6
6
8
11
14
18
17
14
10
5
2
1
1
2
5
4
2
0
-3
-4
-6
-5
-6
-6
-8
-9
-9
-8
-7
-5
-4
-2
-2
-2
-1
-1
0
0
0
0
1
1
2
4
4
6
6
6
6
5
5
4
3
2
4
8
10
11
9
5
-1
-4
-5
-4
-3
-3
-2
-2
0
1
2
2
1
-4
-9
-11
-10
-7
-2
-1
0
-2
0
0
0
0
2
1
2
2
2
4
3
4
4
3
2
1
-1
-3
-2
-3
-2
-2
-3
-1
-1
0
0
2
2
2
2
2
2
3
4
5
2
1
-2
-4
-4
-4
-1
0
1
1
2
3
2
1
1
1
1
1
0
0
0
1
1
2
1
0
-2
-3
-4
-5
-7
-6
-8
-7
-3
-2
-3
-3
-3
-1
4
9
12
12
12
10
11
11
10
6
2
-2
-3
-2
1
3
4
4
3
1
-2
-5
-5
-4
-4
-4
-2
-2
0
0
-1
-1
-1
1
3
2
1
-5
-9
-12
-10
-6
-2
1
1
0
0
2
5
3
3
2
1
0
-1
-2
-3
-4
-3
-1
1
3
6
9
8
10
10
9
9
7
6
4
1
1
-1
-2
-3
-4
-5
-5
-7
-6
-6
-8
-9
-10
-9
-9
-7
-4
-1
2
5
5
3
2
1
2
5
6
6
6
4
5
5
3
0
-2
-4
-4
-3
-2
-1
1
3
4
6
4
3
-3
-4
-4
-6
-5
-6
-7
-5
-3
1
4
7
6
3
0
0
2
5
6
6
6
5
5
4
2
1
-1
-1
-2
-2
-3
-4
-3
-1
0
3
3
3
2
1
-2
-4
-5
-2
-1
1
5
5
1
-1
-4
-6
-7
-8
-7
-7
-6
-4
-1
-2
-1
-1
0
-2
-2
0
0
3
5
6
6
4
2
-1
-1
-1
-2
-1
1
3
1
3
3
2
1
1
2
2
2
2
2
1
-1
0
1
0
1
2
4
5
5
3
0
-1
0
2
3
3
0
-3
-4
-3
0
5
5
3
2
2
0
1
0
0
0
-1
0
-1
-2
-2
-3
-3
-3
-1
-2
-2
-1
-3
-3
-6
-8
-9
-11
-9
-6
-6
-5
-4
-1
1
2
1
1
2
3
5
7
3
2
4
6
12
16
18
16
13
10
7
5
3
0
-2
-5
-7
-8
-7
-7
-6
-4
-2
-1
0
-2
-4
-5
-5
-3
0
3
6
7
8
5
1
-3
-5
-6
-6
-5
-2
-2
-2
-1
-2
-5
-6
-3
1
3
3
4
8
8
3
1
3
3
1
-2
-2
-1
-4
-10
-12
-8
-5
-2
0
5
7
9
8
6
4
5
5
4
4
6
8
10
11
10
5
0
-2
-3
-4
-2
-1
-1
-1
-3
-4
-5
-6
-6
-7
-7
-6
-6
-4
-2
1
2
3
4
1
1
0
-1
-3
-2
-4
-8
-10
-8
-5
-4
-1
3
7
8
8
6
3
3
0
-2
1
4
4
6
4
4
5
5
6
5
4
2
1
1
-1
0
-1
0
0
3
3
2
2
1
0
0
-1
-1
-1
-1
-1
-2
-2
-3
-3
-3
-3
-4
-2
-1
-1
1
0
1
-1
-2
-1
0
2
1
2
1
1
-1
-3
-2
2
3
0
-1
-1
-3
-5
-8
-8
-5
-4
0
5
9
6
4
3
4
5
6
3
2
3
2
2
2
2
0
1
2
3
1
3
3
4
2
-1
0
2
1
-1
-4
-3
-3
-7
-12
-11
-10
-9
-7
-4
-2
0
2
3
4
3
1
0
2
2
5
2
1
1
3
6
5
4
0
-2
1
2
2
3
5
7
8
6
7
7
6
2
1
1
2
0
-2
-1
-2
-3
-5
-5
-8
-9
-9
-9
-9
-7
-6
-4
-3
-1
0
3
5
5
6
5
3
1
-1
-1
-2
-1
-2
-2
-2
0
0
1
2
2
1
1
1
2
2
2
1
2
4
6
6
4
3
0
1
2
1
0
-2
-4
-4
-2
-2
0
1
3
6
6
4
2
-1
-3
-4
-3
-3
1
1
5
5
5
4
2
1
1
0
1
1
0
-1
-2
-4
-5
-5
-5
-6
-5
-6
-6
-5
-4
-2
0
1
3
3
4
4
3
4
3
4
5
9
13
15
15
12
7
5
4
3
1
-1
-4
-7
-7
-7
-6
-5
-5
-8
-12
-14
-14
-11
-7
-4
-3
-1
-1
1
0
1
1
-1
0
0
0
3
2
2
3
3
4
5
7
10
12
13
12
11
8
4
3
3
3
4
3
4
1
-1
-1
-1
-1
-1
-1
-4
-7
-8
-10
-11
-11
-11
-10
-12
-13
-12
-11
-8
-4
0
4
7
8
8
6
5
5
6
6
8
11
12
11
12
12
10
6
2
2
4
2
0
-3
-6
-8
-6
-2
-1
-4
-5
-5
-8
-10
-11
-11
-13
-16
-17
-14
-11
-9
-7
-6
-7
-9
-10
-8
0
6
12
14
16
15
17
17
19
18
14
9
8
10
10
6
4
4
6
3
2
1
2
0
0
0
-3
-8
-7
-4
-4
-5
-4
0
1
-1
-6
-3
-1
1
-1
-2
-1
-1
-2
-2
-3
-4
-6
-6
-5
-3
-4
-6
-6
-5
-6
-6
-5
-2
0
-2
-5
-5
-6
-3
-1
-2
-2
-2
2
7
9
9
10
12
13
8
3
2
2
4
4
2
2
3
4
7
6
7
5
5
3
3
2
0
-2
-2
-2
-3
-4
-4
-3
-1
0
0
-1
-3
-4
-3
-3
-1
-2
-2
-1
1
0
1
-2
-2
-4
-4
-5
-5
-4
-3
-2
1
1
2
1
1
1
2
3
5
6
6
6
5
4
4
4
5
7
7
8
6
3
0
-4
-5
-4
-4
-3
-2
0
2
2
1
-2
-4
-4
-4
-6
-9
-11
-13
-10
-7
-5
-2
-2
-1
3
2
2
2
-1
-1
0
0
1
5
11
17
18
17
18
20
18
12
7
4
1
-2
-4
-3
-2
0
-2
-1
-1
-2
-4
-6
-8
-10
-12
-12
-13
-13
-13
-12
-9
-5
-3
0
2
4
5
5
6
5
5
5
5
6
5
4
5
6
7
5
2
0
-2
-3
-3
-1
-1
-1
-2
-3
-5
-6
-4
-3
-2
1
4
7
7
4
1
-2
-2
0
1
3
2
0
1
1
4
4
4
1
-3
-8
-9
-8
-2
2
4
4
1
1
0
0
0
1
-1
-3
-3
-2
-2
-2
-3
-1
0
0
0
1
2
2
3
2
4
4
5
5
8
7
10
10
8
6
4
2
1
-1
-3
-7
-9
-9
-9
-10
-10
-8
-7
-6
-3
-2
-1
0
0
1
1
2
2
3
3
4
4
4
2
1
0
-1
-2
0
-1
-1
-2
0
0
0
1
0
0
0
-1
0
-1
-1
-1
-1
0
1
1
2
3
3
2
2
2
2
3
2
3
2
2
2
2
0
0
3
5
9
10
8
1
-2
-5
-5
-6
-7
-6
-6
-5
-3
1
2
1
0
1
3
3
-1
-3
-1
1
-1
-4
-4
-1
-1
-1
0
-1
-1
0
3
5
6
5
5
3
2
1
1
0
0
1
1
2
-1
-3
-3
-3
-4
-3
-1
1
2
5
6
6
6
7
4
3
-1
-1
-3
-2
-1
0
-1
-1
-3
-1
-1
0
0
0
-1
-1
-1
-1
-1
-1
-1
0
-1
-1
-3
-2
-2
0
2
3
3
4
3
2
2
1
2
3
4
2
0
-1
0
3
6
9
11
11
9
5
-1
-5
-9
-14
-16
-17
-16
-13
-11
-8
-4
-1
1
1
2
3
2
4
5
5
5
6
8
9
9
11
13
13
12
11
10
7
-1
-8
-14
-12
-11
-10
-10
-8
-5
-2
0
1
0
0
0
0
-1
-4
-4
2
6
8
4
4
6
5
2
1
2
2
-3
-5
-6
-4
-3
-1
0
0
1
-1
-1
-3
-3
-3
-2
-1
2
3
4
6
8
9
7
4
0
-3
-2
-3
-2
-5
-4
0
1
-1
-5
-7
-4
0
3
5
4
2
1
0
0
3
3
3
2
3
3
3
2
1
-1
-3
-4
-7
-6
-5
-1
2
4
5
3
2
0
-1
-2
-1
-1
-2
-1
-2
-3
-3
-1
-2
0
1
2
2
2
3
1
1
1
1
4
4
6
5
7
4
5
6
9
8
8
7
7
4
-1
-9
-13
-12
-9
-8
-10
-9
-5
-3
-3
-4
-3
0
-1
-2
-3
-3
0
1
4
7
8
7
5
5
5
4
2
0
0
-1
-3
-4
-4
-3
-2
-1
1
5
6
7
7
8
7
7
7
6
3
1
-1
-3
-2
-3
-1
1
1
0
-2
-4
-6
-7
-6
-6
-3
-2
-1
-1
1
-1
-2
-1
-1
-3
-5
-4
0
2
0
0
2
3
0
-3
-2
0
2
3
3
6
6
6
6
8
7
7
5
6
4
1
-2
-2
-1
0
-1
-2
-3
-1
-3
-4
-4
-3
-2
0
-1
0
0
-1
-1
-1
1
1
2
2
2
-1
-1
-4
-4
-3
-2
-1
0
0
0
0
0
-1
-1
0
2
4
4
4
2
2
1
3
4
5
7
7
8
8
7
5
4
0
-1
-3
-4
-4
-2
-2
-2
-2
-1
0
-1
-3
-6
-5
-4
-2
0
0
-1
1
-1
-2
-1
-2
-1
1
1
1
0
-1
0
0
0
1
1
-1
-2
-4
-4
-4
-3
-3
-3
-2
-3
-2
-1
1
5
9
12
13
13
13
11
9
6
4
2
5
5
4
0
-4
-7
-8
-7
-7
-8
-7
-5
1
2
4
4
2
0
-2
-2
-6
-5
-4
-1
-3
-5
-4
-1
1
-3
-2
4
7
8
6
4
-1
-3
-1
0
1
-1
1
4
4
1
0
1
2
0
-1
0
3
3
4
2
2
1
-2
-3
-4
-4
-4
-2
-1
-1
-1
0
1
0
1
0
-1
-1
-2
-4
-6
-7
-6
-7
-5
-3
1
4
8
9
7
7
7
7
5
4
3
5
7
9
10
8
4
2
2
2
3
2
1
0
0
-1
-1
0
0
-1
-3
-5
-7
-8
-6
-5
-3
0
-2
-5
-6
-8
-8
-6
-4
-3
2
2
3
3
4
4
5
4
3
1
1
0
-1
0
-1
0
1
0
0
0
1
1
1
0
-1
-4
-4
-5
-5
-5
-4
-2
3
7
9
7
5
3
3
3
4
2
0
0
3
4
5
4
3
2
1
-1
-1
2
-1
-3
-5
-6
-5
-6
-5
-4
-1
0
2
1
2
3
4
5
4
4
2
1
-1
-2
-2
0
2
4
4
4
3
1
-1
-4
-5
-7
-8
-8
-8
-8
-6
-4
-2
-1
-1
-2
-3
-3
-1
0
0
0
1
2
4
5
5
6
4
3
2
3
2
2
0
0
-2
1
3
5
7
8
9
8
5
4
2
1
0
-1
-1
1
0
1
1
2
1
1
-1
-3
-5
-6
-7
-7
-5
-4
-1
-2
0
0
1
1
0
0
-2
-2
-2
-2
-1
0
0
1
0
-1
-1
-4
-5
-5
-5
-4
-2
-1
0
1
4
6
6
6
4
2
5
8
9
8
5
5
4
5
4
4
2
2
1
-1
-3
-2
-3
-2
0
1
1
0
-3
-7
-11
-12
-9
-8
-4
-4
-3
-4
-4
0
0
0
0
0
2
4
5
5
5
6
5
6
7
8
8
8
6
3
2
1
0
-1
-2
-1
0
3
3
0
-2
-4
-2
-2
-1
-4
-6
-7
-8
-8
-6
-6
-2
2
4
3
1
-1
-1
0
1
1
1
3
3
6
7
7
8
7
5
5
3
-1
-3
-5
-6
-6
-5
-3
-3
-2
0
0
1
2
1
0
1
0
-1
-1
-1
-1
-2
1
2
4
5
4
2
0
-3
-5
-4
-4
-1
1
4
7
7
8
8
8
7
3
1
-2
-5
-6
-6
-3
-2
0
-1
0
-1
0
-2
-1
-1
-3
-2
-4
-5
-6
-5
-4
-3
-2
0
1
1
0
-2
-1
2
7
9
10
7
5
5
4
2
0
1
3
2
4
4
7
6
7
5
0
-1
-2
-3
-3
-4
-6
-7
-7
-8
-9
-9
-10
-9
-7
-4
-2
0
0
0
-1
-2
-2
-2
-1
1
4
6
8
7
7
6
6
6
3
5
7
10
12
11
8
2
-3
-4
-4
-4
-5
-6
-9
-11
-12
-13
-11
-10
-7
-5
-3
-2
-2
-3
-2
-1
0
1
4
7
6
8
7
7
7
9
12
13
12
7
4
2
1
-1
-5
-6
-7
-5
-3
-2
-2
-4
-5
-6
-5
-4
-2
0
0
0
-2
-4
-5
-3
0
4
7
6
5
3
0
0
-1
-3
-5
-5
-5
-4
-3
-2
0
0
2
1
1
1
1
2
2
3
2
2
1
1
0
0
1
3
3
4
3
3
4
3
2
0
0
-2
-3
-4
-6
-8
-6
-2
2
5
5
3
1
-1
0
0
0
0
1
2
3
1
0
0
-2
-1
0
2
2
3
4
2
0
-2
-4
-5
-6
-4
-2
1
3
3
4
3
2
1
2
2
-1
-1
-2
-3
-2
-1
0
1
2
4
5
6
7
5
4
6
6
5
1
-4
-11
-14
-15
-13
-7
-2
1
2
1
0
0
2
3
3
1
-1
-2
-1
1
3
5
6
6
6
5
5
4
4
3
0
-3
-4
-3
-3
-2
-1
0
1
4
5
5
5
3
0
-2
-2
-1
-2
-3
-6
-7
-4
0
2
4
4
3
2
0
-2
-3
-3
-2
0
2
2
1
2
-1
-1
-2
0
2
4
4
4
2
1
0
0
1
0
0
1
1
1
0
-1
-2
-2
-3
-2
-1
0
1
1
0
-2
-1
-4
-4
-5
-5
-3
-1
2
4
4
3
3
1
2
5
6
7
6
5
2
1
-1
1
1
2
3
4
2
1
0
-3
-2
0
2
3
3
3
2
3
2
1
0
0
-1
0
-2
-5
-7
-8
-6
-1
2
4
3
0
-1
-2
-4
-6
-9
-8
-7
-6
-4
-3
-3
-1
1
2
3
2
3
2
1
0
0
2
2
3
4
4
3
2
1
0
0
1
2
4
5
5
5
3
2
0
0
-1
-1
2
4
5
6
7
7
8
7
6
2
-1
-3
-3
-3
-2
-3
-4
-5
-7
-8
-6
-6
-5
-5
-6
-7
-8
-7
-7
-5
-5
-4
-4
-3
-2
-2
-1
-2
-2
-1
1
5
7
9
11
12
12
10
9
9
7
9
8
6
5
3
1
0
0
0
0
-2
-3
-4
-4
-7
-8
-8
-5
-2
-1
1
1
0
0
0
0
0
0
0
0
0
0
1
2
2
3
4
4
5
4
3
0
-3
-6
-8
-8
-7
-4
-3
0
1
1
0
-1
-2
-2
-1
-2
0
3
1
3
2
0
0
1
3
5
5
5
3
1
-1
0
-1
2
2
2
3
5
4
6
5
5
4
3
1
-2
-3
-3
-3
-1
0
1
0
-1
-5
-7
-8
-10
-10
-10
-10
-9
-10
-9
-8
-7
-4
-3
1
3
4
4
3
2
1
1
2
5
6
9
9
10
11
9
10
8
7
6
4
2
2
1
-1
-3
-3
-5
-4
-4
-5
-6
-5
-5
-3
-2
1
2
2
2
1
-1
-2
-2
-2
2
3
5
6
6
6
6
8
7
7
6
4
0
-5
-9
-11
-11
-10
-7
-4
0
0
2
-1
-4
-8
-10
-10
-9
-7
-3
-1
1
1
3
3
3
2
1
2
1
3
3
3
7
8
9
9
10
9
6
4
4
3
2
4
3
5
4
4
3
1
-2
-4
-5
-8
-8
-8
-7
-4
-2
-1
0
1
2
-1
-1
-2
-3
-3
-3
-3
-2
0
2
4
4
4
5
5
5
2
0
0
2
3
5
5
2
2
0
-2
-3
-4
-5
-4
-4
-3
-4
-4
-5
-2
-3
-2
-4
-5
-7
-8
-10
-9
-9
-6
-2
1
2
5
4
3
1
2
0
3
5
8
11
13
13
13
13
15
16
17
14
11
6
2
0
-1
-4
-7
-9
-10
-8
-5
-4
-4
-6
-9
-9
-9
-6
-4
-2
-2
-2
-3
-3
-3
-2
-1
2
4
4
3
3
0
-2
-3
-3
-3
-3
-2
1
2
2
0
-1
-2
-3
-1
0
0
-2
-5
-7
-6
-4
-4
-1
-1
1
2
1
2
3
3
4
4
5
4
5
6
7
7
10
9
9
10
8
6
5
6
8
12
13
12
9
6
2
-1
-6
-7
-10
-7
-8
-7
-9
-10
-8
-7
-7
-6
-8
-10
-10
-9
-11
-11
-8
-6
-3
1
2
4
5
5
3
2
1
1
2
4
4
5
5
4
2
3
5
6
5
1
0
1
3
5
6
4
2
-2
-3
-3
0
-1
-2
-3
-4
-4
-4
-3
0
-1
1
3
4
4
3
4
4
4
3
5
5
3
2
1
-2
0
-1
1
0
0
0
-1
-1
0
1
2
2
1
-1
-4
-5
-5
-5
-4
-6
-6
-8
-8
-7
-4
-2
2
5
7
6
5
3
2
1
2
6
9
11
11
12
11
12
11
13
12
11
9
6
3
1
-3
-6
-8
-10
-12
-13
-13
-13
-13
-13
-13
-13
-11
-12
-12
-11
-11
-10
-9
-7
-4
-1
2
4
7
7
8
8
8
7
6
4
6
7
10
12
13
13
12
10
8
8
8
10
11
10
10
7
3
2
1
0
0
-1
-2
-4
-7
-12
-18
-20
-17
-12
-8
-4
-2
-2
-3
-3
-3
-1
1
1
1
0
-2
-2
-1
2
1
0
-1
-1
0
3
2
2
0
-4
-6
-9
-9
-8
-9
-8
-5
-3
-3
-3
-2
0
1
0
1
3
7
7
8
11
13
14
11
10
9
10
12
13
14
13
13
13
12
10
9
6
6
5
3
0
-3
-4
-5
-5
-6
-6
-7
-8
-10
-12
-14
-16
-16
-16
-16
-14
-13
-12
-11
-10
-9
-8
-6
-4
-2
0
1
4
5
6
7
6
6
6
2
1
2
3
5
8
10
12
11
9
9
7
6
5
5
4
4
4
2
3
2
1
0
2
1
1
-1
-4
-6
-8
-6
-5
-3
-2
0
0
1
1
1
1
1
1
-1
-2
-3
-2
-1
0
1
4
4
6
6
6
5
3
1
-4
-7
-10
-9
-7
-6
-7
-7
-7
-4
0
0
-2
-2
-4
-3
-3
-4
-3
-4
-3
-2
1
4
6
10
12
10
10
9
8
7
10
8
7
4
3
2
2
2
2
1
-1
-2
-3
-4
-7
-7
-9
-7
-7
-6
-4
-4
-3
-3
-3
-3
-4
-6
-6
-5
-3
1
5
9
10
9
6
4
2
1
2
4
4
4
3
2
1
2
2
4
5
4
1
-2
-4
-5
-4
-3
-1
1
0
1
-1
-2
-6
-9
-11
-9
-5
-5
-4
-3
-1
3
6
7
5
2
2
2
2
3
2
1
1
1
2
-1
-2
1
3
1
0
0
4
4
2
2
5
8
6
3
3
4
0
-3
-5
-5
-6
-5
-4
-2
-2
-2
-3
-4
-5
-7
-9
-6
-1
2
3
4
7
6
3
2
5
6
6
8
9
11
8
6
4
3
2
2
3
4
3
-1
-4
-9
-12
-13
-14
-13
-11
-10
-9
-8
-8
-8
-7
-5
-3
-3
-1
1
2
1
0
2
4
6
6
10
16
18
14
8
5
6
7
8
8
7
4
2
1
3
4
2
-1
-2
-1
-3
-7
-8
-7
-8
-10
-12
-12
-11
-8
-5
-1
1
0
-1
0
-1
-2
0
5
9
12
12
12
12
11
8
8
9
8
7
7
5
1
-3
-7
-9
-10
-9
-7
-5
-6
-5
-7
-10
-12
-13
-12
-11
-8
-5
-3
-1
0
0
0
1
2
5
7
10
12
14
14
13
11
11
11
11
11
9
8
7
6
5
3
1
-2
-6
-9
-10
-12
-11
-11
-11
-11
-11
-9
-10
-10
-9
-10
-9
-9
-5
-2
-1
-1
0
1
2
1
1
3
6
8
11
13
14
15
14
12
11
9
8
10
9
8
6
2
-1
-4
-7
-7
-8
-8
-9
-10
-11
-11
-9
-8
-4
-4
-4
-6
-5
-6
-4
-2
0
2
5
7
5
3
0
0
4
6
9
9
6
5
4
4
3
3
1
-1
0
-1
1
1
1
-2
-2
-2
-3
-4
-6
-7
-8
-8
-7
-5
-4
-2
0
1
2
2
2
2
4
4
5
6
6
7
9
11
10
7
4
1
1
2
2
1
-2
-4
-5
-6
-8
-7
-7
-5
-3
-2
-2
-2
-4
-3
-2
-3
-3
-2
-4
-5
-7
-6
-5
0
4
7
9
12
13
10
9
6
5
4
3
3
3
1
-1
2
3
3
4
2
2
1
0
-3
-6
-9
-9
-12
-14
-13
-14
-13
-11
-9
-6
-5
-3
-3
-2
-1
-2
-1
3
5
9
13
14
15
14
15
16
16
15
14
11
8
5
3
2
2
3
5
6
6
4
1
-3
-7
-10
-10
-12
-11
-12
-12
-12
-13
-16
-18
-17
-13
-8
-4
-1
-1
0
-1
1
2
3
3
3
2
2
3
2
3
4
6
8
9
7
4
3
1
0
-2
-4
-7
-7
-7
-6
-4
-2
1
4
4
5
5
5
6
4
4
5
7
8
9
10
10
10
9
10
11
9
6
3
-1
-4
-6
-7
-6
-4
-2
-1
-1
-2
-3
-5
-7
-4
-4
-2
-1
0
1
0
-2
-3
-6
-7
-6
-6
-4
-3
-2
-2
-1
-3
-5
-5
-4
-1
0
2
1
2
3
3
2
1
0
1
3
4
6
6
6
5
2
-2
-3
-2
1
4
4
2
1
1
2
1
-1
-3
-4
-2
-1
-1
-1
-1
-2
-2
-2
-1
-1
0
2
3
3
3
3
2
4
4
4
5
7
6
6
7
6
5
5
4
3
1
2
0
-1
-2
-1
-1
-1
-1
-1
-1
-5
-7
-10
-10
-10
-9
-12
-14
-13
-10
-5
-3
-3
-1
0
2
4
6
6
6
5
6
6
8
10
13
13
14
11
7
3
-3
-6
-8
-9
-7
-4
0
1
4
5
5
4
2
-1
-4
-4
-5
-7
-9
-9
-8
-5
-3
-1
0
0
1
0
-1
0
1
4
8
11
13
13
10
8
7
7
6
6
5
5
5
6
6
5
3
1
-2
-6
-9
-12
-13
-14
-15
-13
-11
-9
-8
-6
-5
-3
-1
0
1
1
1
1
0
2
2
5
6
7
7
6
6
4
1
-1
-1
0
-3
-1
-1
2
5
7
7
7
5
3
0
-2
-3
-2
0
-1
0
0
-1
-2
-3
-6
-7
-8
-3
-1
3
2
0
-1
0
2
6
8
8
10
11
13
11
10
8
8
6
4
2
-1
-3
-4
-4
-2
-2
-1
-2
-6
-8
-13
-17
-18
-18
-17
-15
-14
-12
-10
-9
-6
-4
0
3
6
5
5
4
1
-1
-1
2
6
10
14
16
19
18
17
15
14
13
12
11
10
8
5
2
-1
-4
-5
-7
-7
-6
-6
-6
-7
-8
-9
-12
-13
-13
-11
-8
-4
-5
-4
-5
-2
-1
0
3
5
7
9
10
9
8
5
5
4
2
2
3
3
2
-1
-3
-6
-5
-1
0
1
0
-2
-4
-5
-4
-3
1
3
1
-2
-4
-4
-6
-4
-3
-3
-4
-2
0
3
4
5
4
0
-1
0
1
1
2
5
8
10
12
12
11
10
9
7
5
4
3
3
2
0
-1
-3
-7
-11
-9
-5
-5
-8
-9
-7
-7
-10
-10
-8
-4
-3
-2
-1
0
3
2
0
-1
1
5
8
9
6
2
1
1
1
2
2
2
2
1
0
-1
-1
-1
-4
-2
-5
-6
-5
-5
-3
-1
0
1
1
2
3
5
5
4
3
1
0
1
2
2
3
5
7
8
10
7
4
1
-2
-4
-5
-5
-5
-2
0
2
3
0
-2
-5
-7
-7
-5
-4
-1
1
1
1
1
1
0
0
2
3
4
2
-1
-2
0
-3
-5
-5
-2
0
-1
-3
-2
0
-1
-3
-2
1
2
3
0
-4
-8
-6
-3
0
3
5
7
8
7
5
1
-1
-1
-1
-3
-4
-3
0
3
5
5
5
5
7
9
9
8
4
0
-2
-3
-3
-1
3
5
7
7
6
2
-1
-3
-3
-5
-9
-13
-16
-11
-9
-10
-9
-4
-2
-3
-3
0
2
4
3
1
2
-1
0
2
3
6
7
7
6
4
2
1
1
-1
-2
-4
-1
1
1
2
2
2
1
1
1
0
1
1
1
1
1
1
1
1
0
1
1
-1
-1
-2
0
0
0
1
0
2
4
7
7
6
3
-1
-1
1
3
-1
-1
-1
-1
-2
-5
-7
-6
-4
-2
0
1
2
3
2
2
-1
-1
-3
-2
0
0
0
1
2
1
1
2
1
0
0
0
2
1
0
-4
-6
-8
-6
-1
4
6
5
4
4
2
-2
1
8
11
11
7
7
9
8
5
4
3
0
1
-3
-6
-9
-10
-8
-6
-3
-1
0
1
-1
-4
-6
-7
-6
-5
-3
-1
1
3
4
6
8
9
7
4
1
1
2
-1
0
1
5
5
2
0
2
1
-2
-4
-3
-1
0
-2
-3
-1
1
2
3
4
6
5
6
4
3
-1
0
0
1
1
0
-1
-1
-2
-4
-4
-2
-3
-5
-3
0
0
-3
-5
-4
-2
-1
-3
-3
-4
-6
-5
-1
1
3
3
4
5
5
6
7
10
11
9
7
6
7
6
8
6
5
4
3
3
2
0
-2
-1
-1
-3
-6
-5
-1
0
0
0
3
2
-3
-6
-7
-6
-7
-8
-7
-5
-2
-2
-4
-5
-7
-4
-1
3
4
3
2
0
-2
-2
-1
-2
-3
-6
-7
-8
-7
-7
-10
-14
-17
-18
-17
-11
-5
-2
-1
-1
-2
-2
-4
-2
-2
2
6
8
11
12
13
16
17
19
20
20
19
18
17
17
16
15
14
14
14
11
7
4
0
1
1
5
4
2
1
-1
-2
-2
0
2
1
1
-3
-6
-6
-5
-2
-2
-1
-1
0
1
0
-1
-1
0
1
2
-2
-6
-9
-10
-10
-10
-11
-12
-11
-11
-10
-9
-9
-10
-10
-9
-9
-11
-13
-15
-15
-16
-15
-12
-9
-4
-1
1
1
0
-2
-4
-6
-8
-8
-6
-4
-1
1
1
1
0
-3
-4
-5
-5
-5
-4
-3
1
2
5
7
10
13
17
20
23
25
28
28
31
30
30
30
32
34
34
35
35
35
35
32
30
28
25
21
17
16
12
11
6
5
2
-2
-4
-7
-11
-13
-18
-21
-23
-25
-25
-24
-25
-27
-28
-29
-31
-33
-34
-35
-34
-34
-35
-35
-38
-38
-37
-38
-37
-39
-39
-39
-38
-36
-34
-34
-35
-38
-38
-36
-32
-27
-22
-18
-14
-10
-8
-1
5
13
20
25
26
28
29
29
29
32
36
38
37
34
33
35
38
40
41
42
42
41
39
38
37
37
41
46
50
50
48
48
49
53
57
60
61
60
57
55
52
48
44
38
32
27
21
19
18
16
12
8
5
2
-6
-19
-30
-36
-40
-46
-52
-57
-62
-70
-78
-84
-91
-100
-107
-115
-120
-121
-120
-119
-125
-134
-136
-133
-128
-126
-120
-119
-122
-128
-133
-130
-119
-105
-86
-68
-61
-58
-52
-41
-30
-20
-7
7
18
26
36
52
74
95
116
128
128
121
119
120
123
132
141
151
155
153
145
142
142
138
131
133
137
129
118
113
110
106
106
120
136
148
151
150
146
139
137
147
171
199
212
211
206
203
204
205
209
213
209
193
172
154
131
105
79
60
46
31
11
-18
-47
-74
-102
-133
-169
-211
-255
-295
-330
-368
-401
-418
-429
-446
-475
-512
-540
-566
-588
-600
-596
-588
-589
-598
-595
-589
-587
-582
-553
-501
-459
-438
-423
-389
-346
-310
-278
-238
-193
-150
-102
-42
13
35
26
30
82
178
286
378
440
463
459
451
459
476
485
476
464
458
442
420
402
386
366
341
319
298
271
234
195
165
149
142
135
129
130
123
112
113
126
138
148
174
213
243
256
256
262
288
306
314
328
326
304
288
279
291
290
250
204
160
117
93
95
104
84
28
-42
-103
-152
-198
-231
-240
-250
-284
-331
-387
-431
-459
-495
-522
-536
-555
-568
-580
-585
-567
-551
-559
-567
-562
-543
-499
-450
-417
-385
-340
-318
-301
-263
-220
-174
-131
-91
-39
0
34
89
129
149
189
230
250
259
266
289
322
329
314
307
307
309
316
315
302
284
266
240
215
203
186
156
139
134
107
71
58
53
24
-3
2
16
29
40
37
35
41
55
83
120
157
192
205
213
229
240
233
229
231
237
240
241
254
277
289
294
306
308
278
230
189
153
118
95
77
34
-37
-98
-135
-163
-202
-245
-283
-322
-359
-385
-411
-452
-482
-503
-538
-555
-543
-561
-581
-578
-580
-560
-542
-554
-526
-481
-467
-417
-373
-380
-368
-316
-239
-147
-52
30
90
157
208
251
299
304
331
365
346
350
351
329
350
366
354
371
370
348
372
357
316
353
399
406
411
381
333
352
360
352
383
392
380
393
410
408
427
415
376
403
399
373
402
404
375
367
364
368
356
292
226
172
122
89
65
35
24
42
25
-10
-44
-93
-156
-197
-221
-276
-330
-388
-419
-414
-437
-442
-430
-417
-376
-358
-387
-398
-404
-437
-450
-491
-574
-641
-708
-771
-807
-864
-929
-948
-960
-1001
-1049
-1066
-1059
-1066
-1070
-1033
-988
-951
-902
-845
-778
-689
-598
-523
-482
-424
-322
-249
-182
-100
-56
16
159
298
429
520
581
695
773
803
894
976
1043
1188
1320
1419
1563
1631
1622
1718
1841
1867
1895
1938
1930
1914
1934
1997
2089
2157
2189
2189
2100
1906
1708
1474
1144
784
409
6
-339
-642
-939
-1195
-1430
-1612
-1687
-1700
-1678
-1645
-1642
-1641
-1594
-1478
-1293
-1062
-796
-527
-304
-130
7
126
267
426
541
586
598
585
516
416
282
46
-312
-724
-1099
-1412
-1702
-1988
-2290
-2587
-2818
-3020
-3202
-3292
-3306
-3259
-3144
-2970
-2734
-2461
-2158
-1805
-1479
-1224
-1007
-801
-634
-523
-372
-171
-55
27
185
312
355
416
510
557
558
675
990
1313
1546
1799
2062
2299
2576
2838
3026
3205
3376
3564
3812
4044
4209
4342
4417
4427
4390
4295
4179
4089
3976
3807
3587
3279
2790
2068
1160
167
-823
-1715
-2444
-3021
-3471
-3772
-3937
-4006
-3965
-3800
-3574
-3336
-3051
-2681
-2250
-1737
-1102
-385
351
1063
1661
2095
2404
2636
2782
2801
2706
2468
2059
1606
1197
755
254
-312
-980
-1769
-2667
-3557
-4343
-5048
-5629
-5960
-6073
-6076
-5967
-5743
-5482
-5151
-4637
-3976
-3309
-2655
-1991
-1352
-728
-136
319
586
719
769
787
812
864
868
738
565
523
496
423
475
603
738
1048
1448
1817
2187
2505
2853
3256
3525
3715
3919
4045
4244
4599
4880
5042
5208
5387
5540
5600
5560
5472
5235
4806
4261
3498
2400
1092
-306
-1717
-2990
-4038
-4904
-5554
-5930
-6097
-6109
-5952
-5633
-5112
-4389
-3580
-2714
-1808
-944
-77
859
1815
2757
3599
4187
4452
4488
4393
4188
3886
3537
3118
2569
1904
1159
323
-562
-1432
-2263
-3051
-3765
-4425
-5124
-5876
-6609
-7253
-7697
-7852
-7769
-7490
-6982
-6233
-5299
-4268
-3181
-2147
-1305
-581
123
697
1088
1344
1493
1615
1716
1730
1630
1361
965
607
351
231
261
375
565
896
1315
1661
1925
2227
2588
2929
3305
3803
4354
4837
5252
5638
6003
6311
6548
6710
6783
6830
6887
6882
6782
6528
6027
5173
3784
1846
-453
-2894
-5109
-6798
-8002
-8791
-9125
-9026
-8554
-7802
-6893
-5928
-4937
-3877
-2772
-1699
-616
602
1969
3354
4590
5547
6153
6448
6514
6347
5907
5226
4362
3333
2214
1138
144
-818
-1752
-2603
-3362
-4054
-4705
-5357
-6034
-6781
-7638
-8548
-9322
-9743
-9701
-9197
-8239
-6942
-5484
-4011
-2620
-1409
-408
427
1092
1569
1936
2290
2623
2867
2950
2820
2412
1747
921
107
-494
-785
-796
-595
-214
287
846
1443
2084
2733
3375
4013
4668
5314
5920
6446
6901
7318
7666
7879
7994
8070
8082
7982
7802
7519
6983
6081
4760
2947
608
-2093
-4863
-7425
-9519
-10930
-11609
-11599
-10987
-9983
-8835
-7636
-6346
-4975
-3517
-1915
-193
1502
3101
4623
6032
7229
8110
8602
8657
8305
7617
6614
5302
3786
2217
690
-750
-2038
-3128
-4020
-4736
-5305
-5748
-6105
-6409
-6699
-7009
-7375
-7825
-8352
-8749
-8761
-8289
-7389
-6131
-4590
-2946
-1421
-149
781
1302
1479
1529
1625
1786
1965
2059
2001
1747
1282
615
-165
-908
-1452
-1673
-1522
-1050
-380
396
1261
2225
3228
4205
5159
6137
7078
7910
8681
9400
9916
10045
9827
9495
9119
8710
8394
8138
7780
7146
5999
4161
1574
-1730
-5396
-8872
-11809
-13964
-15162
-15310
-14352
-12514
-10290
-8001
-5819
-3873
-2105
-487
997
2495
4084
5741
7388
8827
9907
10575
10737
10316
9288
7693
5616
3228
788
-1521
-3525
-5114
-6340
-7213
-7757
-8048
-8071
-7802
-7341
-6856
-6446
-6088
-5841
-5855
-6109
-6346
-6326
-5968
-5272
-4277
-3090
-1822
-621
236
612
604
357
68
-71
-60
66
226
353
446
410
168
-185
-494
-638
-536
-175
490
1490
2693
3913
5096
6184
7164
8039
8812
9564
10296
10868
11163
11165
10902
10367
9609
8808
8121
7497
6688
5523
3946
1761
-1279
-5057
-9106
-12833
-15751
-17605
-18194
-17361
-15232
-12224
-8824
-5428
-2301
377
2545
4220
5427
6292
7069
7931
8815
9498
9815
9784
9359
8281
6473
4174
1675
-777
-3049
-5054
-6634
-7718
-8352
-8558
-8353
-7849
-7153
-6277
-5212
-4102
-3186
-2517
-2041
-1914
-2271
-3010
-3870
-4522
-4818
-4848
-4650
-4116
-3275
-2384
-1671
-1164
-888
-825
-800
-585
-197
269
763
1204
1495
1603
1526
1340
1276
1467
1828
2307
2956
3770
4696
5648
6557
7403
8215
8995
9704
10243
10483
10419
10117
9530
8621
7649
6926
6406
5805
4946
3624
1388
-2069
-6392
-10718
-14366
-17120
-18832
-19062
-17439
-14287
-10463
-6531
-2598
1097
4070
6064
7206
7696
7671
7308
6914
6772
6907
7116
7179
6888
5981
4344
2166
-323
-2928
-5339
-7174
-8253
-8629
-8405
-7668
-6540
-5272
-4051
-2826
-1591
-599
8
369
531
190
-836
-2304
-3847
-5290
-6586
-7562
-7911
-7464
-6432
-5239
-4141
-3153
-2243
-1408
-668
9
658
1355
2095
2680
2926
2876
2737
2643
2608
2536
2412
2451
2902
3772
4923
6201
7545
8926
10168
10999
11385
11461
11184
10498
9575
8618
7781
7184
6678
5958
4962
3479
805
-3376
-8303
-12921
-16735
-19607
-21177
-20855
-18410
-14461
-9962
-5264
-300
4524
8317
10624
11713
11925
11182
9389
7079
5132
3922
3156
2453
1686
891
-10
-1261
-2882
-4521
-5898
-6995
-7652
-7652
-7101
-6151
-4785
-3096
-1343
343
1781
2642
2815
2391
1319
-354
-2365
-4483
-6633
-8660
-10211
-10913
-10632
-9605
-8125
-6345
-4400
-2561
-1015
316
1635
2958
4132
4978
5422
5400
4794
3637
2243
1096
521
532
978
1812
3054
4545
6030
7527
9223
10995
12475
13351
13548
13180
12194
10535
8583
6918
5864
5143
4388
3673
2465
-410
-5009
-10126
-14634
-18272
-21177
-22649
-21577
-18155
-13622
-8696
-3202
2808
8281
12131
14307
15266
15004
13200
10161
6905
4149
1869
-176
-1957
-3264
-4022
-4421
-4773
-5255
-5812
-6263
-6525
-6547
-6152
-5137
-3595
-1841
7
1868
3400
4239
4354
3734
2219
-117
-2905
-5802
-8583
-11092
-13027
-13850
-13285
-11754
-9827
-7533
-4838
-2100
219
2060
3582
4885
5968
6658
6703
6090
5012
3475
1503
-365
-1397
-1390
-598
727
2531
4821
7402
9868
11968
13826
15451
16445
16377
15206
13244
10950
8813
7083
5763
4865
4254
3034
-9
-4899
-10254
-15026
-19344
-23097
-24883
-23501
-19668
-15031
-10041
-4024
2841
9086
13561
16363
17747
17249
14567
10401
5897
1791
-1692
-4590
-6845
-8204
-8600
-8326
-7745
-7050
-6246
-5222
-4041
-3037
-2218
-1124
334
1648
2685
3843
5068
5807
5924
5500
4132
1388
-2351
-6375
-10264
-13553
-15653
-16236
-15280
-12913
-9589
-5955
-2446
727
3352
5241
6336
6837
6874
6350
5151
3455
1611
-304
-2202
-3593
-3921
-3185
-1732
301
2924
5844
8622
11024
13010
14735
15897
15960
15100
13667
11717
9388
7023
5315
4462
3897
3451
2363
-614
-4803
-8954
-13165
-17103
-20006
-21426
-20278
-16687
-12378
-7298
-578
6600
12595
16802
19246
20037
18568
14443
8770
2946
-2583
-7655
-11651
-14004
-14641
-13731
-11770
-9470
-7036
-4491
-2268
-751
199
913
1607
2302
2864
3317
3934
4801
5352
4945
3513
1373
-1335
-4724
-8602
-12205
-14706
-15759
-15361
-13496
-10190
-5869
-1334
2631
5668
7639
8419
8021
6782
5111
3129
804
-1731
-4024
-5711
-6654
-6608
-5315
-2761
571
3928
7058
10044
12773
14967
16365
17105
17082
15949
13889
10948
7684
5141
3259
2204
2093
2174
1866
-447
-4633
-8408
-12281
-16176
-18697
-20091
-18794
-14766
-10406
-4775
2309
9319
15818
19999
21627
21871
19575
14661
8323
1220
-5444
-11209
-15865
-18567
-19138
-17832
-15168
-11761
-7939
-4213
-998
1586
3408
4532
5031
4979
4686
4336
3965
3600
3155
2322
665
-1940
-5108
-8344
-11249
-13468
-14628
-14410
-12700
-9613
-5542
-1042
3304
6988
9482
10308
9431
7402
4862
2059
-1005
-4039
-6493
-8103
-8892
-8805
-7424
-4493
-593
3408
7126
10571
13710
16132
17549
18150
17827
16445
13890
10517
7495
5093
3342
2493
2104
2464
2568
-37
-4074
-7652
-11533
-15361
-18508
-20348
-19369
-16139
-11764
-5840
1398
9114
16039
20742
23049
23220
21094
16560
10138
2960
-4152
-10737
-16082
-19476
-20425
-19076
-16279
-12516
-8012
-3600
-110
2611
4898
6384
6828
6514
5660
4485
3327
2209
1086
165
-756
-2565
-5680
-9471
-12982
-15609
-17078
-17034
-15020
-11030
-5874
-535
4486
8883
11995
13090
12044
9544
6269
2352
-2062
-6233
-9265
-11008
-11774
-11448
-9389
-5479
-549
4409
8995
13094
16337
18230
18570
17842
16431
14209
11455
8745
6326
4312
3014
2655
3066
3970
4325
2460
-1099
-4738
-8909
-13630
-17518
-20048
-20276
-17653
-13726
-8387
-750
7241
14525
20843
24304
25159
23697
18543
11600
4347
-3748
-10924
-16449
-20100
-20428
-18624
-15730
-11304
-6490
-1940
1972
4506
6241
7295
7097
5851
4078
2495
1346
305
-632
-1549
-2634
-4075
-5986
-7921
-9392
-10297
-10604
-10178
-8803
-6500
-3574
-320
2963
5784
7529
7924
7172
5535
3124
219
-2683
-5178
-7015
-8091
-8202
-7114
-4772
-1419
2439
6191
9255
11538
13265
14142
13843
12747
11011
8594
5920
3608
2063
1272
1253
1954
3236
4852
4924
2370
-666
-3696
-7871
-12048
-15362
-17343
-16974
-15009
-11630
-5910
1091
8273
14929
19596
22413
23279
20602
15295
8933
1465
-5815
-11986
-17049
-19569
-19607
-18251
-14914
-10044
-4968
-252
3339
5675
7075
7247
6214
4494
2773
1354
123
-757
-1185
-1434
-1930
-3099
-4787
-6600
-8411
-9975
-10822
-10332
-8417
-5569
-2031
1751
5269
8021
9013
8403
6820
4148
921
-2666
-6271
-8511
-9557
-9784
-8574
-6271
-2702
1884
6022
9689
12780
14681
15398
14877
13615
11706
9116
6480
3550
1272
473
92
1026
3261
4801
5247
3688
536
-2654
-6975
-11770
-15310
-17675
-17905
-16195
-13012
-7110
385
7881
14960
20147
23180
24147
21763
16569
10261
3223
-4212
-11134
-16461
-19193
-19458
-17985
-14777
-10145
-5131
-523
3262
5961
7288
7168
5789
3575
1526
-176
-1824
-2494
-2444
-2561
-2326
-2337
-3083
-3840
-5082
-6521
-7161
-7376
-6641
-4400
-1669
1324
4394
6416
7207
6962
5526
3294
613
-2396
-5096
-7117
-8513
-8773
-7741
-5650
-2215
1988
5916
9522
12374
14022
14660
14013
12480
10458
7442
4211
1484
-867
-1907
-1348
265
2519
3708
2863
822
-1865
-4939
-8290
-11635
-14015
-14964
-14490
-12385
-8506
-2855
3850
10131
14984
18256
19929
19467
16489
11741
6278
338
-5981
-11681
-15430
-16952
-16779
-15015
-11647
-7261
-2762
1290
4691
6944
7592
6703
4584
1936
-415
-2182
-3302
-3830
-3680
-3140
-2973
-2948
-3112
-3937
-4632
-5347
-6160
-5584
-4119
-2316
504
3182
5228
6990
7368
6491
5026
2558
-607
-3889
-6801
-8772
-9697
-9358
-7553
-4549
-576
3808
7835
11193
13618
14774
14674
13567
11605
8986
6091
3297
849
-662
-977
-537
1099
3512
4060
2330
195
-2483
-6074
-9848
-13614
-15867
-15549
-14427
-12076
-6865
-431
6233
12496
16596
19354
20565
18506
14473
9083
2493
-3681
-9725
-14841
-17034
-17070
-15536
-12306
-7975
-3002
1489
4775
7064
8062
7544
5519
2502
-415
-2747
-4362
-5310
-5478
-4691
-3636
-2847
-2852
-3686
-4229
-5259
-7010
-7087
-5865
-4508
-1937
1274
4169
6806
8388
8652
7736
5714
3070
-333
-4064
-6876
-8532
-9171
-8740
-7039
-3746
513
4699
8484
11840
14248
15072
14643
13445
11455
8781
5628
2435
-65
-1426
-1494
-527
1368
3897
4762
2796
230
-2416
-6515
-10980
-14623
-17184
-17338
-15527
-12511
-6806
631
7891
14535
18592
20427
21612
19683
14488
8477
1699
-5412
-12131
-17473
-19480
-18756
-16559
-12621
-7439
-1933
2877
6359
8654
9522
8741
6269
2920
10
-2589
-4684
-5572
-5736
-4887
-3459
-3439
-3913
-3633
-4330
-5812
-6391
-6578
-6098
-4061
-1499
1377
4944
7879
9274
9193
7848
5729
2809
-764
-4075
-6666
-8459
-9239
-8709
-6575
-2997
1491
5974
9711
12657
14549
15101
14453
12878
10577
7524
4103
1143
-699
-980
-405
603
2756
3974
2163
-683
-3529
-7069
-10843
-14645
-17461
-17857
-16527
-13528
-8086
-1032
6821
13989
18455
21066
22364
20649
16278
10253
2920
-4122
-10466
-16004
-18805
-18692
-16882
-13586
-9165
-4037
1182
5416
8259
9625
9286
7219
3992
750
-1796
-3621
-4734
-5184
-5110
-4788
-4682
-4958
-5363
-5662
-5892
-6109
-5958
-4900
-2848
-403
1848
3810
5517
6580
6501
5495
3959
2011
-450
-3085
-5174
-6137
-6341
-6138
-4549
-1755
1886
5747
9093
11946
13395
13842
13199
11312
9249
7136
5061
2418
289
342
612
1381
4114
4968
2914
-16
-3960
-7594
-11089
-14739
-16720
-16805
-15471
-12560
-7872
-1790
5659
12780
17346
20184
21639
20342
16108
10226
3472
-3767
-10555
-15906
-18648
-18566
-16746
-13307
-8517
-3773
821
4908
7347
8674
8728
6733
3954
1117
-1804
-3697
-4450
-4982
-5161
-4925
-4848
-4904
-4940
-5231
-5645
-5866
-5715
-4762
-2981
-596
2114
4132
5230
6057
6088
5105
3696
1672
-711
-2866
-4934
-6357
-6482
-5673
-3957
-1274
2052
5812
9307
11755
13159
13534
12730
10997
8860
6880
4760
2358
913
441
67
966
3433
4742
3439
640
-2544
-6025
-10240
-14279
-16409
-16804
-15854
-13091
-8879
-2953
4486
11157
16196
19714
21161
20480
16961
10919
4436
-2325
-9475
-15419
-18853
-19232
-17208
-13711
-8996
-3811
981
4784
7305
8678
8638
7115
4226
485
-2333
-3876
-4691
-4427
-4168
-4316
-3845
-3605
-3908
-4181
-4980
-5783
-5848
-5422
-4201
-2084
477
2907
4549
5421
5703
5411
4489
2766
453
-2092
-4430
-6042
-6704
-6125
-4614
-2487
908
4658
7638
10561
12850
13684
13719
12552
10145
7855
5345
2355
196
-1113
-1641
-847
1168
4175
5635
3596
693
-2573
-7132
-11231
-14886
-16847
-15719
-14467
-12281
-7022
-776
6257
13050
17242
19959
21087
19160
14575
8275
1752
-4778
-11543
-16506
-18469
-18121
-15913
-12123
-7217
-2193
2043
5328
7470
8148
7198
4892
2066
-481
-2197
-2878
-2939
-2950
-3077
-3170
-3209
-3381
-3845
-4561
-5337
-5973
-6195
-5679
-4233
-1978
514
2692
4382
5446
5780
5325
4159
2445
157
-2419
-4688
-6281
-6758
-6189
-4914
-2252
1549
5315
8869
11679
13365
14260
13593
11429
9150
6702
4236
2405
523
-1019
-943
-218
779
3777
6556
5386
2427
-429
-4336
-8270
-12344
-16313
-17419
-16916
-15760
-11878
-5950
1619
9643
14982
18683
21437
21108
17959
12463
5480
-1065
-7726
-14050
-17437
-18034
-16756
-13281
-8854
-4650
-190
3763
5820
6367
5863
4166
1834
-462
-2267
-3163
-3299
-3130
-2939
-2722
-2423
-2424
-2702
-3124
-4053
-5028
-5740
-6082
-5082
-3348
-1690
504
2500
4053
5373
5203
4261
3308
1212
-1050
-2870
-4935
-5964
-5938
-5553
-3579
-536
2516
6092
8963
10541
12104
12727
12024
11048
8983
6233
4258
2384
743
176
327
1193
2068
2935
5356
6983
5121
2199
-954
-5172
-9197
-13335
-16687
-17026
-15947
-13915
-9728
-4428
1991
8875
13813
16902
18571
17765
14253
8978
3339
-2061
-7087
-11009
-13317
-13703
-12029
-9053
-5761
-2753
-227
1552
2108
1713
1298
1026
244
-1106
-2177
-2438
-2161
-1636
-952
-365
-222
-792
-2024
-3398
-4384
-4985
-5455
-5609
-4975
-3398
-1147
1369
3776
5534
6040
5139
3420
1635
-96
-2014
-3848
-4990
-5322
-5046
-4022
-1966
785
3501
5597
6861
7703
8450
8826
8764
8331
7310
5768
4336
3674
3420
3079
2922
2654
2279
2308
2684
4143
5936
5044
1735
-1732
-5089
-8295
-11486
-14112
-14394
-13392
-12712
-10458
-5907
-405
5468
10023
12472
14071
14110
12175
9443
5895
2216
-1127
-5021
-8556
-10445
-10566
-9527
-8304
-6533
-4255
-2178
-60
1192
1473
2026
1762
505
-310
-995
-1244
-906
-1492
-2371
-2601
-3292
-3983
-3979
-4187
-4075
-3278
-2819
-2131
-598
1163
2827
3762
3689
3082
1990
639
-650
-1835
-2781
-3594
-4136
-4001
-3617
-3273
-2372
-651
1196
2564
3820
5281
6758
8017
8807
8992
9036
8781
7867
6625
5072
3849
2807
1760
831
205
933
1891
3204
4872
5355
6068
5116
1229
-1764
-5118
-9410
-11928
-14485
-15545
-13720
-12424
-9339
-3878
1066
6767
11122
12946
14516
14123
11498
8180
4025
-535
-4731
-8275
-10492
-11152
-10703
-8745
-6216
-3907
-1266
1001
2575
3600
3809
3025
1118
-1229
-2846
-4202
-5636
-6158
-6310
-6214
-5015
-3599
-1991
357
2105
2800
3018
2725
2222
1521
378
-849
-1771
-2259
-2689
-3308
-3654
-3567
-3346
-3096
-2851
-2588
-2098
-1246
-336
493
1887
3767
5245
6296
7301
8160
8542
8315
7509
6163
4752
3556
2336
1609
1430
1220
1605
2384
3048
4038
4798
5337
5958
5687
4647
3464
956
-2637
-5663
-8327
-10105
-11003
-11802
-10993
-8955
-6715
-3515
-273
2813
5802
7298
7970
8514
7798
6166
4171
1410
-1217
-3562
-5575
-6234
-6276
-5711
-4204
-2713
-1083
463
1480
2272
2206
1311
-62
-1973
-3407
-4437
-5421
-5552
-5325
-4809
-3379
-1933
-707
710
1630
1885
1687
866
-57
-682
-1453
-2365
-3096
-3702
-4006
-3807
-3270
-2381
-1267
-441
-23
217
435
676
808
790
814
1037
1514
2122
2866
3832
4651
5318
6022
6381
6690
7138
6903
6095
5177
4013
2899
1926
1197
1098
1068
971
1513
2308
2930
3666
4371
4841
4465
2555
162
-2056
-4736
-7348
-9361
-10625
-10637
-10086
-8979
-6462
-3535
-782
2070
4323
5905
6825
6711
6043
4884
3225
1831
631
-651
-1589
-2068
-2091
-1630
-1125
-726
-355
-508
-1293
-2128
-2890
-3620
-4249
-4927
-5365
-5289
-4957
-4248
-3259
-2554
-1946
-1380
-1170
-1004
-853
-945
-1075
-1365
-1861
-2174
-2148
-1751
-1107
-497
-73
33
-130
-266
-384
-600
-790
-897
-1018
-1159
-1059
-338
830
1952
2986
4042
5148
6079
6484
6616
6529
5806
4812
3982
3400
3196
2892
2450
2419
2549
2857
3509
3919
4197
4405
3955
3433
3301
2954
2498
1741
188
-1442
-3109
-5007
-6138
-6682
-7153
-7120
-6983
-6628
-5315
-3651
-1891
208
2123
3712
4788
5002
5087
5265
4757
3737
2589
1181
-49
-833
-1429
-1691
-1774
-2024
-2184
-2402
-2783
-2846
-3059
-3869
-4650
-5321
-5818
-5766
-5565
-5250
-4516
-3824
-3232
-2396
-1477
-646
-122
19
-149
-533
-871
-1050
-1162
-1227
-1124
-1081
-1044
-755
-341
68
429
918
1154
892
386
-117
-25
317
517
823
1239
1920
2804
3586
4436
5409
6104
6363
6317
6213
5977
5558
5129
4408
3485
2823
2330
1842
1712
1951
2297
2598
2602
2965
3600
3325
2471
1285
-335
-1899
-3734
-5513
-6290
-6589
-6925
-6723
-5819
-4570
-3076
-1638
-188
1385
2421
2946
3410
3567
3329
3032
2689
2167
1537
925
504
269
66
-215
-735
-1550
-2471
-3251
-3776
-4229
-4920
-5781
-6506
-6963
-7134
-6966
-6471
-5807
-5120
-4405
-3609
-2658
-1592
-629
34
429
705
919
1069
1186
1204
1053
803
462
-2
-462
-700
-725
-828
-1061
-1175
-1082
-762
-328
207
1069
1965
2590
3322
4175
4950
5690
6166
6406
6492
6158
5603
5122
4547
3893
3364
3021
2969
3060
3163
3360
3552
3691
3663
3495
3420
3334
2983
2333
1414
57
-1366
-2772
-4405
-5646
-6487
-7070
-7090
-6836
-6052
-4623
-3282
-1921
-411
948
2207
3058
3565
4094
4271
4104
3742
3171
2601
1795
928
188
-692
-1654
-2745
-3776
-4614
-5414
-6157
-6816
-7290
-7465
-7353
-7065
-6666
-6076
-5274
-4443
-3593
-2575
-1528
-667
-110
261
604
816
870
812
665
575
464
279
301
321
139
17
-123
-303
-304
-221
-88
164
432
912
1675
2446
3238
4003
4634
5057
5282
5351
5349
5359
5014
4511
4060
3510
3156
2844
2529
2562
2726
2914
3153
3308
3578
3675
3446
3361
3152
2586
1745
759
-193
-1161
-2177
-3335
-4409
-5122
-5599
-5996
-6162
-5791
-4963
-4001
-3085
-1976
-571
727
1785
2760
3528
4065
4335
4121
3700
3029
2055
1079
61
-886
-1891
-2884
-3584
-4207
-4740
-5199
-5573
-5802
-6205
-6678
-6982
-7201
-7236
-7086
-6706
-5949
-5052
-3961
-2595
-1226
114
1204
2008
2637
2851
2889
2843
2649
2412
2076
1801
1498
1101
752
509
419
271
6
-12
258
547
921
1427
1932
2538
3161
3685
4287
4855
5244
5543
5667
5617
5547
5211
4654
4278
3998
3841
3739
3653
3781
3933
3971
3977
4070
3909
3139
1919
332
-1274
-2883
-4742
-6346
-7460
-8307
-8863
-9015
-8271
-6830
-5362
-3483
-1415
373
1857
2943
3928
4532
4596
4461
4000
3370
2643
1751
1136
740
150
-488
-1153
-1921
-2790
-3769
-4644
-5582
-6662
-7539
-8277
-8879
-9088
-8957
-8485
-7716
-6815
-5675
-4234
-2657
-1175
79
1145
2033
2734
3213
3478
3696
3760
3470
3017
2540
2089
1689
1207
699
309
-120
-517
-647
-591
-412
-81
396
1175
2232
3259
4217
5102
5759
6181
6380
6386
6395
6326
5989
5577
5227
4903
4675
4544
4535
4674
4710
4562
4311
3719
2614
1115
-648
-2490
-4384
-6360
-8091
-9196
-9766
-9949
-9630
-8665
-7132
-5299
-3210
-967
1072
2634
3767
4442
4645
4472
3901
3276
2491
1710
1172
566
231
-88
-369
-425
-714
-975
-1404
-2225
-3179
-4452
-5781
-6995
-8355
-9304
-9766
-9818
-9275
-8526
-7127
-5214
-3245
-1182
604
2229
3482
4135
4368
4208
3804
3257
2665
2146
1757
1496
1376
1348
1319
1286
1199
1053
835
607
492
514
717
1125
1718
2457
3226
4011
4900
5824
6627
7089
7211
7185
6999
6717
6346
5810
5444
5054
4479
4191
3989
3686
3145
1897
337
-1261
-3246
-5185
-7019
-8749
-9935
-11015
-11441
-10889
-9852
-7933
-5749
-3510
-1038
1001
2736
4099
5062
5524
5176
4484
3501
2435
1545
787
418
288
339
470
590
732
609
143
-720
-2085
-3821
-5720
-7617
-9243
-10469
-11277
-11416
-10908
-9936
-8398
-6330
-4028
-1699
340
1935
3214
3984
4232
4223
3934
3453
2926
2327
1886
1708
1664
1821
2124
2425
2650
2704
2620
2477
2315
2129
2000
2064
2314
2653
3183
3867
4619
5515
6110
6603
7073
7299
7528
7392
7175
6990
6543
6070
5317
4542
3677
2216
630
-1115
-3057
-4855
-6844
-8589
-9747
-10886
-11529
-11474
-10955
-9643
-8075
-6238
-3938
-1817
272
2147
3689
4943
5555
5704
5472
4949
4227
3406
2622
1927
1366
788
357
109
-152
-472
-991
-1749
-2666
-3868
-5395
-6975
-8485
-9831
-10831
-11391
-11349
-10593
-9229
-7383
-5182
-2841
-533
1569
3249
4454
5163
5356
5182
4669
3876
3089
2428
1924
1691
1580
1542
1696
1924
2146
2431
2687
2886
3089
3252
3402
3599
3847
4175
4544
4948
5436
5874
6283
6750
7069
7219
7336
7348
7287
7004
6382
5624
4492
2811
863
-1253
-3405
-5578
-7819
-9675
-11093
-12183
-12666
-12446
-11443
-9841
-8069
-6040
-3747
-1596
301
1878
3127
4066
4428
4377
4072
3617
3175
2712
2421
2244
2170
2224
2178
2046
1725
1148
200
-1247
-2881
-4721
-6759
-8616
-10296
-11549
-12139
-12277
-11648
-10242
-8403
-6072
-3657
-1343
911
2636
3916
4750
5115
5237
4984
4518
3995
3478
3071
2733
2482
2371
2334
2291
2306
2356
2484
2722
2923
3218
3662
4063
4489
4922
5299
5712
5927
5949
6103
6205
6211
6293
6325
6377
6348
5947
5448
4806
3601
2122
421
-1671
-3776
-5970
-8146
-9687
-10942
-11879
-11894
-11337
-10191
-8383
-6465
-4307
-2083
-299
1275
2484
3150
3480
3360
2935
2434
1856
1420
1202
1170
1371
1701
2060
2321
2300
1911
1089
-181
-1838
-3816
-5956
-8044
-9896
-11315
-12150
-12324
-11844
-10780
-9179
-7149
-4904
-2625
-435
1544
3145
4225
4814
5079
5091
4781
4281
3870
3578
3274
3035
2979
3003
2993
2980
2990
3069
3250
3436
3605
3827
4071
4269
4469
4787
5178
5574
5947
6099
6110
6228
6284
6237
6216
6043
5653
4917
3687
2349
906
-1004
-3127
-5187
-7120
-8742
-10047
-10874
-10825
-10169
-9204
-7744
-5905
-3911
-1924
-217
1022
1978
2583
2657
2479
2072
1736
1609
1408
1362
1541
1883
2316
2639
2839
2769
2292
1379
-143
-1877
-3686
-5812
-7738
-9484
-10926
-11614
-11884
-11559
-10499
-8984
-7107
-5082
-3067
-1103
653
2066
3153
3953
4512
4763
4700
4495
4267
4017
3727
3451
3196
3051
2888
2718
2699
2777
3025
3222
3388
3693
3961
4249
4469
4697
5048
5319
5537
5551
5565
5664
5562
5576
5585
5453
5305
4728
3787
2749
1321
-472
-2351
-4271
-6065
-7618
-8867
-9542
-9548
-9000
-8067
-6788
-5170
-3461
-1899
-544
567
1378
1842
1974
1900
1723
1508
1362
1369
1538
1810
2127
2398
2547
2528
2236
1522
353
-1183
-2971
-4908
-6870
-8671
-10133
-11122
-11550
-11403
-10667
-9351
-7587
-5562
-3478
-1474
336
1827
2987
3803
4275
4559
4625
4446
4222
3948
3617
3362
3151
2993
2901
2707
2484
2441
2493
2595
2786
3121
3548
3955
4301
4641
4983
5189
5317
5345
5413
5555
5560
5631
5712
5769
5515
4799
3957
2869
1421
-382
-2274
-4042
-5779
-7390
-8619
-9232
-9210
-8691
-7789
-6483
-4858
-3212
-1754
-491
613
1444
1894
2028
1980
1853
1737
1727
1855
2096
2401
2730
3005
3095
2888
2298
1265
-195
-1946
-3818
-5697
-7500
-9066
-10231
-10945
-11239
-11097
-10432
-9291
-7855
-6264
-4566
-2820
-1166
294
1530
2558
3378
4007
4414
4639
4716
4613
4460
4224
3911
3559
3197
2886
2552
2419
2382
2377
2541
2630
2882
3285
3516
3791
4052
4232
4433
4470
4468
4593
4789
5041
5207
5307
5235
4777
4152
3205
1992
734
-1009
-2802
-4330
-5897
-7076
-7807
-7996
-7522
-6880
-5995
-4799
-3441
-2211
-1382
-656
-64
351
562
623
859
1200
1548
1899
2464
3244
3819
4030
3987
3749
3114
1953
425
-1220
-2895
-4620
-6258
-7623
-8630
-9294
-9607
-9532
-9128
-8464
-7528
-6376
-5155
-3920
-2618
-1301
-66
1075
2158
3110
3817
4299
4617
4788
4750
4472
4085
3767
3426
2951
2497
2223
2244
2302
2361
2614
2981
3415
3611
3702
3991
4233
4283
4056
3846
3932
4036
4014
4017
4339
4708
4478
3917
3275
2341
1074
-682
-2438
-3732
-5226
-6649
-7385
-7552
-7058
-6515
-5896
-4608
-3355
-2482
-1820
-1249
-642
-337
-342
-238
124
628
1149
1774
2627
3443
3960
4217
4265
4014
3273
2136
759
-889
-2631
-4342
-5894
-7068
-8022
-8717
-8940
-8878
-8614
-8134
-7526
-6622
-5590
-4637
-3408
-2116
-853
422
1621
2839
3803
4523
4978
5259
5447
5305
4951
4496
4040
3508
2953
2678
2648
2714
2818
3030
3328
3607
3759
3804
3868
3874
3700
3435
3314
3374
3520
3723
4035
4438
4699
4533
3932
3101
1996
460
-1378
-3135
-4626
-5921
-6947
-7483
-7421
-6922
-6173
-5183
-3970
-2849
-2014
-1385
-954
-661
-561
-482
-200
192
832
1584
2491
3562
4362
4921
5166
4998
4440
3379
2091
642
-998
-2633
-4255
-5553
-6550
-7463
-8051
-8363
-8459
-8523
-8488
-8058
-7442
-6578
-5549
-4349
-2892
-1464
-78
1256
2569
3726
4491
4964
5262
5336
5100
4697
4256
3835
3385
2877
2568
2598
2746
2852
3005
3279
3576
3675
3520
3331
3277
3240
3028
2836
2966
3319
3646
3893
4268
4794
4935
4367
3373
2222
891
-847
-2836
-4423
-5441
-6251
-6937
-7167
-6627
-5661
-4890
-4243
-3430
-2646
-2278
-2358
-2346
-1888
-1353
-973
-418
544
1738
2823
3710
4581
5311
5502
5139
4479
3584
2412
1008
-428
-1678
-2798
-3860
-4711
-5334
-5896
-6457
-7004
-7475
-7799
-8002
-8024
-7685
-6990
-6012
-4777
-3375
-1869
-302
1168
2471
3563
4321
4773
5001
4999
4819
4546
4236
4016
3820
3576
3460
3547
3683
3709
3635
3590
3591
3491
3283
3130
3149
3254
3253
3223
3274
3459
3694
3813
3902
3915
3780
3292
2322
1111
-161
-1413
-2753
-4111
-5177
-5805
-6102
-6239
-6129
-5630
-4886
-4227
-3760
-3374
-3016
-2736
-2530
-2262
-1815
-1175
-398
483
1491
2550
3491
4235
4720
4818
4499
3802
2948
2010
945
-126
-1120
-1894
-2583
-3392
-4146
-4792
-5388
-6103
-6952
-7566
-7904
-8027
-7935
-7525
-6615
-5386
-4039
-2643
-1214
218
1457
2381
3082
3641
4046
4272
4348
4424
4427
4309
4189
4089
4068
3985
3872
3860
3764
3641
3546
3491
3536
3489
3383
3382
3473
3496
3422
3471
3660
3847
3933
3940
3951
3649
2784
1605
376
-882
-2282
-3767
-4895
-5486
-5853
-6078
-5998
-5542
-4894
-4390
-4014
-3587
-3251
-3135
-3061
-2762
-2160
-1419
-585
443
1632
2775
3644
4224
4604
4649
4262
3593
2842
2106
1377
675
79
-456
-1055
-1746
-2486
-3266
-4134
-5087
-6038
-6892
-7563
-7988
-8076
-7739
-7048
-6106
-4902
-3543
-2223
-1064
-75
772
1439
1905
2312
2788
3223
3540
3802
4050
4254
4320
4216
4075
3946
3772
3606
3514
3473
3423
3380
3401
3464
3507
3545
3613
3699
3697
3590
3509
3537
3610
3614
3534
3433
3118
2337
1211
12
-1113
-2148
-3129
-3887
-4288
-4550
-4808
-4964
-4929
-4774
-4662
-4588
-4409
-4176
-3985
-3715
-3174
-2326
-1337
-365
614
1599
2359
2724
2811
2783
2661
2400
2055
1818
1750
1695
1615
1544
1373
996
371
-487
-1474
-2537
-3633
-4645
-5452
-5955
-6165
-6129
-5886
-5499
-4987
-4376
-3788
-3261
-2780
-2350
-1923
-1530
-1127
-582
66
725
1323
1763
2095
2357
2528
2701
2967
3296
3593
3794
3986
4243
4491
4681
4869
5089
5199
5046
4734
4526
4491
4455
4360
4392
4572
4643
4465
4222
4094
3840
3108
2010
864
-293
-1520
-2700
-3566
-4031
-4370
-4787
-5138
-5340
-5497
-5631
-5639
-5436
-5099
-4780
-4447
-3947
-3286
-2574
-1837
-1062
-301
314
667
869
1108
1410
1757
2174
2646
3098
3366
3378
3239
2976
2510
1880
1152
322
-634
-1654
-2552
-3201
-3663
-4027
-4270
-4406
-4591
-4910
-5234
-5394
-5386
-5279
-5070
-4676
-4107
-3496
-2936
-2379
-1765
-1177
-730
-396
-29
410
891
1440
2120
2904
3681
4370
4961
5425
5744
5947
6068
6074
5929
5746
5739
5962
6209
6366
6583
6919
7101
6918
6548
6206
5715
4767
3392
1913
527
-824
-2125
-3123
-3688
-4083
-4597
-5184
-5677
-6110
-6562
-6911
-6959
-6799
-6706
-6683
-6444
-5901
-5260
-4585
-3725
-2708
-1797
-1110
-474
267
1046
1743
2427
3195
3892
4319
4522
4627
4572
4267
3787
3241
2627
1865
941
-45
-979
-1843
-2678
-3439
-4058
-4591
-5141
-5663
-6037
-6216
-6241
-6119
-5839
-5464
-5077
-4690
-4243
-3689
-3041
-2332
-1550
-735
14
689
1414
2207
2991
3755
4517
5215
5775
6197
6550
6871
7166
7456
7791
8154
8408
8503
8533
8541
8403
8058
7606
7095
6353
5213
3761
2259
830
-548
-1816
-2810
-3529
-4217
-5036
-5886
-6640
-7348
-8007
-8433
-8517
-8419
-8326
-8187
-7776
-7032
-6126
-5183
-4158
-3069
-2132
-1474
-925
-259
565
1498
2502
3471
4233
4737
5074
5308
5402
5323
5096
4722
4127
3293
2349
1446
585
-290
-1132
-1927
-2836
-3907
-4921
-5660
-6168
-6591
-6884
-6927
-6823
-6783
-6782
-6580
-6091
-5506
-4938
-4252
-3340
-2379
-1511
-626
410
1495
2469
3363
4282
5144
5817
6346
6897
7488
7958
8244
8491
8794
9026
9052
8928
8796
8621
8264
7716
7147
6619
5993
5123
4019
2798
1569
336
-916
-2115
-3156
-4079
-5010
-5958
-6837
-7607
-8251
-8675
-8814
-8716
-8523
-8305
-7961
-7362
-6593
-5804
-4967
-3959
-2818
-1741
-826
10
867
1756
2621
3417
4133
4750
5237
5543
5634
5531
5306
5000
4571
3981
3270
2481
1615
660
-323
-1271
-2225
-3254
-4309
-5257
-6032
-6669
-7166
-7440
-7493
-7455
-7414
-7306
-7031
-6566
-5945
-5199
-4350
-3440
-2523
-1608
-665
362
1458
2562
3602
4511
5276
5922
6446
6900
7381
7862
8191
8334
8440
8578
8602
8413
8205
8178
8187
7917
7395
6916
6504
5800
4650
3344
2156
982
-346
-1671
-2735
-3636
-4608
-5572
-6294
-6854
-7483
-8087
-8375
-8362
-8365
-8439
-8246
-7607
-6828
-6201
-5552
-4620
-3569
-2688
-1884
-901
223
1277
2211
3094
3877
4435
4794
5090
5333
5400
5271
5047
4751
4279
3633
2955
2309
1589
734
-213
-1227
-2333
-3486
-4543
-5413
-6137
-6744
-7214
-7535
-7750
-7903
-7931
-7715
-7228
-6586
-5880
-5102
-4250
-3391
-2543
-1626
-587
497
1546
2542
3490
4357
5109
5775
6452
7164
7819
8303
8577
8711
8777
8803
8799
8784
8736
8614
8396
8062
7587
7006
6414
5818
5014
3845
2453
1124
-59
-1208
-2323
-3240
-3932
-4619
-5471
-6418
-7279
-7948
-8405
-8691
-8818
-8809
-8684
-8392
-7825
-6994
-6068
-5166
-4249
-3319
-2478
-1719
-900
94
1187
2198
3049
3772
4384
4868
5218
5412
5429
5309
5089
4744
4277
3744
3158
2498
1740
873
-134
-1246
-2360
-3405
-4379
-5297
-6127
-6776
-7222
-7544
-7785
-7911
-7870
-7647
-7282
-6806
-6189
-5394
-4480
-3582
-2743
-1907
-994
13
1066
2062
2971
3854
4710
5447
6065
6650
7239
7731
8057
8270
8404
8405
8270
8127
8020
7814
7418
6978
6656
6388
5999
5527
5120
4712
4013
2880
1533
275
-858
-1934
-2899
-3680
-4298
-4887
-5557
-6243
-6881
-7457
-7828
-7946
-7946
-7895
-7714
-7297
-6656
-5920
-5130
-4260
-3350
-2473
-1673
-913
-118
744
1686
2674
3570
4242
4696
5016
5187
5130
4911
4700
4535
4296
3901
3372
2740
2024
1215
317
-637
-1617
-2602
-3507
-4270
-4948
-5612
-6180
-6567
-6863
-7175
-7456
-7567
-7429
-7094
-6651
-6070
-5288
-4379
-3478
-2600
-1713
-806
89
966
1866
2818
3740
4537
5206
5810
6289
6575
6788
7105
7473
7686
7711
7701
7717
7648
7422
7117
6813
6403
5815
5203
4739
4368
3904
3339
2841
2294
1422
315
-679
-1455
-2182
-3013
-3808
-4371
-4797
-5257
-5708
-6034
-6279
-6538
-6743
-6759
-6651
-6495
-6169
-5531
-4716
-4026
-3504
-2921
-2195
-1499
-948
-366
404
1224
1913
2529
3164
3702
4006
4149
4254
4270
4130
3959
3900
3807
3423
2776
2125
1549
882
59
-724
-1364
-2023
-2861
-3776
-4569
-5194
-5748
-6230
-6539
-6678
-6782
-6857
-6723
-6339
-5893
-5483
-4999
-4391
-3746
-3104
-2366
-1460
-452
507
1393
2270
3098
3797
4422
5053
5617
5988
6210
6408
6593
6667
6604
6488
6385
6214
5892
5491
5117
4810
4543
4270
3929
3524
3154
2885
2624
2288
1963
1766
1593
1235
644
-11
-563
-1038
-1554
-2094
-2548
-2913
-3302
-3741
-4156
-4498
-4764
-4941
-5009
-5032
-5055
-5011
-4780
-4371
-3935
-3530
-3082
-2579
-2119
-1726
-1276
-655
85
763
1278
1702
2124
2509
2799
3027
3229
3340
3294
3107
2838
2536
2222
1904
1575
1195
721
145
-516
-1217
-1885
-2492
-3080
-3654
-4161
-4556
-4859
-5082
-5196
-5166
-4985
-4718
-4436
-4102
-3657
-3156
-2674
-2161
-1541
-863
-243
307
852
1396
1869
2261
2633
2988
3274
3499
3752
4026
4197
4223
4205
4217
4192
4057
3898
3841
3866
3843
3734
3594
3483
3422
3356
3227
3074
2995
2975
2910
2757
2586
2435
2227
1825
1199
500
-87
-553
-1017
-1523
-1992
-2383
-2752
-3172
-3632
-4052
-4384
-4627
-4816
-4990
-5119
-5098
-4853
-4460
-4072
-3757
-3467
-3150
-2819
-2486
-2087
-1544
-874
-188
406
888
1305
1692
2062
2367
2582
2722
2809
2904
3008
2996
2862
2696
2529
2314
1929
1352
761
275
-177
-711
-1316
-1876
-2344
-2791
-3257
-3700
-4063
-4320
-4465
-4506
-4469
-4382
-4226
-3972
-3669
-3370
-3030
-2550
-1928
-1276
-689
-159
374
928
1441
1882
2284
2677
3056
3423
3758
4003
4122
4198
4296
4321
4165
3935
3839
3902
3939
3823
3624
3475
3374
3222
3003
2803
2696
2653
2630
2588
2518
2466
2463
2427
2183
1645
971
395
-39
-496
-1073
-1636
-2074
-2477
-2973
-3568
-4126
-4506
-4778
-5039
-5272
-5405
-5359
-5132
-4818
-4461
-4080
-3709
-3313
-2850
-2364
-1879
-1327
-632
133
782
1277
1763
2345
2873
3172
3307
3449
3632
3778
3844
3832
3722
3487
3146
2773
2373
1888
1356
901
507
-1
-660
-1271
-1721
-2120
-2623
-3191
-3663
-3975
-4207
-4410
-4550
-4576
-4510
-4394
-4251
-4099
-3912
-3589
-3080
-2519
-2054
-1666
-1244
-766
-284
196
716
1252
1735
2117
2431
2717
2969
3197
3419
3584
3630
3590
3571
3590
3587
3530
3462
3424
3345
3156
2898
2692
2588
2541
2506
2478
2417
2284
2106
1966
1880
1773
1541
1170
754
362
-47
-522
-987
-1341
-1632
-2000
-2462
-2905
-3241
-3484
-3666
-3771
-3799
-3790
-3748
-3641
-3476
-3289
-3068
-2753
-2341
-1916
-1525
-1104
-563
67
632
1052
1421
1825
2206
2476
2673
2894
3141
3324
3391
3367
3276
3111
2852
2497
2072
1608
1142
705
270
-222
-771
-1323
-1851
-2392
-2956
-3469
-3883
-4215
-4491
-4709
-4853
-4903
-4850
-4702
-4500
-4273
-4026
-3748
-3430
-3042
-2568
-2032
-1488
-979
-505
-45
389
773
1131
1502
1896
2271
2581
2829
3038
3190
3295
3392
3459
3459
3420
3399
3404
3354
3197
3020
2930
2882
2772
2589
2425
2373
2368
2305
2206
2138
2106
2076
2017
1919
1817
1780
1808
1766
1529
1142
728
377
28
-424
-892
-1217
-1405
-1599
-1898
-2277
-2631
-2893
-3065
-3184
-3268
-3270
-3114
-2828
-2553
-2384
-2239
-1981
-1611
-1251
-966
-690
-329
102
469
715
927
1176
1439
1639
1706
1659
1573
1515
1477
1373
1149
885
677
515
280
-92
-493
-807
-1090
-1442
-1876
-2284
-2561
-2730
-2893
-3092
-3319
-3511
-3576
-3511
-3410
-3324
-3183
-2907
-2562
-2288
-2078
-1781
-1335
-867
-509
-223
96
450
776
1050
1295
1514
1708
1899
2080
2215
2309
2419
2570
2686
2680
2589
2536
2546
2538
2472
2411
2396
2370
2274
2135
2013
1929
1877
1850
1857
1875
1882
1887
1901
1903
1873
1824
1765
1685
1570
1438
1329
1242
1116
909
653
391
105
-266
-704
-1127
-1485
-1800
-2112
-2419
-2675
-2859
-3009
-3165
-3304
-3359
-3311
-3197
-3041
-2846
-2619
-2365
-2081
-1770
-1464
-1188
-922
-633
-345
-103
96
303
553
810
1008
1128
1227
1338
1401
1364
1263
1157
1056
945
810
627
409
191
-35
-292
-584
-889
-1177
-1441
-1688
-1912
-2075
-2156
-2188
-2197
-2187
-2157
-2096
-1970
-1792
-1600
-1406
-1183
-910
-609
-307
-17
262
515
725
894
1034
1142
1227
1315
1429
1563
1697
1805
1859
1850
1810
1796
1834
1892
1929
1937
1915
1877
1844
1831
1829
1802
1740
1679
1646
1641
1647
1629
1592
1548
1485
1421
1379
1314
1213
1111
1013
888
739
602
517
426
218
-99
-446
-757
-1014
-1282
-1592
-1887
-2136
-2365
-2598
-2819
-2989
-3086
-3130
-3146
-3145
-3082
-2910
-2643
-2369
-2147
-1939
-1667
-1342
-1023
-726
-423
-94
255
586
872
1118
1350
1566
1750
1881
1939
1933
1923
1934
1910
1824
1695
1538
1341
1095
830
579
301
-35
-378
-696
-998
-1265
-1492
-1682
-1842
-2003
-2164
-2273
-2314
-2295
-2222
-2127
-2018
-1865
-1678
-1503
-1336
-1141
-907
-656
-396
-142
119
410
675
862
997
1141
1297
1423
1509
1572
1629
1684
1728
1750
1763
1758
1736
1688
1575
1423
1284
1185
1136
1092
1006
902
811
721
605
463
357
311
294
272
227
193
180
172
178
185
185
218
277
311
319
318
318
298
223
105
-23
-150
-275
-379
-448
-514
-602
-708
-823
-942
-1056
-1156
-1228
-1253
-1239
-1207
-1159
-1101
-1052
-1000
-914
-786
-627
-450
-267
-99
47
184
327
483
639
769
863
939
1016
1088
1132
1116
1036
904
742
576
405
218
4
-243
-465
-636
-826
-1054
-1288
-1497
-1668
-1809
-1932
-2016
-2058
-2051
-1986
-1882
-1766
-1671
-1568
-1416
-1234
-1027
-774
-481
-161
144
400
643
869
1041
1152
1219
1271
1336
1408
1474
1506
1501
1473
1420
1317
1159
975
801
664
554
446
339
232
130
56
-10
-89
-149
-157
-114
-39
30
81
147
235
313
390
486
581
676
772
856
949
1067
1183
1278
1351
1386
1372
1338
1313
1279
1199
1074
925
746
534
302
68
-151
-354
-563
-786
-1004
-1204
-1391
-1561
-1705
-1831
-1914
-1929
-1906
-1853
-1753
-1632
-1496
-1346
-1199
-1042
-855
-630
-362
-96
139
346
513
623
701
763
823
876
907
906
876
816
709
550
363
162
-31
-200
-354
-520
-690
-858
-1021
-1166
-1277
-1355
-1389
-1383
-1385
-1391
-1363
-1300
-1196
-1046
-891
-735
-562
-398
-263
-142
10
200
378
506
590
669
757
835
893
906
881
870
861
807
717
614
525
481
458
417
364
329
314
294
256
215
185
183
210
250
298
356
424
491
528
550
593
669
734
762
784
837
907
967
1009
1019
1002
970
924
856
766
681
614
567
524
464
370
242
107
-38
-223
-407
-538
-641
-719
-776
-825
-862
-905
-954
-975
-975
-948
-900
-868
-835
-771
-687
-583
-465
-365
-285
-213
-155
-98
-44
-14
27
89
138
150
133
93
42
-7
-57
-128
-199
-249
-290
-330
-377
-432
-478
-512
-540
-553
-571
-601
-631
-669
-696
-694
-679
-654
-623
-583
-543
-500
-446
-394
-354
-288
-210
-159
-128
-56
45
116
148
184
247
314
354
355
359
378
392
408
425
409
360
332
337
332
303
276
266
266
246
200
182
213
247
256
264
301
346
378
413
448
493
566
645
724
797
845
891
938
956
960
971
993
1024
1039
1035
1014
963
883
785
674
564
468
375
273
154
38
-77
-195
-321
-438
-532
-618
-705
-766
-791
-821
-855
-852
-823
-803
-791
-774
-722
-645
-586
-539
-486
-432
-375
-312
-262
-220
-180
-143
-113
-98
-114
-152
-197
-237
-265
-289
-328
-386
-447
-497
-532
-565
-608
-662
-705
-724
-749
-795
-829
-830
-820
-815
-790
-725
-656
-595
-515
-424
-346
-281
-217
-126
-20
64
141
225
302
378
442
491
541
579
594
601
611
620
615
589
552
512
477
459
466
477
474
460
454
459
468
486
516
539
537
522
511
523
557
610
645
642
623
615
611
597
584
567
536
496
453
414
386
367
336
290
250
223
188
131
70
21
-12
-19
-39
-92
-142
-180
-221
-248
-254
-255
-263
-276
-297
-329
-371
-389
-378
-380
-390
-385
-376
-359
-328
-304
-293
-293
-313
-336
-347
-358
-366
-372
-396
-422
-436
-452
-465
-457
-442
-440
-456
-485
-516
-549
-576
-573
-533
-475
-418
-397
-396
-393
-386
-347
-284
-228
-157
-82
-45
-31
-14
14
43
66
101
128
146
176
208
239
259
260
286
315
312
292
252
202
170
156
187
222
238
280
316
321
310
280
256
242
227
218
210
214
240
257
262
270
253
203
169
187
221
246
264
253
221
211
213
229
265
278
263
266
283
304
327
347
359
365
365
355
336
308
281
257
224
181
143
96
44
-12
-90
-158
-209
-259
-290
-319
-354
-377
-407
-424
-407
-378
-337
-283
-242
-210
-180
-151
-115
-79
-38
9
39
67
119
175
198
181
159
132
101
75
36
-11
-62
-132
-223
-316
-375
-406
-439
-474
-524
-579
-590
-588
-602
-588
-558
-528
-485
-455
-437
-404
-365
-322
-268
-205
-119
-32
24
55
88
112
130
154
185
209
213
192
169
158
157
146
112
65
22
-25
-94
-180
-238
-249
-234
-197
-177
-233
-305
-302
-247
-179
-125
-85
4
120
212
296
399
503
587
634
670
724
772
796
814
831
836
821
784
729
692
666
617
540
442
336
272
248
227
201
153
87
33
-21
-89
-155
-193
-210
-220
-219
-223
-243
-259
-267
-273
-284
-303
-304
-295
-305
-297
-259
-226
-201
-180
-155
-127
-113
-98
-67
-35
-14
5
30
57
65
59
56
65
80
105
123
116
90
48
0
-36
-44
-48
-82
-140
-188
-217
-241
-284
-347
-407
-457
-506
-544
-556
-563
-578
-579
-570
-567
-563
-550
-522
-492
-442
-372
-318
-278
-243
-210
-142
-57
8
63
109
144
174
191
199
208
223
232
233
249
272
250
207
195
203
218
230
229
225
212
180
152
153
165
175
186
194
194
205
225
249
260
238
231
257
275
293
328
368
398
407
414
440
444
411
383
368
335
290
265
251
217
168
121
64
-3
-63
-104
-138
-171
-204
-228
-241
-244
-239
-236
-242
-259
-276
-266
-228
-195
-181
-177
-164
-140
-112
-74
-36
-7
26
58
66
41
7
12
39
15
-38
-67
-94
-144
-185
-188
-188
-217
-260
-289
-308
-319
-310
-276
-242
-219
-180
-139
-128
-144
-163
-175
-176
-161
-148
-144
-115
-55
11
68
113
146
157
153
148
140
123
90
51
13
-21
-47
-57
-65
-85
-90
-91
-110
-129
-147
-176
-202
-210
-180
-134
-107
-78
-47
-26
0
36
86
137
162
187
220
250
279
305
332
356
373
386
380
373
387
392
378
368
352
326
297
269
240
188
129
74
25
-19
-78
-141
-181
-216
-248
-262
-270
-271
-257
-247
-244
-238
-215
-182
-149
-111
-72
-45
-26
0
28
58
97
138
170
197
215
216
201
178
158
150
136
101
73
80
86
69
51
52
49
38
31
18
-14
-52
-86
-113
-127
-129
-132
-141
-152
-160
-159
-154
-154
-175
-200
-198
-179
-164
-155
-140
-120
-99
-74
-49
-32
-34
-57
-88
-100
-97
-96
-101
-103
-101
-95
-89
-73
-50
-29
-16
-15
-15
-19
-36
-59
-72
-74
-66
-42
-17
-8
-11
-11
-9
1
26
48
51
56
76
95
107
115
128
149
174
186
179
166
164
164
157
154
160
155
134
118
119
124
116
89
70
71
69
48
25
17
14
5
-2
-2
2
-3
-27
-50
-47
-32
-21
-14
-11
-7
-5
-12
-27
-37
-35
-42
-55
-53
-26
-4
8
16
18
14
8
-1
-23
-41
-44
-55
-87
-124
-152
-171
-173
-156
-125
-89
-67
-65
-63
-53
-48
-38
-16
-5
-8
4
30
48
52
52
55
68
81
73
60
59
52
37
33
39
47
62
75
67
52
49
52
43
20
-1
-12
-25
-46
-66
-76
-81
-87
-91
-101
-116
-135
-141
-139
-132
-114
-92
-73
-61
-57
-58
-62
-57
-44
-31
-21
-12
-9
-9
-12
-18
-29
-39
-31
-6
29
71
103
111
103
104
114
127
156
194
216
212
199
193
184
175
172
172
166
146
121
99
77
54
32
14
-3
-18
-36
-66
-103
-120
-112
-98
-89
-84
-76
-67
-65
-68
-73
-81
-90
-95
-91
-90
-94
-92
-76
-58
-48
-40
-29
-25
-25
-16
-1
16
36
60
82
88
79
70
61
36
4
-16
-34
-57
-63
-44
-34
-45
-60
-67
-70
-66
-68
-71
-66
-56
-64
-86
-98
-92
-74
-54
-39
-31
-25
-18
-24
-40
-54
-51
-34
-12
16
47
76
94
104
122
146
160
165
166
163
153
146
143
144
140
135
129
120
104
89
79
77
74
75
78
65
22
-23
-44
-49
-56
-62
-70
-78
-79
-68
-61
-63
-71
-73
-69
-68
-74
-87
-103
-115
-122
-126
-124
-111
-99
-101
-108
-102
-87
-76
-66
-46
-19
8
31
48
47
40
45
60
71
86
104
117
117
118
120
110
90
76
63
33
-12
-47
-62
-67
-58
-32
-2
27
41
37
21
8
-1
-13
-32
-42
-42
-43
-56
-66
-62
-53
-50
-39
-20
-5
-10
-31
-49
-53
-42
-23
-14
-11
-4
4
8
22
50
73
79
73
75
76
66
41
11
-13
-26
-26
-17
-10
-10
-16
-17
-13
-12
-10
-9
-10
-11
-8
-1
2
4
4
10
25
33
31
22
10
0
-4
-1
12
26
32
42
51
45
28
17
17
14
2
-6
-7
-11
-20
-16
-8
-3
-1
1
-5
-19
-20
-10
-1
3
10
22
35
45
50
49
47
48
44
35
27
21
19
8
-8
-25
-36
-43
-49
-53
-55
-56
-53
-53
-57
-60
-64
-67
-71
-74
-82
-97
-101
-95
-90
-90
-77
-54
-39
-26
-11
9
23
38
49
55
60
67
72
67
53
37
25
22
25
27
29
32
29
28
30
34
30
19
3
-9
-16
-12
6
31
47
50
53
51
44
38
38
40
44
49
48
37
22
4
-11
-24
-30
-32
-34
-41
-55
-64
-64
-57
-50
-35
-16
2
15
38
60
73
79
80
76
62
39
20
3
-22
-52
-73
-74
-66
-60
-57
-54
-50
-48
-44
-36
-24
-6
18
41
53
56
52
51
47
37
18
-2
-17
-32
-51
-71
-88
-97
-101
-95
-80
-56
-34
-23
-19
-22
-29
-36
-45
-53
-56
-48
-24
12
44
68
86
101
114
119
118
115
114
103
87
69
62
68
73
69
59
45
28
12
2
-3
-9
-9
-5
3
6
5
5
2
-8
-19
-28
-38
-56
-76
-85
-79
-73
-74
-71
-60
-49
-46
-51
-60
-68
-73
-71
-63
-56
-45
-29
-7
6
11
12
19
26
32
38
49
65
78
89
96
100
94
80
64
43
22
10
5
9
21
33
29
15
2
-10
-36
-63
-86
-100
-120
-134
-132
-122
-119
-129
-149
-164
-173
-166
-139
-95
-42
5
43
78
106
120
119
115
118
129
146
171
198
224
241
249
246
236
220
196
163
122
84
47
20
0
-19
-38
-44
-47
-65
-88
-97
-101
-111
-123
-128
-127
-125
-117
-100
-80
-65
-52
-38
-19
-7
-1
-2
-13
-25
-34
-39
-38
-32
-19
-12
-18
-38
-62
-81
-96
-110
-115
-105
-94
-91
-92
-90
-84
-76
-56
-25
11
39
55
63
65
74
95
122
141
149
148
141
123
101
85
76
72
60
44
25
-1
-31
-57
-69
-60
-41
-21
-9
-4
-10
-23
-42
-61
-70
-72
-66
-55
-36
-12
7
14
15
16
26
43
62
76
82
84
82
76
73
72
73
67
62
60
61
62
59
51
51
54
49
33
9
-11
-25
-44
-58
-57
-50
-51
-63
-70
-68
-61
-56
-46
-33
-32
-49
-75
-93
-110
-121
-126
-122
-111
-102
-94
-83
-69
-55
-41
-33
-31
-29
-26
-21
-11
2
15
33
52
72
89
105
116
116
109
94
80
73
68
67
67
71
74
74
67
50
28
7
-10
-23
-32
-41
-51
-59
-60
-51
-35
-22
-18
-21
-21
-16
-12
-20
-36
-50
-47
-30
-10
13
38
65
84
93
100
107
107
99
86
72
55
37
20
3
-14
-23
-16
4
22
27
22
5
-20
-48
-73
-91
-99
-98
-85
-66
-44
-25
-11
-4
-5
-12
-22
-37
-56
-77
-90
-91
-77
-54
-29
1
27
40
37
25
8
-8
-21
-29
-27
-19
-14
-16
-23
-31
-40
-50
-60
-69
-73
-68
-55
-36
-19
-10
-1
6
14
22
35
51
69
83
92
99
110
125
140
150
157
155
145
129
115
99
83
64
49
38
30
17
0
-19
-36
-46
-49
-48
-51
-57
-63
-67
-72
-78
-87
-93
-94
-91
-87
-89
-92
-91
-82
-73
-71
-70
-62
-45
-26
-9
10
32
53
69
83
89
83
74
67
65
60
53
48
48
45
41
33
32
30
24
11
-5
-25
-44
-63
-75
-83
-82
-73
-65
-61
-64
-69
-71
-67
-61
-49
-29
-7
13
30
41
54
63
67
71
71
67
54
35
23
20
19
19
21
26
27
25
25
27
22
8
-6
-14
-17
-19
-21
-21
-17
-13
-6
3
15
19
15
7
5
0
-7
-18
-20
-16
-15
-22
-26
-27
-25
-22
-9
14
30
34
29
23
12
4
1
7
14
18
17
13
7
-3
-10
-16
-26
-35
-41
-45
-44
-41
-32
-23
-15
-10
-8
-5
-3
-5
-5
-3
4
12
15
12
11
13
18
22
29
34
35
32
26
25
26
28
26
22
17
10
4
-3
-6
-15
-29
-41
-45
-42
-39
-35
-26
-15
-7
-6
-2
4
13
16
16
19
23
24
20
16
14
16
17
16
14
13
12
7
-7
-21
-29
-31
-30
-28
-24
-15
-5
3
10
20
28
31
26
16
10
4
2
1
-2
-4
-8
-11
-15
-20
-27
-38
-44
-53
-62
-69
-69
-62
-50
-40
-29
-17
-7
-1
2
8
18
29
33
31
33
41
52
61
72
80
81
76
74
69
56
43
35
28
21
10
4
4
4
2
5
10
19
23
25
23
12
-6
-20
-27
-34
-41
-46
-46
-47
-52
-65
-69
-65
-60
-57
-57
-55
-51
-42
-37
-32
-29
-26
-24
-20
-12
-1
12
22
26
28
32
39
44
42
36
29
24
21
17
17
20
25
28
27
25
22
12
-1
-13
-22
-29
-34
-37
-36
-38
-46
-57
-57
-52
-42
-31
-12
10
26
37
47
61
71
76
81
88
87
77
60
47
37
31
31
34
35
29
18
10
4
2
2
5
12
22
27
24
13
-4
-20
-36
-57
-77
-92
-103
-110
-110
-100
-84
-67
-60
-53
-48
-41
-36
-29
-15
4
25
43
57
69
75
71
57
36
16
4
-6
-14
-24
-33
-43
-53
-62
-66
-64
-59
-52
-43
-32
-19
-10
-2
5
11
17
21
25
31
36
39
45
54
68
80
86
90
93
92
85
72
61
54
50
47
43
39
37
36
30
22
6
-14
-35
-52
-61
-70
-76
-76
-75
-74
-75
-69
-58
-46
-35
-28
-20
-15
-10
1
15
23
23
25
26
21
11
1
-2
-3
-2
0
3
2
-4
-12
-17
-16
-11
-2
9
18
22
21
15
7
-2
-9
-16
-21
-27
-33
-40
-46
-50
-52
-47
-42
-34
-28
-27
-30
-37
-40
-36
-26
-16
-5
6
18
29
39
49
57
64
68
64
52
35
16
3
0
3
12
26
41
53
58
57
54
52
54
58
64
66
66
63
61
55
51
50
50
51
46
35
18
-3
-26
-47
-64
-79
-92
-103
-114
-120
-126
-124
-119
-109
-96
-80
-65
-48
-33
-22
-14
-12
-12
-11
-5
3
10
15
18
18
13
6
0
-2
1
11
22
37
48
54
53
44
31
18
13
14
15
19
20
23
25
29
32
31
29
25
22
18
12
5
-2
-8
-15
-18
-19
-19
-22
-26
-26
-24
-27
-34
-40
-39
-35
-31
-27
-20
-13
-12
-14
-16
-11
-2
11
29
51
65
67
57
47
36
20
5
-1
3
9
15
25
37
43
41
42
44
40
29
21
15
2
-17
-27
-23
-15
-9
-2
9
16
16
15
9
1
-12
-23
-29
-33
-37
-38
-35
-34
-38
-45
-48
-49
-49
-50
-50
-49
-47
-48
-47
-41
-33
-28
-26
-23
-17
-12
-7
2
7
7
2
3
11
23
33
44
54
59
54
49
45
41
34
29
24
18
10
0
-8
-9
-8
-9
-4
8
21
29
32
37
41
39
33
30
30
26
21
19
21
20
16
11
8
4
-2
-7
-9
-15
-22
-28
-27
-26
-24
-21
-16
-12
-11
-12
-15
-20
-23
-24
-18
-9
-1
1
-5
-13
-20
-23
-25
-26
-25
-22
-20
-17
-12
-11
-10
-13
-17
-17
-15
-9
-2
6
13
19
24
28
32
32
31
26
19
16
14
10
4
-3
-11
-17
-22
-28
-32
-31
-23
-15
-4
10
21
27
27
24
18
15
12
10
8
2
-6
-10
-9
-6
-5
-3
0
2
5
6
9
9
6
4
4
6
10
18
27
33
33
30
24
17
9
5
6
10
16
21
26
32
36
34
22
5
-10
-21
-24
-24
-24
-27
-27
-27
-22
-14
-7
-2
-1
-5
-14
-21
-27
-30
-33
-35
-35
-32
-27
-25
-29
-36
-47
-50
-50
-46
-41
-34
-24
-13
-3
2
1
0
3
9
19
27
36
43
48
49
42
32
21
12
6
3
4
9
16
22
28
28
30
30
30
29
21
11
3
-1
2
11
18
27
31
33
32
27
19
5
-8
-18
-20
-17
-11
-5
-1
-1
-4
-9
-19
-30
-38
-44
-46
-41
-33
-24
-18
-12
-8
-4
0
2
5
5
5
7
7
9
12
15
17
14
9
6
7
9
11
13
12
5
-4
-8
-10
-14
-14
-10
-4
-3
-8
-9
-10
-13
-17
-17
-12
-12
-17
-23
-24
-23
-21
-18
-11
-6
-1
0
-1
-1
-3
-2
2
7
13
19
23
29
34
33
30
27
27
27
29
33
33
23
8
-1
0
3
5
9
15
16
11
4
0
-6
-11
-11
-6
-2
-5
-8
-11
-15
-20
-23
-23
-21
-23
-23
-22
-21
-24
-29
-35
-34
-29
-17
-2
11
19
21
23
24
25
29
28
24
21
18
18
20
22
20
16
9
1
-10
-22
-33
-36
-33
-27
-19
-13
-9
-9
-12
-14
-15
-15
-14
-12
-10
-8
-6
-2
4
13
23
34
43
47
46
41
33
25
17
12
7
6
7
13
17
21
20
13
2
-11
-26
-38
-45
-48
-43
-36
-32
-26
-23
-21
-20
-19
-18
-17
-16
-12
-10
-5
-1
10
20
34
45
50
48
39
28
21
17
17
19
20
20
16
14
11
9
9
7
1
-9
-20
-29
-32
-29
-24
-18
-14
-11
-11
-14
-20
-26
-28
-26
-21
-12
-4
3
7
9
8
6
3
0
-2
-7
-12
-17
-19
-16
-13
-4
2
7
11
13
16
19
19
18
13
9
3
2
2
5
8
13
16
18
20
22
19
14
10
5
2
1
1
4
11
18
25
27
24
18
11
6
0
-6
-11
-14
-18
-22
-26
-29
-29
-27
-21
-13
-5
-1
2
-1
-4
-7
-9
-11
-14
-16
-17
-19
-19
-17
-12
-5
0
3
3
3
1
-1
-5
-9
-11
-10
-6
1
8
13
17
22
29
33
35
37
34
31
28
27
27
27
28
26
22
14
7
1
-4
-6
-8
-11
-15
-18
-21
-27
-32
-36
-39
-38
-33
-26
-21
-18
-18
-18
-18
-17
-17
-18
-20
-21
-21
-18
-14
-10
-2
6
13
21
23
20
14
11
12
18
24
31
34
36
37
42
44
45
44
42
39
32
21
7
-8
-17
-20
-18
-14
-9
-10
-14
-21
-26
-32
-33
-34
-35
-36
-36
-33
-27
-21
-14
-6
4
13
23
27
24
18
12
8
8
8
6
1
-6
-18
-26
-32
-35
-28
-21
-10
1
10
16
22
27
34
42
49
54
53
45
31
16
4
-4
-8
-7
-6
-3
-2
-6
-9
-13
-17
-20
-22
-26
-33
-39
-41
-40
-33
-24
-14
-4
2
6
11
13
18
21
25
29
31
28
18
5
-8
-21
-28
-28
-25
-20
-10
-6
-4
-2
1
7
14
19
20
21
21
22
23
21
13
5
-6
-13
-19
-19
-18
-9
2
16
27
29
26
18
5
-7
-17
-21
-26
-26
-25
-26
-24
-20
-15
-10
-6
-4
-4
-2
0
3
4
5
5
6
6
6
7
10
13
16
18
19
22
24
25
21
13
6
0
-1
4
10
19
23
23
21
13
3
-9
-20
-28
-36
-36
-34
-30
-26
-22
-13
-6
0
1
-1
-9
-17
-19
-18
-14
-6
1
11
18
25
28
23
14
4
-5
-11
-13
-9
0
11
23
31
31
26
16
5
-6
-15
-22
-27
-29
-25
-21
-15
-10
-7
-3
2
7
9
7
2
-4
-9
-10
-10
-7
-2
6
13
19
24
25
27
30
30
28
23
15
8
3
-1
-5
-9
-13
-14
-12
-5
0
3
4
4
3
3
1
-2
-5
-5
-3
2
5
8
10
12
12
10
4
-2
-10
-16
-19
-24
-26
-28
-30
-31
-29
-26
-22
-18
-17
-15
-17
-19
-18
-16
-12
-7
-2
4
10
16
20
21
20
19
18
18
21
23
23
23
25
27
29
26
19
12
6
3
4
5
7
7
10
13
17
17
12
2
-8
-15
-19
-18
-17
-16
-13
-11
-7
-1
3
4
3
0
-5
-8
-10
-10
-10
-10
-11
-11
-11
-10
-10
-10
-7
-3
3
8
10
8
1
-6
-13
-17
-17
-10
-3
6
12
14
13
13
14
16
19
22
20
14
5
-4
-11
-16
-22
-26
-28
-25
-21
-15
-12
-9
-7
-4
0
3
1
-2
-7
-11
-10
-10
-6
-1
3
5
7
7
13
19
23
22
16
9
4
2
1
4
3
3
2
4
9
16
25
30
34
31
26
20
15
10
6
1
-3
-6
-10
-10
-12
-17
-21
-24
-25
-21
-16
-9
-3
1
5
5
2
-5
-11
-13
-10
-3
4
7
9
11
10
9
4
2
-1
0
1
-2
-7
-13
-15
-17
-20
-23
-26
-28
-28
-25
-23
-22
-19
-15
-7
1
7
13
15
16
15
14
14
16
23
30
34
34
31
24
15
8
5
6
10
15
17
17
14
10
6
2
-2
-3
-4
-2
-1
-1
-4
-8
-12
-13
-11
-9
-7
-11
-18
-23
-26
-26
-24
-21
-16
-9
0
7
13
13
10
4
-3
-8
-12
-11
-8
-4
-3
0
1
6
8
9
7
2
-1
2
9
18
23
25
22
19
14
10
6
4
2
-1
-2
-1
0
0
-1
-5
-10
-18
-22
-23
-21
-13
-6
-3
-3
-6
-6
-5
0
9
14
14
11
4
-1
-3
-2
2
6
11
12
10
5
1
-6
-11
-14
-17
-18
-17
-15
-13
-11
-7
-4
-2
-1
-2
-4
-4
-1
7
18
26
34
38
40
39
37
30
20
11
2
-2
-6
-5
-3
-2
0
1
3
2
-2
-8
-12
-16
-18
-20
-22
-25
-25
-22
-20
-17
-14
-9
-4
-1
0
-5
-9
-13
-14
-12
-9
-4
1
6
8
7
4
2
2
6
12
17
20
17
11
5
1
-1
1
5
11
17
22
24
25
19
12
5
2
3
6
8
7
5
2
0
-2
-3
-6
-10
-12
-15
-15
-14
-15
-19
-23
-28
-29
-25
-17
-7
2
6
5
3
1
-1
-1
-2
-2
-4
-2
3
8
12
13
14
12
11
9
7
3
0
-1
0
2
2
1
-1
-4
-6
-6
-5
-2
4
9
17
21
23
23
23
20
19
16
12
7
1
-8
-15
-21
-24
-24
-22
-20
-16
-11
-5
0
1
1
-2
-4
-10
-14
-15
-17
-12
-7
0
6
10
11
11
10
12
11
8
3
-2
-4
-2
-2
-2
-4
-9
-13
-14
-12
-8
-5
-5
-4
-4
-3
-1
0
3
8
16
24
28
28
26
22
19
15
14
14
16
20
24
23
19
10
-1
-14
-26
-35
-38
-35
-29
-25
-19
-17
-14
-10
-7
-5
-4
-4
-6
-10
-15
-21
-21
-18
-11
-2
6
9
12
14
15
16
15
12
8
4
3
4
8
12
13
12
7
2
-2
-4
-2
-1
1
3
5
4
3
2
1
1
1
-1
-2
-2
0
6
13
21
26
29
26
23
19
13
7
2
-3
-4
-7
-8
-9
-12
-15
-14
-14
-13
-11
-9
-9
-7
-6
-6
-8
-11
-14
-19
-17
-15
-12
-11
-11
-7
-2
2
5
8
8
5
4
1
0
-4
-8
-14
-17
-16
-8
0
10
21
27
32
36
36
35
30
23
13
4
-5
-12
-15
-12
-7
2
11
16
18
11
3
-4
-9
-10
-10
-13
-18
-22
-20
-16
-13
-13
-15
-14
-10
-4
-1
-1
-4
-4
-6
-11
-15
-14
-8
-1
4
9
14
20
22
21
21
23
21
18
10
6
2
0
-4
-7
-8
-8
-4
-2
2
4
6
7
6
4
-2
-4
-7
-11
-15
-13
-7
2
8
11
12
9
3
-2
-4
-3
-2
-3
-3
-6
-6
-3
1
4
6
6
5
3
1
1
1
0
0
0
0
-3
-8
-13
-16
-19
-17
-12
-6
-4
-5
-4
0
7
10
13
16
18
20
18
13
11
8
10
14
15
11
3
-4
-3
0
1
-1
3
6
5
-1
-7
-11
-12
-13
-12
-10
-11
-12
-14
-14
-13
-11
-8
-4
-1
1
0
-1
0
1
5
8
11
11
8
4
-4
-11
-16
-16
-14
-9
-6
-4
-3
-4
-1
5
12
15
14
10
4
1
-2
-2
-1
2
6
8
10
10
6
3
0
1
2
4
2
-2
-9
-11
-12
-9
-2
5
8
8
8
8
11
13
14
11
6
-2
-7
-12
-10
1
14
25
28
23
15
7
0
-6
-9
-12
-11
-9
-6
-4
-4
-4
-2
-2
0
1
-1
-3
-6
-5
-4
-2
-1
-2
-2
-6
-6
-7
-6
-3
-2
-1
-1
-1
-4
-8
-10
-11
-10
-8
-8
-7
-6
-2
5
11
15
18
17
16
14
12
9
8
7
6
5
3
-4
-8
-11
-12
-14
-11
-3
7
11
9
5
0
-5
-12
-14
-10
-2
8
13
16
14
13
10
10
9
7
3
-1
-3
-3
-4
-2
-5
-6
-9
-9
-9
-6
1
7
13
15
15
10
1
-7
-13
-17
-16
-12
-6
-1
1
2
0
0
1
2
1
-4
-7
-11
-13
-12
-10
-4
5
14
21
24
29
29
24
14
5
0
-4
-8
-12
-11
-8
-6
-6
-6
-6
-6
-7
-7
-9
-10
-10
-13
-20
-26
-26
-17
-8
-1
7
15
20
21
22
27
32
37
37
35
28
15
-2
-16
-25
-25
-21
-11
-3
-1
-1
-3
-5
-7
-10
-14
-18
-20
-19
-16
-11
-4
4
12
20
24
22
14
5
-4
-7
-7
-3
3
9
16
19
15
6
-3
-11
-12
-9
-2
4
11
12
11
7
5
0
-2
-2
-2
-4
-4
-4
-4
-4
-5
-4
-2
-1
-1
-4
-8
-10
-8
-1
3
6
6
1
-1
-4
-7
-10
-10
-9
-7
-4
-1
-1
-1
-2
-4
-8
-9
-7
-4
-2
1
1
0
-1
1
4
7
11
16
20
20
18
16
13
10
9
7
6
2
0
-4
-7
-7
-7
-5
-1
4
9
14
15
14
14
13
10
8
0
-5
-10
-13
-12
-12
-10
-8
-5
-3
-3
-1
-5
-8
-8
-4
2
7
9
7
3
1
0
-1
-1
-3
-6
-10
-15
-20
-23
-23
-22
-20
-15
-14
-9
-6
-5
-8
-11
-14
-12
-6
1
6
10
14
18
22
25
24
21
19
15
13
12
14
15
18
15
9
3
0
0
0
-2
-6
-11
-13
-14
-12
-11
-8
-4
2
5
9
9
8
6
3
1
-3
-10
-18
-22
-21
-16
-5
8
20
30
36
38
35
26
15
6
-2
-8
-15
-22
-31
-37
-40
-37
-32
-25
-19
-14
-10
-2
6
15
21
23
20
13
4
1
1
9
22
33
37
36
30
19
6
-7
-18
-25
-27
-25
-21
-17
-14
-12
-9
-7
-6
-9
-12
-12
-12
-7
-2
0
1
1
1
3
5
10
11
8
5
2
-1
-1
0
1
-1
2
4
8
13
14
11
8
2
1
2
3
5
4
0
-4
-8
-9
-9
-7
-6
-2
-1
2
1
0
-1
1
3
7
11
13
12
9
6
2
3
6
8
8
6
3
3
2
-3
-6
-9
-7
-5
-3
-2
-6
-8
-9
-7
-8
-10
-14
-17
-17
-14
-6
-1
6
8
7
3
-3
-7
-3
2
9
12
10
5
1
-4
-5
-4
0
4
8
12
12
9
3
-4
-14
-20
-21
-19
-14
-7
-3
0
2
4
7
13
19
25
26
26
21
15
8
4
1
-1
1
5
7
9
8
6
3
0
-4
-5
-5
-7
-7
-9
-9
-9
-5
1
5
10
9
5
1
-4
-8
-9
-10
-9
-9
-9
-9
-12
-15
-18
-16
-12
-5
0
4
5
3
0
-3
-3
-3
2
6
10
10
8
4
0
-3
-4
-3
0
2
2
2
0
-1
2
5
12
18
23
24
24
20
18
12
7
4
0
-4
-5
-5
-4
-2
0
1
-2
-7
-12
-19
-23
-24
-22
-16
-8
-1
5
7
2
-3
-7
-13
-14
-15
-13
-8
-3
1
6
8
10
12
14
14
15
14
13
9
7
6
5
4
2
-2
-5
-6
-3
3
8
10
8
3
0
-2
0
1
0
-3
-8
-11
-9
-3
4
11
15
13
6
3
1
-3
-8
-12
-13
-9
-4
-1
-1
-3
-8
-11
-10
-7
-2
1
3
0
-5
-8
-9
-8
-6
1
10
14
12
8
4
2
0
1
-1
2
3
4
7
8
8
8
7
6
4
0
-3
-6
-5
-1
1
5
5
3
3
1
3
8
11
13
10
6
-1
-7
-8
-7
-6
-3
1
2
2
1
-6
-14
-18
-18
-13
-10
-7
-6
-5
-4
-4
-5
-7
-9
-10
-8
-8
-7
-6
-5
-5
-3
-1
4
9
12
15
14
12
11
10
12
12
11
11
11
10
8
8
6
4
2
0
-2
-3
-3
-3
-1
2
5
8
11
13
12
10
7
3
-2
-8
-10
-12
-11
-11
-8
-8
-6
-9
-10
-11
-10
-10
-13
-18
-24
-26
-23
-17
-6
1
8
12
16
18
18
18
15
12
8
2
-2
-4
-2
1
6
9
5
1
-5
-6
-5
-1
4
6
3
-1
-6
-8
-8
-4
0
6
9
11
15
18
20
19
15
6
-4
-13
-18
-15
-8
2
13
18
20
19
13
8
0
-6
-10
-12
-12
-12
-10
-5
-1
3
4
1
-2
-7
-14
-17
-18
-16
-10
-2
4
9
10
5
-4
-11
-16
-17
-12
-5
0
2
0
-5
-6
-6
-3
1
4
9
11
12
12
12
9
8
8
12
14
13
8
1
-5
-7
-7
-2
-1
0
0
-1
-2
-1
0
4
6
7
5
1
-5
-8
-9
-6
-3
-1
2
2
3
7
11
16
17
11
1
-11
-18
-19
-14
-7
1
7
12
13
10
2
-7
-16
-18
-17
-12
-6
-5
-2
1
2
4
7
5
2
-1
-5
-6
-4
-1
3
7
11
12
11
7
1
-6
-11
-10
-7
1
5
6
6
3
3
4
7
9
10
11
9
5
4
4
7
10
13
15
13
8
3
-2
-2
-3
-4
-4
-4
-5
-7
-10
-10
-8
-7
-8
-9
-9
-9
-9
-10
-10
-12
-13
-11
-10
-9
-11
-14
-15
-13
-5
5
14
19
18
16
11
6
2
2
6
11
14
15
15
11
6
-2
-1
3
7
8
6
4
2
-4
-6
-8
-9
-9
-7
0
-2
-5
-7
-2
0
0
4
10
15
12
4
-2
-9
-12
-10
-6
-2
0
0
-4
-8
-12
-14
-12
-7
-5
-2
1
2
6
11
16
21
27
31
30
24
17
10
5
2
0
-3
-7
-8
-11
-12
-15
-18
-21
-23
-24
-26
-25
-22
-14
-4
7
15
21
21
18
12
8
4
4
5
10
13
15
16
15
13
9
5
1
-6
-11
-11
-7
0
6
9
6
-1
-13
-23
-29
-30
-26
-20
-12
-4
2
3
1
-5
-14
-21
-21
-19
-11
-2
7
11
18
22
28
32
32
30
27
25
27
29
31
30
26
17
9
3
1
1
0
-3
-9
-14
-19
-19
-20
-23
-29
-38
-46
-53
-55
-54
-49
-41
-32
-24
-15
-7
1
4
5
5
5
11
21
33
44
52
52
51
47
40
34
30
27
23
17
11
3
-2
-8
-8
-9
-9
-8
-9
-10
-13
-19
-23
-26
-25
-22
-18
-16
-18
-20
-20
-18
-12
-4
6
16
26
34
41
43
43
41
39
37
37
34
30
23
14
8
0
-5
-13
-22
-33
-44
-53
-59
-60
-58
-55
-51
-47
-44
-38
-33
-31
-28
-22
-12
1
13
24
33
39
43
46
49
49
45
39
33
28
25
24
23
18
10
-1
-12
-20
-22
-20
-16
-10
-7
-3
1
8
12
14
14
13
10
6
0
-8
-15
-20
-21
-18
-13
-10
-7
-4
-3
0
-1
-1
0
-1
0
1
1
0
-5
-9
-14
-13
-12
-9
-5
-2
2
4
7
6
7
10
13
16
20
22
21
20
21
22
19
15
9
1
-5
-11
-11
-13
-13
-16
-23
-29
-33
-33
-26
-19
-13
-10
-10
-10
-4
3
13
23
31
35
36
38
40
44
45
41
33
23
8
-9
-20
-29
-33
-35
-34
-31
-30
-28
-26
-24
-22
-17
-11
-6
1
8
13
16
20
17
13
8
2
-5
-11
-17
-20
-15
-8
-2
5
12
20
20
19
12
12
12
9
5
5
6
5
2
2
5
9
8
1
-10
-17
-23
-26
-28
-27
-22
-17
-12
-10
-7
-4
-2
4
11
17
17
15
15
19
20
16
10
7
7
5
3
1
3
7
10
12
14
15
14
6
-4
-12
-19
-22
-21
-17
-13
-14
-16
-18
-18
-15
-13
-7
-2
1
1
0
-1
-1
0
2
9
21
28
29
25
23
22
21
14
4
1
-1
-8
-13
-14
-18
-23
-22
-17
-18
-17
-14
-13
-13
-10
-6
0
7
13
16
19
15
12
9
12
16
15
12
9
5
2
0
-2
-2
1
0
-1
-1
1
1
0
-2
1
6
8
6
4
5
4
1
-4
-7
-8
-8
-10
-12
-14
-15
-14
-15
-16
-12
-5
1
5
8
13
17
13
3
-5
-7
-4
-2
2
4
3
0
-4
-5
-4
-4
-3
-2
-3
0
1
3
3
3
1
2
4
8
11
11
7
2
-1
-2
-1
0
0
1
3
1
0
1
0
0
3
5
8
9
7
7
3
-1
-4
-4
-3
0
4
7
6
2
0
-4
-7
-9
-7
-3
-1
0
4
10
12
8
3
0
0
-1
-1
-4
-9
-18
-21
-23
-22
-24
-20
-12
-4
-1
1
2
7
8
9
8
6
6
11
19
21
21
19
21
19
14
9
8
11
8
4
-1
-7
-12
-18
-23
-25
-23
-19
-17
-14
-9
-4
-1
0
-2
-3
-6
-6
-4
-3
-3
-3
0
6
8
11
15
20
25
23
18
13
12
9
3
-3
-7
-8
-12
-15
-18
-16
-12
-8
-4
1
5
8
6
5
6
6
2
1
2
3
6
7
9
11
12
7
0
-4
-3
1
1
-3
-8
-12
-14
-16
-14
-8
1
6
6
3
0
-2
-3
-4
-6
-6
-5
-5
-5
-6
-5
-3
3
8
10
9
5
1
-4
-5
-6
-2
4
12
17
19
17
14
9
5
2
0
0
-2
-3
-6
-10
-11
-9
-4
-3
-2
-4
-5
-5
-1
2
2
2
3
0
-3
-6
-9
-12
-13
-11
-8
-7
-3
-1
2
7
16
21
24
24
20
16
15
17
20
24
22
17
13
6
1
-4
-8
-15
-19
-26
-31
-36
-37
-35
-29
-19
-12
-3
2
2
2
-1
-3
-3
0
6
15
23
29
32
30
25
21
15
8
1
-4
-7
-6
-5
-3
-1
4
9
13
13
12
7
1
-6
-11
-16
-17
-18
-17
-13
-11
-11
-10
-9
-10
-12
-16
-19
-23
-22
-19
-13
-1
11
22
30
33
34
30
24
20
16
14
13
8
5
2
0
-4
-8
-12
-12
-12
-13
-14
-14
-13
-13
-11
-11
-5
-1
0
1
7
13
9
5
2
3
6
9
10
8
7
4
0
-4
-6
-9
-11
-10
-6
0
5
11
16
19
20
20
17
12
8
4
1
-1
-5
-9
-14
-18
-19
-16
-15
-12
-5
1
2
-2
-6
-7
-6
-6
-7
-6
-6
-9
-11
-10
-4
0
7
11
13
11
7
4
1
1
5
12
21
29
37
40
36
31
26
24
17
7
-4
-11
-17
-25
-29
-29
-25
-20
-16
-13
-12
-15
-25
-36
-41
-40
-35
-29
-20
-13
-8
-7
-7
-5
-1
3
9
14
18
20
23
26
29
32
31
29
24
22
18
16
15
13
12
9
8
7
5
-1
-6
-8
-8
-7
-8
-11
-15
-17
-14
-10
-6
-1
1
2
5
5
1
-1
-5
-6
-7
-5
-3
1
2
2
0
-3
-6
-7
-7
-9
-10
-9
-5
1
5
5
3
2
2
4
7
9
9
8
7
8
9
12
14
15
13
9
3
-1
-3
-4
-3
-4
-6
-8
-8
-9
-10
-11
-12
-12
-10
-9
-8
-8
-7
-5
-5
-2
0
3
8
12
17
20
23
26
25
26
24
22
16
12
8
1
-4
-11
-15
-18
-19
-19
-21
-25
-31
-36
-37
-36
-35
-33
-29
-23
-18
-12
-4
4
10
14
17
21
28
34
40
47
52
54
54
52
50
47
44
39
31
21
10
0
-8
-16
-19
-22
-23
-25
-30
-36
-43
-51
-57
-61
-59
-56
-53
-49
-41
-30
-22
-16
-10
0
8
11
13
15
21
23
25
27
32
37
39
42
43
43
37
29
20
12
7
0
-5
-9
-11
-14
-17
-18
-18
-18
-17
-18
-18
-18
-15
-12
-5
1
7
12
17
20
20
20
19
17
18
17
16
14
12
10
7
5
3
3
2
2
1
-1
-4
-7
-11
-15
-19
-22
-26
-27
-25
-23
-20
-15
-11
-10
-10
-12
-15
-19
-22
-22
-21
-16
-11
-5
3
8
12
15
16
17
20
23
24
23
21
24
27
29
27
21
14
11
8
8
11
9
7
4
0
-6
-12
-16
-21
-21
-20
-19
-17
-16
-15
-13
-11
-8
-4
0
5
11
12
11
8
4
6
8
8
3
-4
-11
-14
-10
-4
4
12
19
19
17
12
5
-2
-6
-7
-8
-5
0
4
9
10
8
3
-1
-6
-10
-12
-13
-12
-9
-9
-10
-12
-15
-14
-12
-10
-7
-3
2
6
8
8
7
4
2
5
10
10
10
14
22
26
24
19
15
13
11
7
5
3
-1
-6
-8
-10
-7
-1
2
1
-5
-11
-16
-17
-16
-13
-12
-11
-11
-12
-12
-13
-12
-10
-8
-4
-1
0
1
1
1
1
1
1
3
6
11
16
18
18
17
17
17
15
11
5
1
1
3
4
4
2
0
-3
-2
-6
-8
-11
-12
-11
-13
-14
-16
-16
-14
-8
-4
3
7
8
8
5
3
-2
-4
-8
-6
1
12
24
30
28
23
17
8
4
6
11
14
11
5
1
-2
-7
-12
-12
-7
-2
1
1
-1
-2
-9
-13
-14
-12
-8
-6
-6
-8
-11
-14
-16
-18
-17
-17
-16
-13
-6
2
11
17
19
16
11
8
7
8
9
9
8
9
9
9
7
4
-2
-6
-9
-12
-11
-11
-9
-6
-4
-3
-3
-3
-2
0
-1
-2
1
2
4
5
3
2
3
5
10
12
13
13
13
14
16
17
18
16
13
8
6
5
5
4
2
-3
-8
-13
-16
-18
-18
-18
-19
-18
-19
-18
-16
-14
-12
-12
-11
-9
-8
-7
-7
-5
-5
-6
-5
-4
-3
1
2
4
5
7
8
9
11
14
19
22
27
30
32
29
25
22
19
16
12
9
4
-1
-6
-11
-16
-23
-27
-26
-22
-19
-15
-10
-5
-7
-13
-17
-19
-16
-13
-9
-1
8
11
11
10
10
10
6
4
0
-1
2
3
4
2
0
-2
1
4
4
6
8
10
9
6
3
1
-1
2
4
4
1
0
-1
2
5
9
11
10
6
3
-1
-5
-10
-15
-19
-19
-17
-17
-20
-18
-12
-7
-6
-7
-7
-3
0
0
2
5
6
6
3
4
6
7
8
12
19
24
26
24
19
14
9
7
4
2
-3
-6
-9
-11
-11
-13
-11
-10
-7
-5
-7
-10
-13
-14
-14
-12
-10
-11
-11
-9
-5
0
8
13
15
17
20
18
14
11
8
6
6
8
7
10
9
10
8
7
5
3
3
1
-2
-7
-10
-14
-16
-15
-14
-13
-12
-12
-13
-14
-15
-14
-15
-15
-13
-10
-7
-3
0
5
9
14
19
23
24
24
24
24
25
23
20
15
11
10
6
0
-4
-7
-7
-6
-4
-4
-7
-11
-11
-13
-16
-22
-23
-20
-14
-10
-7
-3
-1
1
1
-1
-2
-5
-6
-9
-11
-11
-14
-11
-8
-2
4
10
16
19
20
17
14
8
3
0
2
4
9
13
19
21
16
11
7
4
3
2
4
6
0
-8
-14
-14
-12
-14
-14
-12
-7
-3
3
6
6
2
0
-1
-2
-7
-5
2
8
10
14
15
15
11
6
0
-2
-2
-2
0
1
1
0
-3
-7
-13
-17
-20
-20
-20
-20
-19
-15
-12
-8
-6
-6
-6
-5
-7
-6
-4
-2
5
9
13
14
15
17
19
20
19
17
15
14
15
14
11
5
3
2
4
6
8
5
0
-5
-6
-4
1
4
9
8
4
0
-4
-8
-11
-13
-15
-16
-18
-19
-16
-12
-4
1
5
5
2
-3
-8
-13
-16
-16
-13
-4
5
12
17
17
17
17
17
16
14
10
7
4
1
-4
-7
-10
-11
-10
-10
-9
-11
-12
-17
-19
-22
-21
-15
-10
-4
3
7
9
10
13
14
17
20
17
13
8
4
6
10
17
22
26
25
20
14
6
1
-2
-4
-5
-5
-3
-2
2
3
-1
-5
-10
-14
-15
-13
-14
-16
-20
-22
-22
-17
-13
-8
-4
-2
0
2
3
5
5
6
6
4
2
-1
1
-1
1
3
8
11
12
10
7
3
4
5
9
7
5
3
0
0
1
2
3
4
5
4
1
-3
-7
-11
-13
-14
-11
-11
-9
-5
0
6
13
18
21
20
15
10
5
-1
-5
-7
-8
-6
-4
-1
-2
-5
-11
-16
-22
-26
-26
-23
-15
-4
2
4
2
0
1
5
11
17
20
24
26
26
28
26
23
18
11
1
-7
-14
-16
-16
-13
-10
-7
-7
-8
-14
-20
-25
-26
-23
-16
-9
-1
7
11
15
17
17
16
16
17
21
23
22
20
14
5
0
-3
-6
-7
-9
-11
-14
-17
-20
-20
-18
-14
-9
-5
-2
-2
-3
-4
-4
-2
0
2
4
6
8
9
12
13
15
15
16
14
11
8
5
2
3
2
0
-2
-5
-9
-11
-11
-9
-7
-5
-5
-6
-6
-7
-7
-5
-4
-4
-4
-5
-4
0
5
9
11
11
9
7
3
-1
-4
-5
-4
-1
2
6
10
12
15
15
13
10
7
6
3
0
-4
-6
-7
-8
-9
-11
-14
-14
-12
-10
-9
-10
-12
-14
-15
-15
-14
-11
-5
1
6
8
10
14
18
23
26
25
20
16
7
1
0
-2
-2
-3
-3
-2
-2
0
5
6
6
3
2
0
0
-2
-6
-8
-10
-9
-7
-4
-3
1
5
10
13
13
12
8
2
-2
-6
-10
-13
-18
-20
-19
-16
-12
-7
-2
1
3
2
0
-2
-4
-5
-4
-1
1
1
1
4
6
11
15
16
15
15
16
18
17
14
9
4
2
4
4
2
-2
-6
-7
-6
-4
0
3
5
5
4
0
-7
-12
-15
-14
-12
-6
-4
-3
-3
-5
-8
-12
-15
-14
-11
-3
4
9
12
12
12
10
10
8
6
4
2
2
2
3
4
4
2
-1
-3
-7
-10
-13
-15
-16
-14
-9
-3
4
6
6
4
0
-3
-4
-2
1
4
6
9
10
12
10
9
5
2
2
4
8
10
7
2
-4
-10
-13
-15
-16
-12
-9
-7
-5
-3
-3
-3
-2
-1
-1
-2
0
1
3
7
11
14
16
17
16
12
8
6
6
4
2
0
0
-2
-2
-1
-1
2
3
2
0
-2
-5
-6
-6
-7
-6
-4
-1
4
6
9
8
6
3
0
-4
-9
-11
-9
-6
-9
-12
-12
-7
-5
-5
-4
-1
1
-3
-6
-9
-6
-3
0
4
6
6
7
9
10
12
9
7
7
7
7
7
7
4
3
3
4
4
2
0
-5
-8
-10
-9
-7
-4
-1
-2
-1
-1
-2
-3
-3
-3
-3
-2
-2
1
3
6
7
7
6
6
6
9
10
9
6
3
0
-2
-3
-3
-5
-7
-8
-7
-4
-1
-1
-3
-8
-14
-17
-15
-11
-4
3
9
15
17
13
7
4
2
-1
-5
-7
-5
-2
-2
-4
-5
-3
-1
-1
-1
1
4
5
4
5
4
6
7
10
12
14
13
12
9
7
4
2
2
2
1
0
-2
-4
-8
-9
-11
-11
-11
-7
-4
-2
-1
-1
-2
-3
-6
-7
-7
-6
-2
1
3
5
5
7
6
2
-4
-9
-12
-12
-7
0
3
7
9
8
6
4
-2
-9
-12
-8
-4
1
6
7
5
5
6
8
9
9
8
5
4
5
6
3
2
1
1
-1
-5
-8
-7
-5
-3
-1
1
0
-3
-4
-4
0
2
2
1
0
-1
-1
1
2
1
0
-2
-2
-3
-2
-1
3
4
6
6
4
2
1
-1
-2
-2
1
2
5
5
2
0
1
-2
-4
-6
-4
0
1
-2
-2
-1
-1
-3
-6
-4
-1
1
1
3
5
4
4
3
3
2
2
4
5
6
6
6
5
2
-1
-1
-1
2
2
1
-1
-3
-5
-4
-7
-10
-12
-11
-8
-3
0
1
1
-3
-4
-3
-2
1
5
8
7
6
2
-1
-4
-2
1
1
3
4
5
4
3
4
7
8
8
11
9
4
0
-9
-13
-13
-9
-3
5
8
11
8
4
3
-1
-4
-8
-11
-11
-11
-7
-4
-1
1
-1
-3
-2
-4
-2
-1
-1
1
0
2
2
1
1
2
5
9
10
13
12
11
8
4
-2
-6
-9
-8
-7
-6
-4
-3
-3
-1
0
-1
0
0
0
-1
-1
-1
-2
-1
2
4
9
9
11
10
10
10
10
9
8
5
1
-1
-3
-5
-5
-5
-2
1
6
9
11
11
10
5
1
-5
-13
-18
-21
-20
-16
-13
-9
-7
-4
-2
-5
-8
-10
-8
-3
2
5
5
3
2
3
4
3
4
4
5
5
2
-1
-1
1
6
9
10
10
11
12
11
11
7
2
-2
-7
-7
-6
-5
-2
-1
1
2
1
1
-1
-4
-8
-10
-11
-11
-8
-7
-5
-4
-2
-1
3
7
12
14
13
9
4
0
-1
1
4
8
9
9
5
3
0
-2
-3
-3
-3
-3
-2
-1
-1
-1
-2
-5
-8
-11
-13
-14
-13
-14
-12
-8
-3
-1
1
3
6
9
12
13
12
11
8
4
1
0
-1
1
2
4
7
9
4
0
-2
2
0
-1
3
10
10
5
2
3
2
-4
-7
-7
-4
-5
-6
-7
-8
-8
-8
-3
1
1
0
-3
-6
-8
-5
0
7
12
14
14
12
11
12
14
19
23
22
18
8
0
-9
-16
-19
-21
-19
-19
-17
-14
-12
-10
-8
-8
-8
-7
-8
-10
-8
-5
0
6
10
11
9
9
12
13
12
11
9
9
6
1
-1
1
3
0
-4
-3
-1
3
4
2
-2
-3
-3
-3
-3
-3
-2
-2
-3
-4
-4
-4
-5
-2
4
10
9
7
2
-2
-10
-18
-20
-16
-9
-5
-1
6
9
11
9
8
8
8
9
11
11
9
9
10
8
10
13
14
14
10
4
-2
-7
-9
-11
-11
-11
-10
-7
-9
-8
-9
-8
-6
-1
1
1
-2
-3
-5
-2
0
2
3
2
0
-2
-4
-8
-9
-9
-5
-3
0
0
-1
0
4
9
13
13
10
6
2
-1
0
2
4
10
14
15
15
12
9
3
-1
-5
-6
-7
-7
-7
-6
-7
-8
-11
-12
-13
-14
-9
-1
3
2
2
3
2
1
0
3
9
11
12
14
14
14
14
11
8
4
-2
-5
-7
-10
-12
-14
-15
-14
-12
-8
-8
-7
-9
-9
-9
-8
-7
-6
-4
1
2
2
2
3
4
8
12
14
15
15
16
14
12
10
9
7
7
8
9
6
4
2
-5
-8
-10
-11
-10
-8
-5
-4
-2
-1
-4
-7
-10
-11
-13
-9
-6
-3
-1
2
4
6
6
8
8
4
0
-2
-3
-4
-2
2
3
5
7
9
11
12
12
11
10
10
9
8
5
1
-4
-7
-13
-18
-19
-19
-18
-15
-14
-12
-11
-11
-9
-7
-4
0
2
5
6
9
9
9
11
12
13
11
9
7
4
4
8
10
13
14
13
9
4
-1
-5
-9
-12
-13
-10
-10
-6
-4
-3
-1
2
7
9
8
4
-1
-5
-6
-4
-1
2
3
2
2
0
-1
-3
-4
-5
-2
-2
-1
-2
-3
-5
-7
-9
-10
-11
-11
-11
-11
-11
-6
1
9
11
12
8
4
1
-1
0
1
3
6
10
13
12
9
9
9
9
8
6
6
4
3
2
1
-1
-1
0
0
1
1
2
1
0
-2
-3
-6
-6
-7
-7
-6
-5
-3
-1
0
1
-1
-3
-4
-6
-7
-6
-4
-3
-2
-1
0
0
-1
1
2
3
5
4
2
1
2
2
3
3
2
2
1
1
-1
-2
-1
-1
1
3
4
4
7
10
9
9
6
1
-4
-4
-4
-4
-3
-3
-4
-3
-5
-2
-1
-2
-1
2
2
-2
-8
-12
-12
-12
-14
-12
-6
1
3
2
5
8
9
9
10
13
14
14
14
12
10
8
6
4
1
-1
-1
-3
-6
-8
-9
-7
-4
0
4
3
2
1
-2
-6
-9
-10
-9
-6
-4
-1
-2
0
2
4
6
5
5
6
5
3
1
-2
-4
-3
-2
-1
0
0
-3
-4
-4
-5
-4
-3
0
0
0
0
0
0
2
2
2
2
1
0
-1
0
2
3
5
7
9
9
9
7
4
2
1
-1
-1
0
0
0
0
0
2
5
8
10
6
-1
-9
-14
-13
-12
-8
-7
-6
-4
-4
-3
-2
-3
-4
-4
-5
-4
-2
0
0
-1
-1
5
12
15
14
12
13
11
8
2
1
3
4
4
5
5
3
1
1
1
2
1
-3
-6
-11
-16
-16
-16
-12
-9
-5
-6
-6
-7
-5
-4
-2
-1
1
2
5
7
9
9
9
8
7
4
1
-2
-4
-3
-3
-2
0
0
3
4
2
1
1
-1
0
0
2
5
7
7
7
7
7
9
11
10
8
2
1
-1
-2
-4
-9
-12
-13
-12
-12
-10
-8
-5
-1
2
4
3
4
6
11
12
12
11
6
2
-1
-2
0
0
3
3
2
3
3
1
-3
-7
-11
-14
-13
-11
-10
-10
-9
-7
-5
-5
-5
-7
-6
-7
-10
-12
-11
-8
-7
-6
-4
-3
-1
1
6
14
19
24
26
32
36
34
34
35
36
35
29
24
23
19
13
5
0
-4
-12
-19
-28
-34
-41
-46
-48
-47
-44
-40
-34
-27
-23
-19
-14
-10
-5
0
6
10
15
20
23
25
28
30
34
36
37
37
35
30
22
12
2
-4
-8
-11
-15
-17
-17
-19
-25
-31
-34
-36
-35
-32
-27
-21
-18
-17
-16
-13
-10
-7
-4
0
6
15
27
36
40
44
47
49
51
50
47
42
38
35
30
24
16
5
-6
-19
-30
-41
-50
-55
-57
-56
-55
-52
-48
-40
-35
-29
-21
-11
0
8
13
18
25
30
32
37
40
42
41
40
35
27
19
10
3
-2
-6
-9
-11
-14
-18
-20
-17
-16
-13
-12
-9
-8
-8
-8
-10
-12
-14
-16
-16
-16
-16
-15
-13
-11
-7
-2
5
10
14
16
17
17
18
20
24
27
30
31
28
26
25
24
24
20
14
7
0
-7
-12
-14
-15
-17
-21
-25
-30
-31
-30
-29
-25
-21
-14
-7
-2
-1
0
-1
0
1
4
4
3
2
2
5
8
12
13
15
14
12
9
3
0
-2
-4
-4
-5
-3
1
2
2
2
5
6
3
-1
-2
-4
-6
-9
-10
-9
-7
-5
-1
0
3
3
3
1
0
-2
-1
1
3
4
2
2
1
1
2
5
6
7
5
4
1
1
0
0
0
1
5
10
13
14
13
10
6
6
4
2
0
-5
-5
-3
-1
0
1
-1
-2
-1
-4
-7
-9
-13
-14
-15
-13
-9
-5
-1
0
1
-3
-6
-7
-6
-4
-3
1
3
6
6
6
3
1
1
1
-2
-3
-7
-11
-14
-15
-13
-8
-4
0
1
2
0
-1
-1
-2
1
5
8
11
13
14
14
15
20
24
27
28
28
27
25
22
16
9
4
2
0
-3
-6
-10
-14
-18
-20
-19
-19
-18
-17
-15
-14
-13
-13
-13
-16
-20
-20
-20
-13
-8
-1
3
3
1
1
0
4
6
7
8
7
9
8
8
10
11
7
3
4
7
6
0
-3
1
2
0
-1
-1
1
1
0
-2
-1
-1
1
4
9
10
10
10
8
8
6
3
0
-2
-1
1
1
-2
-7
-13
-17
-17
-14
-9
-4
-3
-3
-3
-3
-2
-2
0
1
4
6
9
10
10
8
9
12
15
16
14
6
-2
-8
-9
-7
-4
-2
0
-1
-1
-1
-2
-5
-7
-8
-6
-3
0
2
1
-3
-10
-14
-15
-13
-9
-4
-2
1
2
1
0
0
-1
1
4
5
6
9
13
14
16
15
16
14
12
9
1
-5
-8
-8
-6
-2
0
-1
-4
-7
-9
-10
-10
-10
-9
-10
-12
-10
-6
-1
5
7
7
7
8
9
11
12
12
12
11
10
9
8
7
7
3
-1
-7
-14
-14
-14
-15
-16
-18
-18
-17
-16
-14
-9
-2
7
12
17
18
21
19
17
14
12
11
13
13
13
8
4
-1
-3
-3
-4
-7
-10
-16
-22
-25
-26
-23
-18
-13
-7
-5
-4
-3
-1
0
1
1
1
3
5
10
13
16
17
18
18
18
17
15
12
10
7
3
0
-4
-7
-10
-16
-19
-19
-16
-11
-8
-4
0
2
3
2
3
1
-1
-1
-1
-1
1
2
3
5
6
6
7
6
7
7
6
5
3
2
1
3
1
1
1
1
0
-2
-3
-6
-9
-11
-14
-15
-13
-13
-12
-9
-9
-7
-8
-8
-7
-6
-2
1
5
7
6
6
5
8
9
11
12
13
15
18
22
23
24
24
22
19
14
9
2
-5
-8
-7
-8
-12
-16
-15
-12
-13
-15
-18
-16
-13
-14
-14
-10
-6
-2
-1
1
6
9
9
11
12
15
16
14
12
8
5
1
1
0
-3
-4
-3
-4
-9
-12
-14
-12
-11
-11
-10
-8
-5
-3
0
1
5
5
4
6
7
8
10
13
10
8
7
7
4
5
7
6
5
1
-4
-3
-4
-3
-5
-2
-2
1
0
-2
-3
-4
-4
-5
-1
3
5
7
9
9
4
-3
-6
-2
1
0
-2
-4
-4
-7
-8
-7
-4
0
-1
-1
-1
-1
0
1
1
0
-1
0
3
5
6
6
4
2
0
-1
0
1
6
7
8
8
6
2
1
-2
-3
-5
-5
-4
-4
-3
-4
-3
-3
-5
-7
-9
-10
-9
-5
-3
-1
1
4
6
6
7
5
2
0
-2
-2
-2
-1
1
2
5
6
7
7
6
7
9
13
15
15
12
8
4
1
-2
0
0
1
0
-1
-3
-4
-5
-4
-5
-7
-9
-12
-16
-16
-17
-16
-14
-10
-6
-4
-5
-4
-2
-1
0
2
4
1
-1
0
4
3
3
2
6
7
5
2
4
8
10
11
10
8
3
-1
-4
-4
-2
-1
1
4
4
3
2
2
6
7
7
6
6
6
6
5
6
7
8
7
8
6
5
2
2
2
2
-1
-3
-4
-7
-13
-17
-18
-18
-17
-18
-14
-7
-7
-9
-9
-9
-7
-7
-7
-2
0
2
4
6
4
1
0
3
2
-1
-1
3
7
7
7
9
10
9
7
6
5
4
3
2
2
1
1
0
1
1
2
3
3
3
2
3
6
8
11
9
9
5
4
5
6
6
3
0
-4
-6
-7
-5
-3
-3
-5
-9
-12
-16
-16
-16
-18
-19
-21
-20
-19
-16
-12
-12
-9
-7
-4
-2
1
3
7
10
13
15
17
18
18
18
18
16
16
17
15
13
11
9
6
3
1
-1
-2
-3
-2
-4
-3
-3
-3
-2
0
2
3
5
7
8
9
9
10
8
6
4
1
-1
-2
-3
-4
-3
-3
-3
-7
-12
-18
-22
-23
-22
-21
-20
-20
-20
-20
-19
-17
-16
-13
-9
-2
2
3
3
6
11
16
16
18
21
21
19
16
17
20
21
20
19
23
22
16
8
1
-4
-6
-9
-11
-12
-12
-11
-8
-2
1
3
5
4
3
3
4
4
4
6
5
3
4
4
2
1
2
0
-1
-3
-6
-9
-13
-17
-20
-23
-23
-23
-22
-21
-19
-18
-13
-9
-9
-10
-5
0
5
8
10
16
21
22
25
27
29
26
25
22
19
15
15
16
13
8
3
4
3
-3
-9
-11
-12
-14
-18
-20
-19
-17
-14
-10
-7
-6
-4
-2
0
3
7
8
8
6
3
2
3
7
10
11
12
10
6
1
-2
-6
-6
-8
-8
-7
-9
-12
-16
-16
-17
-19
-20
-19
-17
-13
-8
-3
1
4
6
8
10
14
16
17
17
17
18
19
20
21
21
22
21
20
15
10
3
-2
-5
-7
-9
-12
-12
-16
-16
-17
-17
-18
-19
-19
-18
-14
-10
-5
-1
4
8
11
13
14
16
17
20
22
20
17
10
3
-2
-5
-7
-7
-7
-6
-7
-10
-13
-18
-22
-23
-24
-22
-19
-14
-8
-3
-1
2
5
8
13
17
17
16
16
16
18
18
17
15
12
9
6
2
1
0
-1
-3
-6
-9
-13
-16
-19
-22
-20
-16
-12
-6
-3
-1
-2
-1
1
5
9
12
14
13
15
15
16
15
16
17
17
18
16
10
3
-3
-6
-8
-8
-10
-10
-10
-11
-13
-12
-13
-14
-14
-11
-8
-9
-13
-12
-6
-1
-2
-4
-3
-3
0
2
6
10
9
7
7
7
5
5
5
3
2
1
1
-1
-2
-1
1
4
8
8
3
0
-5
-8
-8
-9
-10
-10
-5
0
5
6
6
7
8
6
3
4
6
10
11
10
9
4
1
1
5
9
9
7
4
0
-3
-5
-6
-9
-10
-11
-11
-10
-8
-9
-9
-9
-9
-8
-8
-7
-6
-2
0
1
2
4
6
6
5
4
6
9
13
13
12
6
3
2
1
1
-2
-3
-5
-7
-7
-7
-3
-3
-1
0
-1
-3
-5
-4
-2
-1
0
0
4
9
12
14
16
16
14
13
12
11
9
5
-1
-5
-7
-7
-5
-4
-5
-7
-9
-10
-10
-10
-11
-14
-18
-18
-16
-11
-4
2
6
9
11
15
16
17
15
13
10
8
6
5
4
4
5
5
5
4
2
-1
-5
-8
-12
-15
-17
-16
-18
-16
-15
-14
-12
-9
-5
-3
-2
-2
-1
2
6
11
13
15
15
18
21
22
21
19
18
16
13
8
4
2
2
1
-1
0
-2
-6
-10
-14
-19
-22
-23
-22
-23
-22
-20
-16
-13
-7
-3
0
2
4
7
8
10
10
11
14
17
21
23
22
20
16
12
10
9
6
4
1
-4
-9
-14
-17
-19
-19
-18
-16
-13
-12
-10
-11
-10
-10
-6
-2
1
4
6
5
4
2
4
5
9
13
16
16
14
8
4
3
1
0
-1
-1
-3
-3
-1
-2
-1
-2
-3
-4
-6
-6
-5
-3
0
2
3
3
5
4
5
7
7
10
11
9
4
0
-3
-2
-1
1
1
0
0
-2
-4
-6
-9
-11
-11
-8
-7
-5
-4
-2
1
4
5
5
3
3
4
7
10
12
12
8
5
2
-1
-3
-4
-5
-6
-6
-8
-10
-12
-12
-12
-10
-9
-5
-2
-1
0
-1
-1
-1
0
2
4
8
12
13
14
14
13
11
11
9
9
9
10
12
13
13
8
3
-1
-3
-4
-6
-9
-12
-14
-14
-16
-15
-17
-15
-13
-11
-8
-6
-4
-2
0
2
3
5
7
10
11
11
11
10
9
7
6
7
7
6
6
5
3
1
-2
-4
-4
-5
-5
-6
-6
-5
-6
-6
-6
-6
-6
-6
-9
-9
-10
-9
-9
-7
-3
-1
3
5
10
12
14
14
15
13
11
11
9
8
10
9
10
10
9
8
6
4
1
-1
-3
-6
-6
-8
-8
-7
-9
-9
-8
-5
-2
-2
-4
-7
-7
-7
-6
-7
-7
-6
-5
-1
3
5
6
4
2
0
-1
0
2
5
8
9
9
7
4
1
0
-1
0
0
0
-1
0
-1
-3
-6
-8
-9
-7
-4
-1
2
0
-1
-2
-4
-6
-7
-6
-4
-1
2
5
7
8
8
8
7
5
4
3
2
1
-1
0
2
3
5
6
7
7
6
4
3
1
0
-1
-1
-2
-3
-4
-4
-5
-6
-8
-9
-11
-12
-11
-8
-6
-4
-2
0
0
2
2
1
2
3
4
3
1
1
3
3
5
5
7
8
9
10
10
8
6
5
4
3
3
2
1
0
-1
-3
-4
-5
-5
-4
-3
-4
-4
-5
-7
-6
-6
-7
-6
-6
-6
-5
-4
-2
1
3
6
7
8
8
8
6
4
2
-1
-1
0
-1
2
3
5
6
6
6
5
1
-1
-4
-8
-10
-10
-9
-5
-2
1
3
4
2
2
1
0
-1
-1
-1
-2
-1
-1
0
1
2
3
4
5
5
4
3
1
-1
-2
-3
-2
-2
-1
0
0
1
0
0
-1
-2
-3
-4
-5
-4
-3
-1
2
3
4
3
1
-1
-5
-4
-5
-3
-2
-1
0
3
4
5
4
6
5
6
6
5
3
4
3
3
2
3
2
2
3
2
2
3
4
2
1
-3
-3
-3
-3
-4
-6
-11
-14
-11
-8
-6
-6
-4
1
