SAMPLES:	25756
BITSPERSAMPLE:	16
CHANNELS:	1
SAMPLERATE:	16000
NORMALIZED:	FALSE
27
26
29
29
23
13
5
-2
-8
-9
-6
-2
-2
-7
-13
-11
-8
-5
-6
-6
-4
-1
4
11
16
18
17
18
19
17
15
13
14
12
7
4
1
-5
-12
-17
-19
-22
-28
-30
-29
-27
-22
-14
-3
7
15
23
30
31
28
24
21
18
10
1
-8
-18
-24
-27
-30
-33
-33
-31
-29
-30
-32
-28
-16
-1
14
29
42
49
50
45
36
26
18
18
18
11
3
0
-2
-8
-20
-25
-23
-21
-23
-21
-14
-10
-9
-7
-3
0
3
7
14
16
12
6
3
1
-3
-2
4
9
8
2
-5
-10
-13
-12
-7
0
5
9
10
12
12
7
3
2
7
11
10
9
5
0
-9
-17
-15
-9
-5
-6
-7
-12
-13
-11
-9
-6
-3
2
9
15
16
15
11
8
4
3
5
12
15
11
1
-8
-12
-15
-20
-25
-26
-23
-17
-10
-3
4
13
23
30
32
29
25
20
13
10
11
14
13
8
0
-7
-14
-22
-26
-28
-26
-23
-19
-15
-13
-13
-9
-3
4
6
7
8
11
14
14
14
18
23
23
20
13
4
-6
-15
-25
-32
-36
-32
-25
-16
-12
-11
-9
-3
2
6
7
9
18
28
32
33
29
25
19
15
11
5
-2
-10
-18
-24
-25
-25
-21
-18
-14
-11
-8
-5
-2
1
7
15
24
32
37
39
37
32
25
19
8
-2
-12
-20
-26
-30
-35
-38
-38
-37
-33
-29
-22
-15
-8
-2
0
2
4
7
10
15
19
22
27
30
30
29
28
25
21
14
5
-3
-10
-11
-12
-13
-19
-25
-28
-26
-19
-12
-5
0
3
6
9
12
13
13
13
15
16
16
13
6
-2
-10
-13
-11
-8
-6
-5
-4
-5
-8
-9
-10
-8
-4
-1
1
1
-2
-6
-8
-8
-5
0
6
9
11
13
14
16
16
12
9
7
8
10
9
6
1
0
2
4
6
5
4
1
2
4
3
0
-7
-8
-11
-10
-11
-14
-22
-29
-34
-35
-32
-29
-25
-22
-18
-14
-9
-5
-2
1
5
13
22
32
40
43
40
32
24
19
14
11
5
2
1
6
11
10
4
-3
-9
-7
-3
3
8
11
13
10
7
4
0
-1
-1
0
0
-3
-10
-20
-30
-33
-34
-31
-29
-29
-31
-33
-32
-25
-14
-2
9
19
25
28
29
27
27
31
37
43
44
39
27
14
2
-8
-16
-22
-29
-33
-36
-32
-25
-18
-12
-9
-11
-10
-7
1
11
24
35
42
44
39
29
20
8
2
0
1
3
5
4
0
-8
-18
-31
-40
-42
-34
-19
-1
9
13
9
1
-4
-8
-9
-9
-12
-16
-19
-22
-20
-18
-17
-17
-16
-16
-18
-15
-12
-4
10
25
38
45
47
48
51
55
56
55
50
41
33
23
14
5
-1
-6
-6
-7
-8
-11
-19
-30
-37
-44
-43
-38
-31
-22
-14
-11
-13
-18
-20
-20
-14
-9
-6
-7
-8
-8
-8
-5
-3
0
4
6
9
10
5
0
1
5
14
26
31
33
28
20
13
10
10
15
16
15
13
7
-1
-9
-16
-19
-19
-15
-9
-5
-4
-7
-11
-12
-13
-10
-6
-3
2
3
8
11
13
16
19
22
20
12
3
-7
-15
-17
-13
-9
-6
-8
-12
-18
-22
-20
-15
-10
-3
0
-1
-3
-7
-9
-11
-8
-3
2
4
3
-2
-3
-1
10
19
25
24
21
19
18
21
20
20
20
25
30
32
27
18
11
5
2
2
1
-1
-2
-5
-10
-17
-23
-28
-28
-27
-24
-21
-19
-16
-18
-18
-21
-22
-24
-24
-21
-14
-3
8
18
23
20
13
6
2
1
1
3
3
3
3
4
5
6
7
6
6
7
5
3
2
3
6
10
10
8
3
1
1
3
6
8
8
6
3
-2
-8
-10
-11
-9
-8
-6
-7
-10
-13
-17
-19
-19
-17
-11
-5
1
4
7
9
9
10
10
11
14
18
20
23
23
23
21
15
6
-5
-14
-22
-24
-23
-20
-14
-6
-1
2
2
2
-1
-2
-2
0
3
7
12
15
19
19
17
16
14
8
-1
-9
-12
-10
-2
4
7
3
-2
-10
-14
-14
-12
-10
-9
-8
-5
0
3
5
4
3
0
-3
-7
-8
-5
0
6
7
4
1
-3
-8
-13
-16
-15
-11
-2
7
14
13
11
7
1
-4
-7
-3
5
8
9
7
6
2
-3
-3
-1
5
6
4
3
6
9
12
14
16
17
15
11
4
-3
-11
-17
-19
-15
-8
-8
-11
-15
-19
-24
-28
-27
-18
-7
1
4
6
8
8
10
14
18
18
15
13
13
11
8
5
4
2
0
-1
-1
-4
-6
-8
-8
-9
-5
-2
4
4
2
2
6
8
11
14
22
22
19
11
7
5
3
1
0
-5
-11
-15
-19
-25
-26
-25
-21
-16
-10
-6
-2
2
6
10
14
17
18
19
16
15
12
6
0
-6
-10
-11
-12
-12
-13
-11
-9
-7
-5
-1
-1
-2
-3
-2
1
0
1
5
12
15
13
13
16
15
10
6
6
5
2
-1
1
4
4
4
2
0
-2
-4
-3
-2
-1
-1
-2
-4
-8
-11
-11
-10
-7
-6
-4
-3
-6
-9
-11
-11
-10
-8
-5
-3
-2
-2
-1
-1
-2
-2
-2
0
2
4
2
1
1
3
1
-2
-3
0
5
6
5
5
11
14
16
14
14
14
14
12
12
12
13
8
3
3
5
6
5
3
2
1
-1
-4
-7
-9
-11
-10
-9
-6
-4
-3
-6
-8
-9
-15
-16
-16
-13
-10
-7
-1
0
2
2
3
6
5
3
-2
0
2
0
-4
-4
0
2
2
2
2
1
-2
0
-2
-1
1
2
6
7
6
4
2
2
3
1
1
3
6
10
9
9
12
12
12
7
4
6
0
1
-7
-7
-4
-6
-3
-10
-6
-9
-8
-14
-15
-9
-7
-4
-6
-3
0
-1
1
-2
0
1
4
1
3
4
12
12
18
12
18
11
12
5
5
6
4
9
-1
0
-3
-5
-5
-9
-3
-4
-2
-5
-6
-4
-7
-6
-7
0
0
2
2
6
1
3
-4
3
1
7
2
5
7
0
3
-10
-2
-6
0
1
-10
-3
-15
0
-11
-5
-4
-3
6
-8
2
-11
5
-3
8
-1
13
1
16
-3
8
-5
4
9
-5
18
-6
30
11
18
17
0
31
-4
22
-11
2
-1
-24
27
-51
54
-92
49
-51
-33
20
-101
72
-122
72
-99
51
-61
18
-22
-1
6
-10
26
-8
15
1
16
23
11
15
13
12
19
11
26
7
23
6
22
6
7
2
14
-2
7
-21
9
2
-5
5
-23
7
-27
-3
-11
-6
-5
-9
-5
-7
-5
-7
7
-1
4
-1
4
7
-6
2
-9
18
-1
22
-4
14
-6
-1
-6
-11
-3
-17
-3
-20
-6
-17
-2
-6
-2
-4
-7
-5
-7
-6
-9
-10
-9
-7
4
4
16
8
24
11
23
7
15
1
6
5
5
11
3
15
-2
5
-9
-3
-7
-4
-5
-7
-6
-9
-5
-5
-6
-4
-8
-4
-6
1
1
6
10
11
15
12
14
6
1
-5
-8
-6
-1
5
8
13
11
12
8
7
4
0
-3
-4
-3
-2
1
0
-1
-2
1
-1
2
-5
-6
-14
-12
-16
-10
-11
-11
-9
-11
-7
-8
-3
-4
1
2
8
11
13
11
5
1
-2
-1
2
3
6
4
5
0
3
1
5
4
5
2
-1
-2
-4
-1
1
3
7
8
6
4
2
0
-2
-2
2
7
9
8
7
5
4
2
0
2
5
6
3
-1
-7
-8
-11
-10
-10
-11
-12
-10
-9
-9
-9
-10
-11
-11
-10
-6
-1
4
8
8
8
9
9
11
12
8
4
3
4
7
6
2
2
1
-1
-7
-10
-9
-7
-7
-8
-5
-4
-1
-1
1
3
4
6
7
8
6
5
3
3
5
8
11
12
11
10
10
9
8
8
6
2
1
1
3
1
-1
-5
-10
-12
-13
-14
-14
-12
-10
-7
-4
-5
-8
-10
-10
-9
-6
-3
-2
-3
-1
1
5
10
13
15
13
13
15
16
15
12
8
4
1
3
2
3
1
-3
-4
-7
-9
-9
-10
-12
-13
-12
-11
-11
-12
-11
-10
-9
-11
-10
-7
-3
0
4
5
6
6
8
9
13
19
24
26
27
27
25
22
21
18
13
9
6
4
-1
-5
-8
-10
-13
-14
-18
-22
-25
-26
-26
-25
-24
-23
-22
-22
-21
-19
-17
-15
-13
-10
-7
-3
2
8
13
17
21
26
28
28
27
28
28
27
26
26
25
23
20
16
11
7
3
0
-2
-3
-5
-7
-9
-10
-12
-15
-16
-17
-18
-19
-19
-20
-18
-19
-15
-12
-12
-11
-6
0
2
3
4
8
15
15
14
12
11
7
5
7
7
7
6
4
2
1
3
6
7
8
2
-1
-5
-7
-12
-15
-15
-13
-12
-8
-7
-5
-7
-12
-15
-13
-12
-11
-7
-1
5
9
11
12
13
16
18
22
22
22
22
20
19
17
16
15
12
9
5
0
-6
-12
-16
-17
-19
-21
-23
-26
-26
-26
-26
-25
-22
-19
-16
-14
-11
-6
-5
-2
2
6
8
12
18
19
21
22
25
28
31
31
33
33
26
19
14
14
14
11
6
4
3
2
-2
-6
-9
-12
-16
-19
-25
-30
-34
-36
-36
-34
-30
-26
-23
-19
-18
-15
-12
-6
-4
0
4
7
8
10
15
18
22
25
27
28
27
24
21
16
14
11
10
8
7
6
3
1
-2
-4
-5
-7
-6
-8
-8
-8
-10
-9
-9
-8
-6
-3
-3
-2
-1
-2
-3
-5
-7
-7
-6
-4
-1
-1
-1
-2
0
0
1
-1
-2
-4
-6
-3
2
8
6
3
1
1
2
1
2
7
8
6
3
3
4
5
3
1
-1
-3
-4
-4
-2
-1
3
7
6
5
4
3
2
1
4
6
8
10
11
12
11
12
10
9
8
6
3
-2
-5
-8
-14
-18
-20
-19
-22
-22
-21
-19
-17
-17
-17
-15
-14
-14
-11
-9
-3
1
6
11
16
17
20
19
20
19
17
15
13
14
12
10
9
7
5
4
6
10
11
10
7
5
2
1
1
3
5
6
6
4
3
0
-3
-7
-10
-17
-21
-24
-26
-27
-27
-29
-29
-28
-25
-21
-18
-15
-14
-14
-13
-10
-6
1
10
16
22
25
26
25
23
21
19
17
15
15
15
16
14
14
12
10
5
2
-2
-4
-6
-5
-6
-8
-9
-9
-9
-7
-6
-1
1
4
4
2
0
1
6
11
15
13
9
4
0
-3
-6
-9
-9
-9
-10
-10
-9
-10
-10
-9
-10
-11
-11
-10
-12
-11
-11
-8
-5
-1
5
7
10
11
10
10
8
9
9
10
12
13
12
11
8
5
2
-1
0
2
3
6
3
1
0
1
1
2
3
4
4
3
1
-2
-5
-6
-3
-1
0
-4
-11
-18
-25
-30
-28
-24
-18
-14
-8
-4
0
2
6
7
8
3
2
1
4
8
13
18
23
25
26
22
18
12
7
2
-1
-2
-2
-1
-1
0
0
-1
0
-1
-1
-4
-8
-13
-14
-13
-11
-10
-11
-12
-13
-11
-6
-1
1
3
3
5
7
8
7
5
4
3
2
-1
-1
1
0
-1
-2
-2
0
-2
-2
-1
2
3
3
6
6
6
6
5
5
4
5
6
7
7
7
8
9
11
12
11
11
8
5
-1
-4
-7
-7
-5
-4
-5
-9
-10
-9
-6
-8
-10
-9
-5
-4
-6
-5
-5
-3
-7
-10
-9
-8
-6
-7
-6
-2
-1
-1
-2
0
1
2
1
2
5
5
3
0
-1
2
3
5
9
10
7
4
6
10
12
13
14
13
14
12
11
7
6
5
4
3
0
-4
-5
-5
-4
-5
-9
-13
-14
-15
-14
-13
-13
-12
-12
-10
-9
-7
-5
-2
2
3
2
1
6
6
5
5
8
8
4
0
0
2
2
3
3
3
3
1
-2
-1
1
1
1
1
2
1
3
8
11
12
11
11
16
15
12
7
4
0
-2
-4
-8
-13
-15
-11
-7
-5
-7
-7
-8
-10
-15
-16
-13
-11
-10
-11
-10
-8
-6
-2
0
2
4
7
11
11
10
7
6
7
8
9
7
5
3
4
6
6
6
4
2
0
0
0
-1
1
-1
-1
-1
1
1
1
0
2
1
0
-1
2
5
3
0
-1
2
5
4
4
6
9
9
3
1
-1
-2
-3
-3
-5
-6
-9
-12
-15
-19
-22
-25
-26
-27
-26
-22
-15
-8
-3
-1
-2
-1
1
4
8
11
14
17
22
24
26
23
23
22
22
21
19
13
8
3
1
0
3
2
1
0
0
0
1
0
-2
-4
-5
-7
-7
-8
-10
-11
-11
-10
-10
-10
-13
-14
-15
-14
-12
-10
-8
-5
-2
1
2
4
6
10
14
18
20
21
23
22
20
14
6
-1
-8
-11
-14
-16
-19
-21
-25
-28
-29
-25
-18
-8
-2
0
-1
0
3
10
17
22
28
30
30
28
23
20
20
16
14
12
8
7
8
8
8
6
1
-1
-6
-9
-10
-12
-14
-17
-19
-18
-15
-13
-13
-15
-18
-20
-20
-19
-15
-12
-9
-7
-6
-4
-2
0
4
7
12
15
19
19
21
18
17
14
11
7
4
0
-2
-7
-8
-12
-14
-13
-11
-9
-9
-7
-5
1
6
14
20
24
24
21
19
16
17
17
15
12
8
4
1
-3
-4
-9
-13
-17
-20
-21
-19
-17
-13
-12
-12
-13
-14
-13
-12
-10
-7
-6
-1
3
3
2
0
1
3
7
9
9
6
4
5
7
12
15
17
16
14
10
8
7
9
10
10
10
10
5
2
-2
-6
-7
-8
-7
-8
-6
-4
-1
1
1
-1
-4
-6
-5
-2
2
3
1
-2
-6
-9
-12
-11
-11
-10
-10
-11
-11
-12
-11
-10
-10
-6
0
2
6
8
6
3
0
1
1
3
1
3
7
6
2
4
9
11
9
9
13
16
13
11
15
19
17
15
14
17
15
13
8
4
1
0
-3
-6
-6
-5
-8
-14
-20
-24
-25
-22
-22
-21
-21
-16
-10
-7
-6
-5
-7
-3
2
6
7
7
4
1
0
-2
-2
-1
0
1
0
0
-1
4
5
6
4
7
14
18
21
22
28
28
24
18
14
12
8
3
-1
-5
-8
-8
-7
-4
-4
-5
-7
-9
-11
-11
-13
-15
-18
-20
-21
-20
-18
-14
-12
-8
-6
-6
-6
-4
-3
-1
-1
0
6
12
16
18
19
18
16
16
15
13
14
15
15
17
15
11
7
2
-1
-3
-6
-6
-6
-5
-4
-7
-9
-10
-10
-8
-6
-6
-7
-7
-10
-13
-15
-14
-11
-4
-4
-3
-6
-4
-2
0
1
-1
2
5
9
12
11
9
6
5
6
8
7
5
1
-4
-10
-13
-13
-9
-6
-3
-2
-4
-6
-7
-7
-2
5
10
14
14
12
11
10
10
15
19
23
24
20
17
14
13
12
11
9
6
2
-3
-9
-14
-16
-16
-15
-11
-12
-16
-22
-26
-24
-24
-23
-19
-16
-15
-17
-15
-8
-3
-1
-1
3
8
12
14
13
10
6
6
10
15
19
20
15
8
3
1
5
8
12
13
11
8
4
2
1
0
-2
-2
-6
-8
-10
-12
-12
-11
-8
-4
-1
2
0
-4
-8
-11
-10
-7
0
7
10
10
9
7
4
5
5
3
3
5
6
-1
-6
-4
2
3
1
-2
-3
-5
-10
-14
-9
-4
-1
-3
-1
-2
-2
-5
-4
-3
-3
-3
-1
1
0
-1
-3
-3
-2
-3
-3
-3
0
5
8
11
11
7
5
5
8
9
10
11
15
18
19
15
13
13
12
10
9
10
8
2
-5
-7
-8
-12
-18
-24
-28
-27
-26
-27
-26
-26
-23
-22
-20
-18
-15
-10
-6
0
6
10
15
19
24
26
30
31
31
32
30
30
28
25
20
14
8
2
0
-1
-2
-4
-9
-14
-18
-23
-27
-27
-25
-22
-21
-19
-14
-9
-6
-5
-4
-1
1
1
1
4
6
10
11
15
21
22
18
10
4
5
6
5
2
0
0
-1
-6
-10
-14
-14
-13
-13
-15
-18
-22
-21
-17
-11
-6
-3
-2
0
1
7
13
17
18
20
23
22
23
22
22
20
17
17
18
17
12
10
10
11
8
2
-5
-11
-16
-19
-18
-17
-14
-10
-9
-8
-12
-17
-19
-18
-16
-14
-12
-10
-9
-6
-4
-4
-3
1
5
6
3
-1
-5
-5
-3
-1
0
2
4
6
7
7
5
4
3
5
7
9
11
13
14
16
17
15
11
9
7
5
2
-2
-2
-2
-2
-3
-1
0
-1
-1
-1
-2
-4
-7
-6
-6
-6
-5
-4
-3
1
1
2
0
-3
-3
0
1
0
1
3
3
2
2
1
1
-1
-3
-4
-4
-5
-6
-6
-5
-2
0
3
1
-4
-5
-6
-7
-6
-4
0
2
2
2
4
6
6
5
6
9
8
7
6
6
5
6
6
4
4
2
1
1
1
1
1
2
2
2
1
-1
-3
-5
-6
-6
-4
-3
0
1
4
5
5
5
3
0
-4
-6
-6
-7
-5
-3
-2
-3
-5
-7
-8
-6
-5
-5
-5
-6
-7
-8
-6
-5
-4
0
3
5
7
9
9
10
11
11
10
8
6
4
3
4
4
6
4
4
3
1
-1
0
1
2
2
2
1
0
0
1
0
0
0
2
4
3
1
-2
-3
-2
0
0
-2
-4
-6
-6
-3
-5
-5
-5
-4
-3
-5
-4
-3
-1
-1
0
1
3
2
2
2
2
4
4
5
4
5
2
-1
-3
-3
-2
1
4
2
1
-1
-2
-3
-2
0
1
2
3
2
1
1
-1
1
2
5
8
8
7
4
1
0
-1
-1
0
1
1
0
-2
-1
-1
0
1
2
2
1
-3
-8
-12
-14
-13
-11
-10
-8
-8
-8
-7
-7
-6
-5
-2
2
6
10
11
14
15
17
19
18
18
14
9
5
3
1
0
1
1
0
0
0
-1
-3
-6
-9
-11
-10
-8
-6
-4
-3
-3
-5
-9
-10
-6
0
1
0
0
4
7
7
3
1
0
-1
0
0
2
5
7
6
3
1
4
5
4
-1
-1
1
0
-3
-7
-5
-4
-6
-5
-3
-2
-2
-2
-1
-1
-1
-2
0
-1
0
0
2
0
1
3
5
5
3
2
1
0
0
5
9
9
4
0
1
1
0
-2
0
1
2
1
1
2
3
2
1
0
1
2
2
0
-3
-7
-7
-6
-4
-2
-3
-4
-6
-5
-5
-2
1
-1
-1
-2
-2
-1
1
3
5
4
5
5
4
4
5
5
7
9
9
9
8
5
5
4
2
1
0
-2
-4
-6
-9
-14
-16
-14
-11
-10
-9
-7
-2
0
-1
0
1
1
0
-3
0
5
7
7
5
5
4
3
3
4
5
4
4
3
3
2
3
3
3
2
-2
-1
-2
0
0
0
1
3
2
1
-3
-4
-7
-7
-8
-9
-10
-8
-6
-5
-5
-4
-3
0
3
7
9
7
6
5
9
12
13
12
12
8
4
1
0
1
4
6
5
0
-4
-6
-6
-4
-2
-1
-2
-6
-7
-9
-9
-9
-7
-6
-4
-2
2
0
0
-2
0
3
7
8
7
6
4
5
5
7
9
8
5
1
-1
-1
0
2
5
5
3
2
-3
-6
-11
-13
-12
-8
-3
0
1
0
-1
0
1
1
-1
-4
-4
-2
-1
-4
-6
-8
-7
-4
-1
1
1
0
0
1
1
2
4
6
9
10
9
9
8
6
8
9
8
10
9
8
5
3
1
0
-1
-1
-4
-5
-6
-5
-7
-10
-14
-15
-13
-11
-7
-3
-3
0
1
2
0
1
0
0
1
3
1
1
0
0
1
4
5
8
8
7
6
5
3
2
0
-1
-1
-1
0
1
1
0
-3
-6
-9
-8
-4
1
7
6
6
5
6
4
3
4
5
1
-4
-5
-1
2
2
-1
-1
-1
0
-1
-3
-5
-8
-11
-10
-5
0
4
8
8
4
1
-1
-1
0
1
2
2
0
-4
-5
-7
-6
-6
-4
-4
-3
-3
-3
-2
1
3
7
10
12
11
12
11
13
16
15
14
12
7
3
-1
-5
-10
-13
-15
-17
-17
-19
-16
-15
-11
-9
-6
-6
-8
-8
-8
-4
0
1
3
6
10
8
8
11
9
7
5
1
2
2
5
5
5
4
2
0
-1
-2
1
3
8
10
11
9
7
3
-1
1
6
10
10
7
4
0
-6
-13
-16
-11
-8
-7
-7
-8
-7
-7
-8
-7
-7
-2
1
4
6
5
4
-1
-3
-4
-1
2
5
4
-2
-8
-9
-7
-1
2
4
7
4
2
1
3
7
9
8
7
5
3
0
-1
1
2
6
6
3
-2
-8
-14
-13
-10
-5
-1
-1
-1
-2
-4
-4
-2
2
6
10
13
12
9
5
5
4
6
7
4
0
-3
-9
-14
-17
-17
-15
-11
-8
-7
-7
-8
-8
-6
2
8
14
17
16
12
7
3
2
5
10
13
14
9
4
-3
-7
-8
-6
-3
2
3
3
3
1
1
3
6
10
11
9
6
0
-5
-7
-8
-9
-7
-8
-9
-13
-15
-18
-19
-21
-22
-21
-18
-12
-6
-3
1
4
7
11
15
18
19
18
17
19
21
22
21
18
14
5
-1
-3
-1
0
-1
-3
-3
-6
-11
-11
-9
-7
-4
-3
0
-1
-5
-10
-10
-6
-3
1
2
2
1
0
-2
-2
-2
1
3
4
5
9
11
10
6
5
6
9
10
10
9
6
1
-1
-1
-1
-7
-12
-12
-12
-13
-15
-16
-13
-10
-11
-14
-14
-10
-3
-1
-2
-1
4
8
8
7
8
12
16
17
18
19
16
12
8
6
3
0
-2
1
0
-4
-7
-8
-6
-3
-2
0
0
-1
-2
-3
-3
-1
0
-2
-1
4
8
10
5
1
-2
-1
-1
-3
-4
-5
-7
-9
-5
-2
-2
0
2
3
2
-2
1
4
5
3
5
10
14
13
9
5
0
-5
-11
-11
-9
-7
-7
-9
-9
-11
-9
-6
-4
-2
-2
0
1
3
3
5
6
6
8
7
6
4
2
2
2
3
5
6
7
5
2
-2
-5
-5
-3
-1
1
6
8
7
4
1
1
6
11
13
10
4
-2
-6
-8
-11
-14
-17
-16
-16
-14
-13
-14
-13
-11
-8
-4
2
6
9
10
9
8
9
9
11
12
12
12
11
10
9
7
3
-1
-6
-11
-14
-14
-11
-7
-6
-6
-8
-7
-8
-7
-4
-1
2
5
4
4
3
3
2
4
3
-1
-5
-6
-2
1
2
5
9
11
8
4
4
3
1
-2
-1
2
5
5
5
2
1
3
5
5
4
-1
-2
-2
-1
-3
-9
-11
-11
-9
-7
-5
-4
-1
0
2
2
2
3
4
5
8
8
9
9
7
5
5
3
2
2
-1
-2
-4
-6
-6
-4
-6
-8
-9
-8
-4
-5
-5
-6
-4
-2
-2
-1
3
9
7
3
0
1
5
5
4
2
1
-3
-8
-10
-8
-7
-10
-11
-11
-6
-3
-1
1
3
4
2
3
5
9
13
17
18
16
11
9
9
10
11
10
10
8
3
2
3
4
0
-5
-6
-6
-7
-7
-6
-7
-8
-9
-9
-9
-10
-10
-10
-10
-10
-9
-6
-6
-6
-5
-3
-3
-3
-3
0
2
2
2
4
8
9
8
6
2
-1
0
3
2
3
3
1
0
-3
0
1
2
3
7
9
7
4
2
1
-1
-2
-3
0
2
3
3
4
5
5
4
2
1
0
1
-1
-3
-3
-1
3
4
-1
-4
-4
-4
-2
-2
-2
-1
-1
1
3
5
5
4
4
1
-1
-3
-4
-2
-2
-2
-2
-2
-1
-2
-4
-6
-8
-8
-7
-4
-2
-1
-1
1
2
0
-2
-1
0
0
-2
-3
2
6
6
5
5
6
4
1
-2
-2
-1
0
2
7
10
11
10
9
9
10
8
5
3
0
-3
-6
-9
-11
-11
-9
-9
-4
-4
-1
1
-1
-5
-10
-13
-12
-7
2
8
14
14
15
14
13
8
4
-1
-7
-10
-10
-11
-12
-14
-15
-15
-16
-14
-10
-4
1
6
9
10
13
12
11
11
12
13
9
5
4
5
4
0
0
1
-1
-5
-11
-11
-10
-9
-8
-3
2
8
12
14
12
10
6
5
4
2
2
2
0
-2
-6
-8
-11
-11
-11
-9
-7
-3
2
3
5
6
6
6
5
5
4
1
-1
0
-2
-6
-5
-6
-5
-7
-7
-8
-8
-9
-6
-5
-2
2
4
6
8
8
9
7
6
6
6
7
6
4
4
2
2
2
1
2
0
1
1
-2
-3
-5
-5
-4
-4
-1
0
2
1
0
-2
-3
-4
-3
-1
0
4
7
5
5
2
0
0
0
0
-2
-4
-5
-6
-6
-2
3
9
9
9
8
6
2
-1
-4
-6
-5
-4
1
3
6
7
6
5
2
1
0
0
0
-1
-3
-3
-3
-1
0
-1
-5
-11
-18
-20
-18
-12
-6
-3
0
1
2
4
6
7
7
8
9
10
11
8
6
2
-1
-3
-4
-3
-1
0
1
2
3
4
6
9
11
15
15
14
12
7
4
2
0
-1
-4
-4
-4
-7
-9
-9
-8
-7
-7
-6
-5
-2
-3
-4
-5
-2
-3
-1
1
3
5
6
6
4
2
-2
-5
-8
-9
-8
-4
-1
1
3
3
3
3
4
5
5
3
1
-1
-1
1
3
4
5
3
2
-1
-3
-3
-2
-2
0
3
7
10
10
7
3
2
2
2
2
2
0
0
1
1
1
-1
-4
-7
-10
-10
-13
-15
-15
-13
-11
-10
-7
-5
-2
0
5
5
7
8
10
8
6
7
4
5
4
3
4
4
4
3
3
3
2
1
0
0
0
1
3
2
4
6
6
6
5
6
5
3
1
-1
-2
-4
-5
-5
-5
-5
-5
-4
-4
-3
-2
-3
-1
0
1
2
2
1
-1
-3
-4
-7
-8
-6
-5
-3
-1
0
0
0
0
0
-1
-1
-3
-2
-2
-1
0
2
5
9
12
13
13
11
9
9
9
10
9
9
8
6
2
0
-6
-8
-11
-12
-11
-10
-9
-8
-8
-3
-1
2
1
0
-2
-3
-2
0
2
4
5
5
0
-3
-5
-5
-4
-2
1
3
4
4
4
5
5
5
6
1
-1
-3
-5
-4
-4
-2
-2
-1
2
2
5
4
3
1
0
-3
-2
-1
0
2
4
7
8
8
8
7
7
7
5
5
5
5
1
-4
-6
-5
-5
-9
-8
-7
-7
-10
-13
-13
-13
-13
-14
-12
-9
-5
-1
5
10
15
14
15
13
8
4
1
0
0
1
3
6
10
10
8
4
3
2
2
3
3
-1
-3
-3
-3
-4
-7
-8
-6
-5
-8
-9
-8
-7
-6
-6
-2
0
2
3
5
6
6
5
7
7
6
7
8
7
6
5
4
2
1
1
-1
-3
-5
-5
-6
-8
-10
-10
-10
-6
0
1
2
0
-1
0
0
1
0
2
3
3
3
2
2
0
-1
-4
-7
-8
-6
-3
1
3
5
7
7
6
8
9
9
10
10
10
10
11
10
10
9
6
1
-3
-7
-9
-11
-11
-10
-8
-6
-7
-8
-9
-10
-11
-11
-13
-12
-9
-6
-4
-3
-2
0
3
5
7
9
6
4
6
9
13
11
9
9
7
5
2
-1
-1
-3
-3
-3
-3
-3
-3
-4
-4
-5
-2
-4
-2
0
-2
-2
-3
-3
-4
-3
-2
0
2
5
8
11
15
17
19
20
19
17
16
15
12
12
10
8
5
0
-4
-10
-16
-21
-20
-17
-16
-17
-19
-16
-17
-22
-27
-24
-19
-14
-11
-8
-4
0
4
5
10
14
16
19
22
21
19
18
16
15
12
8
8
9
8
6
6
4
1
-2
0
1
1
-1
-2
-2
-2
-6
-10
-13
-13
-14
-15
-16
-17
-23
-27
-27
-25
-22
-18
-14
-11
-7
-2
5
11
17
20
25
28
33
32
30
27
24
18
15
15
12
7
1
0
0
-2
-6
-6
-4
-6
-10
-13
-9
-8
-12
-13
-10
-10
-14
-11
-4
-2
-2
-3
0
5
1
-2
-3
-4
-2
-1
1
2
2
1
1
2
0
1
1
6
8
9
9
8
7
6
5
3
-2
-9
-14
-16
-15
-15
-17
-20
-20
-19
-16
-12
-8
0
7
16
21
24
25
22
22
23
26
25
24
20
17
14
12
10
2
-2
-8
-12
-12
-14
-16
-14
-12
-10
-8
-6
-5
-6
-9
-10
-10
-10
-9
-4
3
3
0
-3
-3
-6
-10
-12
-9
-3
1
1
1
1
2
1
0
0
4
6
10
13
14
14
16
17
14
11
8
3
1
-2
-3
-3
-4
-6
-7
-10
-13
-14
-15
-12
-9
-6
-4
-4
-1
1
5
9
12
12
10
8
4
1
-2
-3
-4
-4
-4
-1
1
3
3
3
4
7
11
12
12
8
6
5
7
10
15
15
12
6
0
-5
-9
-12
-16
-17
-19
-21
-21
-22
-22
-22
-20
-19
-16
-13
-6
-1
5
12
16
18
21
22
23
22
19
16
14
12
11
8
3
-1
-4
-4
-3
-5
-6
-6
-8
-7
-5
-5
-3
-4
-3
-1
-1
-1
0
1
1
0
-1
-4
-3
-4
-2
-3
-1
1
4
6
8
9
8
6
4
1
-1
-1
1
4
7
8
9
6
3
2
-1
-3
-8
-11
-13
-16
-15
-14
-13
-11
-12
-14
-13
-10
-6
-4
-5
-5
-4
1
5
7
10
12
13
14
16
16
13
10
8
8
7
6
6
5
4
2
1
2
1
3
1
1
0
-3
-2
-1
2
4
4
4
2
0
-1
-2
-2
0
1
4
2
0
-4
-9
-10
-9
-9
-9
-9
-6
-5
-6
-6
-9
-10
-8
-3
1
3
5
3
3
5
6
10
10
10
7
3
2
2
-1
-4
-4
-2
0
-4
-6
-7
-8
-10
-11
-8
-5
-3
-1
-1
0
0
-2
-2
1
2
3
6
10
8
6
12
18
19
21
23
24
23
18
13
11
11
8
2
-3
-4
-5
-9
-14
-17
-16
-16
-15
-17
-19
-21
-21
-22
-17
-16
-13
-11
-9
-6
-6
-7
-5
1
9
12
14
11
12
13
14
13
13
16
16
13
7
3
1
-1
-1
-1
2
6
4
3
-3
-4
-5
-2
2
4
6
7
4
3
0
-1
-2
-3
-7
-12
-16
-15
-10
-3
-2
-3
-2
-1
-4
-6
-5
0
4
2
2
3
2
0
-2
4
7
5
2
0
1
1
-2
-2
-2
-3
-1
2
2
3
2
2
2
1
0
2
4
6
7
8
6
3
0
-1
-1
-1
-2
-5
-6
-8
-8
-5
-5
-2
-3
-2
0
2
3
4
1
2
3
4
3
2
3
8
7
5
3
6
9
7
5
6
2
1
-1
0
2
4
0
-5
-10
-14
-13
-13
-15
-20
-20
-16
-13
-14
-15
-13
-10
-9
-5
0
7
16
22
26
27
28
27
27
28
26
27
23
18
14
8
3
-2
-8
-13
-16
-22
-25
-24
-25
-23
-19
-13
-9
-10
-12
-11
-6
-3
-1
4
9
14
13
13
12
11
11
12
13
9
4
1
1
-2
-8
-13
-11
-6
-2
0
2
4
6
7
8
7
8
7
4
0
-2
0
-1
-6
-10
-10
-8
-8
-13
-13
-12
-11
-13
-12
-6
-1
2
1
4
10
16
20
20
17
16
19
22
20
17
14
15
12
4
-4
-8
-10
-12
-15
-18
-20
-23
-23
-24
-23
-25
-25
-23
-16
-11
-5
-2
0
2
3
6
8
12
18
23
22
17
16
16
15
9
6
9
12
12
10
10
11
12
10
6
7
8
7
3
-1
-6
-6
-7
-10
-13
-16
-17
-17
-16
-13
-13
-14
-13
-13
-14
-14
-12
-10
-8
-4
-3
0
2
5
8
10
11
10
9
7
6
2
0
1
2
1
1
5
11
9
5
3
6
4
-1
-2
0
0
0
3
12
15
14
11
10
10
7
3
-1
-5
-12
-13
-13
-16
-22
-25
-24
-19
-17
-15
-10
-1
6
11
15
16
18
19
21
20
20
17
14
9
4
1
-4
-9
-12
-15
-18
-21
-22
-25
-24
-20
-14
-8
-2
5
10
12
11
13
15
15
14
13
13
14
14
12
11
10
8
6
4
0
-5
-11
-15
-18
-19
-16
-12
-8
-2
2
3
5
5
5
4
5
5
4
1
0
-4
-5
-10
-10
-11
-10
-11
-11
-12
-11
-10
-6
-3
0
5
10
15
18
19
21
23
23
23
22
20
19
16
14
7
0
-5
-5
-4
-8
-13
-16
-15
-16
-17
-15
-9
-7
-6
-8
-6
-6
-7
-9
-9
-8
-7
-5
-4
-2
0
-2
-1
-1
-1
0
0
0
1
2
3
5
8
9
8
8
7
6
7
10
15
18
19
18
18
14
8
2
-2
-5
-9
-11
-12
-9
-10
-9
-9
-9
-8
-7
-6
-6
-5
-2
2
6
10
9
9
8
5
4
1
0
0
-1
-2
-3
-3
-4
-6
-8
-10
-11
-9
-7
-4
-3
0
1
5
5
5
5
4
4
7
10
13
15
16
16
12
9
6
1
-2
-7
-6
-7
-4
-3
-7
-10
-12
-12
-8
-6
-4
-4
-4
-4
0
4
8
13
14
14
11
9
6
5
3
-1
-2
-3
-7
-13
-16
-21
-21
-18
-14
-8
-6
-1
2
5
5
7
10
14
20
23
20
15
11
5
1
-2
-4
-7
-5
-3
-2
-1
-1
-4
-5
-9
-10
-11
-8
-5
0
4
7
10
14
14
13
10
6
3
2
-1
-4
-10
-15
-18
-19
-18
-16
-13
-10
-4
-1
6
13
20
26
28
27
24
21
17
14
10
6
4
1
-2
-5
-9
-14
-19
-23
-26
-26
-26
-24
-20
-16
-9
-3
3
7
13
17
22
25
27
26
22
17
11
6
1
-6
-13
-17
-19
-20
-18
-18
-18
-17
-17
-15
-8
1
5
8
11
13
19
20
14
11
14
12
6
6
8
5
1
1
-2
-6
-10
-12
-10
-8
-6
-8
-5
-2
-1
-5
-1
3
4
5
12
13
10
11
12
7
4
2
0
-1
-2
-4
-7
-9
-10
-11
-11
-9
-7
-6
-8
-11
-11
-9
-6
-2
-1
2
4
6
7
5
2
4
8
13
16
15
12
10
7
3
0
-1
0
2
4
1
-4
-7
-7
-5
-7
-9
-7
-2
1
2
1
3
3
1
-3
-3
0
3
3
5
6
5
4
1
1
2
2
1
1
-1
-2
-1
-3
-5
-6
-8
-8
-5
-3
0
-1
-1
2
6
8
9
7
6
4
4
8
12
11
8
8
9
8
5
4
5
-1
-10
-14
-11
-9
-9
-9
-7
-3
-7
-9
-11
-11
-14
-16
-13
-7
-3
0
-1
1
-1
0
2
5
7
5
5
4
6
4
2
1
2
3
3
5
4
4
5
4
5
4
3
5
6
8
6
5
6
8
8
8
8
10
7
2
-4
-8
-10
-10
-9
-7
-8
-7
-7
-9
-10
-11
-10
-9
-7
-4
-3
0
2
5
7
10
11
12
13
13
11
6
2
2
-1
-4
-7
-5
-3
-2
-6
-10
-7
-1
2
1
1
0
1
-2
-4
-3
-1
0
1
3
8
10
9
7
6
5
1
-1
-2
-3
-4
-4
-5
-4
-4
-2
0
3
5
5
6
5
5
4
3
2
0
1
-2
-3
-3
0
-1
0
-1
-5
-8
-11
-12
-14
-14
-10
-5
-1
0
3
6
5
0
0
6
10
9
8
5
3
4
6
6
6
6
3
2
1
0
-2
-5
-6
-7
-7
-6
-2
-1
2
4
5
5
4
2
2
5
3
2
1
-3
-4
-6
-3
-1
2
1
0
-2
-1
0
2
5
4
4
2
-1
-2
-3
-2
-1
1
2
2
0
-2
-2
-1
0
2
2
0
-2
-4
-8
-6
-2
0
1
1
3
4
2
1
-1
-1
-2
-2
-3
-2
-3
-4
-3
-2
-2
-2
0
0
0
0
0
0
2
2
2
4
4
3
3
2
5
6
8
8
8
8
7
4
3
3
2
1
0
-3
-7
-9
-10
-10
-8
-5
-4
-1
-2
-1
-2
-1
0
1
3
4
5
4
2
1
0
0
1
0
-2
-4
-7
-7
-6
-4
-3
-3
-3
-2
-1
0
2
5
9
12
11
12
12
11
12
9
6
2
1
0
2
0
-3
-7
-10
-10
-8
-8
-7
-7
-6
-6
-5
-4
-3
-1
2
4
3
4
3
1
0
-1
1
0
-1
1
2
2
-2
-4
-2
-2
-3
-5
-3
0
1
0
-1
0
1
5
7
7
6
5
5
3
2
0
0
0
0
1
0
0
-2
-1
0
0
2
3
2
1
0
1
3
4
4
3
2
0
0
0
3
4
6
7
7
8
5
3
4
6
6
6
3
-2
-7
-13
-16
-17
-15
-9
-6
-5
-5
-8
-10
-10
-10
-10
-6
-3
0
0
1
-1
-1
-1
3
7
10
12
11
9
5
5
7
5
4
2
1
-4
-8
-9
-4
1
3
2
0
-4
-8
-12
-10
-7
-1
4
8
8
7
5
4
6
5
2
0
1
3
7
10
12
10
7
2
-1
-3
-4
-3
-3
0
2
4
4
3
1
-2
-1
1
-1
-2
-5
-2
0
5
8
7
7
6
5
2
-2
-9
-16
-21
-23
-22
-17
-9
-3
0
-1
-6
-10
-11
-9
-5
-1
3
4
4
5
5
5
8
12
14
10
3
0
0
1
0
0
3
5
4
1
1
3
4
5
6
8
7
5
3
0
-3
-6
-7
-5
-3
0
2
3
4
5
7
5
2
3
3
3
-2
-5
-4
-1
0
-1
1
4
7
5
2
0
-2
-2
-2
2
5
6
4
1
-2
-5
-11
-14
-13
-11
-11
-10
-10
-9
-10
-11
-11
-10
-8
-8
-4
2
5
10
11
11
8
8
7
4
1
-1
0
4
11
13
13
11
9
7
6
4
2
0
-1
0
0
-3
-5
-4
-3
-6
-9
-8
-6
-9
-13
-12
-7
-8
-10
-10
-5
-4
-5
-6
-2
4
7
11
17
21
24
23
22
20
17
13
10
7
6
6
6
6
6
7
6
6
4
0
-1
-2
-4
-7
-11
-17
-18
-17
-15
-13
-13
-14
-16
-18
-20
-23
-25
-21
-16
-11
-8
-8
-7
-4
0
5
8
11
13
13
15
18
19
18
17
18
16
17
19
21
21
15
8
5
5
2
-2
-2
1
5
6
1
-3
-8
-12
-14
-12
-11
-11
-10
-8
-4
-2
-1
0
2
3
4
3
0
0
2
6
9
10
8
6
6
6
1
-2
-3
-2
-4
-4
-5
-4
-5
-10
-12
-12
-13
-16
-15
-11
-9
-9
-9
-7
-6
-6
-6
-4
-2
-3
0
3
6
6
5
7
13
18
21
21
21
18
15
15
16
18
18
17
18
18
9
-2
-9
-10
-12
-14
-11
-6
-7
-10
-13
-11
-12
-13
-10
-5
0
-1
-3
-1
1
-4
-4
-1
4
6
6
7
5
3
3
5
7
7
7
6
2
-2
-6
-11
-11
-7
-1
5
9
10
5
1
-1
0
1
3
2
1
-4
-9
-10
-9
-8
-7
-6
-3
-2
-2
-3
-3
-3
-2
-1
2
4
5
4
4
5
8
11
12
10
5
1
-1
-2
-2
-1
-1
-1
1
3
6
7
5
3
0
-2
0
2
4
4
3
0
-3
-4
-4
-1
-1
-3
-2
-4
-6
-8
-8
-7
-4
0
3
5
4
3
0
-1
-3
-4
-4
-4
-1
1
5
7
7
6
5
4
4
3
1
-2
-6
-9
-9
-7
-6
-3
-1
1
0
-1
-1
-1
-1
-1
0
1
1
0
-1
-1
-1
1
3
3
4
3
1
0
0
1
3
4
4
4
5
5
6
5
3
3
4
6
6
5
6
8
7
6
4
2
0
-2
-2
-3
-4
-6
-7
-5
-4
-1
-2
-4
-6
-7
-6
-3
1
4
6
4
2
-1
-2
-1
0
1
-1
-3
-9
-10
-10
-10
-4
0
4
5
4
2
1
1
2
1
-1
-3
-2
-3
0
1
1
1
1
1
2
1
1
0
0
-2
-5
-5
-4
-3
0
1
3
5
7
8
9
9
6
5
5
6
8
7
8
8
8
8
5
5
3
2
1
0
-2
-5
-7
-8
-7
-6
-4
-5
-6
-7
-9
-8
-9
-9
-8
-9
-7
-6
-5
-4
-4
-2
-2
0
1
1
1
2
3
2
3
3
3
4
6
7
9
10
11
9
9
6
5
5
4
4
3
2
-1
-2
-4
-6
-7
-8
-7
-6
-7
-8
-10
-10
-9
-8
-4
-3
-1
1
3
3
2
2
2
1
0
-1
2
6
10
11
11
10
9
11
10
8
6
3
2
2
4
4
1
0
0
-2
-4
-3
-3
-2
-3
-4
-5
-7
-10
-10
-10
-9
-7
-4
-2
2
3
4
3
1
1
-2
-2
-2
-1
1
2
3
4
5
4
5
3
2
1
0
-1
-1
-3
-2
-3
-5
-4
-3
-3
0
2
3
3
3
1
0
0
0
0
1
1
2
-2
-4
-6
-5
-1
0
0
1
0
5
7
7
4
3
2
2
3
4
0
0
0
1
2
2
1
1
1
0
-1
-2
-3
-2
-2
-2
-2
-2
-3
-4
-4
-5
-5
-4
-5
-4
-3
-3
-1
0
1
2
2
2
1
1
0
1
3
4
5
4
4
1
1
1
0
0
0
0
-2
-4
-4
-3
-2
-1
0
1
-1
-1
0
0
0
-2
-3
-2
-1
-1
2
3
6
6
6
6
4
4
3
4
5
5
4
3
1
-2
-2
-3
-3
0
1
3
5
3
1
-2
-6
-10
-11
-10
-7
-3
0
3
2
3
1
3
3
4
4
2
1
2
3
5
5
4
0
-2
-1
0
2
4
3
1
-3
-6
-9
-10
-9
-7
-6
-6
-7
-5
-3
0
2
6
6
6
2
-2
-1
2
4
7
7
6
5
5
5
4
5
4
4
5
3
1
-1
-3
-2
-5
-3
-2
0
1
0
2
0
1
0
1
1
0
-1
-3
-6
-6
-8
-6
-8
-8
-6
-5
-4
-2
0
1
2
2
2
0
1
1
2
4
5
8
9
10
9
7
2
1
-1
-2
-3
-5
-5
-4
-4
-2
-2
-3
-3
-3
0
2
3
1
0
1
5
11
14
14
12
5
1
-3
-4
-4
-3
-1
1
3
4
4
2
2
-2
-5
-7
-10
-12
-12
-13
-12
-10
-7
-5
0
3
6
7
7
5
2
-2
-3
-2
0
4
7
9
8
6
3
0
-3
-4
-4
-5
-3
-3
-3
0
3
6
8
9
9
8
6
4
4
4
4
4
3
3
1
0
-1
-1
0
1
0
-2
-2
-5
-7
-11
-16
-15
-14
-9
-7
-6
-6
-5
-5
-3
-3
-6
-6
-5
-2
3
6
9
11
12
12
11
12
10
10
9
8
7
6
3
2
1
1
1
-1
-2
-3
-3
-4
-4
-5
-5
-5
-5
-5
-5
-3
-2
0
2
3
4
4
6
7
9
10
9
9
7
4
1
-2
-3
-4
-5
-5
-4
-4
-5
-7
-8
-9
-10
-10
-11
-10
-10
-10
-9
-8
-5
0
4
8
8
5
4
6
8
9
10
9
11
11
11
11
9
8
7
6
5
4
2
-1
-3
-6
-8
-11
-12
-13
-12
-10
-8
-6
-5
1
3
1
0
-1
0
0
-1
1
4
5
5
8
14
16
12
7
4
4
5
3
2
1
1
0
0
-1
-3
-5
-6
-7
-8
-10
-10
-8
-7
-6
-4
-4
-5
-3
-2
-1
1
1
4
6
7
7
8
7
5
5
4
0
0
-1
-1
-1
3
4
5
6
5
5
3
2
2
2
2
2
1
0
-2
-3
-6
-6
-7
-9
-9
-11
-10
-10
-8
-7
-4
-4
-4
-4
-4
-4
-5
-4
-2
1
5
8
13
15
18
19
17
13
9
5
4
4
4
5
5
3
1
-1
-1
-2
-3
-4
-6
-6
-7
-6
-6
-5
-5
-4
-4
-2
-2
-3
-3
-3
-2
-1
0
0
0
-1
0
0
0
-1
-2
-2
-2
-2
1
3
7
12
14
13
10
5
4
4
3
1
-1
1
3
3
3
4
4
3
0
-4
-7
-7
-9
-9
-10
-8
-8
-7
-7
-7
-10
-11
-9
-4
1
4
6
6
6
8
11
11
11
12
11
13
12
13
13
14
12
10
6
1
-3
-7
-9
-12
-13
-13
-13
-13
-13
-12
-11
-10
-9
-9
-9
-10
-7
-7
-4
-3
-2
0
3
7
10
15
16
16
15
14
13
13
12
9
6
3
-1
-4
-6
-6
-6
-4
0
2
2
0
-1
-4
-6
-7
-6
-5
-3
-2
0
2
4
7
9
9
8
6
6
4
4
2
0
-3
-4
-6
-6
-7
-9
-9
-8
-4
-2
-2
-3
-5
-6
-4
-1
1
3
4
3
3
1
1
1
5
6
5
1
1
4
4
1
0
2
3
1
0
0
2
1
1
2
4
3
2
0
1
0
-2
-3
-1
0
1
-1
0
1
2
1
0
0
1
-1
-2
-2
-3
-3
-2
-1
-1
-1
0
-1
-1
-4
-6
-7
-8
-8
-6
-4
0
1
1
0
-1
-2
-1
-1
-2
-3
-4
-4
-4
-2
2
7
9
11
12
12
12
13
13
12
9
6
3
0
-1
-1
-1
-1
0
0
-2
-6
-8
-11
-10
-8
-5
-2
0
1
2
3
4
6
8
5
7
6
4
3
5
8
9
6
3
-2
-4
-8
-8
-7
-3
-5
-7
-11
-15
-18
-18
-17
-13
-9
-7
-6
-6
-4
-6
-7
-3
2
4
7
13
17
14
11
12
18
19
16
14
14
12
7
8
14
15
11
6
5
0
-9
-17
-17
-17
-18
-18
-13
-10
-8
-11
-10
-6
-3
1
6
9
12
11
9
6
8
8
10
9
11
9
3
0
-3
-7
-9
-9
-7
-6
-10
-11
-7
-6
-7
-6
-5
-2
-2
-1
-2
-3
-6
-5
-6
-5
-3
-3
-1
0
2
2
1
0
1
4
9
12
12
12
10
11
14
14
15
11
8
4
1
2
3
-1
-5
-7
-4
-4
-5
-5
-2
-1
-2
-5
-4
-2
-1
0
3
3
5
4
4
5
5
4
2
4
5
4
1
-2
-4
-3
-5
-5
-7
-11
-16
-20
-20
-17
-12
-9
-4
-2
-1
0
2
4
4
5
4
2
1
1
4
10
15
18
18
14
8
4
0
0
1
2
3
1
-2
-5
-5
-3
-1
1
3
4
2
1
-1
-4
-6
-7
-5
-2
1
4
4
2
-3
-9
-13
-14
-10
-5
-2
3
4
6
7
8
8
7
6
5
3
0
-3
-4
-1
3
6
8
9
7
3
1
-2
-4
-6
-5
-4
-1
-1
1
-1
-3
-3
-1
1
1
-1
0
1
1
-2
-2
1
4
2
-2
-4
-5
-8
-10
-10
-9
-9
-8
-8
-6
-4
0
4
10
12
15
16
18
16
15
13
9
5
1
-3
-4
-2
1
3
5
7
5
0
-3
-5
-5
-2
-1
-1
-3
-2
-3
-2
1
4
6
6
6
4
2
-1
-3
-7
-10
-11
-12
-13
-14
-13
-13
-12
-10
-9
-5
-3
1
4
8
10
10
9
9
9
10
10
9
4
3
2
2
1
3
5
7
8
9
9
7
2
1
1
-2
-4
-2
1
2
-1
-4
-5
-4
-3
-5
-6
-7
-11
-14
-17
-15
-17
-20
-19
-15
-8
-5
-4
1
9
14
17
18
23
23
23
21
20
22
25
25
23
17
10
3
-3
-8
-13
-17
-19
-22
-18
-14
-9
-9
-11
-12
-12
-12
-12
-7
2
7
7
4
6
9
12
11
11
9
6
4
3
0
-1
0
1
1
3
2
-1
-4
-6
-4
-1
3
5
6
4
2
-1
0
-2
-1
-3
-6
-11
-15
-16
-15
-14
-11
-10
-8
-5
-2
-1
1
1
4
7
7
10
11
13
14
14
15
16
17
18
18
17
16
13
9
5
1
-3
-6
-9
-9
-10
-11
-10
-10
-8
-8
-8
-10
-12
-14
-17
-21
-20
-20
-16
-15
-10
-5
-3
-1
2
4
5
7
8
8
10
12
16
19
22
23
22
19
14
10
7
8
10
12
13
12
8
2
-4
-9
-14
-16
-16
-18
-18
-19
-20
-21
-19
-20
-17
-15
-8
-5
-3
2
4
4
7
10
12
13
12
13
12
11
8
7
4
4
6
8
7
6
6
2
2
2
1
0
-1
-2
-6
-7
-8
-12
-13
-12
-10
-11
-11
-13
-17
-19
-17
-13
-7
-4
0
3
2
2
4
6
6
8
11
13
15
17
18
19
20
22
22
21
17
12
6
0
-6
-12
-15
-19
-20
-19
-17
-15
-12
-12
-11
-9
-7
-4
-3
1
6
10
10
8
10
8
6
4
3
3
1
-1
-3
-6
-7
-6
-6
-5
-4
-4
-3
-2
-1
0
0
3
4
10
11
13
11
4
-1
-5
-5
-3
-1
-2
-5
-7
-8
-8
-8
-8
-6
-3
0
3
7
10
12
10
12
10
12
13
14
13
12
10
8
6
3
-2
-5
-9
-10
-12
-13
-15
-13
-13
-12
-11
-10
-6
-1
1
0
0
1
1
2
4
3
0
-1
-1
1
0
-1
-1
0
-2
-3
-1
0
0
-2
-2
-1
3
6
8
9
10
10
8
8
9
10
9
8
9
8
5
4
3
2
0
-4
-4
-1
-2
-9
-15
-17
-16
-14
-12
-9
-8
-7
-6
-5
-5
-4
-1
-1
1
0
0
-1
2
3
3
4
6
6
4
5
6
6
7
9
9
7
6
4
3
4
3
2
5
4
4
2
-1
0
-1
-4
-5
-3
-1
-1
0
-1
-1
-3
-2
-3
-5
-5
-6
-6
-7
-6
-3
1
3
3
1
2
3
5
5
2
-1
-1
0
0
3
2
3
1
1
1
-2
-3
-2
1
-2
-4
-3
-1
-2
-5
-5
-5
-1
-1
-1
2
4
5
4
3
3
3
1
-3
-2
-2
-1
-1
1
2
5
7
7
7
7
8
7
6
6
6
7
9
9
8
5
2
-1
-2
-3
-4
-6
-8
-11
-11
-11
-8
-6
-4
-1
0
-4
-7
-7
-3
-1
-3
-3
0
1
-2
-3
-4
-3
-3
-6
-4
-3
-1
-2
-2
-1
1
1
2
6
11
15
14
12
9
8
7
8
7
5
1
-1
-1
1
4
2
2
-1
-1
-1
-1
-2
0
-1
-1
0
0
-1
0
2
5
4
2
2
4
1
-1
-3
0
-1
-4
-6
-3
-2
-3
-5
-8
-11
-10
-11
-10
-10
-9
-9
-6
-5
-4
-3
-2
0
0
0
1
-1
1
2
2
5
10
11
14
13
13
13
13
14
13
11
8
4
2
0
1
1
5
5
6
3
-2
-5
-8
-8
-7
-6
-4
-2
-1
-1
-4
-6
-6
-3
2
2
0
-2
-3
-4
-4
-4
-5
-6
-6
-5
-6
-4
-3
-2
-1
0
0
0
1
1
0
0
0
-1
-1
-1
-1
0
2
4
4
4
2
2
0
-1
1
1
1
1
0
1
0
2
2
5
8
9
11
10
9
7
4
1
1
0
1
2
3
4
4
4
0
-3
-7
-9
-10
-7
-5
-4
-3
-2
-2
-2
-1
-1
-1
0
2
1
0
1
1
2
1
1
0
-3
-5
-6
-7
-5
-4
-2
1
3
3
4
1
-1
-2
-2
-3
-4
-4
-3
0
3
5
5
4
3
3
5
5
6
5
5
4
1
-1
-3
-6
-4
-3
0
3
5
6
6
4
1
-2
-4
-5
-3
0
3
6
8
6
6
4
2
-2
-5
-8
-7
-7
-6
-4
-1
1
2
2
0
-2
-5
-8
-7
-8
-6
-5
-1
1
2
3
0
-2
-1
0
2
5
6
8
8
8
3
3
1
3
3
4
4
4
2
1
0
0
1
1
2
3
2
-1
-4
-5
-8
-9
-9
-8
-5
-2
-1
2
5
7
8
6
5
3
0
-3
-7
-7
-6
-2
0
0
-1
1
2
4
4
1
2
3
2
4
5
5
4
1
0
0
-5
-9
-10
-2
1
0
-3
-2
-1
0
-2
-3
-1
0
1
2
1
1
1
0
2
4
2
3
1
1
-1
-1
-1
0
2
4
5
6
5
3
2
0
-2
-2
-3
0
-1
-1
-2
-2
-3
-3
0
3
5
6
6
4
1
-1
-2
-2
-1
0
0
-2
0
1
1
1
2
2
3
3
1
-2
-4
-6
-3
0
2
3
2
1
2
1
1
1
-1
-2
-2
-5
-8
-11
-10
-7
-7
-6
-1
4
6
3
3
4
6
4
4
5
5
6
3
3
3
5
7
9
10
11
9
9
8
7
4
1
-3
-4
-4
-1
0
2
0
-4
-7
-10
-8
-6
-4
-3
-5
-7
-9
-10
-7
-4
1
5
6
5
6
8
6
3
1
2
3
3
4
3
3
1
-2
-3
-6
-6
-6
-5
-4
-4
-2
0
0
-1
0
-1
1
-1
-2
-3
-4
-3
1
2
3
2
0
-2
-4
-1
0
3
7
11
11
9
8
7
7
7
8
9
8
6
4
2
0
-3
-6
-8
-7
-6
-6
-6
-5
-6
-2
-1
-2
-5
-10
-14
-14
-12
-7
-3
1
4
7
6
3
1
-4
-7
-5
-3
2
6
7
8
8
10
10
13
15
17
15
13
11
10
7
6
7
9
5
-2
-5
-5
-10
-18
-18
-13
-8
-8
-10
-8
-9
-11
-11
-8
-5
-4
-3
-1
2
1
0
0
1
3
6
7
8
4
2
1
3
5
7
7
4
2
0
1
0
2
1
2
3
3
4
2
1
0
1
3
4
6
3
0
-1
-2
-2
-1
-1
-1
-2
-3
-4
-6
-7
-6
-5
-3
0
1
-1
-4
-3
-1
-1
0
3
6
5
2
2
5
8
5
2
3
5
6
7
7
4
-2
-4
-6
-6
-7
-3
-2
2
1
4
1
-2
-3
-1
2
2
0
2
3
4
4
4
8
10
8
3
-1
-3
-3
0
0
1
1
6
9
5
-1
-4
-5
-5
-8
-10
-7
-4
-1
-2
-2
-3
-3
-3
-1
-2
-3
-4
-4
-4
-2
1
4
7
9
6
4
1
0
1
0
-1
-2
1
2
-1
-2
-1
1
2
-1
-1
2
3
2
0
1
4
6
6
6
4
1
0
0
1
2
7
8
10
9
7
3
-1
-2
0
3
4
4
2
1
-2
-2
1
0
-2
-6
-5
-2
-2
-3
-4
-2
1
-2
-5
-8
-4
-1
0
0
-1
0
-1
-3
-6
-6
-5
-6
-4
1
4
0
-2
-2
-2
-2
-8
-10
-3
-1
-3
2
-2
4
11
7
6
8
5
5
4
1
4
2
6
4
9
4
11
4
9
2
2
1
2
2
3
1
2
1
-6
-2
-10
-5
-7
-5
-1
-1
1
1
0
0
-2
-3
-3
-4
1
-3
2
1
1
3
-1
3
-1
0
2
-5
1
-6
-1
-1
-1
4
-1
5
0
4
3
5
3
6
3
3
3
-1
1
-3
0
-1
-1
1
-4
-1
-8
-4
-8
-4
0
-2
7
1
4
1
-5
-3
-8
-5
1
-5
11
-3
11
2
4
9
-1
12
0
7
7
0
13
-3
14
1
6
5
-2
7
-7
5
-4
-1
-2
-12
1
-10
1
-3
-3
8
-8
3
-13
-3
-8
-6
-5
-2
1
-4
-2
-2
3
0
2
4
2
3
-5
0
-5
-4
0
-5
7
-8
4
-6
2
0
-9
3
-9
9
-9
6
-7
8
-3
5
-1
-4
5
-5
14
-1
11
5
12
12
9
7
1
7
4
8
0
4
2
4
6
-13
6
-15
10
-14
0
-5
-10
3
-17
3
-15
-3
-7
-4
-2
-9
-4
-4
-2
-1
-1
3
3
0
2
0
3
-3
1
8
7
13
6
16
9
6
1
-2
4
-6
1
-1
-3
2
-13
3
-10
1
-2
0
10
-2
6
0
-3
2
-9
-3
7
-13
13
-16
5
-8
3
2
4
5
1
8
-1
5
-10
5
-11
9
4
5
11
-3
9
0
3
4
-7
2
-9
-1
-1
-6
2
-1
-1
9
4
3
6
-12
5
-15
2
-8
-4
1
-3
7
1
8
-5
8
-7
7
-1
-1
5
-10
2
-10
-4
-5
-11
-3
-12
5
-9
11
-3
4
5
-5
13
-14
13
-20
7
-12
1
10
-7
15
-12
8
-9
0
-2
-11
6
-13
12
-5
13
4
14
17
13
28
2
24
-5
13
6
0
16
-9
13
0
4
10
-7
5
-10
-2
-6
-8
-8
-11
-9
-3
-5
-2
-1
-12
-1
-13
-2
-7
-4
-5
-9
-6
-3
-5
4
-4
3
-1
-3
5
-5
9
0
8
5
2
6
-3
7
0
6
4
1
8
-4
2
-5
-9
1
-8
0
-3
-7
0
-5
-1
3
-5
4
-1
-7
4
-14
4
-7
-2
11
-4
22
4
13
18
1
23
10
15
26
11
28
18
7
20
-6
3
-1
-15
6
-19
1
-14
-23
-20
-37
-25
-25
-29
-17
-29
-24
-12
-26
3
-13
0
9
-4
17
1
5
13
1
24
14
18
19
11
14
13
13
22
18
25
24
17
23
6
15
0
5
-5
1
-7
-1
-6
-4
-3
-12
-7
-20
-20
-23
-33
-20
-34
-16
-22
-13
-10
-12
-5
-14
-5
-12
-3
-6
3
3
4
12
4
17
7
15
19
10
23
2
9
0
-8
-1
-12
-1
-7
-4
-7
-9
-12
-14
-17
-18
-17
-20
-16
-18
-14
-10
-9
-2
0
6
13
15
25
25
35
37
44
51
50
61
57
62
63
60
65
64
63
64
51
48
31
17
7
-9
-13
-21
-32
-36
-48
-54
-59
-67
-64
-69
-66
-68
-66
-64
-60
-53
-48
-37
-31
-24
-19
-19
-20
-19
-26
-17
-23
-17
-17
-23
-22
-34
-40
-50
-60
-59
-61
-52
-49
-46
-49
-54
-61
-60
-56
-51
-33
-29
-15
-13
-14
-10
-21
-8
-5
10
26
27
46
51
64
83
90
112
121
135
157
168
193
208
224
249
260
287
299
306
320
318
332
331
320
315
266
211
129
17
-79
-208
-305
-368
-414
-403
-408
-401
-386
-390
-374
-366
-367
-342
-312
-234
-126
-29
75
131
161
149
80
8
-90
-161
-205
-229
-219
-240
-293
-399
-564
-747
-945
-1103
-1186
-1200
-1120
-992
-857
-736
-682
-643
-630
-608
-530
-426
-254
-55
161
417
616
780
861
858
877
827
836
835
870
936
1040
1184
1398
1616
1799
1969
2010
2099
2110
2212
2359
2542
2795
3014
3235
3437
3545
3669
3677
3659
3505
3086
2403
1351
125
-1099
-2184
-2980
-3533
-3956
-4186
-4453
-4557
-4642
-4620
-4410
-4072
-3425
-2584
-1550
-474
498
1260
1825
2119
2293
2238
2067
1832
1529
1350
1136
947
692
261
-249
-1002
-1881
-2842
-3794
-4522
-5025
-5261
-5293
-5249
-5130
-5027
-4966
-4909
-4856
-4640
-4221
-3563
-2666
-1681
-635
290
1013
1486
1673
1685
1586
1518
1562
1731
1912
2042
2055
1980
1897
1782
1769
1865
2156
2702
3370
4163
4965
5725
6430
7009
7456
7825
8063
8263
8437
8565
8789
8927
9071
8988
8595
7671
5996
3493
315
-3185
-6437
-9081
-10878
-11781
-12067
-11748
-11240
-10528
-9778
-8958
-7910
-6670
-5004
-3041
-811
1522
3643
5474
6813
7552
7624
6953
5633
3973
2245
765
-292
-987
-1410
-1782
-2305
-3126
-4308
-5754
-7292
-8656
-9591
-9980
-9768
-9035
-7982
-6806
-5741
-4966
-4473
-4189
-3965
-3610
-2998
-2077
-896
376
1483
2185
2379
2112
1518
807
118
-411
-652
-589
-218
400
1142
1969
2794
3508
4105
4623
5182
5896
6839
8034
9407
10841
12165
13150
13710
13834
13551
13056
12449
11797
11168
10451
9568
8355
6501
3763
58
-4431
-9132
-13409
-16670
-18480
-18839
-17808
-15884
-13440
-10712
-8057
-5337
-2729
-258
2010
3903
5531
6900
8140
9188
9940
10080
9300
7369
4455
1127
-2114
-4637
-6400
-7375
-7749
-7884
-7805
-7760
-7687
-7633
-7662
-7652
-7670
-7553
-7161
-6377
-5121
-3623
-2136
-933
-308
-293
-819
-1587
-2257
-2701
-2806
-2689
-2458
-2110
-1772
-1457
-1173
-1034
-1006
-1117
-1170
-950
-397
623
1988
3513
4973
6116
6928
7429
7801
8264
8885
9793
10878
11978
12962
13636
14018
14069
13723
13013
11934
10658
9420
8297
7287
6017
3955
746
-3721
-8898
-13969
-18058
-20406
-20798
-19397
-16745
-13425
-9799
-6094
-2415
1060
4028
6199
7419
7784
7654
7388
7286
7340
7211
6492
4720
1899
-1591
-5134
-8026
-9947
-10796
-10767
-10189
-9247
-8110
-6762
-5230
-3742
-2458
-1650
-1299
-1176
-1118
-781
-298
122
245
-352
-1480
-3071
-4784
-6137
-7166
-7638
-7749
-7597
-6981
-6067
-4743
-3179
-1657
-241
683
1211
1483
1677
2203
3012
4125
5288
6205
6939
7482
8132
8986
9972
11088
12096
13035
13888
14604
15213
15432
15172
14291
12731
10785
8777
7271
6457
6029
5287
3250
-551
-5950
-12038
-17498
-21328
-22932
-22342
-20003
-16419
-12169
-7590
-2903
1605
5551
8360
9703
9557
8337
6777
5477
4820
4549
4101
2857
525
-2498
-5652
-8236
-9958
-10887
-11074
-10751
-9804
-8200
-6027
-3356
-679
1674
3295
3898
3688
2859
1885
953
-66
-1214
-2763
-4607
-6600
-8557
-10126
-11306
-11951
-12114
-11799
-10775
-9088
-6715
-3947
-1199
1311
3219
4522
5237
5456
5430
5201
4918
4612
4376
4397
4704
5402
6417
7599
8854
10036
11204
12389
13533
14522
15056
15010
14330
13078
11480
9727
8167
7050
6416
6065
5316
3427
-77
-5123
-10841
-16163
-20015
-21785
-21469
-19307
-15907
-11634
-6772
-1630
3449
7767
10720
11798
10973
8762
5952
3397
1494
297
-572
-1609
-3071
-4997
-6962
-8516
-9400
-9551
-9233
-8567
-7518
-6039
-3930
-1358
1362
3838
5527
6333
6251
5432
4149
2346
148
-2492
-5521
-8542
-11286
-13222
-14199
-14276
-13536
-12354
-10687
-8565
-6028
-3058
-61
2801
5190
6885
7903
8112
7715
6765
5342
3740
2123
951
469
741
1860
3547
5707
8098
10409
12623
14461
15908
16839
16928
16263
14720
12548
10248
8121
6858
6573
6966
7364
6502
3685
-1322
-7863
-14482
-19902
-23181
-24147
-23122
-20404
-16330
-11101
-4942
1559
7574
12086
14311
14089
11853
8470
4856
1668
-844
-2835
-4634
-6382
-7975
-9084
-9420
-9073
-8230
-7309
-6493
-5660
-4658
-3055
-889
1599
4044
5850
6914
7135
6592
5493
3689
1317
-1624
-4985
-8290
-11261
-13390
-14472
-14520
-13572
-11998
-9911
-7424
-4695
-1687
1234
3840
5906
7078
7568
7307
6461
5319
3753
2211
737
-399
-819
-575
673
2622
5061
7799
10409
12859
14839
16210
16943
16783
15821
14101
11783
9489
7533
6453
6277
6392
6203
4452
798
-4577
-10969
-16896
-21338
-23403
-23102
-20917
-17144
-12179
-6316
45
6407
11959
15849
17523
16770
13985
9819
5209
848
-2990
-6090
-8692
-10748
-12079
-12527
-11889
-10487
-8677
-6893
-5301
-3729
-1981
81
2292
4298
5745
6459
6431
5835
4822
3403
1489
-1056
-4177
-7593
-10830
-13360
-14803
-14999
-14029
-12156
-9684
-6851
-3793
-680
2306
4893
6769
7704
7681
6881
5564
4020
2406
843
-540
-1525
-1857
-1379
-28
2044
4575
7313
9971
12293
14102
15209
15564
15258
14344
12959
11215
9231
7338
5913
5130
4811
4387
2900
-203
-4921
-10737
-16314
-20639
-22879
-22621
-20245
-15998
-10414
-4034
2787
9296
14787
18512
19806
18622
15195
10257
4799
-573
-5256
-9106
-12230
-14378
-15564
-15555
-14179
-11889
-8957
-6011
-3467
-1174
789
2706
4538
5956
6964
7297
7101
6418
5149
3367
740
-2590
-6402
-10451
-13878
-16278
-17251
-16505
-14438
-11282
-7401
-3304
843
4600
7571
9454
9925
9174
7391
5086
2726
454
-1408
-2853
-3721
-3767
-2877
-998
1735
5011
8406
11593
14269
16244
17446
17854
17380
16159
14300
11898
9440
7327
5944
5365
5039
3959
1314
-3248
-9437
-15819
-21159
-24496
-25252
-23784
-20154
-14633
-7833
-98
7647
14366
19281
21488
20889
17900
13161
7701
2086
-3118
-7695
-11607
-14403
-16029
-16190
-14800
-12388
-9266
-5975
-3054
-574
1516
3331
4983
6276
6990
7034
6346
5036
3306
1358
-727
-3016
-5531
-8140
-10565
-12415
-13288
-12942
-11423
-9043
-6144
-2988
172
3056
5423
7067
7868
7714
6607
4706
2335
-111
-2189
-3536
-4019
-3538
-2332
-443
1979
4729
7749
10590
13016
14604
15213
14910
13738
12116
10059
7815
5785
4122
3138
2823
2562
1685
-227
-3505
-7704
-11932
-15695
-18146
-18900
-18022
-15256
-10953
-5364
1187
7846
13915
18377
20499
20081
17268
12809
7322
1473
-4240
-9519
-13817
-16795
-18099
-17573
-15448
-12156
-8305
-4482
-1127
1617
3732
5329
6455
7055
7043
6382
5168
3638
1959
180
-1638
-3892
-6361
-8935
-11326
-12679
-13002
-11973
-9823
-7012
-3743
-453
2750
5474
7542
8673
8593
7429
5251
2426
-517
-3116
-4925
-5621
-5261
-3916
-1858
654
3613
6715
9930
12806
14881
16024
15720
14447
12311
9534
6979
4463
2757
2035
1821
2230
2015
767
-1648
-5477
-9563
-13459
-16484
-17906
-17966
-16292
-12972
-8236
-2030
4856
11646
17391
20907
21800
19997
15881
10444
4295
-1913
-7665
-12836
-16851
-19260
-19781
-18129
-14745
-10349
-5659
-1471
1886
4372
6028
6997
7244
6843
5865
4449
2952
1373
-340
-2199
-4504
-7092
-9597
-11757
-12968
-12961
-11781
-9411
-6215
-2561
1288
4857
7783
9725
10413
9789
7915
5108
1757
-1717
-4679
-6713
-7560
-6941
-5099
-2269
1321
5189
9052
12566
15334
17092
17720
17139
15484
12962
9868
6585
3664
1657
527
461
650
164
-1061
-3831
-7483
-11180
-14736
-17017
-17937
-17485
-15203
-11435
-6174
341
7167
13693
18807
21749
22245
20031
15775
9872
3023
-3907
-10596
-16192
-20138
-22009
-21424
-18593
-14207
-9117
-4107
33
3293
5708
7204
8095
8007
6950
5050
2503
26
-2276
-4017
-5469
-7108
-8625
-10278
-11482
-11584
-10808
-8845
-6021
-2972
403
3561
6277
8511
9726
9996
9063
7063
4281
934
-2219
-4962
-6741
-7242
-6568
-4524
-1388
2480
6808
11007
14524
17081
18351
18260
17009
14718
11694
8336
5205
2710
1077
405
-221
-1310
-3219
-6460
-9961
-13295
-16075
-17461
-17901
-17007
-14454
-10432
-4683
2129
9178
15550
20238
22637
22383
19722
15028
8975
2278
-4574
-10982
-16414
-20306
-22189
-21691
-18998
-14650
-9309
-4041
613
4399
6977
8604
9291
8832
7613
5617
3053
512
-2085
-4502
-6685
-8899
-10790
-12204
-12965
-12498
-11047
-8735
-5554
-2273
1271
4727
7661
10054
11275
11373
10167
7928
4997
1615
-1509
-4201
-5973
-6562
-5958
-4080
-1063
2659
6719
10669
13912
16410
17839
18020
17033
14817
11600
8111
4889
2220
713
-425
-1722
-3323
-6217
-9687
-13111
-16361
-18264
-18834
-18269
-15969
-12336
-7284
-737
6331
13277
18928
22450
23370
21603
17871
12435
6205
-249
-6830
-12804
-17721
-21085
-22153
-20817
-17550
-12898
-7813
-3012
1154
4506
6912
8317
8753
8017
6412
4142
1560
-1033
-3431
-5568
-7676
-9329
-10828
-11741
-11584
-10723
-8725
-6091
-3249
-134
2888
5654
8097
9836
10557
10255
8813
6483
3747
1090
-1285
-2920
-3696
-3809
-2678
-767
1898
5408
8754
11919
14554
16085
16733
16371
14913
12675
9845
6891
4208
2184
610
-1249
-3407
-6559
-10383
-13911
-17084
-18898
-19277
-18556
-16330
-12806
-7922
-1642
5317
12128
17824
21511
22834
21733
18645
14029
8138
1609
-5229
-11928
-17443
-21278
-22853
-21820
-18742
-14332
-9317
-4411
-54
3779
6716
8633
9441
8844
7187
4617
1786
-1046
-3703
-5932
-8227
-10024
-11339
-12145
-11732
-10609
-8672
-5996
-3134
73
3213
6104
8438
9711
10035
9112
7273
4949
2210
-304
-2501
-4041
-4525
-4095
-2438
144
3437
7333
11037
14253
16520
17606
17597
16475
14511
11678
8479
5338
2498
589
-895
-2356
-4051
-6769
-9940
-13034
-15788
-17272
-17668
-17131
-15274
-12383
-8098
-2299
4197
10931
16616
20262
21685
20472
17369
12845
7295
1455
-4650
-10456
-15495
-19267
-21043
-20616
-18018
-13784
-8774
-3739
761
4421
7167
8885
9461
8834
7050
4412
1211
-2079
-5098
-7770
-9821
-11282
-12155
-12068
-11129
-9350
-6742
-3974
-1201
1441
3568
5457
6936
7699
7827
7024
5353
3259
919
-1084
-2444
-3127
-2845
-1955
-231
2170
4917
8301
11417
14216
16511
17470
17641
16777
14801
12418
9601
6699
4229
2178
167
-2034
-4774
-8503
-12280
-15659
-18403
-19444
-19383
-18173
-15266
-11381
-6023
569
7311
13871
18991
21861
22271
20147
16124
10725
4702
-1625
-7933
-13582
-18263
-21196
-21889
-20384
-16941
-12222
-7132
-2301
1954
5178
7397
8593
8558
7567
5752
3208
359
-2611
-5574
-8237
-10489
-12178
-13083
-13041
-11973
-9926
-7009
-3615
-187
3070
5677
7540
8719
8871
8138
6612
4266
1632
-870
-3020
-4313
-4661
-4003
-2230
358
3761
7384
10937
14194
16461
18023
18563
18039
16811
14713
12061
9180
6493
4164
2551
1458
-34
-1804
-4612
-8491
-12158
-15720
-18273
-19153
-19041
-17372
-14187
-9766
-3770
3041
9856
15810
19748
21370
20503
17436
12861
7039
629
-5966
-12353
-17602
-21274
-22689
-21522
-18328
-13442
-7902
-2669
1993
5516
7954
9408
9598
8670
6573
3569
228
-3242
-6160
-8520
-10462
-11580
-12393
-12513
-11609
-10047
-7355
-4085
-711
2660
5347
7504
8904
9452
9205
7805
5656
2813
-292
-2930
-4991
-5939
-5693
-4453
-2226
689
4190
8073
11941
15540
18057
19363
19504
18101
16044
13203
9616
6345
3206
835
-19
-205
-205
-271
-1972
-5039
-8519
-12873
-16402
-18551
-19788
-18974
-16333
-12168
-6181
917
8253
14952
19929
22383
21920
18950
13909
7511
794
-6062
-12441
-17877
-21763
-23140
-21891
-18099
-12758
-7005
-1585
2858
6252
8565
9796
9850
8508
5992
2693
-1007
-4237
-6729
-8649
-9728
-10538
-11360
-11584
-11245
-10060
-7622
-4573
-1338
1809
4381
6418
8014
9032
9277
8458
6574
3843
729
-2117
-4369
-5713
-6004
-5186
-3242
-512
2929
6788
10553
14194
17115
18589
18906
17828
15507
12939
9809
6516
3544
713
-1097
-1723
-1198
49
927
836
-992
-4276
-8223
-12313
-15362
-17004
-17362
-15905
-12970
-8524
-2414
4305
10935
16339
19507
20100
18049
13910
8201
1788
-4790
-11142
-16551
-20473
-22207
-21417
-18305
-13506
-8081
-2931
1484
4838
7180
8576
8660
7525
5334
2231
-1021
-3862
-6197
-7815
-8964
-10050
-10786
-11022
-10644
-9289
-7157
-4610
-1730
1089
3581
5828
7539
8530
8767
8008
6283
3924
1168
-1702
-4041
-5742
-6465
-5889
-4390
-1803
1479
5191
9184
12894
16266
18631
19672
19401
17342
14201
10589
6621
3354
772
-1361
-2283
-2289
-1311
833
2837
3930
3420
721
-3451
-8194
-12430
-15454
-16824
-16565
-14962
-11651
-7060
-1380
5076
10899
15291
17495
16904
14086
9722
4390
-918
-5968
-10633
-14435
-17105
-18125
-17082
-14169
-10082
-5538
-1550
1542
3753
5090
6011
6161
5549
3986
1333
-1634
-4563
-6689
-7977
-8701
-8913
-9257
-9205
-8651
-7536
-5267
-2538
435
3297
5443
6866
7460
7315
6411
4941
2966
579
-1833
-4077
-5688
-6392
-5974
-4451
-2016
1308
5045
9040
12883
16029
18339
19308
18945
17261
14387
10891
7039
3600
725
-1556
-2904
-3773
-3497
-1960
274
3089
4885
4775
2666
-1465
-6243
-10457
-13551
-14979
-14988
-13834
-11309
-7628
-2740
2753
7970
12169
14275
14347
12442
9067
5123
685
-3642
-7848
-11778
-14624
-16285
-16064
-13938
-10713
-6860
-3265
-384
1881
3701
5034
5878
5978
4879
2710
-126
-3101
-5630
-7373
-8694
-9535
-9998
-10062
-9183
-7548
-4914
-1801
1238
3923
5644
6680
6992
6669
5884
4440
2431
6
-2490
-4608
-5797
-5867
-4834
-2801
-250
2677
5841
9086
12272
15002
16849
17417
16723
14702
11879
8726
5482
2871
754
-590
-1279
-1630
-1354
-563
1098
3386
5768
7551
7726
5938
2235
-2793
-7970
-12404
-15531
-16842
-16766
-15260
-12420
-8603
-3704
1363
6086
9704
11534
11661
10076
7479
4287
907
-2436
-5773
-8657
-11032
-12274
-12014
-10617
-8164
-5523
-3094
-876
844
2393
3532
3959
3608
2009
-406
-3093
-5786
-7605
-8662
-9081
-8661
-8067
-6984
-5365
-3458
-1093
1157
3008
4248
4848
4891
4402
3587
2388
874
-671
-2088
-3106
-3365
-2963
-1953
-453
1329
3303
5284
7322
9162
10655
11644
11918
11444
10473
9232
7599
6232
4872
3594
2936
2283
2070
2124
2193
2792
3682
4956
6350
6990
6509
4477
917
-3277
-7590
-11309
-13899
-15637
-16241
-15665
-13987
-10833
-6593
-1806
3059
7109
9893
11259
11123
9821
7638
4786
1441
-2254
-5882
-9017
-11065
-11670
-11026
-9291
-7001
-4608
-2083
152
1994
3352
3544
2711
978
-1660
-4189
-6299
-7962
-8591
-8600
-8138
-6878
-5224
-3188
-826
1329
3093
4310
4787
4678
4056
3134
2116
1066
251
-499
-1062
-1454
-1779
-1732
-1501
-817
138
1243
2575
3835
5307
6785
8203
9456
10164
10396
10071
9289
8325
7167
5982
4869
3786
2997
2359
2119
2117
2506
3428
4349
5838
6492
6272
5102
1684
-2040
-6470
-10903
-13761
-16189
-17156
-16816
-15639
-12774
-8885
-4017
1280
5945
9685
11631
11997
11027
8824
6253
3108
-291
-3499
-6696
-8942
-10057
-10136
-8798
-6950
-4883
-2776
-1233
35
891
1148
818
-244
-1979
-3969
-5728
-6865
-7083
-6476
-5357
-4075
-2663
-1405
-125
1236
2227
3047
3274
2964
2367
1541
823
127
-382
-922
-1437
-1832
-2188
-2275
-2101
-1732
-1047
-130
974
2513
4088
5855
7571
8784
9750
10056
9920
9453
8766
7943
6944
6045
4930
4098
3544
3129
3244
3451
4103
5114
6243
7539
7938
7379
5435
1853
-2242
-6827
-11031
-14094
-16419
-17417
-17189
-15985
-13320
-9522
-4892
176
4852
8568
10749
11552
10968
9294
7162
4307
1170
-2146
-5478
-8140
-9786
-10004
-8950
-6922
-4526
-2324
-527
698
1318
1394
861
-382
-2012
-3878
-5545
-6620
-6977
-6676
-5875
-4661
-3538
-2173
-852
144
1125
1554
1601
1378
877
428
62
-225
-471
-738
-948
-1080
-1161
-1011
-820
-448
96
618
1453
2329
3398
4630
5771
7061
8060
8837
9337
9266
9052
8494
7664
6924
6037
5283
4646
4069
3677
3437
3702
4216
5211
6434
6896
6770
5183
2291
-866
-4661
-7985
-10832
-13504
-15185
-16282
-16112
-14588
-11762
-7713
-3373
1049
4508
6902
8173
8232
7634
6340
4694
2631
343
-1890
-3775
-4873
-5120
-4555
-3428
-2096
-921
-60
258
189
-383
-1398
-2659
-4260
-5702
-7038
-7934
-8224
-8072
-7305
-6278
-4941
-3411
-1886
-442
646
1326
1560
1424
1062
653
324
62
-147
-378
-602
-824
-1014
-1100
-1057
-783
-280
438
1269
2200
3169
4144
5311
6489
7758
8792
9512
9877
9819
9808
9401
9035
8510
7638
6882
5976
5271
4758
4685
4843
5292
5868
5791
5307
3829
1456
-1353
-4721
-8137
-11264
-14011
-16041
-17026
-16930
-15572
-13013
-9619
-5705
-1731
1821
4650
6729
7979
8436
8275
7444
5991
4052
1759
-410
-2001
-2928
-3124
-2756
-2171
-1529
-1001
-704
-638
-923
-1669
-2891
-4520
-6358
-8116
-9504
-10309
-10445
-9945
-8921
-7500
-5800
-3953
-2111
-444
893
1793
2245
2332
2179
1889
1522
1099
591
25
-511
-848
-864
-577
-129
327
699
1046
1462
2095
3053
4313
5757
7148
8318
9206
9796
10117
10303
10296
10083
9682
8950
8075
7112
6166
5446
4832
4606
4617
4707
4902
4336
3289
1515
-1064
-3618
-6620
-9247
-11542
-13473
-14488
-15013
-14405
-12977
-10634
-7499
-4146
-733
2152
4456
6009
6913
7188
6958
6156
4883
3314
1581
245
-798
-1222
-1276
-1173
-918
-910
-946
-1279
-1907
-2877
-4302
-6013
-7902
-9698
-11091
-11891
-12017
-11388
-10222
-8470
-6420
-4197
-1840
243
2140
3380
4009
4072
3570
2940
2104
1364
736
240
-70
-301
-348
-168
200
760
1421
2010
2677
3274
3972
4728
5428
6257
6831
7458
7982
8293
8716
8846
8796
8577
8163
7618
7015
6479
5872
5555
5585
5691
6145
6417
6064
5239
3360
929
-1788
-4903
-7722
-10658
-13287
-15269
-16723
-16803
-15761
-13584
-10377
-6969
-3397
-128
2622
5026
6743
7892
8290
7706
6477
4613
2677
1014
-353
-1107
-1593
-1751
-1665
-1651
-1482
-1531
-1788
-2279
-3337
-4643
-6295
-8005
-9439
-10642
-11282
-11447
-11081
-10112
-8681
-6807
-4695
-2547
-540
1138
2356
3098
3420
3445
3351
3175
2958
2724
2471
2290
2183
2172
2274
2462
2645
2867
3096
3248
3482
3632
3938
4387
4836
5513
6053
6666
7290
7716
8240
8616
8870
9100
9108
8988
8836
8582
8531
8442
8397
8172
7118
5702
3257
233
-2749
-6147
-9059
-11767
-14248
-15982
-17198
-17329
-16445
-14515
-11625
-8376
-4874
-1678
1119
3486
5262
6497
6956
6648
5611
4149
2547
1235
322
-126
-124
-52
245
422
589
708
492
40
-1057
-2671
-4762
-7154
-9437
-11415
-12835
-13573
-13617
-12950
-11592
-9712
-7272
-4620
-1878
676
2716
4331
5233
5750
5869
5702
5501
5036
4613
4058
3467
3050
2579
2322
2057
1820
1737
1610
1739
1943
2318
3015
3703
4606
5508
6247
7084
7667
8113
8587
8725
8887
8925
8664
8415
7921
7534
7242
7016
6772
5994
4881
2975
630
-1819
-4679
-7169
-9628
-11965
-13617
-15032
-15529
-15115
-14011
-11936
-9587
-6968
-4338
-2025
208
1959
3362
4355
4685
4668
4179
3463
2857
2372
2203
2283
2399
2478
2414
2142
1692
978
-17
-1376
-3118
-5193
-7469
-9646
-11538
-12868
-13597
-13573
-12886
-11609
-9706
-7556
-5024
-2489
-141
2049
3638
4897
5657
5979
6104
5803
5400
4779
4115
3614
3141
2991
2904
2949
3090
3187
3437
3637
3952
4318
4693
5123
5453
5669
5802
5893
6030
6247
6462
6821
6991
7058
7044
6969
7212
7437
7811
7897
7359
6245
4314
2035
-527
-3147
-5646
-8146
-10486
-12659
-14402
-15419
-15540
-14745
-13225
-11221
-8963
-6582
-4249
-1966
119
1895
3318
4115
4488
4356
3982
3680
3360
3382
3365
3377
3369
3153
2985
2529
1900
945
-463
-2228
-4353
-6588
-8730
-10681
-12303
-13470
-14190
-14154
-13499
-12053
-9936
-7483
-4684
-2159
195
2109
3526
4666
5248
5564
5459
5057
4567
4017
3661
3514
3622
3933
4359
4784
5194
5515
5760
5911
6007
6050
5997
5941
5697
5449
5202
4983
4898
4991
5236
5507
5942
6114
6408
6880
7078
7553
7540
6954
6089
4372
2425
168
-2405
-4814
-7327
-9583
-11568
-13140
-13839
-13901
-13103
-11666
-10038
-8037
-5989
-3978
-1817
18
1559
2703
3185
3334
3069
2668
2308
2003
1942
1965
2184
2492
2815
3137
3221
2982
2286
1066
-652
-2758
-5096
-7462
-9616
-11443
-12804
-13622
-13830
-13321
-12108
-10245
-7913
-5372
-2868
-526
1483
3119
4387
5110
5501
5448
5083
4660
4061
3741
3603
3677
4115
4520
5086
5650
6076
6576
6881
7050
7134
6867
6570
6082
5508
5229
4856
4817
4930
5012
5299
5444
5748
6058
6449
6779
6522
6028
4714
2845
899
-1556
-3676
-5709
-7835
-9482
-11086
-12180
-12557
-12354
-11308
-9869
-8137
-6328
-4677
-2885
-1288
182
1482
2086
2353
2164
1670
1373
1066
1055
1182
1350
1752
2112
2685
3300
3613
3738
3153
1884
211
-2073
-4440
-6713
-9033
-10919
-12501
-13684
-14035
-13764
-12667
-10854
-8681
-6164
-3722
-1323
862
2693
4245
5189
5677
5695
5308
4796
4239
3747
3462
3410
3548
3975
4596
5331
6172
7009
7687
8245
8553
8538
8374
7836
7247
6565
5880
5425
4908
4747
4551
4514
4843
5020
5593
5842
5609
5166
3786
2262
424
-1769
-3684
-5976
-8073
-9898
-11500
-12166
-12289
-11636
-10313
-8855
-6997
-5149
-3322
-1410
140
1499
2367
2646
2579
2083
1604
1183
863
816
837
1051
1418
1887
2434
2864
3034
2790
2108
868
-797
-2819
-5161
-7460
-9802
-11762
-13186
-14060
-14006
-13378
-12043
-10196
-8045
-5557
-3083
-672
1437
3141
4342
5024
5140
4866
4333
3552
2967
2447
2305
2573
2960
3790
4653
5646
6819
7811
8900
9642
9982
9972
9395
8679
7821
7019
6381
5764
5248
4824
4546
4564
4820
5157
5416
5147
4417
3086
1319
-598
-2811
-4899
-7073
-9108
-10820
-12198
-12749
-12623
-11698
-10171
-8334
-6263
-4207
-2195
-356
1188
2280
2839
2867
2499
1972
1402
971
751
710
872
1188
1643
2225
2826
3309
3538
3292
2615
1433
-343
-2290
-4657
-7127
-9231
-11322
-12754
-13564
-13922
-13342
-12211
-10447
-8174
-5725
-3143
-839
1250
2915
4043
4839
5059
4955
4574
3929
3276
2739
2508
2605
3013
3685
4526
5479
6541
7628
8642
9458
9889
9920
9593
9045
8449
7845
7273
6683
6101
5639
5280
5143
5178
5050
4754
4017
2697
1161
-715
-2760
-4675
-6765
-8799
-10502
-11994
-12712
-12601
-11944
-10520
-8851
-7057
-5047
-3175
-1283
428
1782
2730
3057
2931
2383
1728
1267
880
801
917
991
1359
1811
2272
2931
3309
3280
2803
1658
-16
-2010
-4154
-6361
-8410
-10280
-11938
-13039
-13623
-13506
-12602
-11143
-9138
-6907
-4551
-2258
-226
1622
3064
4124
4765
4956
4807
4395
3951
3602
3435
3501
3756
4175
4766
5518
6428
7452
8411
9186
9625
9670
9496
9127
8812
8532
8134
7752
7181
6614
6209
5890
5814
5591
5061
4141
2585
826
-1045
-3099
-4904
-6690
-8538
-10039
-11343
-12138
-12110
-11508
-10265
-8569
-6771
-4917
-3142
-1456
42
1218
2088
2462
2444
2210
1783
1496
1396
1402
1639
1886
2191
2578
2868
3199
3305
3085
2479
1288
-264
-2121
-4126
-6121
-8081
-9843
-11320
-12385
-12928
-12882
-12238
-11033
-9398
-7489
-5446
-3389
-1381
476
2089
3392
4315
4865
5087
5056
4871
4615
4361
4200
4183
4332
4624
5074
5720
6493
7287
7957
8393
8600
8567
8412
8209
7937
7672
7273
6749
6303
5836
5520
5420
5125
4663
3813
2291
609
-1294
-3370
-5140
-6932
-8647
-10019
-11215
-11847
-11711
-11016
-9653
-7983
-6277
-4562
-3148
-1669
-442
587
1532
1761
1885
1707
1339
1335
1451
1743
2248
2713
2998
3409
3581
3700
3800
3429
2646
1326
-364
-2473
-4443
-6311
-8174
-9533
-10892
-11956
-12470
-12590
-12014
-10710
-9010
-7086
-4965
-3065
-1327
456
2012
3327
4426
5006
5100
5007
4677
4352
4344
4422
4571
4882
5159
5506
6190
7003
7818
8696
9133
9153
9075
8684
8341
8111
7673
7114
6467
5732
5110
4842
4662
4318
3806
2660
996
-780
-2835
-4794
-6490
-8265
-9730
-10832
-11630
-11587
-10949
-9820
-8141
-6472
-4777
-3187
-1883
-689
196
817
1147
1127
953
716
608
762
1146
1699
2331
2906
3372
3694
3841
3765
3341
2488
1177
-545
-2509
-4543
-6492
-8195
-9563
-10591
-11292
-11642
-11584
-11071
-10062
-8615
-6903
-5114
-3370
-1745
-275
1035
2204
3202
3968
4443
4589
4504
4332
4238
4299
4526
4845
5197
5559
5945
6512
7163
7873
8479
8750
8776
8516
8172
7870
7592
7286
6798
6296
5678
5057
4692
4204
3558
2718
1225
-531
-2393
-4458
-6119
-7540
-8797
-9660
-10275
-10436
-10011
-9013
-7619
-6034
-4426
-3105
-2046
-1143
-427
205
727
986
1047
993
929
1170
1733
2473
3293
3931
4205
4189
3923
3413
2769
1916
658
-869
-2520
-4280
-5843
-7101
-8234
-9113
-9775
-10374
-10642
-10505
-10042
-9058
-7695
-6230
-4604
-2955
-1400
266
1952
3419
4616
5333
5510
5378
5081
4782
4613
4559
4595
4673
4854
5222
5746
6484
7265
7834
8193
8217
7952
7661
7331
7031
6739
6289
5795
5266
4778
4513
4220
3737
2935
1554
-235
-2249
-4332
-6132
-7598
-8757
-9543
-10041
-10149
-9716
-8780
-7426
-5876
-4417
-3223
-2380
-1817
-1380
-975
-535
-98
270
580
907
1359
2052
2966
3916
4643
4922
4698
4050
3166
2244
1253
136
-1123
-2662
-4317
-5800
-7082
-7989
-8531
-9010
-9440
-9761
-9991
-9804
-9036
-7854
-6274
-4538
-2864
-1232
409
1995
3507
4835
5640
6004
5911
5510
5192
4971
4960
5113
5345
5591
5985
6522
7133
7879
8396
8587
8457
7983
7382
6885
6463
6117
5851
5513
5193
4891
4667
4336
3751
2877
1376
-438
-2451
-4588
-6403
-7910
-9082
-9752
-10002
-9875
-9215
-8230
-7068
-5745
-4589
-3666
-2927
-2444
-2082
-1675
-1240
-733
-88
577
1289
2101
2916
3739
4453
4912
4993
4669
3981
2974
1904
795
-311
-1358
-2536
-3797
-5086
-6328
-7387
-8200
-8833
-9387
-9835
-10130
-10090
-9518
-8389
-6801
-4964
-3119
-1435
81
1459
2717
3831
4625
5047
5068
4877
4742
4804
5203
5767
6375
6894
7264
7583
7840
8070
8169
8045
7652
7072
6425
5884
5551
5350
5231
5022
4799
4528
4246
3894
3182
2125
563
-1285
-3142
-4906
-6364
-7503
-8291
-8726
-8792
-8488
-7800
-6835
-5857
-4996
-4405
-4059
-3762
-3426
-2933
-2226
-1497
-743
100
931
1859
2825
3626
4265
4541
4387
4042
3533
2983
2466
1820
1126
381
-492
-1356
-2263
-3276
-4345
-5575
-6884
-8044
-8989
-9605
-9800
-9646
-9095
-8133
-6877
-5356
-3694
-2095
-618
642
1674
2540
3213
3727
4129
4407
4687
5045
5477
6010
6530
6939
7270
7494
7639
7745
7707
7490
7126
6634
6178
5883
5712
5649
5568
5365
5093
4755
4374
4002
3428
2481
1164
-517
-2277
-3869
-5202
-6183
-6872
-7305
-7553
-7562
-7295
-6845
-6218
-5678
-5372
-5212
-5165
-4970
-4521
-3856
-2996
-2119
-1245
-414
361
1189
1962
2659
3138
3251
3116
2776
2457
2267
2132
2039
1781
1302
611
-332
-1369
-2461
-3642
-4782
-5946
-7016
-7805
-8329
-8456
-8261
-7776
-7074
-6215
-5167
-4090
-2908
-1731
-628
437
1312
2080
2761
3371
3996
4592
5159
5709
6150
6544
6841
7061
7329
7529
7747
7888
7841
7668
7347
7026
6749
6583
6437
6174
5843
5300
4706
4178
3652
3109
2274
1045
-553
-2348
-3945
-5223
-6084
-6560
-6924
-7201
-7319
-7274
-6972
-6441
-5899
-5463
-5218
-5104
-4953
-4541
-3815
-2901
-1858
-962
-245
381
976
1661
2291
2745
2912
2795
2559
2374
2412
2621
2792
2736
2330
1544
515
-555
-1565
-2519
-3479
-4477
-5495
-6379
-6971
-7236
-7156
-6835
-6428
-5977
-5514
-4987
-4283
-3443
-2532
-1592
-724
72
815
1504
2160
2808
3419
3982
4488
4933
5326
5704
6098
6453
6830
7172
7384
7512
7487
7325
7120
6980
6861
6752
6600
6193
5691
5163
4666
4313
3999
3458
2549
1252
-428
-2044
-3337
-4257
-4766
-5188
-5736
-6322
-6816
-7101
-7059
-6900
-6871
-6999
-7285
-7484
-7310
-6643
-5660
-4556
-3546
-2799
-2172
-1561
-859
-8
864
1593
2111
2503
2944
3577
4348
5034
5363
5171
4495
3525
2530
1677
949
230
-597
-1586
-2594
-3486
-4184
-4661
-5098
-5594
-6110
-6562
-6776
-6630
-6224
-5663
-5041
-4490
-3882
-3178
-2403
-1540
-749
-44
665
1483
2473
3598
4714
5702
6487
7049
7509
7884
8228
8521
8625
8605
8576
8629
8809
9031
9091
8886
8484
7909
7326
6812
6167
5223
3862
2077
183
-1428
-2641
-3487
-4173
-5046
-6042
-7063
-7989
-8588
-8955
-9262
-9642
-10053
-10330
-10203
-9521
-8516
-7440
-6569
-6019
-5546
-4883
-3876
-2583
-1269
-111
774
1473
2309
3307
4409
5394
5880
5899
5624
5214
4893
4711
4483
4103
3507
2649
1711
761
-287
-1402
-2594
-3844
-4942
-5769
-6315
-6587
-6718
-6838
-6952
-6912
-6674
-6218
-5556
-4926
-4267
-3497
-2622
-1515
-230
1068
2292
3362
4231
5043
5894
6714
7486
8111
8511
8813
9167
9595
10057
10397
10388
10046
9560
9092
8799
8687
8424
7694
6382
4587
2717
1168
-18
-959
-1879
-3030
-4362
-5637
-6725
-7511
-8019
-8531
-9178
-9835
-10348
-10515
-10213
-9617
-8977
-8480
-8167
-7835
-7215
-6226
-4928
-3568
-2426
-1545
-743
182
1323
2608
3804
4619
4971
5025
5044
5240
5574
5821
5802
5376
4582
3722
2924
2136
1306
301
-932
-2185
-3258
-4033
-4476
-4785
-5184
-5653
-6086
-6353
-6271
-5882
-5364
-4809
-4318
-3875
-3278
-2471
-1495
-401
661
1598
2445
3254
4111
4999
5829
6554
7179
7760
8367
9004
9585
9987
10183
10220
10146
10055
9910
9579
8973
7953
6531
4970
3466
2170
1128
141
-947
-2163
-3508
-4815
-5928
-6882
-7720
-8486
-9227
-9795
-10047
-10017
-9763
-9447
-9252
-9141
-8992
-8676
-8006
-7033
-5965
-4935
-4047
-3238
-2293
-1149
135
1419
2442
3114
3539
3843
4242
4803
5341
5701
5751
5417
4848
4202
3519
2812
2039
1130
172
-686
-1403
-1989
-2508
-3127
-3847
-4494
-4944
-5070
-4849
-4474
-4098
-3782
-3537
-3240
-2746
-2034
-1161
-239
591
1316
2058
2856
3702
4576
5386
6125
6876
7594
8251
8846
9293
9595
9789
9851
9784
9552
9065
8292
7268
6098
4913
3801
2806
1849
825
-294
-1514
-2751
-3911
-4997
-6017
-6932
-7724
-8306
-8605
-8689
-8651
-8606
-8684
-8813
-8815
-8587
-8045
-7244
-6394
-5593
-4869
-4197
-3408
-2431
-1376
-348
518
1151
1695
2264
2874
3545
4163
4557
4731
4699
4491
4226
3853
3284
2549
1675
780
58
-494
-981
-1506
-2188
-2997
-3774
-4380
-4700
-4714
-4563
-4368
-4192
-4029
-3782
-3348
-2735
-2042
-1387
-815
-279
336
1102
2025
3029
4000
4854
5598
6306
7027
7726
8330
8794
9120
9374
9613
9805
9852
9623
9010
8070
6958
5848
4848
3960
3069
2097
996
-204
-1408
-2561
-3646
-4686
-5733
-6765
-7679
-8341
-8662
-8703
-8627
-8581
-8625
-8688
-8651
-8449
-8022
-7407
-6717
-6032
-5372
-4652
-3765
-2746
-1706
-750
20
632
1230
1927
2771
3658
4366
4796
4953
4919
4815
4660
4388
3969
3355
2579
1766
1029
437
-42
-554
-1191
-1952
-2747
-3420
-3870
-4135
-4267
-4307
-4283
-4183
-4037
-3877
-3662
-3389
-3057
-2596
-1961
-1169
-259
667
1525
2339
3144
3974
4855
5701
6432
7038
7522
7954
8387
8770
9094
9315
9347
9232
8977
8509
7874
7026
5949
4845
3789
2782
1918
1026
-40
-1202
-2450
-3691
-4740
-5638
-6456
-7169
-7838
-8393
-8668
-8710
-8611
-8436
-8341
-8323
-8223
-7959
-7442
-6663
-5810
-4982
-4169
-3349
-2435
-1376
-291
675
1427
1967
2441
3012
3685
4342
4812
4981
4870
4552
4173
3836
3491
3062
2480
1718
922
218
-405
-962
-1550
-2265
-3020
-3715
-4291
-4681
-4960
-5210
-5376
-5431
-5358
-5063
-4591
-4041
-3450
-2868
-2275
-1556
-696
232
1190
2132
2984
3796
4640
5458
6235
6937
7436
7809
8157
8415
8677
8919
9002
9004
8900
8640
8371
7987
7336
6476
5399
4189
3053
1978
945
-5
-983
-2022
-3025
-4009
-4950
-5793
-6612
-7397
-8023
-8437
-8565
-8408
-8162
-7932
-7735
-7590
-7378
-6983
-6400
-5623
-4725
-3801
-2864
-1925
-1005
-119
674
1334
1873
2328
2778
3263
3740
4132
4347
4364
4256
4083
3900
3684
3324
2775
2076
1316
622
28
-543
-1193
-1970
-2880
-3788
-4531
-5052
-5375
-5588
-5799
-5953
-5942
-5723
-5287
-4705
-4101
-3529
-2985
-2429
-1728
-839
148
1117
1954
2611
3200
3818
4478
5162
5787
6289
6685
7026
7370
7748
8112
8363
8397
8204
7907
7663
7516
7402
7157
6642
5836
4794
3652
2609
1709
848
-49
-1026
-2073
-3088
-3979
-4730
-5370
-5977
-6647
-7337
-7907
-8262
-8338
-8169
-7886
-7580
-7256
-6883
-6407
-5799
-5087
-4335
-3590
-2829
-1994
-1054
-34
933
1686
2200
2566
2895
3329
3859
4334
4686
4804
4651
4376
4031
3638
3245
2722
2020
1219
343
-505
-1224
-1885
-2534
-3167
-3835
-4477
-4980
-5373
-5665
-5839
-5922
-5880
-5659
-5268
-4752
-4192
-3677
-3240
-2829
-2319
-1639
-807
103
998
1786
2446
3035
3620
4207
4808
5408
5967
6463
6855
7147
7365
7483
7529
7534
7495
7452
7340
7123
6897
6592
6205
5867
5438
4822
4078
3150
2142
1202
260
-611
-1357
-2150
-2964
-3715
-4496
-5232
-5839
-6437
-6957
-7264
-7414
-7380
-7153
-6878
-6575
-6229
-5863
-5392
-4786
-4102
-3349
-2608
-1910
-1196
-503
166
841
1428
1894
2287
2565
2782
2993
3143
3235
3272
3170
2952
2657
2258
1790
1288
736
164
-420
-1000
-1509
-1969
-2449
-2936
-3450
-3973
-4397
-4716
-4934
-5020
-5045
-5022
-4889
-4660
-4324
-3865
-3346
-2790
-2196
-1613
-1010
-350
329
1019
1716
2364
2968
3513
3991
4432
4832
5176
5473
5752
6054
6333
6546
6667
6650
6560
6447
6305
6197
6073
5839
5553
5221
4850
4528
4154
3619
2962
2128
1177
310
-448
-1097
-1613
-2174
-2827
-3468
-4105
-4673
-5110
-5495
-5834
-6087
-6263
-6288
-6132
-5889
-5633
-5411
-5241
-5030
-4696
-4218
-3615
-2952
-2300
-1684
-1086
-477
124
684
1188
1595
1909
2203
2469
2697
2905
3008
2994
2939
2791
2524
2196
1750
1213
695
166
-343
-776
-1250
-1772
-2306
-2888
-3408
-3768
-4042
-4221
-4315
-4415
-4457
-4407
-4305
-4096
-3771
-3380
-2905
-2364
-1811
-1249
-667
-95
467
1047
1633
2215
2816
3379
3872
4311
4682
5021
5338
5558
5717
5839
5875
5882
5899
5863
5792
5732
5634
5514
5383
5163
4898
4672
4381
4040
3727
3312
2777
2182
1440
650
-73
-795
-1455
-2029
-2656
-3301
-3920
-4520
-5003
-5350
-5669
-5983
-6247
-6442
-6493
-6342
-6076
-5780
-5472
-5208
-4930
-4552
-4095
-3532
-2874
-2229
-1602
-995
-418
188
789
1296
1702
2019
2293
2569
2814
2985
3054
3009
2875
2701
2500
2242
1899
1465
951
402
-110
-560
-996
-1438
-1895
-2362
-2808
-3202
-3517
-3753
-3927
-4005
-4008
-3963
-3819
-3602
-3321
-2929
-2494
-2048
-1566
-1109
-675
-214
242
710
1227
1734
2240
2747
3187
3582
3946
4214
4426
4594
4696
4807
4927
5015
5070
5047
4915
4731
4528
4331
4178
4036
3854
3642
3394
3118
2863
2620
2323
1954
1484
898
283
-283
-817
-1325
-1796
-2253
-2670
-3044
-3428
-3798
-4131
-4466
-4761
-4929
-4959
-4881
-4730
-4559
-4407
-4257
-4065
-3814
-3498
-3131
-2732
-2288
-1805
-1300
-771
-264
195
610
957
1264
1572
1833
2021
2131
2132
2094
2090
2061
1966
1801
1541
1229
927
632
348
71
-252
-614
-960
-1285
-1585
-1838
-2075
-2305
-2499
-2647
-2710
-2683
-2646
-2609
-2516
-2368
-2148
-1855
-1544
-1225
-920
-671
-418
-129
167
488
829
1176
1534
1881
2200
2486
2715
2901
3071
3235
3379
3479
3549
3599
3632
3658
3678
3669
3604
3488
3366
3282
3228
3179
3118
3017
2845
2645
2478
2329
2122
1795
1343
821
305
-142
-524
-884
-1270
-1713
-2200
-2662
-3041
-3338
-3604
-3871
-4135
-4362
-4481
-4452
-4294
-4104
-3974
-3897
-3798
-3591
-3259
-2862
-2443
-2052
-1707
-1307
-833
-344
124
485
739
1004
1274
1547
1842
2054
2145
2184
2177
2187
2233
2173
1984
1703
1314
931
612
293
-26
-395
-862
-1346
-1812
-2232
-2565
-2835
-3086
-3318
-3506
-3617
-3642
-3574
-3458
-3303
-3083
-2855
-2589
-2232
-1856
-1462
-1059
-715
-355
46
432
846
1260
1626
1967
2246
2461
2684
2930
3189
3425
3593
3704
3805
3936
4083
4187
4241
4240
4163
4088
4077
4089
4090
4016
3840
3610
3313
2992
2746
2478
2099
1642
1095
521
26
-435
-867
-1265
-1729
-2214
-2648
-3065
-3391
-3617
-3873
-4101
-4226
-4280
-4228
-4101
-3983
-3844
-3665
-3441
-3152
-2810
-2441
-2036
-1603
-1192
-804
-380
44
436
795
1067
1277
1491
1684
1838
1939
1970
1948
1891
1784
1617
1404
1138
821
499
183
-145
-442
-743
-1098
-1464
-1828
-2163
-2439
-2709
-2953
-3126
-3241
-3294
-3287
-3260
-3208
-3135
-3021
-2822
-2542
-2213
-1861
-1513
-1163
-786
-353
150
663
1111
1486
1808
2103
2412
2727
3031
3295
3448
3495
3523
3559
3610
3655
3646
3600
3546
3452
3354
3296
3235
3168
3096
3017
2967
2906
2808
2705
2569
2415
2259
2082
1915
1715
1430
1094
707
306
-80
-491
-904
-1295
-1693
-2067
-2422
-2766
-3066
-3344
-3608
-3810
-3932
-3979
-3951
-3885
-3810
-3708
-3555
-3364
-3114
-2828
-2534
-2193
-1833
-1506
-1177
-850
-520
-157
176
451
684
852
976
1085
1169
1238
1260
1218
1163
1086
936
735
504
259
26
-214
-467
-702
-945
-1212
-1467
-1696
-1885
-2009
-2103
-2183
-2247
-2307
-2317
-2262
-2178
-2043
-1844
-1627
-1389
-1124
-846
-531
-190
149
494
840
1170
1488
1765
1995
2206
2395
2570
2722
2832
2916
2953
2935
2902
2845
2808
2798
2742
2667
2596
2506
2440
2376
2286
2237
2195
2151
2146
2124
2070
2020
1938
1838
1751
1647
1537
1392
1152
887
617
319
29
-287
-613
-899
-1205
-1511
-1794
-2091
-2343
-2572
-2824
-3002
-3114
-3199
-3217
-3203
-3156
-3067
-3000
-2907
-2734
-2555
-2384
-2198
-2016
-1793
-1512
-1240
-976
-721
-520
-338
-138
64
262
410
500
579
624
643
693
710
656
557
426
295
169
46
-31
-127
-294
-486
-684
-840
-940
-1038
-1118
-1168
-1208
-1222
-1229
-1213
-1150
-1079
-972
-795
-606
-426
-235
-46
135
310
494
721
939
1095
1231
1351
1455
1577
1703
1828
1938
2017
2088
2133
2131
2126
2132
2142
2157
2171
2184
2179
2151
2107
2047
2015
2005
1987
1983
1957
1898
1831
1728
1613
1480
1308
1174
1061
888
664
369
34
-286
-620
-927
-1163
-1396
-1659
-1938
-2236
-2520
-2758
-2929
-3026
-3094
-3164
-3198
-3198
-3162
-3072
-2958
-2819
-2628
-2404
-2155
-1895
-1641
-1373
-1086
-790
-488
-208
35
242
410
543
658
764
868
961
1022
1038
1011
955
886
796
681
544
400
260
130
3
-132
-280
-437
-592
-738
-866
-954
-1000
-1013
-1020
-1047
-1085
-1107
-1082
-996
-863
-720
-597
-486
-370
-234
-58
142
352
559
736
884
1037
1205
1359
1496
1653
1777
1836
1897
1967
1972
1937
1925
1925
1922
1900
1836
1768
1686
1535
1456
1430
1337
1316
1342
1347
1394
1341
1170
1128
1177
1195
1193
1023
829
804
717
554
370
141
-58
-306
-579
-782
-1013
-1253
-1488
-1768
-1958
-2088
-2236
-2336
-2459
-2579
-2629
-2660
-2604
-2468
-2304
-2120
-1943
-1788
-1657
-1488
-1274
-1019
-725
-472
-257
-52
121
263
401
518
609
697
771
811
806
752
680
618
558
495
428
336
213
62
-84
-189
-281
-395
-501
-568
-624
-722
-839
-917
-952
-957
-988
-1042
-982
-833
-785
-820
-798
-697
-574
-459
-341
-185
-14
114
212
352
555
751
902
1032
1167
1302
1410
1490
1576
1665
1714
1738
1775
1796
1786
1758
1715
1653
1568
1468
1385
1315
1239
1165
1102
1042
995
963
912
860
828
751
639
566
524
487
432
340
228
89
-90
-249
-375
-509
-663
-845
-1032
-1172
-1288
-1414
-1528
-1629
-1720
-1785
-1830
-1851
-1819
-1750
-1683
-1611
-1529
-1453
-1360
-1215
-1049
-904
-760
-625
-482
-309
-145
-2
106
167
248
344
400
453
506
516
505
484
448
430
404
333
226
94
-40
-148
-254
-342
-419
-504
-566
-635
-722
-798
-880
-912
-876
-861
-865
-849
-823
-784
-736
-670
-576
-476
-349
-210
-110
-16
101
204
322
460
585
721
869
989
1094
1192
1268
1338
1408
1466
1532
1578
1588
1601
1617
1578
1492
1409
1353
1313
1261
1190
1100
992
882
776
687
637
614
585
522
431
344
263
226
239
244
234
196
127
67
-11
-101
-160
-239
-317
-391
-510
-611
-691
-788
-868
-957
-1048
-1109
-1166
-1193
-1196
-1220
-1228
-1217
-1205
-1161
-1090
-1008
-909
-809
-721
-646
-575
-499
-416
-329
-235
-137
-73
-56
-60
-54
-40
-16
2
17
34
22
-9
-70
-123
-158
-205
-231
-239
-257
-286
-318
-369
-428
-459
-463
-445
-418
-397
-405
-446
-465
-447
-403
-336
-284
-241
-189
-131
-80
-27
35
116
199
228
274
367
482
593
664
739
808
857
893
926
955
1001
1040
1049
1067
1051
1010
964
936
922
879
821
753
692
628
555
503
470
443
393
311
246
212
189
197
218
237
279
294
261
231
202
186
177
146
118
103
94
68
32
-16
-76
-131
-197
-259
-306
-349
-386
-424
-452
-474
-497
-523
-548
-557
-543
-522
-519
-509
-496
-489
-462
-437
-444
-454
-482
-523
-543
-558
-565
-547
-542
-554
-574
-608
-644
-679
-709
-720
-718
-711
-690
-672
-678
-690
-694
-694
-675
-632
-581
-520
-465
-441
-405
-347
-294
-231
-154
-75
5
83
161
239
313
392
472
530
570
613
664
709
740
773
797
806
816
807
790
755
718
694
667
657
650
636
619
596
579
564
529
496
466
445
427
401
396
394
381
375
351
331
325
320
321
337
372
415
444
459
460
461
464
466
468
472
471
462
442
413
372
316
265
218
160
96
19
-91
-208
-318
-421
-501
-574
-657
-721
-766
-817
-846
-852
-852
-851
-858
-864
-848
-823
-801
-776
-746
-721
-708
-714
-727
-743
-743
-727
-707
-694
-689
-679
-657
-626
-592
-561
-532
-504
-474
-438
-401
-368
-334
-290
-237
-183
-138
-100
-64
-27
11
47
82
112
143
182
218
241
258
280
310
343
377
415
455
489
511
533
566
608
647
676
702
717
716
698
674
658
646
631
609
586
567
546
517
480
437
398
367
356
353
341
320
298
282
273
267
268
268
260
245
235
241
263
290
318
332
332
323
308
289
257
214
168
124
78
23
-35
-89
-149
-213
-276
-329
-370
-401
-425
-453
-483
-511
-535
-558
-580
-588
-576
-555
-542
-537
-528
-509
-492
-486
-484
-482
-476
-471
-465
-460
-458
-460
-462
-464
-464
-462
-452
-437
-418
-398
-375
-350
-328
-314
-305
-296
-284
-267
-248
-220
-178
-131
-95
-76
-68
-56
-31
9
58
111
162
211
257
296
326
351
376
395
403
398
392
389
387
383
386
388
390
386
384
388
388
379
359
338
320
302
289
277
273
270
265
258
258
270
283
290
290
287
284
285
294
308
323
338
346
349
339
326
316
311
306
295
281
260
229
199
181
170
150
118
78
41
3
-39
-82
-119
-150
-181
-213
-243
-272
-297
-322
-335
-335
-328
-315
-301
-286
-284
-300
-317
-314
-300
-296
-300
-299
-296
-309
-330
-343
-348
-355
-367
-379
-387
-401
-416
-433
-447
-459
-466
-465
-447
-420
-393
-368
-338
-309
-292
-283
-267
-241
-216
-192
-165
-137
-119
-107
-81
-52
-37
-35
-35
-27
-3
38
91
140
179
208
222
226
232
242
266
302
342
363
362
361
373
388
401
408
412
418
434
456
477
488
488
474
450
432
422
409
391
372
352
329
302
268
233
209
195
187
175
155
130
101
64
20
-13
-34
-59
-79
-82
-74
-74
-80
-83
-85
-90
-90
-88
-91
-92
-92
-102
-112
-117
-114
-104
-84
-60
-42
-37
-42
-49
-54
-58
-55
-51
-50
-60
-81
-106
-130
-146
-157
-167
-182
-197
-203
-200
-192
-190
-201
-224
-254
-288
-320
-339
-341
-330
-320
-308
-295
-279
-265
-256
-243
-231
-229
-232
-236
-239
-241
-237
-217
-190
-169
-154
-133
-108
-87
-79
-74
-61
-40
-16
15
54
100
140
165
175
174
176
184
199
211
222
235
246
251
252
254
260
267
269
276
282
287
289
296
310
321
315
297
279
271
267
256
243
232
228
223
205
177
156
150
148
135
107
69
25
-25
-69
-93
-93
-75
-47
-13
15
32
37
43
51
57
55
53
44
19
-16
-50
-74
-86
-83
-67
-53
-52
-60
-68
-80
-101
-124
-133
-120
-105
-107
-119
-124
-118
-114
-118
-123
-125
-127
-143
-178
-219
-239
-236
-222
-207
-195
-189
-188
-190
-191
-191
-190
-188
-185
-181
-181
-183
-178
-160
-137
-124
-123
-128
-126
-117
-108
-102
-95
-87
-85
-87
-89
-79
-53
-24
-3
19
51
87
115
137
153
167
178
181
179
177
176
173
170
163
161
165
176
192
208
221
221
206
192
197
215
223
215
196
173
151
128
102
79
61
36
5
-19
-28
-34
-41
-40
-32
-20
-9
8
25
41
59
82
108
130
148
167
184
186
177
159
145
145
148
144
138
131
120
102
85
71
50
17
-18
-50
-75
-101
-121
-140
-155
-172
-196
-225
-256
-290
-316
-334
-341
-341
-340
-342
-346
-347
-341
-324
-295
-259
-221
-186
-147
-109
-77
-57
-45
-36
-31
-29
-27
-19
-5
15
37
60
79
96
111
124
132
133
130
132
137
139
130
119
115
114
112
105
98
97
90
75
59
44
33
25
21
16
1
-18
-35
-43
-47
-51
-47
-29
-5
10
14
16
25
38
51
65
82
97
104
103
107
116
128
129
127
126
124
122
123
126
127
124
121
121
121
115
100
82
68
49
27
0
-22
-37
-54
-75
-94
-103
-104
-108
-115
-130
-142
-148
-150
-153
-152
-142
-130
-120
-116
-111
-109
-112
-116
-113
-101
-96
-107
-120
-126
-133
-143
-149
-138
-118
-106
-99
-93
-78
-61
-51
-38
-14
24
70
109
135
155
171
187
203
221
248
270
275
269
253
224
186
150
119
92
77
73
65
38
0
-47
-84
-107
-117
-129
-157
-190
-213
-223
-230
-238
-243
-230
-203
-182
-164
-137
-105
-82
-61
-35
0
36
69
91
102
106
110
121
148
180
211
227
230
217
194
168
154
148
138
118
96
76
51
26
11
4
-5
-20
-38
-57
-83
-104
-114
-115
-118
-120
-117
-115
-123
-140
-159
-176
-185
-185
-172
-151
-135
-137
-155
-169
-163
-134
-93
-54
-25
-10
-8
-13
-12
5
34
72
116
158
188
205
213
219
230
252
271
277
263
239
217
202
200
198
186
166
149
136
123
108
95
80
59
26
-5
-28
-47
-67
-80
-87
-101
-126
-152
-166
-173
-183
-193
-189
-170
-152
-143
-135
-128
-128
-126
-109
-87
-73
-71
-59
-35
-16
-13
-9
0
12
16
19
26
30
22
6
-5
-8
-15
-24
-27
-26
-37
-58
-71
-77
-89
-98
-94
-86
-82
-81
-81
-83
-82
-78
-72
-68
-61
-51
-30
-7
17
42
66
87
105
114
118
127
143
156
159
164
173
178
177
173
173
178
180
175
169
160
145
123
103
93
88
77
65
55
45
26
6
-5
-6
-14
-27
-34
-34
-44
-64
-78
-84
-92
-108
-124
-133
-137
-141
-136
-123
-120
-125
-131
-130
-124
-114
-96
-72
-59
-56
-54
-46
-36
-24
-17
-14
-23
-38
-47
-41
-24
-5
10
19
19
15
12
19
30
37
36
32
34
41
47
48
49
44
37
26
25
31
39
42
39
28
13
-7
-23
-33
-39
-46
-51
-52
-47
-40
-36
-33
-31
-30
-36
-42
-40
-35
-29
-29
-26
-16
-5
9
25
42
53
59
62
63
65
71
83
97
107
109
114
119
123
126
126
122
114
103
96
86
69
52
44
45
41
29
15
-2
-25
-51
-66
-65
-60
-65
-73
-83
-94
-108
-119
-123
-122
-122
-123
-123
-121
-116
-108
-98
-81
-65
-53
-43
-32
-22
-19
-16
-11
5
26
46
60
63
57
45
37
35
38
43
48
48
43
32
29
28
26
20
15
14
15
14
11
8
7
3
-7
-18
-31
-47
-68
-87
-97
-97
-85
-71
-53
-39
-34
-39
-43
-41
-30
-13
9
28
38
40
39
41
45
46
50
54
58
58
59
64
74
86
96
98
93
83
73
63
57
52
45
38
37
34
27
16
11
8
2
-5
-8
-9
-16
-30
-44
-53
-59
-64
-63
-51
-39
-28
-18
-16
-21
-31
-36
-35
-30
-32
-35
-36
-36
-39
-47
-50
-47
-34
-22
-11
-1
2
-4
-11
-10
-2
3
7
15
30
38
37
36
40
42
39
34
27
22
15
11
11
11
7
3
-3
-5
-9
-14
-23
-30
-38
-43
-48
-51
-55
-59
-61
-61
-58
-55
-53
-53
-49
-42
-29
-15
-3
8
12
14
19
26
35
40
44
51
58
64
67
69
75
81
86
90
90
84
78
75
74
73
69
65
61
58
48
41
32
23
9
-8
-25
-37
-42
-44
-47
-53
-62
-74
-89
-105
-117
-120
-119
-117
-114
-109
-102
-96
-87
-74
-62
-55
-47
-33
-13
6
23
45
66
77
78
73
74
79
85
90
95
90
82
76
69
59
44
27
17
12
6
-2
-11
-20
-32
-46
-60
-71
-82
-87
-89
-85
-81
-77
-70
-61
-48
-34
-20
-5
8
16
17
15
17
22
32
42
51
61
68
72
72
73
74
74
70
66
62
57
51
43
37
33
30
23
13
5
-3
-3
-2
-2
-3
-3
-9
-18
-31
-39
-42
-43
-46
-48
-50
-55
-60
-62
-59
-57
-58
-59
-57
-52
-50
-50
-48
-45
-43
-41
-39
-35
-30
-25
-20
-17
-13
-7
-2
3
8
14
18
21
24
29
36
42
47
51
55
52
48
47
55
65
73
79
84
88
88
85
76
62
48
37
27
14
-2
-17
-29
-39
-47
-50
-49
-52
-61
-73
-79
-84
-86
-83
-75
-68
-59
-45
-26
-2
13
19
21
23
23
26
34
46
63
79
90
94
91
83
79
72
64
46
27
11
-1
-14
-27
-30
-24
-18
-12
-8
-5
-10
-20
-33
-43
-49
-56
-61
-61
-58
-59
-65
-71
-73
-70
-63
-56
-49
-46
-50
-56
-58
-53
-42
-29
-13
3
14
17
15
16
22
34
47
55
54
44
34
29
32
37
42
44
45
44
39
33
30
30
37
48
57
58
51
39
28
22
21
22
21
17
8
-1
-11
-19
-26
-32
-36
-38
-38
-40
-38
-34
-29
-23
-17
-14
-16
-19
-22
-20
-14
-5
4
9
15
18
22
27
32
37
40
40
37
33
29
27
28
29
27
20
11
4
0
3
7
11
8
0
-11
-24
-33
-40
-44
-46
-44
-43
-43
-47
-54
-60
-63
-62
-59
-53
-45
-38
-31
-28
-30
-36
-41
-42
-36
-23
-7
9
23
33
40
44
43
42
40
37
33
29
25
21
18
19
23
31
38
40
41
42
40
39
38
43
49
52
51
44
34
23
10
0
-7
-14
-20
-22
-19
-14
-9
-9
-13
-8
5
16
15
3
-8
-13
-16
-25
-35
-40
-38
-33
-30
-24
-18
-15
-13
-15
-17
-19
-18
-15
-8
-2
1
2
2
5
7
12
18
23
23
19
15
12
8
4
-1
-5
-12
-21
-30
-41
-52
-58
-54
-45
-38
-34
-34
-34
-34
-35
-30
-16
3
22
38
48
51
49
47
46
51
56
62
68
70
68
60
51
45
39
28
14
10
11
7
-2
-9
-14
-20
-27
-33
-32
-29
-32
-38
-40
-39
-36
-29
-18
-7
0
4
5
5
6
7
8
12
10
5
-3
-10
-15
-21
-27
-31
-29
-21
-7
10
25
32
29
17
2
-14
-23
-23
-21
-21
-24
-20
-10
-1
5
11
17
17
18
15
15
9
1
-3
-3
2
6
10
15
17
13
7
2
0
0
1
3
0
-2
-4
-5
-11
-20
-27
-28
-27
-22
-15
-10
-3
3
9
11
11
12
17
20
17
11
7
5
3
3
4
5
4
3
9
17
18
14
8
3
-4
-12
-12
-5
-1
-1
-2
-1
-3
-9
-16
-16
-15
-13
-9
-5
-2
-4
-7
-10
-14
-19
-18
-10
2
10
12
8
1
-6
-12
-13
-12
-11
-9
-6
-2
1
3
4
7
9
14
24
32
39
40
37
32
29
29
31
33
34
34
33
33
32
29
26
22
17
11
8
3
-2
-7
-15
-25
-34
-40
-43
-39
-35
-31
-30
-31
-36
-43
-48
-51
-50
-46
-40
-33
-30
-30
-30
-30
-28
-24
-17
-6
1
7
8
6
6
10
15
20
23
24
25
22
19
17
17
20
24
28
27
24
19
15
9
4
-2
-6
-7
-6
-3
1
2
1
0
-2
-1
-1
0
5
12
25
38
48
51
48
39
28
16
5
-1
-4
0
6
11
12
9
5
0
-2
-4
-1
4
4
5
3
0
-2
-4
-8
-15
-26
-33
-38
-37
-32
-22
-14
-8
-7
-13
-21
-29
-34
-33
-31
-29
-30
-27
-22
-14
-5
-1
-1
-2
0
4
9
11
10
7
3
-4
-10
-15
-19
-18
-18
-15
-9
-4
2
4
7
9
13
18
26
32
35
37
37
38
35
34
29
25
22
17
17
16
17
18
17
13
7
-1
-11
-19
-21
-21
-15
-9
-5
-4
-4
-7
-10
-12
-10
-9
-6
-2
2
4
5
7
8
11
14
16
14
10
3
-3
-8
-11
-11
-9
-3
1
2
1
-1
-3
-5
-7
-12
-18
-24
-24
-24
-21
-17
-13
-9
-6
-4
-5
-9
-12
-15
-13
-12
-10
-8
-5
-1
2
6
5
1
-2
-6
-7
-5
-2
4
8
14
20
23
23
24
22
21
16
9
0
-7
-10
-8
-2
2
6
7
7
9
11
14
17
19
19
15
13
9
6
3
1
0
2
7
14
22
25
22
11
-6
-23
-35
-39
-31
-17
-4
8
11
7
2
-4
-6
-5
-2
0
2
3
7
12
19
25
29
26
19
8
-2
-9
-15
-17
-14
-12
-8
-7
-11
-20
-27
-36
-40
-42
-38
-35
-28
-23
-22
-24
-28
-29
-26
-21
-16
-10
-4
2
10
15
18
19
19
19
17
16
13
12
14
15
19
21
20
18
13
8
4
5
9
15
20
22
21
20
19
18
17
15
13
14
13
12
9
3
-2
-6
-8
-5
-1
4
9
14
16
15
12
8
3
-2
-6
-7
-5
-5
-11
-18
-28
-32
-33
-30
-28
-28
-31
-34
-36
-33
-31
-24
-15
-7
-2
2
2
3
6
9
13
17
21
24
25
21
14
7
3
5
10
16
20
17
12
1
-8
-16
-18
-16
-13
-8
-4
-6
-9
-13
-13
-12
-5
3
8
10
10
7
4
-3
-8
-14
-15
-12
-8
-4
-1
1
5
9
12
14
17
14
9
1
-7
-7
-3
6
14
20
23
24
23
21
16
14
8
4
3
3
5
8
13
17
16
16
13
9
4
-2
-2
-3
1
5
10
8
0
-12
-24
-35
-39
-39
-31
-24
-15
-8
-9
-13
-20
-26
-28
-25
-19
-12
-6
3
9
12
13
8
4
1
2
4
7
7
10
13
19
21
18
13
5
-5
-15
-21
-25
-22
-15
-3
6
14
18
22
23
20
15
7
2
-1
-4
-6
-7
-6
-4
-3
-3
-5
-7
-7
-7
-12
-17
-25
-27
-25
-21
-15
-8
2
12
19
21
23
27
27
27
24
23
21
18
13
14
17
21
28
36
46
48
43
36
28
17
3
-4
-5
-1
-2
-6
-7
-12
-20
-27
-31
-31
-30
-28
-27
-29
-33
-34
-32
-30
-30
-33
-35
-36
-33
-29
-21
-9
2
9
12
13
11
6
3
3
8
8
4
0
2
3
4
3
3
7
7
1
-6
-15
-22
-27
-26
-16
-1
14
22
30
34
36
36
39
40
39
33
30
25
14
2
-5
-6
-8
-11
-11
-7
-3
-5
-8
-12
-14
-17
-16
-16
-16
-19
-20
-17
-12
-3
5
13
17
17
13
8
2
-2
-1
4
12
18
20
19
17
15
16
17
19
17
13
7
0
-6
-14
-19
-22
-23
-21
-19
-20
-18
-14
-10
-7
-7
-9
-13
-18
-19
-15
-10
-4
0
1
-1
-3
-4
-5
-5
-3
2
10
19
22
17
8
0
-1
3
12
12
7
-1
-9
-14
-16
-19
-19
-17
-11
-3
4
10
14
17
18
19
20
20
18
17
15
13
11
9
9
9
11
16
19
18
14
6
-3
-11
-15
-14
-12
-9
-5
-3
-5
-9
-13
-15
-15
-12
-7
-1
3
1
-3
-10
-19
-21
-21
-17
-13
-7
-6
-4
-2
0
2
4
4
3
1
-2
-2
-2
1
4
9
12
14
14
12
8
4
0
-1
1
3
5
3
-1
-3
-3
3
9
13
14
11
7
3
1
-1
-1
0
0
0
-2
-6
-13
-19
-22
-17
-8
4
13
20
24
24
21
17
12
10
8
7
7
7
6
6
2
0
-2
-5
-4
-2
0
1
1
0
-3
-9
-14
-21
-24
-23
-20
-17
-15
-13
-10
-8
-6
-5
-8
-17
-26
-32
-28
-16
-1
11
15
14
8
0
-5
-6
-8
-7
-3
2
9
17
22
21
14
8
4
5
9
14
15
12
6
-1
-5
-8
-10
-10
-8
-3
6
15
24
31
30
28
21
20
19
22
24
25
22
16
7
-3
-10
-15
-16
-14
-13
-13
-16
-21
-25
-27
-27
-28
-31
-36
-38
-40
-36
-29
-20
-10
-2
2
4
7
9
9
9
8
11
19
32
41
45
41
33
29
29
31
32
29
24
15
2
-13
-27
-38
-43
-42
-36
-31
-28
-26
-26
-28
-29
-30
-28
-23
-17
-11
-5
-2
2
7
16
26
37
43
48
51
51
48
42
33
22
16
17
23
34
45
51
49
42
30
15
2
-11
-16
-21
-23
-27
-31
-40
-51
-62
-72
-77
-76
-70
-60
-50
-43
-37
-31
-22
-11
0
8
9
7
2
1
1
4
8
11
13
14
9
2
-4
-7
-4
0
4
8
9
12
16
23
28
31
31
29
31
36
41
49
53
55
52
45
35
24
17
15
16
16
12
4
-5
-13
-21
-25
-29
-31
-33
-34
-33
-31
-29
-32
-36
-43
-49
-49
-44
-33
-19
-6
3
9
12
13
15
19
24
32
36
36
33
30
24
20
17
12
7
-1
-8
-14
-19
-22
-26
-24
-23
-19
-15
-12
-11
-10
-8
-4
3
11
15
18
18
18
20
23
22
20
15
11
9
7
6
3
-1
-5
-9
-12
-14
-17
-20
-23
-25
-30
-36
-40
-44
-45
-44
-41
-38
-34
-30
-25
-16
-6
5
16
24
31
37
42
47
52
54
54
52
48
45
44
44
43
43
38
34
30
24
16
6
-8
-22
-36
-44
-49
-45
-37
-27
-21
-18
-22
-30
-31
-30
-26
-22
-19
-14
-6
0
7
14
18
20
23
23
23
19
13
4
1
0
4
6
7
10
11
13
11
5
-4
-15
-21
-22
-21
-19
-19
-21
-21
-22
-21
-18
-17
-12
-9
-4
2
7
15
22
29
31
27
21
12
5
2
3
5
5
4
1
-3
-9
-13
-15
-17
-14
-12
-10
-6
-4
-1
-1
0
-1
0
3
6
9
12
13
17
20
24
28
32
36
36
32
19
4
-9
-15
-12
-3
8
12
12
5
-6
-16
-24
-28
-27
-24
-20
-17
-13
-12
-9
-7
-4
-1
1
2
-3
-7
-11
-13
-13
-8
-1
7
11
9
6
1
-5
-7
-7
-6
-7
-11
-16
-20
-20
-16
-8
0
8
10
7
1
-5
-11
-12
-10
-6
0
6
12
18
20
19
18
17
20
25
30
33
34
32
31
31
29
26
18
9
-2
-10
-18
-23
-26
-29
-30
-30
-30
-30
-30
-29
-25
-19
-11
-4
2
4
6
9
12
16
21
26
28
29
28
23
16
8
2
-1
-3
-4
-9
-14
-18
-19
-20
-16
-11
-7
-4
-2
-2
-3
-1
0
0
-1
-3
-7
-9
-7
-3
1
5
4
2
-2
-1
0
3
7
13
15
15
14
10
7
1
-4
-9
-11
-11
-9
-8
-6
-3
-2
1
0
-2
-3
-3
-1
4
10
13
12
8
2
-1
-3
-3
-1
-1
4
8
7
4
-1
-3
-2
-1
-2
-5
-7
-8
-3
2
7
9
7
5
4
5
7
7
10
12
13
13
10
5
-2
-9
-13
-16
-16
-12
-8
-3
1
4
4
2
-3
-8
-10
-9
-8
-4
-2
0
1
2
4
3
1
1
1
0
-4
-9
-15
-17
-16
-12
-8
-2
3
11
13
15
13
11
9
9
11
15
18
24
23
23
16
8
0
-7
-11
-14
-17
-16
-12
-7
-7
-6
-7
-9
-10
-9
-8
-9
-12
-18
-22
-20
-12
-1
10
12
10
4
-1
-2
0
4
6
5
1
-6
-12
-18
-20
-15
-4
8
20
26
23
17
9
5
2
5
10
15
18
16
10
3
-1
-2
1
4
7
6
5
1
1
1
5
10
13
16
15
10
3
-5
-14
-19
-20
-16
-12
-9
-11
-11
-12
-12
-11
-10
-8
-7
-6
-4
-4
-3
-4
-4
-2
-1
1
2
2
1
-2
-4
-6
-7
-8
-11
-14
-18
-20
-18
-13
-7
-1
4
6
9
11
15
20
25
26
25
22
21
16
11
11
11
8
6
5
5
5
5
9
16
27
34
34
27
21
14
9
3
0
-3
-13
-19
-22
-24
-30
-37
-37
-29
-23
-21
-21
-20
-19
-13
-7
0
0
-2
-3
-2
-4
-9
-13
-11
-6
-6
-6
-3
-2
-4
-5
-3
-1
1
4
5
7
6
6
7
11
17
24
30
33
35
34
33
29
24
21
19
16
14
8
3
-1
-5
-5
-6
-6
-7
-10
-15
-20
-21
-20
-15
-7
0
4
2
-3
-11
-18
-22
-21
-18
-15
-13
-14
-19
-24
-29
-30
-28
-23
-17
-8
-4
1
4
6
11
16
20
21
16
10
4
2
4
10
16
19
17
11
6
1
3
9
18
27
35
35
34
32
31
31
29
23
14
5
0
-1
0
-3
-8
-16
-24
-27
-22
-14
-5
-1
-3
-9
-16
-24
-30
-31
-30
-28
-24
-18
-15
-15
-17
-22
-24
-28
-29
-28
-25
-21
-14
-5
3
12
18
23
26
29
31
34
36
39
41
41
39
35
30
24
17
13
9
9
11
12
9
6
0
-5
-10
-14
-17
-19
-19
-16
-13
-11
-12
-16
-19
-18
-14
-10
-6
-4
-4
-2
1
2
0
-3
-9
-15
-18
-19
-18
-18
-12
-6
-1
3
7
9
6
3
-2
-6
-3
2
5
7
2
0
-1
0
3
3
3
4
6
10
13
17
16
16
14
14
13
11
12
13
14
12
8
2
-3
-7
-9
-12
-12
-12
-10
-7
-3
2
7
10
10
12
13
13
9
3
-2
-7
-8
-6
-3
-3
-4
-8
-11
-15
-17
-19
-22
-21
-21
-22
-22
-21
-18
-8
1
9
13
15
16
19
19
16
13
11
8
8
9
7
7
7
6
2
-1
0
4
8
11
10
7
6
7
7
8
5
2
-4
-9
-13
-16
-17
-12
-7
-2
2
4
1
0
-4
-6
-6
-6
-7
-7
-7
-6
1
5
11
14
15
15
12
8
1
-4
-6
-5
-2
4
7
6
2
-4
-6
-6
-3
-1
-2
-6
-11
-15
-15
-11
-6
1
1
1
-3
-8
-9
-5
2
9
9
4
1
0
-4
-8
-9
-5
-1
1
0
3
5
10
14
17
16
12
5
2
-4
-10
-17
-21
-22
-16
-8
-2
1
1
1
1
4
7
8
8
7
4
4
6
8
10
11
7
3
0
-4
-4
-8
-10
-10
-10
-7
-2
4
10
17
22
23
22
14
9
2
0
0
1
4
5
4
0
-6
-12
-14
-13
-8
-3
2
3
2
1
-3
-5
-4
-2
0
2
3
2
0
0
0
0
3
3
2
0
-2
-4
-6
-9
-12
-15
-15
-15
-16
-17
-16
-13
-11
-8
-5
-2
1
5
8
6
2
-1
-3
-5
-10
-14
-10
-4
3
4
8
12
13
14
14
17
21
21
22
22
19
14
12
12
11
5
2
1
-2
-8
-13
-12
-6
-2
-1
-1
-2
-7
-13
-15
-13
-6
5
18
24
24
22
16
10
5
1
-3
-6
-9
-12
-16
-17
-17
-14
-9
-3
1
4
1
-1
-5
-8
-7
-4
0
2
1
-3
-8
-12
-15
-18
-20
-19
-19
-15
-12
-7
-2
1
5
10
14
20
24
24
22
19
15
11
8
5
2
3
4
8
11
11
8
3
-1
-1
0
3
6
10
12
15
13
7
-1
-8
-12
-11
-8
-2
2
3
1
2
-2
-6
-11
-13
-13
-12
-8
-7
-8
-9
-10
-10
-9
-6
-1
4
8
5
2
-5
-10
-14
-13
-8
-2
1
4
2
2
2
2
1
1
-2
-4
-2
2
7
12
16
18
15
9
2
-1
-2
0
1
-2
-4
-3
0
4
4
4
3
2
1
0
1
4
9
13
13
10
9
9
9
10
7
5
2
0
-5
-9
-14
-17
-18
-13
-8
-4
-2
-4
-7
-10
-12
-11
-8
-5
0
4
4
5
2
1
6
11
11
7
-3
-10
-15
-15
-12
-7
-2
3
3
3
-1
-3
-3
1
6
10
9
8
4
2
1
1
0
1
4
8
13
14
15
12
9
7
8
8
7
3
-2
-6
-6
-4
-1
0
1
1
3
5
8
9
7
2
-3
-8
-11
-11
-13
-16
-17
-20
-20
-18
-18
-14
-8
-3
2
4
4
3
2
4
7
10
15
17
20
18
14
8
3
-1
-4
-2
-1
2
2
2
0
-5
-9
-13
-17
-17
-15
-10
-6
-2
1
4
5
7
6
5
-1
-7
-12
-13
-8
-1
1
2
1
1
1
2
6
8
11
12
13
12
11
12
13
16
17
16
15
11
7
1
-6
-12
-16
-18
-19
-18
-17
-16
-13
-12
-11
-10
-12
-14
-11
-9
-3
0
2
2
2
3
6
6
7
5
4
3
0
2
3
7
13
19
19
16
11
8
7
9
12
16
15
12
8
7
6
5
3
-2
-4
-8
-12
-16
-18
-21
-17
-13
-10
-6
-7
-9
-11
-12
-12
-12
-13
-13
-13
-14
-12
-10
-6
-2
2
5
9
11
12
9
3
-1
-7
-8
-8
-4
0
6
9
12
13
13
11
10
6
3
1
1
2
4
5
7
7
8
9
10
9
9
8
7
9
11
15
19
21
17
12
4
-2
-6
-8
-11
-12
-16
-20
-22
-21
-18
-13
-9
-9
-10
-10
-7
-4
-1
-2
-4
-10
-15
-19
-24
-24
-20
-14
-8
-5
-5
-7
-10
-9
-5
3
14
26
37
43
43
42
38
35
34
30
26
22
19
16
13
11
6
2
-2
-2
-1
-1
-1
0
0
4
7
5
0
-10
-21
-27
-29
-29
-29
-26
-23
-21
-22
-24
-30
-33
-39
-38
-37
-33
-28
-21
-16
-9
-3
4
12
21
27
31
31
31
30
30
29
28
25
19
10
0
-9
-10
-8
-2
5
10
13
15
17
18
18
15
16
16
16
12
7
2
2
5
10
13
11
6
-3
-14
-24
-26
-23
-16
-9
-5
-6
-7
-11
-9
-3
4
11
12
12
8
1
-3
-9
-13
-17
-20
-23
-26
-28
-30
-32
-33
-32
-32
-31
-28
-26
-20
-14
-5
2
11
21
33
45
54
58
57
53
49
47
47
49
48
46
42
34
26
13
0
-11
-20
-23
-23
-20
-18
-21
-24
-29
-28
-27
-23
-23
-26
-31
-34
-32
-28
-21
-16
-13
-12
-11
-10
-12
-13
-12
-10
-6
-1
5
11
16
17
17
13
13
14
15
17
18
17
15
10
6
3
2
4
9
11
11
7
-1
-8
-15
-18
-17
-11
-2
7
17
24
27
25
27
29
34
38
39
39
32
24
14
6
1
1
0
-4
-9
-18
-29
-36
-38
-40
-39
-39
-40
-41
-40
-41
-43
-45
-44
-41
-31
-23
-16
-12
-10
-11
-7
-2
2
4
5
5
7
12
18
25
32
39
46
53
59
64
65
62
55
44
33
26
20
18
17
13
8
1
-3
-3
-2
-2
-4
-11
-17
-24
-28
-33
-37
-42
-45
-46
-43
-39
-33
-26
-20
-14
-11
-11
-12
-13
-12
-7
-2
2
2
3
2
2
3
2
4
4
6
10
12
12
9
7
7
9
13
15
13
7
2
-4
-5
-3
2
11
18
23
22
19
16
14
13
14
15
17
21
24
26
24
18
12
7
3
1
0
-3
-6
-12
-17
-21
-24
-26
-28
-33
-38
-41
-41
-39
-31
-25
-19
-15
-11
-6
-1
2
4
4
3
0
-1
0
1
4
8
11
13
14
12
10
7
6
6
7
7
6
3
1
0
3
9
16
22
24
21
15
9
2
1
1
1
5
8
11
11
8
2
-3
-8
-8
-7
-6
-6
-8
-11
-11
-10
-7
-7
-8
-14
-17
-17
-14
-11
-8
-9
-10
-7
-6
-2
1
2
2
3
0
-2
-3
-4
-1
0
4
6
7
9
10
10
11
11
10
9
9
10
12
14
15
15
14
12
12
14
19
23
25
24
19
12
6
2
-1
-1
-4
-5
-7
-9
-9
-9
-9
-8
-11
-11
-13
-14
-15
-18
-22
-27
-29
-30
-26
-21
-13
-6
-1
2
1
1
-2
0
1
-1
-2
-2
-3
-2
-2
0
1
4
7
8
6
1
-6
-7
-7
-3
2
7
12
14
15
16
14
14
13
11
12
15
18
21
21
20
18
16
15
16
13
9
0
-10
-17
-20
-19
-16
-14
-11
-11
-11
-10
-9
-12
-14
-16
-17
-14
-10
-8
-9
-10
-13
-12
-10
-7
-3
0
3
5
9
11
12
11
10
9
8
7
9
9
10
11
13
15
16
17
17
16
17
16
11
5
0
-1
-1
0
3
2
4
0
-2
-5
-7
-9
-9
-11
-13
-15
-18
-19
-19
-17
-16
-12
-8
-8
-7
-7
-7
-8
-5
-3
-3
-4
4
13
16
13
9
5
5
4
5
8
10
8
6
4
6
8
9
9
7
0
-5
-8
-6
-3
0
-1
-2
0
2
2
-3
-13
-16
-13
-8
-6
0
3
7
6
7
10
13
13
7
3
0
-2
-2
1
5
6
5
4
0
-5
-9
-11
-10
-10
-6
-4
-4
-6
-5
-4
-1
3
7
10
10
7
2
-6
-9
-11
-8
-5
-1
0
3
4
5
6
4
1
-1
0
1
2
3
5
5
7
8
6
4
2
2
1
-2
-1
0
1
2
1
3
7
6
4
1
-1
-2
-2
-4
-2
0
1
1
0
-1
-2
0
-1
0
-1
1
2
1
-1
-2
1
2
0
-3
-4
-5
-7
-8
-9
-8
-9
-7
-5
-4
-4
-3
-1
4
7
8
5
0
-3
-7
-10
-10
-10
-7
-2
0
1
0
0
0
1
0
-1
-1
-1
3
10
14
17
17
16
14
12
9
6
3
1
0
-2
-2
-4
-5
-8
-12
-10
-8
-4
-2
-5
-8
-12
-15
-14
-9
-2
1
5
9
13
16
16
14
8
5
4
5
7
8
7
5
4
4
3
2
0
-2
-4
-4
-4
-2
-1
0
1
3
2
1
0
-1
-2
-3
-3
-2
-4
-6
-7
-8
-6
-4
-1
0
0
-2
-7
-11
-10
-5
1
6
8
7
4
-1
-4
-5
-2
3
5
4
2
-3
-5
-2
1
4
8
11
11
5
-1
-9
-11
-11
-6
1
7
12
17
21
19
14
9
7
6
1
-5
-10
-9
-7
-6
-5
-3
-2
0
1
1
-3
-8
-13
-15
-13
-10
-7
-1
5
6
7
6
8
9
8
5
9
14
16
13
11
14
13
9
5
4
0
-5
-11
-12
-10
-10
-11
-12
-8
-5
-4
-3
-4
-3
-4
-4
-6
-9
-9
-7
-5
-3
-2
-1
1
3
3
2
0
-1
0
4
8
11
16
21
24
24
21
17
12
7
1
-5
-11
-13
-11
-7
-3
-1
-2
-6
-8
-11
-11
-9
-5
0
1
-2
-4
-4
-2
2
6
8
7
5
3
1
0
-1
-1
-1
0
2
2
3
3
0
-5
-10
-10
-8
-2
3
6
4
-3
-8
-8
-2
0
0
-1
1
-1
-5
-5
-1
5
8
8
7
6
4
2
1
0
0
2
6
9
7
6
3
0
-2
-3
-3
-3
-1
3
4
7
9
9
5
4
4
6
4
0
-4
-5
-3
-1
3
5
3
1
0
-1
1
1
-1
-4
-8
-13
-15
-15
-15
-14
-14
-17
-21
-24
-24
-22
-17
-12
-7
-4
1
8
16
21
21
21
23
24
24
23
24
24
23
18
13
8
5
1
-1
-4
-9
-13
-14
-13
-13
-10
-6
-5
-2
-3
-6
-8
-9
-7
-5
-2
0
1
1
1
2
2
7
14
17
19
17
16
18
18
12
7
4
2
-1
-6
-7
-7
-7
-8
-14
-18
-22
-23
-25
-23
-20
-16
-11
-10
-10
-10
-9
-5
-1
4
8
11
13
13
13
15
16
18
19
17
15
12
12
12
14
15
14
11
4
1
-1
-7
-9
-8
-8
-11
-15
-17
-17
-19
-19
-16
-8
0
1
1
3
3
4
8
11
10
6
5
2
-1
-4
-2
3
5
2
-3
-4
-2
-3
-3
-6
-6
-6
-7
-8
-8
-6
-5
-7
-6
-4
-8
-8
-2
-1
-2
3
8
9
9
12
11
11
15
19
18
15
12
8
5
5
1
-1
-6
-10
-11
-11
-10
-7
-4
-1
2
1
1
-2
-5
-6
-6
-2
3
7
6
4
2
4
7
11
15
21
25
21
15
10
4
-2
-7
-10
-14
-18
-20
-19
-16
-12
-10
-8
-8
-9
-9
-11
-10
-10
-10
-7
-5
-3
0
2
3
2
2
6
9
13
15
15
12
9
6
4
4
3
4
4
4
5
7
8
7
6
5
3
3
4
7
9
5
1
-4
-6
-8
-11
-10
-7
-3
1
3
4
4
4
1
-1
-2
-3
-2
-1
1
2
4
7
9
9
3
-2
-6
-10
-14
-15
-12
-4
-3
-7
-10
-11
-12
-14
-15
-12
-7
-4
-1
2
8
10
11
11
9
6
4
3
3
1
3
5
8
9
7
4
1
-3
-3
-2
0
3
4
2
-1
-3
-5
-3
2
8
11
12
10
12
15
15
12
7
5
2
0
0
0
0
-1
0
0
-1
-2
-4
-7
-8
-10
-10
-7
-4
1
2
0
-3
-7
-9
-9
-11
-14
-18
-21
-19
-16
-11
-7
-3
0
1
3
0
0
5
9
15
18
17
15
15
18
21
20
20
17
13
6
1
-4
-2
-1
-2
-1
0
-1
-3
-6
-8
-9
-9
-9
-9
-6
-3
-1
1
2
1
0
-2
-4
-3
-1
0
2
2
2
2
-1
-2
-2
-1
1
1
2
2
1
-1
-3
-3
-5
-6
-8
-8
-11
-9
-8
-6
-4
-6
-4
-5
-4
-2
-3
-3
0
-1
0
1
6
8
11
12
15
16
18
19
21
23
21
12
6
3
-1
-6
-10
-8
-5
-3
-3
-2
1
2
0
-4
-8
-13
-14
-11
-6
-2
-1
1
2
3
4
4
3
0
-5
-6
-7
-6
-3
0
3
4
4
5
4
5
4
6
9
12
10
9
10
11
13
12
10
11
8
3
-3
-7
-9
-9
-9
-6
-3
-1
5
4
4
0
-5
-10
-15
-18
-20
-17
-14
-11
-12
-15
-12
-7
-3
-3
-3
-2
-6
-10
-11
-8
-5
0
6
12
15
17
22
24
22
14
8
7
6
4
4
7
9
11
9
6
5
3
2
2
2
0
-4
-6
-5
-5
-2
-2
2
2
1
-4
-11
-18
-25
-25
-19
-13
-4
2
4
3
4
2
1
0
1
-1
0
1
2
2
3
3
3
3
1
-2
-8
-16
-18
-17
-12
-7
-3
0
1
3
6
11
15
17
19
20
20
22
20
20
18
16
13
10
7
4
1
-1
-2
-4
-6
-7
-10
-9
-9
-8
-8
-6
-3
0
1
3
5
6
7
9
7
3
-2
-5
-8
-8
-9
-9
-8
-8
-8
-5
-4
-3
-5
-7
-9
-12
-16
-19
-21
-18
-15
-9
-4
-1
-2
0
-1
1
5
7
9
9
8
7
9
13
17
22
24
22
18
12
10
8
9
6
6
4
2
1
-2
-6
-7
-8
-6
-3
-1
-4
-7
-7
-9
-8
-7
-7
-5
-3
0
1
2
3
4
6
6
6
5
2
-1
-4
-5
-7
-7
-9
-14
-14
-13
-11
-10
-8
-3
0
-2
-8
-12
-11
-14
-17
-13
-4
6
12
19
28
32
33
32
32
31
28
25
18
10
1
-4
-5
-3
0
3
3
2
-2
-3
-7
-7
-4
-2
1
2
-1
-4
-8
-12
-17
-21
-21
-19
-15
-8
-5
-2
-3
-3
-3
-3
-4
-1
1
3
4
3
3
4
4
4
4
1
-1
-1
2
1
2
3
6
0
-8
-12
-11
-7
-2
1
4
5
3
2
5
10
16
18
18
16
13
12
8
5
0
-4
-7
-9
-10
-11
-11
-9
-7
-3
-3
-3
-7
-10
-13
-16
-18
-16
-13
-9
-5
-3
1
5
10
13
14
14
15
15
14
13
7
1
1
4
9
14
16
13
8
0
-5
-9
-12
-14
-14
-12
-7
-6
-7
-5
1
7
9
7
2
-2
-7
-9
-9
-8
-4
-3
1
2
-2
-6
-7
-6
-1
2
3
6
9
12
14
11
7
1
-3
-6
-10
-11
-8
-3
0
-2
-4
-1
2
5
4
6
6
4
0
-3
-1
4
10
16
20
24
22
17
10
5
0
-3
-5
-6
-8
-9
-8
-8
-8
-9
-10
-13
-17
-20
-21
-19
-17
-14
-11
-7
-2
1
3
5
8
11
11
9
6
9
11
9
9
13
17
15
8
3
3
-1
-5
-7
-5
-2
-2
-2
2
6
7
7
7
5
3
0
-1
0
0
-1
0
0
-3
-6
-6
-6
-4
-3
-1
3
4
3
-2
-7
-9
-13
-16
-14
-10
-4
0
4
8
9
6
3
2
2
-1
-6
-8
-10
-12
-15
-16
-11
-2
4
5
8
12
15
15
15
16
17
15
15
15
11
8
10
14
13
6
0
-2
-4
-9
-14
-15
-14
-15
-14
-11
-8
-2
0
2
1
1
0
0
2
5
10
16
21
24
24
22
17
9
2
-5
-10
-15
-16
-19
-20
-22
-23
-23
-22
-20
-17
-13
-12
-10
-8
-6
-4
-2
-1
1
3
5
5
5
3
3
5
8
11
13
13
12
7
2
0
0
5
10
15
19
21
24
26
26
24
16
9
2
-5
-11
-17
-22
-22
-20
-20
-21
-20
-18
-14
-10
-7
-5
-2
4
10
15
15
11
7
5
6
9
11
11
12
10
6
0
-9
-16
-23
-26
-26
-23
-17
-13
-10
-9
-8
-8
-5
-1
5
11
16
19
20
19
19
18
15
12
9
7
4
2
-2
-6
-13
-18
-20
-19
-16
-10
-7
-5
-1
0
3
4
8
13
16
19
20
19
18
18
16
13
5
-2
-8
-13
-15
-17
-17
-16
-14
-11
-7
-3
1
7
10
13
13
13
12
12
11
8
6
1
-3
-8
-11
-14
-15
-15
-13
-9
-6
-5
-6
-7
-7
-4
0
3
5
3
2
2
1
0
0
3
7
10
10
7
2
-1
-3
-2
-1
-1
-2
-4
-9
-15
-20
-24
-23
-17
-7
6
18
25
28
27
26
22
20
17
12
8
5
2
-2
-6
-8
-12
-15
-17
-14
-13
-10
-8
-4
-1
3
9
15
20
23
23
22
18
13
9
4
-1
-6
-10
-12
-15
-15
-16
-15
-15
-17
-17
-18
-17
-12
-8
-3
1
6
9
11
11
10
8
6
4
-1
-5
-7
-7
-8
-6
-3
-2
-1
-2
-1
0
3
6
11
14
18
19
19
19
18
17
15
10
6
1
-3
-6
-8
-12
-16
-20
-25
-26
-25
-21
-18
-15
-11
-5
1
7
12
15
14
13
14
15
15
11
7
4
1
-3
-5
-4
-4
-4
-4
-4
-4
-6
-5
-3
1
0
3
6
7
5
2
0
1
1
1
-3
-5
-8
-10
-9
-6
-7
-8
-11
-10
-5
-2
0
4
14
23
27
26
25
24
20
15
9
6
4
5
3
1
-2
-4
-7
-11
-14
-15
-14
-12
-10
-10
-10
-9
-7
-5
-3
-1
1
0
1
2
2
-1
-3
-3
0
0
-1
-2
-3
-3
-1
-1
4
7
10
7
5
2
0
-1
0
1
-2
-2
-3
-3
-2
-3
1
6
9
9
10
12
14
13
4
0
-1
0
-3
-4
-3
-1
-4
-8
-10
-13
-14
-14
-11
-7
-4
-1
0
1
0
-2
-4
-2
-1
3
6
6
6
5
8
10
9
7
4
1
0
-3
-3
-4
-3
0
5
8
10
10
9
7
6
8
12
14
18
17
13
7
-1
-6
-10
-12
-12
-13
-13
-12
-11
-6
-4
-1
-1
-3
-5
-7
-7
-7
-5
-4
0
2
3
4
4
5
4
5
4
3
1
-2
-8
-15
-21
-23
-20
-15
-8
-2
0
2
3
5
7
8
10
12
12
10
10
12
15
18
18
18
15
9
4
-1
-5
-7
-7
-6
-2
0
2
2
2
3
4
6
5
6
2
-4
-8
-12
-12
-12
-12
-10
-10
-9
-10
-13
-16
-19
-20
-16
-11
-5
-2
1
2
5
9
17
22
26
26
24
21
18
14
12
9
6
3
-1
-6
-11
-14
-20
-23
-22
-18
-14
-7
3
12
15
15
14
15
12
6
0
-3
-6
-10
-11
-12
-10
-9
-8
-9
-8
-8
-5
-2
0
0
1
3
7
10
11
12
10
9
10
12
12
12
7
2
-2
-4
-9
-12
-12
-11
-12
-12
-9
-3
0
-2
2
7
14
16
20
21
22
22
17
14
10
5
1
-5
-10
-16
-18
-18
-16
-13
-10
-9
-9
-10
-10
-11
-6
0
6
10
12
14
12
11
11
11
10
6
3
0
-6
-13
-18
-21
-24
-26
-27
-26
-22
-19
-13
-5
5
12
17
20
21
18
12
8
4
3
4
7
10
13
12
9
6
1
-5
-9
-11
-11
-9
-3
2
5
7
9
11
12
12
11
7
4
4
8
11
13
8
2
-8
-15
-18
-19
-20
-21
-22
-22
-22
-17
-11
0
8
13
17
20
23
23
20
18
20
20
17
16
13
8
4
-1
-6
-10
-14
-17
-19
-19
-19
-17
-12
-9
-4
1
6
11
13
13
13
10
7
1
1
1
-2
-7
-9
-8
-6
-7
-11
-11
-10
-11
-15
-18
-19
-16
-11
-2
7
15
20
21
20
17
14
12
13
11
11
6
1
-6
-14
-21
-27
-29
-27
-23
-19
-16
-14
-8
-3
4
8
16
26
34
37
36
31
25
23
21
19
17
13
7
0
-8
-16
-22
-22
-17
-11
-4
1
3
3
3
0
-3
-7
-10
-10
-10
-9
-9
-13
-17
-22
-24
-24
-20
-15
-10
-6
-2
-1
0
5
10
14
18
18
15
10
6
6
9
13
17
21
22
21
20
18
14
10
8
4
5
3
-1
-8
-16
-22
-25
-22
-15
-11
-6
-5
-3
-7
-7
-8
-9
-8
-3
2
8
10
10
9
4
-2
-2
-1
-1
0
0
-4
-9
-13
-15
-14
-13
-10
-8
-4
2
8
13
16
18
21
26
27
25
21
15
6
1
-4
-7
-11
-17
-21
-23
-24
-24
-22
-19
-17
-9
-5
-1
4
7
14
19
24
29
31
33
31
25
17
9
4
1
-1
-2
-5
-9
-13
-18
-18
-19
-14
-6
-3
-1
-1
-1
0
1
2
2
1
1
1
-1
-5
-10
-14
-15
-14
-9
-6
-4
-4
0
1
4
7
9
8
6
2
-1
-2
-1
2
7
11
14
14
9
2
