SAMPLES:	26334
BITSPERSAMPLE:	16
CHANNELS:	1
SAMPLERATE:	16000
NORMALIZED:	FALSE
1
27
24
-2
-18
-13
-6
-27
-37
-26
-26
-39
-39
-12
17
9
-1
14
18
7
0
-8
0
15
13
19
32
26
20
21
21
27
21
8
13
13
10
28
39
43
54
50
43
44
36
16
9
11
-1
-21
-22
2
16
-4
-28
-33
-36
-47
-64
-70
-53
-33
-19
-7
-7
-9
-6
-24
-22
8
18
5
5
0
-22
-41
-32
-11
1
11
-7
-39
-40
-39
-45
-41
-31
-14
-4
1
23
25
25
45
51
43
47
53
66
70
41
20
26
38
35
15
7
17
17
4
4
-9
-13
-7
-20
-21
-17
-4
1
10
23
1
-9
-6
-9
-8
2
3
-3
-2
-4
-17
-23
-34
-39
-33
-44
-35
-19
-12
8
21
30
31
29
40
30
11
2
-10
-20
-15
-6
-4
-5
-11
-4
-8
-14
-4
3
-7
-10
-14
-29
-15
-9
-14
-12
-32
-32
-32
-21
2
-9
-18
-21
-36
-31
-8
-1
7
10
15
40
54
37
25
40
55
50
39
44
55
41
20
17
21
20
21
26
27
13
3
8
25
32
20
17
35
39
25
5
-11
-17
-45
-62
-66
-73
-62
-70
-75
-71
-87
-78
-62
-48
-24
-17
-8
12
25
16
0
19
34
36
45
55
57
51
41
21
6
7
-10
-24
-4
12
-1
-13
-25
-36
-32
-25
-5
15
15
3
0
5
-4
-22
-32
-13
2
-6
-1
7
17
13
-14
-22
-24
-9
1
5
38
44
42
63
64
55
42
36
45
48
37
29
34
28
6
-17
-21
-15
-26
-44
-46
-28
-19
-33
-44
-35
-33
-34
-11
12
15
0
-21
-19
-5
-7
-14
12
32
5
-36
-39
-20
-13
-13
-1
14
12
-3
-3
10
7
-11
-13
2
10
-1
-23
-33
-38
-44
-47
-48
-35
-29
-42
-37
-15
-5
11
31
37
46
58
63
64
63
59
59
63
62
50
36
21
12
14
26
34
37
30
21
21
22
12
-1
-9
-21
-21
-12
-10
-8
-14
-29
-29
-29
-54
-69
-68
-63
-51
-60
-76
-62
-45
-39
-41
-36
-12
-2
-25
-20
16
36
42
43
49
65
61
41
34
29
19
8
10
34
45
25
12
18
17
8
-7
-14
-14
-23
-39
-39
-34
-27
-17
-9
7
12
7
13
8
9
7
4
14
10
-1
-19
-29
-17
-19
-30
-26
-5
22
12
11
26
24
23
12
18
29
17
0
-11
-1
2
-2
-2
9
24
14
-10
-21
-23
-26
-35
-25
1
1
-12
0
0
-14
-16
-5
13
14
-1
-2
0
-14
-23
-16
-1
2
-9
-8
9
14
-1
-8
3
8
-8
-18
-10
4
9
-5
-10
5
19
7
-10
-1
4
0
-5
1
22
20
7
4
-2
-9
-14
-11
6
24
21
5
-1
10
24
22
26
45
46
43
58
64
51
31
22
30
21
-12
-22
-12
-27
-54
-71
-68
-57
-60
-60
-34
-19
-36
-51
-46
-42
-54
-62
-42
-13
0
5
12
15
9
-4
-9
2
4
3
19
32
32
24
12
18
25
7
-1
28
49
40
26
24
28
27
22
27
31
22
14
18
22
22
19
4
-15
-14
-5
-15
-20
-4
2
-20
-35
-21
-2
1
-3
0
5
-2
-16
-18
-13
-12
-11
-4
-5
-16
-28
-21
-7
-13
-30
-39
-39
-34
-27
-22
-18
-7
2
-6
-19
-20
-21
-14
5
20
38
47
35
30
39
41
38
36
31
29
23
14
16
22
26
32
38
42
38
23
7
3
-3
-21
-31
-20
-11
-10
-6
3
4
1
7
10
11
17
11
-14
-27
-19
-22
-39
-42
-28
-19
-27
-30
-17
-11
-15
-16
-5
-3
-20
-34
-22
0
3
-1
-2
-3
-2
-3
-10
-20
-28
-29
-20
-11
-13
-21
-22
-9
-3
-5
3
31
60
68
65
71
77
63
41
37
53
64
63
57
50
38
18
-9
-35
-43
-43
-51
-58
-49
-45
-57
-52
-23
-2
-11
-20
-9
-2
-13
-23
-10
4
-13
-42
-39
-23
-19
-17
-12
-7
0
18
31
43
52
49
41
42
41
35
40
53
52
27
1
-1
10
12
2
-3
-7
-16
-22
-21
-32
-55
-65
-47
-13
9
11
-3
-16
-29
-52
-63
-41
-6
9
-2
-18
-16
-12
-25
-36
-15
21
31
20
27
40
27
11
20
36
32
22
24
30
31
22
3
-4
22
56
59
46
48
41
11
-8
-4
-9
-35
-42
-21
-7
-10
-5
6
7
0
-5
1
-9
-36
-52
-55
-54
-54
-60
-52
-36
-33
-21
-16
-26
-49
-57
-30
-34
-39
-12
14
25
18
23
30
35
27
12
31
43
32
24
22
41
47
32
26
31
22
3
6
16
25
51
54
52
59
62
69
66
66
63
48
37
18
13
5
-27
-56
-82
-89
-85
-104
-90
-45
-38
-38
-41
-37
-26
-42
-52
-49
-39
-31
-31
-22
-42
-59
-37
-20
-28
-20
11
24
27
20
21
31
13
9
9
15
57
77
76
82
90
89
73
51
36
25
8
-1
-5
-16
-16
-11
-7
-1
-7
-21
-23
-17
-22
-34
-33
-27
-38
-38
-26
-17
-24
-37
-36
-32
-46
-37
-9
-5
-9
0
-3
-3
10
8
6
12
16
23
12
2
23
34
32
36
35
30
19
7
18
33
29
34
50
67
64
40
21
6
0
-11
-26
-24
-22
-24
-36
-39
-29
-33
-35
-32
-29
-33
-43
-32
-19
-23
-23
-25
-32
-18
3
-6
-10
6
11
7
21
34
36
33
26
18
23
29
24
11
1
3
6
9
11
16
2
-9
5
11
5
-16
-21
-14
-18
-22
-26
-14
2
1
-10
-17
-8
0
1
7
13
13
9
9
12
18
18
11
13
34
41
29
27
37
25
3
-2
-9
-26
-34
-37
-43
-46
-44
-42
-39
-32
-30
-34
-27
-8
0
2
-3
-11
-5
-5
1
22
16
24
36
30
25
7
-2
6
7
6
17
20
18
26
23
14
9
2
-3
-2
7
16
10
6
6
-7
-26
-31
-23
-6
8
18
27
17
0
-8
-21
-26
-17
-12
1
15
14
10
-1
-12
-9
-5
-12
-9
6
27
22
2
0
12
19
21
24
24
5
-14
-15
-5
-4
-2
2
-5
-25
-31
-28
-31
-35
-31
-16
-10
-25
-30
-22
-20
-15
-9
-7
5
6
-2
0
0
-13
-26
-27
-11
1
4
1
14
44
47
32
37
44
41
34
24
23
21
16
23
25
16
1
-12
-3
6
-4
-7
-4
-7
-8
-10
-6
-1
0
0
1
-1
-6
-11
-7
-4
-10
-7
7
16
18
14
7
-6
-12
-11
-2
4
-5
-17
-19
-17
-17
-20
-26
-31
-38
-43
-29
-11
-1
7
10
8
5
9
20
22
25
37
39
37
38
27
20
30
18
5
13
13
-19
-34
-22
-19
-31
-26
-1
16
12
6
-3
-9
-6
-14
-24
-18
-16
-38
-59
-41
-16
-4
12
36
39
22
5
5
6
4
17
30
32
34
37
47
43
12
0
4
-9
-17
-17
-17
-5
-3
-11
-25
-28
-25
-34
-37
-38
-28
-15
-15
-9
-8
-7
-17
-31
-21
-19
-3
3
-17
-14
-5
4
25
35
47
43
44
50
37
33
32
43
65
60
42
22
12
1
-28
-31
-26
-27
-22
-22
-9
-3
-7
-17
-15
-4
-19
-39
-39
-33
-27
-19
-11
-5
3
7
0
-3
7
7
10
22
19
19
7
9
5
-4
5
9
22
24
19
24
33
36
26
17
12
5
1
8
6
-5
-12
-14
-21
-39
-32
-31
-36
-28
-19
-11
-12
-13
-3
1
-7
-22
-32
-37
-27
-20
-16
-12
-13
-10
-11
-17
-12
-2
10
22
23
22
37
41
34
40
46
36
28
42
50
34
25
27
16
1
3
15
14
1
-18
-30
-29
-26
-26
-18
-1
9
5
-12
-21
-22
-35
-39
-21
0
0
-14
-11
8
8
-10
-18
-14
-15
-19
-8
11
25
25
2
-9
4
3
2
14
19
8
-10
-20
-17
-23
-35
-22
7
16
1
-12
-5
-1
-12
-10
14
39
48
41
43
47
32
17
24
34
42
43
31
25
18
2
-11
-15
-17
-16
-10
-1
1
-8
-25
-46
-56
-53
-48
-35
-19
-16
-20
-23
-26
-28
-32
-43
-38
-18
-11
-15
-6
12
20
21
22
23
19
15
12
22
38
40
41
54
50
24
4
0
13
23
13
6
8
-4
-18
-12
-6
-8
-1
18
32
27
7
-12
-22
-23
-19
-12
-7
-11
-21
-21
-16
-23
-25
-15
-4
-7
-26
-38
-30
-27
-30
-16
1
6
0
-7
-6
-2
-3
-5
4
18
27
26
27
26
19
25
50
61
45
30
28
21
4
-4
-3
-5
-10
-7
-9
-18
-18
-17
-24
-19
-3
3
1
6
2
-13
-26
-25
-15
-1
6
7
12
20
23
14
4
6
13
13
17
23
21
5
-5
-1
2
-1
4
13
13
8
3
1
-12
-29
-36
-33
-32
-41
-44
-35
-27
-29
-36
-37
-35
-30
-17
-1
2
-2
-5
-8
-8
-3
5
14
25
28
22
15
9
5
15
29
34
31
35
38
30
19
16
16
17
24
33
38
34
28
24
12
-6
-12
-9
-13
-23
-27
-26
-24
-18
-13
-24
-34
-26
-16
-19
-28
-33
-33
-27
-19
-18
-22
-15
-1
2
-1
12
27
26
15
11
9
2
-1
1
1
6
19
29
23
17
19
21
12
3
2
-1
2
10
18
17
15
12
9
8
9
13
9
7
3
-5
-16
-21
-22
-21
-16
-8
-3
-3
-3
-13
-35
-42
-25
-9
-14
-19
-11
-3
-1
0
5
4
2
-8
-19
-16
1
11
5
0
-1
-5
-10
-8
-6
-12
-15
-4
7
5
1
3
7
6
4
9
15
13
7
10
15
14
16
21
20
16
12
8
3
5
8
5
4
6
2
-6
-12
-18
-18
-14
-8
-5
0
1
1
4
10
15
20
21
12
1
3
12
11
2
0
3
1
-6
-18
-31
-31
-15
-5
-2
1
-1
-18
-31
-25
-25
-35
-29
-3
5
-9
-12
2
10
13
22
32
35
20
-5
-13
5
9
-1
0
0
-5
-4
-1
11
18
10
13
17
5
5
19
29
29
24
16
1
-7
-1
2
-1
2
8
7
2
1
8
2
-15
-24
-22
-24
-35
-46
-37
-22
-17
-15
-16
-24
-19
-17
-28
-27
-19
-23
-23
-6
2
-5
-14
-4
16
28
39
47
54
52
37
23
25
36
49
51
48
39
29
24
20
14
11
6
-3
-8
-14
-17
-16
-17
-19
-20
-11
-3
-7
-21
-23
-14
-16
-25
-19
-7
-3
-15
-23
-19
-16
-30
-35
-32
-37
-36
-18
-17
-27
-15
-1
1
0
-13
-25
-16
-10
-7
7
10
2
0
10
22
26
18
15
16
13
20
37
42
41
44
45
39
36
41
45
47
49
44
39
39
35
25
11
5
9
7
-5
-17
-29
-31
-30
-58
-90
-81
-73
-82
-92
-106
-105
-88
-88
-89
-57
-20
-2
-2
10
36
52
59
63
75
89
77
78
110
128
107
86
72
58
31
5
5
13
8
4
-14
-51
-65
-56
-43
-26
-41
-48
-34
-37
-38
-47
-30
9
5
2
10
11
16
-5
-29
-17
3
9
-17
-30
-1
3
-2
12
26
38
28
26
37
5
-32
-33
-26
-12
-12
-26
-34
-42
-33
-36
-42
-25
-24
-26
-17
-1
-2
-7
1
17
13
-7
2
33
48
43
54
62
66
66
47
39
52
68
51
29
49
56
34
17
26
40
16
8
8
-19
-31
-49
-78
-99
-120
-117
-107
-93
-79
-80
-61
-53
-74
-85
-72
-39
-27
-22
3
29
54
48
40
66
96
103
81
76
84
69
49
42
54
64
67
70
56
41
27
10
-6
-22
-31
-25
-8
9
5
-17
-24
-26
-26
-31
-48
-59
-51
-57
-73
-71
-66
-57
-53
-31
-8
-11
-22
-38
-15
7
-8
-9
-3
6
17
26
21
25
45
39
35
46
50
56
56
48
59
59
23
9
23
14
0
15
31
23
1
-4
4
-4
-23
-22
-21
-37
-56
-65
-62
-46
-22
-12
-15
-13
-16
-32
-34
-11
7
2
0
18
21
5
17
45
49
44
41
27
8
-12
-27
-24
-19
-23
-32
-27
-25
-35
-33
-12
4
10
30
46
35
18
15
9
0
2
3
8
19
30
35
19
-3
-7
-18
-28
-21
-11
1
7
7
15
25
17
15
30
38
39
35
22
13
4
-17
-47
-62
-52
-49
-57
-47
-37
-46
-49
-47
-45
-37
-26
-13
6
16
10
-5
-7
3
15
38
53
47
43
42
34
25
24
25
39
38
13
12
16
27
18
7
23
29
28
14
-2
-12
-36
-58
-51
-32
-31
-12
19
24
5
-10
-1
8
-5
-8
-2
2
5
10
13
14
17
24
16
4
-1
-23
-45
-49
-57
-45
-26
-36
-41
-27
-18
-20
-21
-12
4
23
35
15
6
16
11
-4
-4
13
35
34
24
25
34
34
20
2
-3
2
2
-1
-5
-1
1
-1
6
6
4
8
13
18
-10
-37
-35
-22
-24
-58
-69
-56
-47
-30
-19
9
25
2
10
19
5
3
-2
14
31
28
33
34
26
25
30
40
38
35
21
6
15
7
2
19
26
24
17
21
25
17
-3
-25
-29
-20
-13
-6
-4
-10
-11
-11
-28
-46
-43
-25
-23
-35
-30
-10
-13
-32
-47
-49
-35
-16
-19
-22
-10
-2
-12
-14
11
27
17
17
30
34
39
45
41
43
61
77
79
68
58
56
51
41
27
1
-24
-25
-28
-42
-54
-51
-38
-38
-37
-28
-36
-55
-64
-59
-52
-46
-46
-44
-40
-38
-43
-42
-30
-16
-10
-2
10
18
12
4
15
37
47
48
54
62
64
61
58
55
49
47
51
51
48
35
13
2
-17
-33
-27
-21
-6
27
26
4
1
-4
-26
-37
-21
2
3
-8
-5
8
4
-17
-29
-14
0
-20
-46
-45
-31
-29
-39
-48
-42
-33
-37
-52
-57
-49
-43
-33
-8
9
12
15
28
21
3
12
34
33
27
48
73
77
70
62
57
59
61
61
54
44
36
32
23
17
19
20
10
-6
-22
-36
-51
-61
-59
-46
-34
-40
-54
-55
-51
-46
-53
-73
-83
-67
-46
-35
-36
-38
-22
2
13
7
3
11
18
18
30
44
38
36
46
48
43
52
69
69
66
75
63
30
23
30
26
17
3
-10
-8
3
3
-17
-32
-36
-44
-44
-32
-30
-34
-27
-17
-18
-24
-23
-24
-26
-18
-18
-22
-16
-8
2
8
10
12
6
3
5
-6
-6
8
1
-8
9
26
12
-1
10
20
15
9
-1
-16
-21
-16
-12
-16
-8
6
3
-9
-13
-14
-18
-20
-12
-8
-6
12
10
-22
-24
4
12
6
7
34
48
29
38
53
41
25
16
25
15
19
35
27
32
27
4
-11
-17
-15
-27
-27
-14
-19
-22
-15
-3
3
-17
-21
3
5
-2
2
0
-2
-17
-19
-1
11
15
7
14
18
9
9
17
25
7
-12
-10
-12
-14
-34
-61
-41
-6
-1
-13
-11
-1
-5
-24
-29
-13
0
-7
-26
-30
-10
0
-2
10
17
12
7
-5
-10
1
6
19
33
26
14
5
4
18
23
18
26
38
39
35
31
32
32
25
15
8
-10
-23
-19
-16
-17
-13
-9
-7
-8
-15
-4
7
-11
-25
-17
-19
-38
-46
-47
-38
-34
-47
-49
-25
-8
-8
-6
3
12
8
6
23
39
31
18
14
18
22
30
49
57
45
29
27
30
26
26
28
21
15
5
-6
-7
-7
-10
-6
1
-1
-11
-14
-10
-11
-28
-33
-23
-20
-33
-48
-52
-41
-33
-25
-8
0
-9
-13
-7
-5
-13
-14
2
9
-2
-11
-7
1
1
-3
5
32
49
37
24
41
44
19
10
27
33
20
14
18
24
24
13
2
-5
-9
-20
-26
-27
-23
-19
-22
-30
-36
-37
-36
-31
-21
-11
-3
6
17
20
11
-3
-6
4
8
7
16
35
41
28
17
16
11
1
-5
7
16
7
-7
-7
2
0
-5
-2
3
1
-4
-2
5
7
4
8
14
3
-14
-17
-12
-8
-2
-2
-8
-4
-2
-17
-31
-25
-25
-22
-5
-1
-22
-30
-12
-4
-12
-4
15
18
15
18
13
-4
-11
2
9
11
21
26
9
-11
-10
-2
-3
6
24
30
18
10
12
15
15
6
4
16
24
18
8
4
-2
-17
-21
-14
-12
-21
-27
-25
-23
-25
-26
-25
-29
-28
-21
-14
-14
-19
-26
-28
-18
-3
6
11
13
10
6
3
-3
-5
6
21
30
33
36
31
27
34
39
43
48
48
38
30
23
10
2
8
17
21
21
20
15
5
-7
-12
-15
-21
-27
-29
-34
-43
-54
-59
-60
-55
-51
-52
-50
-40
-33
-29
-16
0
1
-2
-3
-2
3
12
18
22
32
44
42
27
14
11
10
2
-4
-7
-10
-10
3
12
9
9
17
22
24
29
37
41
43
45
51
55
45
23
11
12
13
2
-4
-6
-12
-19
-30
-34
-40
-50
-54
-50
-55
-74
-58
-56
-56
-46
-56
-50
-43
-25
-16
-17
-8
-4
0
8
24
27
27
37
41
41
42
52
62
66
72
72
60
44
31
14
3
-2
-4
1
0
2
9
3
-2
5
7
-7
-6
6
3
-14
-15
-2
-8
-26
-26
-18
-28
-42
-42
-40
-41
-46
-33
-27
-27
-18
-10
4
11
13
17
17
19
3
0
13
17
4
-9
0
4
-8
-16
-14
-8
-8
-8
2
11
6
1
1
2
12
18
27
54
74
77
78
70
49
23
16
23
19
13
16
12
0
-13
-28
-36
-33
-35
-51
-62
-56
-57
-73
-75
-53
-34
-35
-37
-26
-20
-27
-34
-30
-24
-24
-20
-11
5
11
5
5
23
44
42
36
56
77
65
41
42
56
50
31
29
39
41
26
12
9
12
11
6
11
24
19
0
-9
-9
-7
-5
8
19
14
-3
-22
-37
-46
-43
-33
-27
-29
-41
-51
-52
-50
-58
-68
-61
-48
-41
-42
-34
-15
5
12
16
29
45
44
23
12
18
29
29
28
34
36
25
17
19
23
22
23
30
21
4
-3
4
6
2
7
15
11
0
-5
-6
-8
-11
-16
-20
-20
-26
-36
-41
-31
-16
-4
2
5
10
20
24
20
21
25
28
29
28
19
8
8
16
19
17
18
15
-1
-20
-33
-42
-46
-53
-54
-42
-15
1
-2
-9
-13
-18
-25
-23
-10
1
2
1
0
-6
-15
-13
-1
13
15
9
5
12
19
23
31
48
58
56
47
39
36
39
38
27
20
15
7
-2
-1
-2
-11
-22
-28
-38
-39
-26
-18
-30
-44
-44
-42
-42
-30
-10
-7
-17
-27
-36
-54
-67
-55
-27
-10
-6
-3
2
-3
-11
-16
-19
-19
-5
12
20
26
34
33
30
39
46
43
49
62
62
47
42
47
46
40
40
44
42
41
41
33
23
19
14
4
-12
-21
-18
-11
-9
-13
-25
-32
-37
-44
-55
-59
-58
-55
-58
-53
-40
-22
-27
-42
-42
-30
-30
-33
-27
-18
-16
-18
-18
-14
-8
-9
-7
9
27
31
25
25
30
37
40
40
34
29
25
17
9
7
8
8
15
27
32
23
19
17
10
0
8
21
19
11
16
28
34
34
37
50
60
52
36
22
10
-9
-30
-38
-46
-59
-59
-43
-38
-58
-82
-92
-106
-124
-133
-129
-119
-104
-96
-89
-65
-30
-12
-7
21
68
93
97
104
123
137
153
160
148
128
111
86
54
28
7
-5
9
39
48
38
37
41
39
26
18
12
2
-2
6
7
-9
-20
-8
1
-5
-25
-43
-50
-57
-79
-114
-133
-109
-84
-94
-86
-46
-36
-53
-62
-58
-56
-65
-65
-47
-32
-24
-9
8
13
2
14
44
49
29
31
72
104
93
66
51
47
43
28
11
8
1
-20
-31
-32
-34
-28
-5
11
17
28
40
46
48
44
36
61
99
99
68
61
89
100
71
46
65
80
57
24
21
33
14
-19
-35
-56
-91
-134
-178
-195
-206
-233
-232
-201
-182
-185
-192
-160
-113
-78
-30
35
63
74
91
107
128
152
160
181
203
173
124
102
78
31
0
-1
6
10
2
2
36
61
46
51
79
98
94
70
76
100
76
6
-31
-6
-10
-49
-54
-40
-59
-107
-141
-127
-98
-121
-139
-99
-58
-58
-82
-81
-46
-34
-44
-41
-23
-12
-36
-66
-32
14
1
-13
26
76
69
44
58
64
43
26
18
22
37
42
31
15
-8
-8
9
16
16
14
15
36
51
24
12
48
96
87
47
56
65
44
20
23
55
42
20
47
65
31
-24
-42
-7
2
-20
-46
-61
-31
-24
-59
-65
-50
-50
-83
-98
-73
-48
-42
-63
-71
-62
-70
-61
-33
-19
-22
-34
-11
10
-6
-16
-16
-17
-14
-21
-30
-9
35
27
-10
8
47
46
24
24
42
45
45
69
100
101
79
77
98
96
66
60
81
74
42
48
77
68
46
36
23
0
-21
-60
-106
-118
-125
-129
-104
-95
-89
-77
-71
-60
-55
-60
-81
-75
-42
-38
-28
10
26
18
5
20
45
53
54
31
24
16
-22
-17
22
44
25
-13
-8
6
28
51
63
88
83
69
58
59
81
78
64
32
-14
-11
29
34
-11
-40
-30
-21
-22
-27
-28
-17
-46
-80
-94
-92
-70
-57
-38
-19
-22
-30
-53
-59
-41
-24
-7
10
5
-29
-49
-35
0
9
-16
-34
-29
-9
2
-14
-20
-2
-8
-13
-11
-21
-20
-10
21
35
27
57
89
104
85
44
56
104
152
158
110
98
97
67
47
55
67
45
35
48
15
-37
-50
-11
15
-21
-48
-19
-1
-67
-171
-196
-155
-129
-150
-155
-102
-64
-86
-121
-108
-82
-111
-110
-32
10
-28
-59
-29
24
35
13
29
72
85
81
89
98
108
105
83
72
96
136
152
150
131
105
80
81
109
96
59
44
48
14
-45
-34
-14
-29
-58
-87
-75
-47
-53
-60
-57
-69
-69
-59
-78
-115
-126
-107
-94
-87
-89
-74
-54
-58
-64
-76
-59
6
27
-20
-41
23
54
19
22
68
89
38
1
40
56
24
-3
27
75
68
33
7
24
49
37
37
42
57
89
88
61
61
84
82
44
13
20
28
21
21
4
1
14
0
-14
-5
-17
-25
-28
-63
-80
-62
-74
-108
-107
-90
-84
-96
-110
-100
-89
-101
-109
-91
-64
-41
-49
-69
-47
0
3
-12
11
47
63
74
90
103
110
110
106
104
101
112
124
108
93
106
104
71
41
37
56
53
16
2
18
13
-14
-32
-29
-20
-40
-64
-64
-68
-88
-104
-102
-93
-83
-75
-67
-76
-79
-67
-93
-99
-61
-54
-48
-23
-1
-9
-14
-3
-6
2
-2
-7
17
44
57
68
78
67
51
54
40
36
70
66
42
51
68
73
51
29
32
41
64
81
62
48
55
66
56
27
13
5
-6
-11
-23
-27
-10
-3
-30
-44
-44
-63
-80
-95
-109
-110
-102
-116
-121
-85
-49
-37
-43
-39
-25
-13
-12
-44
-38
8
38
34
10
26
43
48
44
37
45
38
25
28
43
57
47
21
22
35
28
32
43
36
30
35
39
45
38
28
44
62
42
-5
-27
-25
-22
-22
-21
-7
-21
-43
-46
-57
-64
-62
-61
-51
-45
-38
-45
-49
-27
-18
-24
-18
-7
3
-6
2
17
8
3
9
38
46
35
50
70
82
69
62
63
45
29
19
33
53
23
-3
6
-2
-22
-34
-6
32
21
-10
-45
-59
-76
-123
-116
-72
-47
-50
-61
-51
-39
-56
-71
-53
-14
-7
-11
26
30
-3
-23
-17
18
31
37
45
54
54
30
31
49
68
84
83
102
121
109
60
19
21
24
27
48
54
30
-18
-45
-32
-41
-52
-27
-5
11
16
-5
-15
-14
-9
3
31
49
19
-16
-32
-45
-67
-89
-77
-65
-84
-94
-79
-75
-96
-112
-118
-101
-72
-47
-20
13
39
30
37
68
75
54
30
41
46
45
53
45
66
87
76
76
99
108
87
69
46
28
38
44
28
-1
-15
-15
-7
2
-12
-29
-43
-35
-37
-81
-85
-71
-82
-87
-70
-53
-61
-67
-53
-39
-36
-32
-11
18
22
12
20
33
46
53
32
22
32
24
4
6
29
20
-12
-24
16
50
36
18
15
39
33
6
11
31
47
30
44
78
43
0
5
12
-21
-53
-44
-27
-37
-47
-48
-48
-37
-48
-61
-43
-29
-39
-35
-11
3
-4
-4
27
45
14
-9
9
26
25
27
40
56
50
45
40
19
15
11
19
36
28
33
38
23
-9
-48
-49
-36
-33
-64
-108
-106
-97
-99
-96
-81
-49
-2
10
-16
-11
-5
2
5
17
52
64
71
77
85
74
30
6
21
37
27
24
31
24
15
30
28
1
4
13
10
2
-2
-3
1
20
9
-15
-7
-6
-15
-25
-29
-35
-71
-91
-79
-75
-69
-43
-17
-11
-1
21
38
33
23
38
53
44
45
56
52
39
27
-4
-14
-10
-12
9
14
-6
-42
-67
-67
-78
-75
-52
-21
-18
-47
-42
-15
3
-1
-2
38
68
63
61
62
73
83
76
80
79
74
72
63
36
11
12
5
-11
-23
-54
-89
-99
-95
-97
-100
-102
-79
-54
-45
-52
-54
-24
-2
22
47
69
72
48
53
51
45
50
51
74
79
51
27
2
-31
-57
-43
-2
6
-4
-1
-8
-25
-38
-24
-6
-3
-14
-45
-49
-28
-43
-89
-90
-41
-14
-22
-14
18
26
17
32
56
72
83
85
88
91
66
42
30
13
7
28
51
46
11
-14
-7
-23
-57
-57
-46
-75
-112
-103
-59
-42
-74
-86
-62
-37
-43
-61
-47
-19
-19
-27
-19
6
42
42
36
64
80
72
66
69
66
55
54
73
84
80
68
45
29
6
-4
-28
-82
-87
-73
-65
-57
-41
-24
-14
-1
0
13
22
12
32
59
56
60
74
70
66
69
68
71
65
26
-11
-5
-26
-75
-97
-92
-65
-64
-79
-71
-60
-80
-99
-102
-106
-101
-87
-49
-20
-35
-44
-7
17
11
12
25
43
39
29
55
89
89
82
92
85
82
92
89
83
50
22
36
39
6
-38
-48
-15
-3
-23
-40
-57
-44
-32
-56
-55
-21
-2
-22
-44
-14
26
34
5
-18
-15
-33
-41
-29
-22
-6
-2
3
6
-20
-40
-44
-41
-34
-48
-37
1
-1
-3
6
31
34
20
54
81
60
15
17
56
46
31
39
42
52
52
45
46
50
48
39
36
21
5
16
37
17
-38
-66
-65
-73
-89
-72
-45
-39
-56
-82
-97
-113
-106
-101
-81
-50
-61
-53
-23
14
36
25
37
70
100
103
78
79
87
57
25
27
64
68
39
32
25
15
16
8
2
-1
-14
-30
-28
-20
-29
-45
-38
8
25
5
3
9
-14
-28
-6
10
5
1
12
21
20
-5
-14
7
20
21
0
0
31
23
-25
-41
-15
-20
-47
-47
-30
-27
-45
-55
-39
-33
-69
-102
-92
-41
-27
-49
-26
12
20
-2
23
90
82
29
11
53
71
50
62
98
105
85
69
73
63
28
21
49
53
31
18
21
26
8
-28
-21
-5
-35
-61
-81
-87
-82
-83
-64
-58
-69
-73
-70
-46
-22
-24
-42
-56
-49
-60
-80
-36
2
3
-8
-18
0
-12
-50
-57
-42
-2
22
40
69
64
51
60
86
106
77
49
72
96
79
56
66
66
47
43
45
51
42
5
-2
10
16
1
-13
6
22
14
-15
2
35
4
-24
-25
-21
-33
-52
-33
-31
-46
-55
-76
-76
-61
-54
-44
-28
-24
-36
-38
-16
1
-13
-35
-26
0
21
20
7
-3
-12
-22
-41
-37
-14
-21
-38
-32
-21
-34
-30
-2
31
46
38
45
44
29
29
48
92
102
92
94
82
64
49
42
50
47
37
38
28
-3
-16
-18
-25
-32
-30
-32
-46
-53
-47
-40
-42
-45
-52
-67
-79
-97
-92
-86
-99
-82
-63
-64
-65
-57
-30
-30
-43
-37
-13
30
34
35
65
78
86
77
68
82
89
95
101
97
84
78
87
83
69
65
65
71
54
35
36
26
25
13
-11
-23
-35
-30
-46
-47
-8
-11
-63
-119
-125
-112
-123
-117
-111
-94
-87
-103
-85
-57
-43
-36
-35
-16
1
0
-12
-23
-14
4
6
36
71
65
57
37
16
11
10
25
51
62
59
77
83
58
73
83
83
114
119
96
71
51
51
51
47
48
40
6
-29
-46
-55
-63
-60
-59
-75
-77
-58
-62
-82
-103
-123
-130
-118
-100
-83
-75
-66
-44
-35
-70
-95
-71
-32
1
32
43
17
-1
11
28
43
51
47
50
84
95
68
69
74
79
81
93
97
68
52
54
44
23
29
57
64
44
25
9
-11
-14
-13
-14
-2
14
10
-22
-47
-68
-56
-39
-30
-18
-35
-42
-58
-77
-89
-107
-100
-93
-77
-63
-74
-76
-85
-83
-62
-47
-24
-15
-4
8
28
53
51
49
50
55
71
77
92
108
112
115
103
100
100
90
84
78
71
70
55
31
22
2
-25
-30
-19
-43
-82
-85
-78
-61
-60
-70
-51
-50
-66
-89
-85
-59
-50
-39
-31
-26
-16
-16
-5
13
20
25
22
28
24
0
-11
-15
-2
18
32
46
38
6
-35
-47
-24
-14
-17
-16
-7
7
3
2
36
79
92
93
93
90
74
51
46
54
47
22
0
-7
-7
-12
-33
-41
-38
-38
-38
-35
-12
-13
-43
-55
-56
-40
-30
-32
-33
-38
-37
-39
-45
-42
-54
-61
-51
-37
-20
0
21
43
44
32
43
54
42
36
41
48
66
67
44
37
53
44
0
-30
-32
-41
-57
-55
-39
-31
-35
-29
-14
-26
-35
-19
-4
13
30
32
37
46
36
17
27
65
79
49
27
36
44
22
-11
-12
3
2
-12
-20
-17
-26
-46
-33
-3
-19
-48
-49
-50
-57
-58
-63
-59
-29
-5
-6
-13
-2
7
7
26
47
37
30
34
40
53
59
59
51
37
30
15
-2
-1
-11
-40
-49
-42
-43
-50
-34
5
28
11
-7
9
31
22
-10
-19
5
23
16
14
27
36
21
7
10
2
-14
-7
3
-4
-19
-26
-7
2
-16
-22
-17
-15
-11
-17
-35
-27
-4
-11
-34
-36
-28
-48
-75
-63
-28
-6
5
16
35
58
58
41
34
32
33
46
63
69
57
55
56
34
12
-1
-8
-12
-23
-40
-52
-71
-80
-73
-60
-39
-29
-42
-54
-59
-60
-40
-20
-11
21
54
54
53
60
55
35
35
55
62
82
96
85
68
38
19
11
14
22
4
-3
13
12
-12
-35
-43
-37
-43
-60
-50
-39
-50
-45
-28
-31
-38
-49
-50
-35
-28
-26
-31
-40
-17
0
-19
-21
7
17
15
8
13
46
57
44
59
86
67
37
43
54
40
7
8
34
25
10
5
3
6
-11
-30
-42
-47
-41
-45
-40
-22
-14
-17
-27
-27
-19
-12
-6
5
20
31
22
-1
-14
-18
-20
-12
4
4
-15
-26
-26
-37
-45
-28
-6
-5
-18
-32
-29
-9
5
0
-11
-7
5
0
3
32
35
22
30
53
78
84
68
62
67
59
48
42
43
41
40
48
40
16
8
6
-4
-13
-18
-27
-36
-45
-73
-103
-91
-75
-80
-73
-56
-36
-34
-47
-45
-42
-44
-30
-27
-26
1
22
31
43
45
42
38
24
5
-2
12
31
45
42
24
23
40
39
28
16
7
18
29
24
28
39
30
4
-11
-4
4
-6
-11
-2
3
-4
-21
-29
-19
-18
-31
-26
0
2
-15
-26
-32
-24
-22
-11
-10
-40
-43
-28
-44
-65
-52
-34
-39
-34
-22
-13
-5
0
0
5
17
45
54
46
66
61
37
41
54
72
64
54
53
39
43
49
44
23
-2
10
31
37
20
-11
-24
-26
-28
-27
-21
-18
-36
-66
-63
-45
-49
-66
-75
-47
-34
-45
-55
-70
-63
-50
-57
-40
6
32
34
40
67
76
50
31
29
45
45
49
61
39
26
9
6
16
3
-5
5
31
32
2
0
4
8
2
-17
0
5
-15
-5
19
18
-6
-13
11
17
7
-3
9
14
-21
-47
-43
-17
-1
-36
-60
-51
-36
-35
-47
-46
-35
-29
-13
-18
-25
-33
-39
-22
-8
18
26
16
17
10
16
19
21
12
10
18
14
26
30
45
69
76
82
70
42
20
13
7
8
32
38
24
32
30
26
8
-9
13
4
-8
0
-15
-24
-38
-40
-32
-23
-6
-18
-30
-35
-43
-38
-40
-54
-48
-58
-80
-74
-57
-59
-77
-76
-63
-45
-26
-23
1
23
24
28
40
48
49
49
54
51
34
34
33
27
27
37
67
75
63
43
34
46
43
37
25
25
18
-2
-6
-4
-9
-15
-9
14
25
15
14
4
-23
-27
-25
-40
-43
-30
-29
-28
-20
-25
-21
-10
-16
-22
-4
-3
-26
-41
-43
-20
-9
-5
11
6
-21
-32
-11
-6
-26
-38
-28
-3
1
-21
-23
0
8
9
15
21
20
14
16
45
72
58
47
58
50
30
20
35
44
48
54
60
71
44
21
25
29
21
6
2
-1
-3
-3
-17
-47
-63
-60
-49
-43
-44
-49
-64
-77
-68
-59
-50
-30
-34
-61
-71
-61
-62
-60
-41
-10
7
-1
9
16
-6
-18
-7
20
24
15
22
22
31
39
24
17
24
35
40
53
77
56
46
66
66
51
28
35
51
59
61
45
44
40
21
13
20
29
17
-12
-36
-47
-58
-65
-62
-51
-42
-32
-18
-29
-62
-82
-60
-50
-55
-30
-15
-6
-4
-16
-26
-23
0
25
24
19
34
22
6
15
36
39
29
43
49
38
-1
-19
-7
-14
-5
-2
-5
2
-5
-25
-30
-21
-27
-42
-28
-8
-22
-28
-12
7
28
40
62
61
22
7
-2
-8
1
19
31
33
38
35
18
9
-4
-9
2
16
19
-1
-21
-33
-42
-50
-50
-45
-34
-15
-14
-29
-36
-36
-40
-51
-50
-27
-5
10
19
13
8
6
2
18
39
36
42
53
45
31
24
25
26
30
38
39
25
3
-17
-22
-12
-6
-9
-3
12
14
0
1
14
7
-17
-18
3
11
7
10
18
9
-16
-30
-23
-6
3
2
2
7
2
-12
-17
-8
-11
-23
-17
0
-8
-39
-52
-35
-24
-40
-51
-35
-19
-29
-47
-37
-17
-14
-17
3
24
26
21
36
56
53
38
41
58
63
47
35
31
32
30
29
33
37
38
24
5
-3
-18
-20
-1
13
19
24
12
2
1
-12
-23
-14
1
-3
-26
-42
-38
-44
-53
-40
-20
-6
0
0
-7
-32
-59
-65
-55
-41
-30
-28
-18
2
6
-2
-3
-6
-7
7
15
7
-4
-9
-4
8
20
34
32
40
65
52
43
45
42
39
41
47
43
39
32
18
9
13
11
5
18
22
1
-17
-26
-20
-17
-27
-25
-23
-38
-56
-70
-66
-43
-27
-22
-12
-5
-22
-52
-62
-52
-33
0
33
41
38
37
22
5
2
9
23
28
27
33
37
33
33
25
20
30
35
15
-12
-20
-11
-13
-11
5
22
27
22
11
-5
-24
-29
-22
-12
-2
-1
7
21
10
-12
-13
-16
-23
-12
8
17
12
7
5
3
-4
-8
-13
-18
-18
-22
-19
-25
-22
-6
0
14
22
22
9
-7
-25
-43
-37
-19
-7
4
18
21
3
-7
-20
-22
0
15
14
4
11
11
-11
-10
5
14
15
23
32
24
14
17
26
33
30
16
8
17
10
-4
8
23
16
3
-4
-6
-4
-15
-34
-28
-16
-27
-35
-25
-19
-34
-43
-21
-3
-8
-4
8
1
-3
-3
-7
18
49
38
27
35
24
12
12
23
29
21
21
11
-10
-21
-31
-32
-22
-23
-11
3
1
5
7
-1
0
-5
-13
-9
-2
-3
-10
-18
-20
-13
7
28
33
28
19
8
2
4
8
3
-11
-25
-23
-15
-9
-15
-30
-34
-28
-23
-23
-30
-38
-38
-34
-25
-11
-3
-4
-1
17
24
14
23
38
36
49
63
38
15
18
28
28
28
38
44
32
20
21
35
47
43
28
10
-4
2
10
6
18
37
25
10
0
-27
-57
-66
-59
-38
-20
-20
-27
-32
-25
-36
-62
-62
-45
-31
-35
-44
-52
-62
-55
-44
-31
-4
13
16
-2
-20
-14
-16
-6
39
60
56
55
66
66
38
40
57
53
50
53
58
54
41
28
17
7
16
17
9
-3
-18
-15
-23
-21
-15
-22
-23
-39
-43
-44
-56
-57
-33
-8
-11
-15
-11
-8
-23
-47
-58
-43
-20
-4
2
4
9
5
-2
1
1
-8
-10
-15
-9
-1
-13
-7
13
30
44
43
39
47
40
27
36
53
73
75
57
57
60
46
35
36
41
37
33
26
6
-13
-10
-9
-17
-12
-9
-34
-52
-38
-36
-48
-62
-74
-70
-56
-56
-56
-50
-47
-43
-40
-42
-35
-28
-21
-13
-17
-23
-2
17
5
-8
-8
-9
-7
-5
2
14
16
2
-19
-30
-25
-7
13
28
28
22
36
50
57
69
78
78
68
76
89
88
86
74
74
67
49
57
44
18
7
9
18
-2
-22
-24
-29
-30
-50
-71
-69
-76
-84
-94
-81
-66
-78
-77
-72
-80
-79
-76
-57
-48
-50
-39
-12
21
20
-6
-3
4
10
16
34
62
72
65
53
37
37
33
14
18
35
48
50
38
33
24
18
34
41
47
62
62
53
31
4
-9
-27
-27
-11
-9
-15
-28
-29
-26
-34
-40
-34
-27
-38
-55
-53
-45
-47
-56
-45
-30
-29
-35
-30
-15
4
12
10
18
23
11
13
36
56
55
41
23
16
15
8
18
15
9
9
2
-3
-18
-29
-30
-31
-25
-16
-4
1
0
5
6
-3
1
27
48
56
68
77
62
38
35
52
61
48
30
22
25
17
-9
-18
-15
-16
-16
-15
2
-12
-29
-26
-33
-46
-64
-74
-68
-63
-70
-68
-55
-57
-59
-49
-32
-17
-8
-3
4
3
-2
2
10
14
21
35
43
28
12
12
11
1
-4
-9
-27
-25
4
20
15
12
9
1
-5
14
46
67
68
52
38
38
29
16
21
39
63
56
20
14
28
21
18
28
27
9
-14
-19
-19
-36
-44
-27
-15
-20
-24
-23
-37
-49
-48
-51
-63
-72
-62
-32
-5
0
-8
-9
1
4
-10
-12
13
35
23
-7
-15
-4
-4
-16
-11
4
8
5
10
10
19
29
10
3
31
39
24
26
25
8
0
6
29
42
38
33
30
19
6
-1
2
4
-2
-6
1
3
-5
-8
1
13
-5
-33
-31
-11
-10
-22
-24
-19
-25
-33
-27
-14
-10
-15
-27
-32
-19
-3
-1
-7
-21
-33
-39
-51
-50
-32
-23
-7
11
17
24
22
7
6
11
10
9
13
19
27
40
48
41
34
43
56
58
50
44
50
69
72
67
63
53
48
16
-5
-6
-15
-19
-36
-49
-47
-53
-51
-48
-59
-58
-62
-61
-64
-94
-87
-67
-61
-46
-40
-29
-21
-19
-10
-10
-9
-2
12
22
35
55
51
38
42
46
56
54
57
82
89
80
61
33
16
1
4
10
1
-11
-19
-27
-37
-35
-17
-1
1
-3
-10
-24
-36
-40
-41
-34
-22
-14
-8
2
-8
-47
-66
-43
-21
-18
-10
17
26
6
-9
-8
-3
8
20
28
25
0
-11
7
18
9
-3
1
9
-3
-15
-8
6
24
40
46
38
25
12
13
34
48
41
34
39
29
6
-5
0
10
13
18
24
23
20
0
-23
-28
-33
-30
-1
19
15
-7
-26
-27
-29
-32
-30
-35
-35
-35
-41
-37
-44
-59
-56
-40
-23
-22
-37
-42
-33
-35
-33
-18
-9
3
14
11
9
11
4
1
16
26
29
39
52
63
71
67
51
41
34
35
47
55
49
40
28
20
14
11
6
5
9
2
-16
-25
-16
-21
-32
-37
-40
-45
-56
-64
-68
-66
-48
-34
-33
-23
-7
-5
-8
-13
-33
-46
-38
-8
25
42
49
62
60
44
30
23
20
15
16
37
48
35
24
27
34
31
20
11
9
9
0
-7
5
21
17
5
2
-1
-12
-22
-16
-19
-29
-26
-19
-19
-14
-19
-34
-46
-44
-36
-24
-17
-21
-28
-30
-30
-25
-20
-25
-33
-27
-20
-16
-12
-7
6
20
28
28
34
34
22
12
18
20
16
23
45
57
50
34
28
27
16
5
6
18
26
23
3
-4
-4
-13
-17
-4
17
18
-1
-11
-3
-6
-17
-8
3
-6
-18
-11
0
-10
-20
-6
5
-4
-14
-25
-33
-31
-40
-45
-35
-14
6
6
-1
0
1
-8
-20
-32
-34
-27
-16
-2
12
20
20
27
30
10
-1
-1
0
8
9
10
29
32
33
45
48
45
40
22
17
26
30
30
34
32
15
-6
-9
-2
0
3
6
1
-12
-17
-10
-11
-27
-48
-54
-47
-43
-43
-40
-41
-47
-47
-32
-15
-18
-26
-17
-4
-7
-16
-18
1
26
36
27
20
27
27
14
14
32
41
40
38
34
26
17
8
2
-2
3
13
24
36
42
35
17
0
0
2
-1
0
-2
-11
-14
-7
4
10
6
1
-3
-20
-34
-33
-18
-8
-7
-11
-9
-10
-13
-14
-20
-31
-37
-34
-35
-45
-44
-31
-30
-30
-28
-15
-4
-5
7
19
23
18
13
24
29
26
21
15
23
25
16
10
18
31
32
31
33
24
9
9
16
10
0
1
3
-5
4
27
35
25
4
-3
-5
-2
-4
-13
-4
3
-2
-3
3
6
-5
-4
15
18
4
-5
-12
-24
-33
-21
-10
-13
-7
2
3
-7
-29
-38
-30
-18
-18
-23
-19
-9
-11
-11
-4
4
13
12
12
-1
-18
-15
0
22
34
43
42
27
8
-5
-3
-1
1
11
19
7
-6
-1
-1
-3
1
24
30
13
-7
-19
-22
-31
-35
-18
4
14
12
5
-12
-35
-39
-18
2
6
10
20
20
0
-18
-15
6
20
16
6
-2
-13
-25
-18
8
26
24
13
9
5
-4
-14
-12
2
17
18
2
-14
-20
-17
-10
-4
0
3
9
9
-6
-28
-31
-19
-1
14
33
50
48
27
6
0
7
21
36
37
25
11
-1
-12
-13
1
12
14
8
-6
-27
-41
-40
-32
-26
-25
-24
-21
-20
-26
-33
-38
-45
-51
-38
-15
-3
-5
1
10
10
8
21
40
52
48
40
41
57
66
53
34
42
58
43
10
1
1
-9
-19
-20
-27
-43
-56
-56
-51
-48
-44
-36
-23
-24
-37
-39
-20
-4
-3
-8
4
13
6
-8
-12
4
16
16
24
37
43
37
12
7
20
16
17
29
25
18
14
15
20
18
13
-1
-4
11
4
-10
8
19
14
6
9
17
2
-17
-5
2
-11
-22
-16
-5
-7
-12
-14
-24
-19
-27
-43
-31
-21
-11
-14
-18
-10
-15
-30
-33
-23
-34
-42
-41
-41
-31
-23
-24
-14
6
12
16
20
34
35
27
47
42
28
28
40
58
50
37
38
54
48
19
15
33
38
31
32
43
37
4
-14
-11
-17
-24
-26
-7
-16
-46
-56
-66
-60
-48
-43
-39
-35
-29
-32
-26
0
5
11
25
8
-2
9
7
-4
-1
15
42
57
33
11
16
20
8
-3
8
20
7
-3
-4
-6
-12
-27
-10
18
21
4
-15
4
14
-21
-26
6
30
11
-9
4
9
-3
-34
-26
8
6
-4
-14
-7
-19
-50
-40
-14
-4
-3
-13
6
13
-29
-40
-21
1
-2
-11
20
24
-1
-13
-11
27
51
36
27
29
35
33
12
17
34
28
27
14
-3
1
-10
-20
2
8
-16
-19
4
7
0
3
15
32
24
-19
-27
4
-1
-19
6
25
12
-7
0
16
15
-14
-15
3
0
-12
-30
-12
4
-32
-49
-38
-34
-42
-35
-13
-8
-21
-12
-26
-28
-13
-43
-28
9
9
10
14
30
29
14
3
2
19
34
36
24
21
30
23
12
20
15
15
29
8
3
15
0
1
20
33
27
15
23
15
0
0
5
14
7
-15
-2
11
-21
-25
5
5
-16
-23
-4
-9
-47
-35
-12
-15
-22
-43
-28
-21
-53
-40
-18
-31
-16
-19
-11
-4
-24
-28
-9
0
-4
-1
6
40
-1
31
19
44
17
22
68
39
17
3
74
36
27
35
15
26
2
38
1
-6
-20
4
-13
-70
2
-13
3
-43
-7
19
-25
-6
-29
0
-44
-30
19
-20
-65
12
9
-15
-23
-19
-18
-3
37
-34
1
21
45
-5
12
29
23
21
-37
40
-13
14
39
-4
52
-27
29
-10
-22
-3
-21
18
-31
-12
-16
-8
8
18
32
-52
-69
24
18
-16
-41
23
15
-38
-4
-17
-63
-1
19
-8
-17
2
46
-2
10
50
-9
-7
34
15
-39
21
26
0
16
23
18
4
73
28
0
21
55
13
-18
-29
43
-10
-22
37
28
1
-9
31
36
-31
-33
29
-44
-46
29
-47
-26
-58
-12
-16
-5
-37
-17
-8
-16
31
-47
-4
-36
-6
12
-82
10
17
-3
45
-23
39
39
-27
-7
-4
22
-14
36
-99
49
-1
-69
51
-70
94
-1
13
103
-60
31
-12
23
44
0
0
88
31
-64
94
-30
43
-26
-32
124
-101
-58
10
94
-124
-18
-39
18
85
-198
-9
51
58
-29
-95
17
95
-40
-87
40
-22
-53
50
-3
-52
6
36
128
-20
24
135
-29
10
31
-54
73
-47
28
-1
89
-15
-126
164
-78
-15
-59
-12
149
-172
18
-1
-13
-65
-16
-13
4
33
-83
45
-21
-2
70
-71
8
3
18
54
-82
-66
153
-93
-62
-11
129
-44
-79
121
40
-173
39
31
-52
-21
36
-1
-29
-4
-50
-6
64
-77
71
12
17
-48
105
23
28
-76
96
173
-94
24
75
-76
62
-5
-19
-16
97
-37
80
-162
38
-9
-115
80
-66
-134
64
-39
-130
85
19
-200
-60
95
57
-141
-108
180
47
-48
34
-34
54
101
-14
-146
109
-33
134
-94
-20
183
-104
108
70
26
-18
98
75
-67
-23
24
234
-241
23
182
-159
-5
-92
95
10
-176
18
156
-164
-187
123
22
-35
-193
32
14
-144
90
-14
-323
160
310
-326
-110
65
35
-194
-29
175
-69
-55
156
42
-178
163
345
-335
-50
413
45
-284
73
535
-290
-246
383
99
-82
60
145
-133
146
134
186
-180
-388
689
-55
-479
55
3
165
-301
-169
142
-224
-173
20
186
-241
-484
297
175
-51
-212
-15
247
-283
-185
269
-198
41
354
-641
607
-118
-159
222
143
-297
31
548
-466
-88
18
465
-28
-340
159
-157
398
51
-268
-110
382
-67
90
-202
-302
568
-99
-11
-573
350
199
-333
-86
182
203
-909
759
155
-93
-451
277
715
-508
-33
76
-1
-364
392
199
-650
-1
339
431
-652
-76
145
112
-200
327
-354
-94
101
52
-57
-371
296
-245
5
-1
92
-139
42
4
-15
-175
-31
162
143
112
-277
372
152
-337
342
69
100
145
441
-225
-188
426
-183
105
-74
94
20
48
265
-224
-333
161
-33
80
30
-283
215
14
-14
-381
-137
291
-192
-96
-421
344
-202
14
93
-275
70
166
133
-244
-184
111
216
-369
25
296
-370
89
44
89
-50
-30
60
297
-429
85
163
-184
203
-33
-125
408
1
75
-37
5
321
-191
3
328
-411
174
-20
93
81
-100
75
-92
20
124
-169
-62
-70
158
-144
-134
-12
295
-294
-101
213
-170
-242
144
65
-407
111
102
-148
-207
192
-75
-157
-32
71
82
-216
260
58
109
-29
84
281
-335
249
119
34
-323
111
313
-112
-7
214
-12
-33
-56
159
-1
-221
27
298
-276
-75
106
-25
217
-131
-161
200
36
-208
-52
94
-23
-178
-278
106
221
-55
4
-15
-43
180
112
-36
15
-16
-17
-63
-82
12
-70
-64
24
-127
-143
21
91
-74
-202
31
91
-37
-43
-34
13
145
-59
-106
230
19
-121
-90
127
151
-53
169
-223
60
145
-36
88
-96
-76
48
269
-324
266
43
97
-3
-20
401
-161
-49
131
36
-58
46
82
-38
-123
105
-123
-198
-65
87
-138
-264
2
57
-160
-13
147
-119
-112
153
-73
-181
128
132
-75
35
35
-37
60
-27
-74
77
15
-9
-20
-48
76
61
14
-50
7
-62
49
67
27
26
82
-49
60
124
-96
31
92
49
40
-101
-7
-3
-98
-69
-33
46
-11
-49
97
22
-20
61
-57
-14
45
-109
-78
-93
20
198
13
-17
-3
110
115
-159
-106
3
25
-20
-1
-35
-151
19
102
-46
-121
26
89
46
35
37
27
-94
34
49
-36
2
23
47
24
-7
-33
-4
-13
141
-65
-55
80
-12
-39
33
90
27
-114
36
128
106
-6
-55
64
130
49
-68
-76
52
36
-94
-142
-65
-48
-14
37
-14
-47
-67
24
-76
-21
-141
-54
39
-45
-36
-154
-51
81
-66
-31
78
34
-60
-77
30
20
-106
-28
163
17
-37
78
34
-92
106
212
-57
48
140
159
74
-26
41
102
93
63
60
63
63
123
39
-54
-72
-7
19
-49
-76
-20
1
-46
-55
-38
-2
-45
-96
12
-27
-103
-45
-102
-123
-16
30
-120
-120
31
-48
-86
-114
-98
19
56
-81
-96
123
58
-22
28
56
-39
-29
193
44
-64
64
113
89
21
-39
-4
74
3
10
13
51
58
2
89
62
56
-3
13
134
44
-13
6
31
10
-10
-59
30
97
-36
-20
30
-67
-115
75
-1
-35
-61
-54
5
-74
29
-43
-101
-21
-27
-35
-67
-61
-38
48
-81
-124
-48
46
66
-97
-15
21
-23
-39
-27
-27
9
132
66
84
63
0
37
94
34
-37
35
22
7
4
-96
9
-6
-10
55
68
23
-19
-6
5
-4
-57
11
-42
-41
-7
28
9
-40
-18
-5
8
-43
-105
7
-40
-98
-21
-3
-57
-3
33
-22
-17
30
107
40
-71
5
44
33
43
28
36
63
74
84
35
60
124
71
27
39
91
35
-45
21
50
-29
-70
35
25
-61
-93
-72
43
-34
-93
-24
-79
-73
-69
-54
-35
-71
34
18
-60
-21
-71
-3
75
35
-8
-86
20
64
-66
-35
53
52
5
55
52
-39
58
87
23
20
-34
-2
35
-13
-5
16
50
-5
9
95
-54
-47
56
21
32
-63
-83
-71
-103
-7
24
45
80
39
14
-25
-40
-29
-7
86
68
10
32
-58
-64
42
38
42
62
65
33
7
-67
9
36
-32
44
7
-1
-55
-46
-89
-60
-155
-58
6
-24
-60
-130
-23
-147
-127
-127
-159
-3
13
-1
-58
56
35
46
43
4
78
25
40
63
147
77
46
48
113
208
111
86
127
268
78
102
99
122
101
39
175
98
-34
-1
68
41
11
-48
75
-19
-75
-159
-149
-68
-115
-112
-38
-142
-159
-94
-234
-321
-163
-81
-175
-274
-168
-68
-211
-303
-177
-106
-101
-52
-50
-32
-17
-96
-101
-21
48
92
50
75
200
211
195
226
235
271
260
237
326
331
208
213
334
335
220
183
203
174
143
113
87
101
84
42
29
15
-35
-143
-179
-134
-202
-260
-230
-268
-287
-293
-350
-381
-399
-398
-397
-285
-216
-586
-666
-190
-158
-335
-268
-209
44
84
-66
61
7
83
294
93
77
343
430
460
266
353
760
414
305
477
398
439
341
409
354
354
398
339
126
-10
264
31
-107
-60
60
10
-262
-123
-326
-225
-194
-250
-260
-388
-372
-418
-331
-667
-569
-464
-359
-424
-369
-492
-466
-276
-457
-274
-345
-96
-5
-144
-106
-170
148
88
169
191
344
493
426
413
305
537
516
393
502
638
493
417
302
474
534
362
254
308
375
189
110
108
2
-93
-11
50
-111
-187
-228
-75
-336
-290
-365
-309
-336
-382
-457
-374
-559
-454
-195
-526
-550
-373
-431
-319
-204
-498
-166
-311
-274
-21
-149
-4
-109
216
158
91
229
231
436
241
325
336
398
447
417
502
425
438
386
491
408
395
177
138
361
57
60
37
197
209
-108
-201
8
-76
-321
-123
-236
-251
-428
-180
-144
-485
-265
-95
-317
-468
-409
-265
-398
-113
-292
-290
-58
-234
56
-278
-261
-127
3
-30
-176
-88
130
188
18
167
229
157
189
339
203
207
382
403
288
57
404
351
266
209
157
330
205
317
190
198
-18
81
186
-230
100
8
-110
-87
4
-58
-357
-6
-95
-278
-278
-123
-185
-505
-412
-151
-81
-533
-258
-26
-247
-277
-250
-130
-131
-2
-245
-144
80
171
80
-268
-100
329
187
89
79
301
378
229
242
338
113
169
514
208
115
-9
357
435
-50
227
225
158
-121
233
69
-204
-102
-78
19
-281
-308
123
-66
-432
-307
-66
90
-446
-375
-65
-91
-142
-91
-166
-405
-10
-12
-57
-261
-268
226
-91
-161
-119
175
-64
189
-22
67
121
181
133
-153
399
228
142
-170
301
563
-284
169
292
345
-24
37
305
122
58
-106
276
-84
4
-87
-125
117
-218
-74
120
17
-163
-13
-118
16
-68
-158
-75
-65
-221
-97
97
-157
-395
48
-51
169
-232
-119
62
176
-247
-153
13
-67
69
-62
-67
61
-257
193
-3
-236
252
88
16
-47
-41
209
-9
-107
136
182
-19
16
113
212
190
97
99
99
184
247
-36
-269
212
213
-141
-79
30
165
114
-32
-383
-41
205
-57
-112
-329
81
131
-102
-341
-242
178
11
-68
-459
-20
328
-245
-308
25
170
-34
143
-10
-148
-69
345
100
-426
481
115
-66
48
66
248
-206
17
-25
33
27
399
-100
-192
-46
-5
86
-35
-58
164
128
-382
-60
50
115
-19
-115
106
87
-18
-217
484
-201
-330
108
-19
85
-220
245
-251
-1
170
-18
173
-464
211
299
78
-296
18
379
-226
-170
105
397
-283
-259
90
43
-126
12
97
-146
-190
-153
148
125
-313
233
-64
-114
-283
333
252
-332
-1
509
-521
-282
435
722
-388
-277
176
294
95
-120
174
-6
104
85
-124
24
9
47
-65
210
56
-178
-199
40
81
-124
-105
-80
51
-352
145
279
-428
-335
-41
188
-64
205
45
-186
-180
108
493
-363
45
224
-172
-54
-8
215
43
244
-86
-454
146
526
416
-613
-390
470
47
73
-129
-168
-60
327
-11
-236
-163
327
84
269
-20
-476
84
218
305
-287
47
95
33
-310
-12
281
-470
393
14
0
-290
-100
432
136
-697
-649
728
133
-150
-494
-52
428
-92
-140
-323
283
184
-96
-309
-426
367
90
-114
-321
69
318
-172
-34
104
-237
298
255
-35
-508
521
356
-280
-118
100
629
-267
-200
181
240
212
29
30
-385
620
-278
-277
-49
11
239
-203
-289
238
91
-108
-123
22
-77
222
-282
-456
180
205
268
-204
-22
261
-177
56
110
175
-209
-37
331
-201
95
-206
90
386
-365
167
-174
8
101
-121
423
-484
-231
220
53
-40
-455
26
440
-97
-728
186
465
-155
166
-209
-93
213
-50
367
-167
-310
595
269
-286
-270
0
404
372
-263
-237
86
-17
192
-89
-167
216
-146
-197
34
-394
-227
242
97
-80
-361
-9
246
-155
21
-61
-84
-224
311
363
-457
75
607
-123
-594
320
227
21
132
77
-756
561
151
303
-380
-130
618
-338
-204
153
404
-222
-158
-149
-147
520
-510
435
-33
-714
596
-360
-359
457
-191
-56
173
-308
-16
237
-98
-156
-11
59
219
-162
-69
287
103
-680
2
482
-460
409
-253
221
145
-362
231
239
-558
42
225
130
-72
-108
273
300
-599
443
275
46
-85
135
-62
387
-159
-135
418
-25
-30
-515
731
146
-418
251
74
-97
-754
1073
-517
-474
755
-395
229
-869
93
436
-453
-115
108
-181
-444
240
481
-605
-291
8
435
-417
-442
435
-35
-57
-354
110
46
78
160
-359
382
-104
-195
113
-181
461
49
-938
848
67
-357
-60
670
254
-457
-168
345
814
-951
390
513
-104
52
37
549
-594
330
-364
840
18
-527
780
-628
358
-316
340
-172
-438
229
-95
-146
-566
85
233
42
-397
-785
552
-276
374
-161
-338
-236
471
170
-664
-278
522
303
-586
-127
580
-175
-323
446
597
-157
-150
465
158
-624
217
730
-222
-292
454
719
-167
-573
362
485
-499
-34
476
-251
-97
-306
344
36
-346
351
-441
262
28
-210
-341
-54
502
-543
-18
-149
148
-273
-29
-67
-565
511
-305
386
-414
94
474
-701
360
-375
240
-258
-117
143
44
301
8
303
-208
926
-710
-180
26
306
166
-371
666
-301
353
-32
386
169
-444
400
-121
188
-398
99
192
-168
77
-16
51
20
-217
163
93
-340
-441
119
-236
-210
-66
185
209
-121
-68
-318
157
414
-241
134
-534
481
94
-237
-276
294
522
-407
-14
-28
476
-483
-334
335
-193
225
-50
276
-370
117
83
-256
191
17
425
-831
-171
462
171
-109
-576
359
139
271
39
98
160
331
-88
-295
135
22
368
-239
231
-638
223
375
-229
48
-173
124
-345
-321
-87
-123
-111
-156
260
-300
-345
181
427
-261
-266
360
78
18
-217
314
333
-723
-70
625
22
-526
190
938
186
-330
-161
512
396
-559
-88
199
35
99
167
26
-222
84
150
49
-378
116
226
-237
-210
-106
14
-787
167
231
-307
-267
33
326
232
-219
-48
240
-153
19
-415
-282
-17
118
467
49
-194
77
250
305
-201
-72
164
202
204
-243
-401
74
496
-49
-385
-56
86
540
-22
18
-320
93
36
-22
-5
-26
10
-191
292
120
-277
-127
421
265
-499
-82
-73
132
70
-358
-303
-141
225
78
-237
-247
98
112
-72
-262
-377
164
380
-116
-259
375
-104
-378
89
143
228
-191
285
268
-120
-105
-189
426
254
351
347
-149
-90
212
258
-195
-74
12
159
117
-219
12
434
19
-428
124
-205
-141
196
-211
-180
-81
50
-198
-202
-113
103
204
-454
-185
117
54
-169
-158
232
89
-291
-119
417
170
-4
-148
146
-164
-37
-5
174
209
142
140
-235
127
-166
205
262
-316
62
188
49
-270
152
-44
-265
-342
-321
56
-132
33
-186
26
-301
-133
163
-185
133
24
307
-251
-240
268
54
-245
67
263
186
-177
-77
361
66
-95
138
23
110
97
8
171
53
-159
-3
113
-177
-88
215
40
11
-57
185
230
-95
47
-80
-57
-89
-173
215
262
78
32
98
81
195
-35
292
275
-244
-61
-265
-179
-31
24
-293
-43
-68
-45
-459
-330
-218
-322
-389
-377
-350
-430
-511
-411
-725
-802
-699
-560
-472
-403
-124
-314
-517
-307
45
78
-343
-117
31
-538
-611
130
436
294
465
565
459
444
598
704
795
812
939
1072
1063
1426
1510
1392
1333
1097
1232
1417
1544
1745
1709
1411
1114
1288
1578
1581
1406
1155
1017
532
80
85
-160
-424
-608
-888
-1053
-1294
-1394
-1493
-2082
-2266
-2332
-2757
-2769
-3041
-3058
-2737
-2861
-2929
-3027
-2746
-2504
-2387
-1928
-1914
-1994
-1674
-1442
-1491
-1341
-742
-310
-468
-505
-453
-282
55
-292
-246
350
823
1438
1943
2131
1983
2020
1967
1991
2201
2028
2248
2689
2942
2914
2953
3748
3931
3756
4326
4755
5037
5256
5601
6074
5582
4266
3046
2052
1164
370
-494
-832
-744
-1224
-1610
-1368
-869
-360
-770
-2364
-3798
-4558
-5055
-5377
-5889
-6121
-5371
-4730
-4792
-4425
-3167
-1754
-1239
-1954
-2756
-2776
-2582
-2913
-3575
-3544
-2819
-2906
-3795
-4021
-3495
-2658
-1904
-1796
-1713
-1190
-857
-661
-316
212
1005
1459
1407
1828
2765
3568
3846
3528
3199
3242
3201
2822
2583
2996
4247
4864
4799
5635
6690
7428
8127
9099
10028
10626
9930
7847
5671
3804
3277
1732
-605
-1582
-2263
-2249
-2829
-3225
-2069
-980
-1842
-4984
-7883
-8885
-8138
-7806
-8148
-7422
-5938
-4375
-3340
-2201
501
3612
4649
3496
1167
-734
-1409
-2793
-4809
-5635
-5684
-5804
-6051
-5703
-3798
-1504
-745
-1633
-3127
-4148
-4599
-4674
-3879
-2519
-1707
-1500
-994
139
1493
3031
4481
4698
3608
2544
2103
2026
2388
2977
3054
2518
1940
2004
3229
5239
6846
7976
9128
9708
9941
11394
13868
14425
11833
8048
5323
3661
1749
-715
-3118
-3960
-4514
-6165
-7726
-6987
-3854
-2793
-4656
-7772
-9955
-10214
-9914
-9134
-8485
-6413
-3448
-1771
-870
899
4951
8394
8488
6180
4350
3467
770
-3703
-6979
-7914
-8628
-10205
-11060
-9608
-6361
-3455
-2432
-2796
-2657
-2020
-2966
-5441
-6447
-4692
-2424
-1467
-950
699
3346
5371
5608
5082
5127
5007
3879
2346
1484
1440
1895
2148
1965
2361
4364
6499
6606
7066
9367
11723
12105
12361
15776
18226
16330
10857
5210
3206
2448
-1384
-6873
-8572
-7333
-7255
-9374
-10201
-5676
-1598
-3248
-8569
-12987
-11836
-9177
-9669
-10218
-7705
-3361
-906
-348
1291
7169
13078
12980
9226
5166
4010
4143
1529
-3807
-8396
-10778
-13377
-15278
-14831
-10518
-5652
-3897
-4032
-4211
-2281
-465
-379
-1996
-3973
-5003
-5745
-4801
-1581
3172
6876
7486
5703
3594
3145
3531
3241
2347
1412
180
-1056
-1395
13
2947
6079
8520
9434
9400
10800
14046
15925
18208
23172
24015
17919
9217
3176
2129
809
-4156
-9110
-10611
-9569
-9495
-10641
-8394
-1444
2187
-2194
-10220
-15472
-13341
-9255
-8314
-7740
-5327
-1039
1277
1097
3705
11060
16772
14565
7525
1889
1366
2009
-921
-4351
-7761
-11692
-15117
-17112
-14319
-7811
-2874
-2300
-3523
-3717
-2383
-460
-217
148
-433
-3837
-7119
-7926
-3977
2891
7036
6810
4880
2967
1817
857
-582
-319
435
-773
-2626
-3514
-1505
3686
8333
9905
9390
9508
12309
15425
17943
23260
27893
24279
13529
2449
-2741
-2400
-4638
-10308
-12905
-11674
-9317
-8709
-7934
-1354
5684
4715
-2800
-11496
-14233
-10009
-6809
-6226
-4561
-1551
1467
2148
2177
6435
12206
12938
7730
620
-2784
-1693
-1368
-3327
-5205
-7039
-9105
-11006
-11052
-7028
-2139
-465
-1357
-2943
-3040
-1669
-938
-199
250
-1404
-4155
-6032
-4628
402
4694
5930
5445
3635
1516
-63
-1377
-1038
15
-1211
-3262
-4000
-2739
1474
6278
8843
9209
8784
10434
13133
13852
16202
20939
20611
12674
1577
-6272
-6740
-5946
-9452
-11451
-9729
-7703
-6253
-5731
-1773
5924
7225
543
-8178
-14281
-12544
-7514
-5996
-4317
-1044
1770
3298
2396
3960
10165
12312
7365
612
-4248
-4266
-2070
-2821
-3849
-4495
-7383
-10120
-11188
-8355
-1765
1046
-748
-3091
-4348
-2367
-585
-591
907
42
-4299
-7165
-6587
-1260
5037
6650
5455
3263
345
-1453
-2453
-2533
-1268
-1374
-3513
-4898
-3069
2875
8962
11255
11429
11408
12139
13863
14988
18147
23568
21237
9696
-2435
-8334
-7372
-7226
-11014
-12662
-8982
-6169
-4542
-2023
2466
9652
7898
-2022
-11459
-16258
-12239
-6998
-5419
-3504
674
3780
3779
2412
4153
10164
10573
2880
-4865
-7384
-4438
-2128
-3460
-3034
-686
-2244
-7249
-9749
-5777
455
1580
-2053
-4872
-4139
-2368
-2394
-2195
333
1904
-1010
-5643
-6119
-1396
3774
5415
4038
2213
866
-1318
-4260
-5093
-3394
-2422
-3467
-4253
-1675
4599
10343
12148
11638
11530
12226
12423
12013
14840
20790
20250
9194
-3818
-10341
-9159
-7239
-10248
-11983
-8055
-3243
-1063
-1219
1451
8278
9103
234
-10253
-15125
-11697
-5723
-4175
-3544
110
3636
3672
1538
2626
7499
8385
1899
-5739
-8161
-4922
-1005
-584
-882
787
588
-3852
-7726
-5853
-996
125
-2865
-5620
-5634
-3578
-2431
-2206
-256
1389
-511
-3967
-4760
-1305
3284
4537
2228
-472
-1489
-1693
-2993
-4075
-2739
-1545
-2747
-3552
-879
5196
10831
12509
11875
11295
11547
12207
11584
13009
18762
19963
10756
-2239
-10695
-10988
-7690
-8987
-12169
-10016
-4509
-322
1021
2710
8772
11369
2832
-9665
-17306
-15328
-6709
-2602
-2791
-409
2703
3741
2006
876
4740
7105
2107
-5214
-8824
-5670
973
3418
1923
1250
785
-1590
-4851
-4943
-832
366
-4403
-8563
-8754
-6018
-2916
-2462
-1761
78
-1216
-3658
-3012
939
5399
5642
2473
-106
-1981
-2920
-2988
-3271
-2808
-2221
-2681
-1978
1203
5984
10854
13058
12511
11840
11949
12710
12750
13560
18580
20010
9907
-4450
-13366
-12439
-6953
-7660
-10567
-7917
-3280
29
866
2423
8632
10364
1056
-11307
-18120
-14711
-5127
-503
-716
734
2205
1493
-471
-914
3722
7074
1561
-6093
-7723
-2820
3801
4637
1437
498
-395
-3807
-6582
-4642
426
457
-5799
-10478
-10035
-6847
-4380
-3578
-1234
1726
98
-3412
-2154
3042
6686
5023
219
-2352
-2675
-3042
-3480
-3483
-1720
-410
-2251
-2818
788
6448
11790
13359
11390
10703
12557
13339
12004
14034
19230
17226
4742
-9598
-15202
-10023
-5123
-6867
-7729
-3997
-133
522
-435
2816
8883
7460
-3280
-14405
-17753
-11188
-2228
349
-353
755
861
-1592
-3462
-1053
5430
7590
479
-7042
-6633
-610
4295
3405
301
7
-1741
-6211
-6201
-858
3164
519
-7243
-11388
-8543
-4950
-3882
-2272
1286
3044
-35
-3309
-603
5649
8259
4766
-538
-2362
-1575
-1915
-2895
-2580
-1151
-814
-3100
-4019
242
6960
12188
13088
11018
11918
14347
13906
14736
17744
15779
5696
-8185
-16026
-12099
-5342
-4975
-6575
-4221
195
1559
-886
140
6801
8202
-1116
-12792
-17494
-11998
-2428
1367
386
372
205
-1650
-3966
-3429
2836
8064
4396
-3225
-5934
-1954
2927
2427
-1166
-2270
-1471
-2390
-4192
-2466
1678
1661
-4195
-10363
-10786
-6924
-4574
-2867
796
3122
1571
-1518
-1691
2360
5770
4415
363
-1986
-1707
-1702
-2702
-2569
-1265
-842
-2363
-3349
-237
5960
11287
12968
11985
12809
15163
15013
15094
17335
14714
4284
-7758
-13687
-9851
-3760
-3810
-4640
-1770
647
34
-2997
-2365
4311
6177
-1635
-11336
-15455
-10467
-2260
-1
-1464
-1402
-825
-1854
-4327
-3623
3107
8445
5752
-913
-4616
-2720
340
-884
-3012
-2016
-338
-645
-2824
-2862
173
-188
-4818
-8741
-9846
-7387
-4006
-1988
1307
4367
3032
-634
-1850
1065
4511
3958
1029
-592
-1027
-1757
-3653
-4954
-2856
-31
-49
-558
1333
5622
10156
12114
13374
15218
14669
14269
16779
15541
6146
-5693
-12334
-10003
-4571
-3943
-4759
-1835
2436
2690
-539
-2136
1127
3703
-1185
-8226
-12097
-9202
-1558
1213
-1034
-3092
-2937
-2627
-4400
-4801
804
8123
8530
2989
-1877
-2138
-392
-2173
-5538
-5227
-1885
462
-174
-1171
-101
-614
-4588
-8113
-8567
-6271
-3622
-2135
170
3316
3871
1464
-539
-60
1425
1499
772
634
528
-591
-3330
-6246
-6023
-3140
-1153
441
3132
6437
9514
11821
13929
15846
15914
15145
16734
13870
2407
-8882
-13046
-7652
-1190
-2339
-4485
-1953
2287
2843
-361
-1791
650
1531
-4362
-10894
-12309
-7347
660
1626
-2489
-5513
-5461
-3745
-3861
-2546
2235
7861
7643
2781
356
812
1471
-2042
-6540
-6798
-3165
1783
3769
2149
-331
-3838
-8909
-10845
-8124
-4643
-2389
-1338
-40
1917
2286
1567
2287
3075
1963
-629
-2201
-375
1660
139
-3302
-5896
-5982
-3992
-1620
2119
7303
10471
10662
11030
13311
15225
15509
16721
17128
9843
-3504
-12738
-11773
-3372
1588
-1907
-4162
-869
1708
967
-1534
-947
2348
-722
-9304
-14984
-13501
-3880
4553
2725
-3212
-6202
-5778
-3969
-3366
-541
6151
8862
4819
-169
-1953
-49
930
-2626
-5875
-5587
-2851
1536
3055
734
-1567
-5473
-9949
-9872
-6768
-3353
-420
831
1676
2132
788
40
1616
3204
2483
-249
-1544
249
557
-2973
-5836
-5501
-3978
-2777
-584
4306
9674
11887
11336
11883
14627
15840
16074
17155
12485
334
-10533
-13076
-6650
-253
-1650
-3865
-1256
2055
2797
578
-297
2832
2095
-6218
-14121
-14979
-7737
1679
3738
-259
-3156
-4230
-4298
-4131
-2645
3461
8764
6715
1684
-1076
-946
-650
-3714
-6763
-5073
-1348
170
-471
-686
-560
-3347
-7597
-8155
-5133
-1834
147
920
2375
3478
1334
-1030
-426
1540
2496
741
-748
578
369
-2829
-6603
-8702
-6287
-2199
365
3830
7844
10689
12679
13811
14517
15253
16936
16653
8132
-4962
-12536
-10995
-3862
335
-1715
-2712
184
1767
458
-669
857
2786
-328
-7580
-12422
-11434
-5173
986
992
-2682
-5209
-6025
-4889
-2830
95
5521
8978
6319
1830
-588
-1008
-1333
-4501
-7546
-5703
-1960
607
1886
396
-2474
-5321
-8298
-7849
-3841
-937
276
1682
3879
4841
2249
-268
1385
4133
3443
301
-817
825
1168
-2400
-7505
-9113
-6418
-3214
124
5241
10356
13187
14213
15112
15772
16505
18030
14892
3201
-9266
-13317
-7761
388
1897
-1852
-2734
-330
602
-1207
-2346
-326
559
-4107
-11061
-14295
-10666
-2537
2274
-28
-4568
-6432
-5459
-3803
-2293
1348
6723
8568
4879
38
-1231
-189
-1893
-6293
-8434
-5936
-1250
1025
-228
-2351
-4836
-7573
-7702
-4756
-1300
1083
2056
2901
4458
4398
2427
2129
4112
5033
2934
-230
-1082
2
-633
-4242
-8133
-8448
-4743
-462
3219
7357
10922
13672
15504
15035
15654
19496
18486
6985
-7738
-14551
-9392
-1
2602
-579
-1616
148
620
-1594
-3051
-632
543
-4551
-11853
-15433
-11377
-1781
3536
1129
-3499
-6370
-6188
-4610
-3014
1511
7300
7826
3523
210
1
265
-2022
-5913
-7476
-5209
-1679
-162
-881
-2285
-4900
-8380
-8631
-4724
-463
2373
3645
3582
4002
4166
2464
1766
3807
5402
3879
489
-1014
42
-336
-3844
-7901
-9431
-6817
-2263
1519
5549
9143
10910
13196
15312
16349
19095
18390
7776
-5976
-13077
-9730
-85
4364
1080
-1270
136
1657
684
-1649
-872
1021
-3083
-11026
-15052
-11867
-3576
1513
-1176
-5239
-6151
-5162
-3141
-969
2623
7526
7964
2933
-1390
-1608
330
-29
-3909
-6639
-5731
-4313
-4121
-4091
-4300
-5632
-7809
-8607
-5718
-785
2295
3061
4052
5532
5124
3105
3005
5926
7993
5496
657
-1706
-1215
-1224
-3854
-7014
-6860
-4031
-1321
1828
5411
8511
12259
14554
14126
16232
18794
12791
332
-9220
-9764
-2119
3349
1348
-778
455
1500
376
-1655
-737
1840
-913
-8261
-13349
-12943
-7125
-1120
-1079
-4563
-6945
-7199
-5009
-2237
1010
6455
9467
6316
1443
-861
-660
-422
-2195
-4228
-4301
-4131
-5629
-6592
-5242
-5145
-8574
-11154
-9221
-4813
-1388
-125
1275
4691
6277
3504
1796
5381
10539
11286
7110
2919
911
-1019
-3913
-6496
-6062
-2640
-613
-336
2134
7014
12190
15120
14743
15644
17472
11639
-377
-7857
-5935
2217
6401
1789
-2227
-672
756
-650
-2448
-684
3088
851
-7315
-13081
-12686
-7398
-2347
-2699
-5335
-6002
-5958
-4993
-2388
1145
5548
7296
4004
194
-415
987
828
-1922
-3703
-3282
-2981
-4216
-6162
-6476
-6539
-8963
-10781
-9232
-5321
-1932
-1651
-1205
2698
5680
4698
3135
4683
8976
11027
8413
5424
3824
1090
-3013
-6913
-7209
-2849
500
1031
2652
5942
9907
12549
13020
15414
16499
7736
-4901
-9488
-4510
4382
7341
2244
-266
1162
11
-2160
-2955
-628
3055
-78
-8028
-12559
-11506
-5288
-808
-2661
-4701
-5111
-5352
-3774
-1134
3081
8004
7461
1757
-1880
-909
1166
400
-1871
-1469
-435
-2477
-5385
-6868
-7098
-7592
-10009
-11055
-7780
-3712
-2394
-3296
-2403
1702
4111
3402
3189
4726
7221
8524
7508
6181
5377
3108
-2028
-6516
-5398
-859
1901
2479
3696
7644
11704
12527
13710
15879
10770
-2053
-11569
-9475
1973
9395
5294
405
1227
1499
-807
-2897
-1387
3000
1507
-6884
-12768
-12173
-6375
-552
-1546
-5728
-6448
-5293
-3516
-1026
1567
6109
9068
5710
1280
31
202
105
-2117
-4195
-2911
-1575
-2837
-5202
-6846
-7539
-9063
-10387
-8272
-4180
-2406
-3847
-4795
-2575
137
558
638
3517
7762
9158
7730
6476
6133
5098
1227
-3946
-5042
-1615
1678
3549
4846
6478
9655
11722
12876
16518
15253
3907
-7575
-10521
-3288
6764
7181
1792
300
33
-1115
-2314
-2455
1393
3141
-3301
-10784
-13404
-10646
-3617
-233
-3112
-4940
-4620
-3955
-1721
666
4386
9242
8232
2716
555
1347
1366
-1092
-4702
-4452
-1223
-883
-2849
-4805
-7705
-10668
-12153
-10572
-5169
-728
-1096
-2842
-1887
560
465
-1474
-426
3522
5951
5257
4580
6457
7714
4495
-2119
-6472
-4541
-599
1646
4064
6453
8969
11055
11199
14229
17889
11184
-2665
-11224
-8687
2138
8418
3930
-559
-190
-349
-1910
-3643
-2169
2868
1420
-7391
-12958
-12358
-6883
-1357
-2304
-4554
-3149
-1817
-965
89
2255
7515
9798
5087
868
1041
2245
1302
-2770
-4710
-1616
-290
-2763
-5250
-7405
-8707
-9329
-9392
-6416
-2321
-1398
-3016
-3071
356
2954
1364
-694
571
3721
4796
3661
3743
4853
4093
-221
-6070
-7047
-2237
1827
3077
3792
5360
8830
11775
13227
16927
17344
6813
-6364
-10861
-4149
6842
8480
1840
-923
-558
-1408
-3087
-4261
-1124
1645
-3912
-11525
-13468
-10204
-4308
-1778
-4141
-5084
-3663
-1972
364
2292
5653
10179
9043
3489
629
1322
2406
-299
-4928
-4844
-1761
-158
-586
-3825
-7424
-9361
-11241
-9882
-4380
-1564
-2136
-2246
-1231
1628
3118
819
441
3054
4352
4038
3097
3378
4333
1878
-3255
-6961
-6441
-2163
1315
2567
4165
7216
10382
11567
13505
18180
17134
5898
-5631
-7708
219
9126
8056
1176
-1262
-1113
-1666
-2715
-3873
-1710
-659
-7041
-13509
-14370
-10733
-4178
-1803
-4848
-6121
-5067
-3078
40
2556
6292
10167
8360
4074
2759
2706
2409
-137
-4279
-4321
-1744
-800
-1284
-3826
-6990
-9473
-10998
-7919
-2679
-775
-1102
-2074
-1581
1172
1755
490
1716
4556
5789
4507
3410
4693
4815
932
-4132
-7085
-5906
-1785
802
1959
4072
6180
7920
9440
12600
18369
17956
6583
-5302
-7896
-660
8173
7833
1374
-1236
-918
-1584
-2987
-4313
-3133
-1638
-5619
-12087
-14597
-11450
-4733
-1321
-3553
-5301
-4587
-2846
-630
1784
6068
10254
9332
5019
2979
2862
2224
-84
-2943
-2637
-661
-630
-3119
-5097
-5241
-7280
-9790
-7943
-3647
-1477
-1667
-3000
-1543
2561
2552
403
369
2846
6428
6540
4631
4407
3265
8
-3831
-6658
-5066
-900
1243
1852
2445
3293
5224
7586
9812
15161
16962
8142
-1746
-5129
-770
6244
5873
511
-973
549
238
-1682
-3787
-3802
-2753
-6247
-11750
-13910
-11604
-5287
-1020
-2079
-4334
-5135
-4317
-1837
1656
5456
9216
9848
6469
3694
3099
2183
-126
-2338
-2842
-1492
-57
-1288
-4322
-6304
-7451
-8651
-8007
-4712
-2225
-1830
-2266
-1839
222
1327
686
206
2563
5811
6135
5019
4271
3206
48
-3867
-5525
-3836
-847
756
1425
2146
3612
5554
7579
8882
11767
16386
13709
3864
-2984
-2804
2502
6254
2755
-1591
-166
1421
-377
-3326
-5238
-3956
-4204
-9855
-14279
-13498
-8744
-2564
-1316
-4215
-5020
-4185
-2458
310
2801
6784
10493
8673
4190
2635
2628
1214
-1108
-2264
-1433
-628
-1928
-4377
-5732
-6018
-7347
-8667
-6789
-3449
-2178
-2828
-3063
-822
1751
1055
-520
835
4179
6270
5138
3172
2973
1729
-1421
-3100
-2921
-1080
1462
1456
1216
3406
5221
6689
7896
8714
13431
17533
11972
2012
-3548
-2774
2975
5460
1245
-657
1067
221
-2848
-5781
-5463
-2538
-4715
-10802
-13398
-11807
-6596
-1676
-2328
-4182
-3619
-3251
-2277
195
3663
8644
10762
7067
2971
1705
1616
1151
-708
-1693
-967
-1951
-3993
-4584
-4805
-6160
-8326
-8859
-5802
-2157
-1921
-3783
-2806
1183
2294
591
304
2722
5912
5643
3429
2854
3240
2353
-411
-2655
-2132
159
776
595
2276
4121
5346
6450
7024
9481
14482
14518
6540
-1519
-4288
-1048
4289
3886
39
-611
-160
-1434
-3402
-4855
-3618
-2510
-6521
-11042
-12477
-10116
-3687
-185
-2265
-5168
-5909
-3761
-68
2921
5812
9008
8944
5197
2120
1707
2344
1427
-899
-1767
-1019
-1384
-2983
-4630
-6773
-8526
-9639
-8478
-4085
-1681
-2394
-3081
-2114
-174
60
-679
679
3667
4857
4337
4009
4419
4527
1916
-1196
-1264
-311
-240
590
2384
4317
5008
4154
4472
5973
8370
12944
15517
9954
530
-4612
-2974
3518
5358
695
-1905
-1752
-1980
-3259
-5474
-5382
-2932
-5178
-10491
-12684
-10753
-4169
509
-2094
-6017
-5634
-2724
570
3173
4939
8610
10394
6620
2559
1598
2548
2467
-287
-2225
-1767
-1649
-2226
-3856
-6216
-7887
-9935
-9564
-5102
-2639
-3537
-3597
-2007
180
622
-1273
-1014
2713
5288
4624
3280
3855
5093
3364
-148
-1169
-252
78
509
1533
3265
4716
3934
4081
6352
7862
10469
15296
14834
5784
-3115
-5130
661
6508
3683
-1508
-2116
-1567
-2913
-5164
-6156
-3667
-3259
-8304
-11774
-11353
-6781
-637
-242
-4104
-5470
-3591
-596
2146
3876
7204
10320
8090
3935
2483
3051
3387
1009
-2716
-3511
-2484
-2075
-716
-473
-4598
-10333
-12774
-9909
-5478
-3353
-2782
-1844
-139
-633
-3079
-2926
652
4759
5446
3756
3866
4791
4184
1545
-1210
-1798
-1395
-947
446
2795
3989
3124
1944
2040
3923
5938
8587
14572
17454
9437
-2248
-6825
-2423
4972
5178
-681
-2454
-523
-379
-3274
-7139
-6761
-3750
-5249
-9377
-10484
-7108
-816
1659
-2690
-6117
-4039
-327
1864
2517
4470
8643
9686
6144
3554
3657
3658
1122
-3396
-5113
-2679
-741
-1098
-3084
-6700
-9666
-10341
-8747
-4645
-1326
-1720
-3311
-3721
-2880
-1618
-732
874
3275
4466
3796
3051
4312
5644
3494
-960
-3571
-2226
626
1814
2335
2723
1774
492
320
2377
5893
8408
12074
16851
14105
3137
-5046
-4905
868
5105
2467
-157
2192
2151
-2582
-7342
-8245
-4502
-3199
-6949
-8939
-7726
-4555
-967
-1738
-4864
-5361
-4020
-1615
1297
4272
8712
11382
8506
4113
2228
2099
1859
-303
-2425
-1654
-611
-1472
-2984
-4604
-7066
-10554
-11356
-7272
-3345
-2668
-3707
-4761
-3484
-1446
-1700
-926
2765
5208
4550
2833
2614
4022
3432
196
-1636
-884
616
1277
557
47
-21
-792
-777
1204
4781
8605
9902
10786
14451
14215
5708
-2658
-3735
1555
7334
6952
3068
1653
638
-2382
-6389
-8442
-5742
-3155
-4972
-7488
-8240
-6229
-2585
-2821
-6273
-7262
-4776
-493
3188
4977
6941
8905
7783
4227
1722
1802
2962
2221
-368
-1997
-2411
-2715
-3241
-4883
-7431
-9079
-8927
-7566
-5717
-4110
-3697
-3263
-1253
130
-182
-189
635
1955
2651
2119
2634
4524
4892
2501
-1134
-3083
-2363
-1294
-934
-680
-522
-893
-1019
238
2558
5719
7658
7481
9162
14297
15227
7250
-854
-2082
3294
8871
7336
3059
1803
290
-3477
-6388
-7087
-4725
-3127
-5879
-8144
-8410
-7014
-4072
-3166
-5023
-5761
-3332
766
4493
5473
5948
7624
6480
2914
850
1348
3343
2930
-1194
-3640
-3221
-3487
-4316
-5153
-6473
-8191
-9280
-7761
-4576
-2440
-2292
-3157
-2155
129
-144
-1515
-306
2705
4617
4019
2651
2169
1111
-1186
-3014
-2800
-1212
-293
-612
-1161
-1353
-1276
-4
1815
3239
5322
6919
7666
10153
14941
16820
10830
2613
-18
3556
8253
7123
2632
961
286
-2496
-6291
-7720
-5246
-2743
-5016
-8742
-10157
-9025
-4978
-2657
-3918
-4618
-2781
-17
2201
3750
5496
8081
7317
2941
989
2178
3519
2211
-1966
-4370
-3760
-3530
-3535
-2609
-2151
-3942
-8194
-9470
-5395
-3019
-3828
-3969
-2501
-110
365
-1771
-1747
2237
3269
509
-684
-64
1141
358
-2208
-3083
-2352
-2093
-1935
-1460
-908
-210
50
1869
4327
5350
7025
9797
11990
12837
15153
17576
13795
5897
790
1556
5431
5893
2599
693
-171
-3318
-6715
-7997
-6618
-4216
-5569
-8517
-9620
-9557
-7010
-3790
-3493
-4300
-2962
-474
1529
2342
2829
4620
5041
2431
445
1288
2749
2740
401
-1763
-1033
-920
-2359
-1901
191
-590
-5291
-7105
-4904
-4004
-3880
-3649
-3089
-1168
-866
-3034
-3284
-1000
-265
-1385
-2307
-2144
-1190
-1425
-2061
-1591
-1779
-2278
-1661
-1203
325
2259
2195
3505
5792
6011
6413
8323
10196
10986
10549
12782
16812
12789
3842
-539
203
3842
4637
1411
-350
-1176
-4138
-5822
-5359
-4748
-4734
-7651
-9912
-9249
-7748
-4076
-778
-2061
-4932
-5407
-3585
-477
959
889
2346
3414
3108
3021
3483
3895
2480
-95
-899
72
854
1419
2137
1256
-2338
-6499
-7247
-4896
-3653
-4428
-5440
-4687
-3503
-4664
-5789
-4850
-3434
-3650
-4858
-3615
-722
847
402
-673
-425
-247
-366
1028
3252
4641
4010
2907
3774
5236
5909
6552
6856
7969
10148
10385
11468
15089
12604
3657
-1573
-827
3420
6357
3337
620
868
-1364
-4158
-5446
-5496
-3884
-5294
-8737
-9040
-8773
-7912
-4848
-3964
-5907
-7100
-5787
-2024
1003
936
735
2708
4117
4319
5757
6756
5920
4003
1237
814
3249
3645
2232
762
-1950
-4103
-6122
-7133
-6191
-7451
-9043
-7793
-5923
-5421
-5651
-6374
-6025
-3954
-3925
-3686
-887
1729
2870
1429
-497
-190
978
2019
3572
4569
3812
3086
3610
4255
5069
5575
5049
5954
8279
9327
9762
10787
13137
13423
7016
787
339
2917
5800
4963
1849
1043
-301
-4384
-6638
-6548
-6326
-6308
-8037
-9193
-9140
-9552
-8253
-5987
-5858
-6911
-5802
-2754
-196
751
1496
4516
6951
6245
5369
5228
5190
4594
3153
3265
4163
3169
1152
-586
-2015
-3476
-4923
-6203
-7214
-7928
-9490
-9932
-6142
-3094
-4705
-6393
-6227
-4737
-2611
-1727
-3
2231
1721
-363
-1470
75
2955
3449
1711
1302
2061
2046
2811
3885
3736
3390
2914
3499
5546
6607
6748
7808
9000
9807
11869
11042
4767
320
292
2546
5331
3929
628
-259
-2640
-5305
-4947
-4797
-5113
-5976
-7839
-8050
-8218
-8313
-5227
-2834
-4577
-6372
-4626
-874
1689
1676
2080
4889
4962
2337
3024
5250
5595
3745
1649
2131
2982
2083
1090
1201
-271
-3719
-5545
-5610
-5412
-6126
-7494
-7113
-4188
-3376
-5872
-6267
-4030
-1627
-1496
-2578
-1467
389
532
-301
-34
964
1530
1061
568
1612
2272
1333
1104
2259
2917
2919
2225
2269
4500
6105
5980
6072
7840
9278
9475
11596
11779
5989
111
-960
2519
5567
3382
90
-173
-971
-3558
-4441
-3616
-3256
-5235
-8547
-8757
-6980
-6543
-5753
-4896
-6267
-7709
-6535
-2686
1091
1238
-3
957
2198
2681
4395
5969
5259
3574
1966
2354
4720
4978
4256
3329
525
-2220
-3244
-1389
-971
-4710
-8006
-8295
-5480
-3353
-4275
-5130
-4723
-5605
-7041
-5510
-2472
-1139
-2139
-3458
-2958
-1597
-1009
-261
769
1002
788
585
1913
3338
2945
2269
2476
4056
5359
6168
6662
6198
6348
6629
7165
7939
9919
13791
11641
4453
931
1078
3664
4487
2120
2081
2765
641
-1526
-2520
-3477
-4553
-6466
-7552
-6841
-7013
-6929
-5007
-5057
-7853
-9191
-7303
-3385
-926
-1420
-553
2014
1835
721
2259
4367
4726
3971
4109
5810
6287
4665
3770
3370
1374
-1213
-2125
-546
249
-3493
-7499
-6785
-5013
-5651
-7159
-8081
-7516
-6520
-6785
-5721
-2936
-2580
-3948
-3784
-2765
-1904
-1141
-308
1192
1500
297
648
2138
2669
2437
2454
2751
3631
4155
4625
6474
6980
6396
5764
5161
6392
7469
8380
11669
12182
5889
1004
1571
4049
5069
2850
2289
3479
1697
-1327
-2400
-2667
-4030
-6430
-8052
-7011
-6686
-7874
-7229
-5822
-6883
-9059
-7893
-4489
-2343
-2419
-1631
1178
1652
758
2195
4956
5586
3719
3055
4831
6144
5266
4014
3632
2531
-274
-1914
-138
1518
-1093
-5598
-6613
-5121
-5717
-7211
-6346
-4721
-5195
-7044
-6869
-3866
-2482
-4478
-5294
-3819
-3266
-3051
-1559
47
230
-1371
-2056
-84
1327
1054
1337
2442
4043
5357
5779
6312
6585
5867
5521
6857
8650
9504
9750
9282
8817
10106
10017
6412
4061
3487
3688
4244
2824
2453
2936
313
-3202
-4087
-3644
-4120
-5258
-6090
-6549
-8604
-10104
-8094
-6124
-7315
-9323
-8735
-6840
-5595
-5063
-3810
-927
-113
-953
711
3592
4867
3810
3086
4346
4894
4800
5849
6984
5896
2853
1356
2447
3025
1131
-1191
-1947
-2436
-4289
-5920
-5564
-5028
-6298
-8078
-8090
-6665
-5742
-5776
-5772
-5606
-5911
-6028
-4635
-2197
-1004
-1679
-2150
-846
878
1527
1876
2558
3389
3509
3603
4903
6323
6857
6296
5976
6410
6622
6987
7693
8980
9503
9060
10411
10868
7846
4845
4115
5570
6124
3921
2686
2613
644
-2313
-2926
-2184
-3643
-6469
-8575
-8902
-9538
-11269
-10265
-8299
-9445
-11776
-10896
-7037
-4949
-5295
-4322
-1855
-1053
-1190
979
4552
5325
3097
2505
4865
6506
6028
6350
7766
6589
3166
2417
4761
5174
2002
-789
-625
-58
-1781
-3901
-3819
-3547
-5725
-7715
-6376
-4404
-5291
-7206
-7275
-6595
-7016
-7391
-5994
-4062
-3796
-4612
-4127
-2117
-915
-1113
-894
537
2040
2940
4133
5868
6786
6480
6422
6646
7193
8010
8414
8727
8901
9278
9519
9483
8853
9553
10643
7255
3422
2459
3477
4156
1774
-123
-246
-1407
-4083
-5000
-3854
-4402
-6938
-9392
-10189
-10322
-11134
-10771
-8815
-8657
-10175
-9794
-7503
-5399
-4721
-4236
-1967
-435
-817
808
4647
6568
5423
4295
5346
6899
7009
7482
9011
9026
6499
4057
5258
6270
4353
2165
1299
1606
-629
-2833
-2384
-2849
-5005
-7322
-7245
-5869
-6163
-7709
-7774
-7118
-8398
-9378
-8461
-7109
-6595
-6476
-5453
-3793
-2825
-2326
-1072
512
1399
1858
3377
5099
5717
6068
6815
7507
7217
7255
7987
8076
7819
8237
8788
8376
7713
7057
6699
6495
6713
6622
4975
3455
2191
1759
1436
107
-751
-1264
-2039
-3620
-4721
-4766
-5351
-6826
-8006
-8675
-9750
-10115
-8950
-7311
-7250
-8246
-7554
-5652
-4594
-4540
-3475
-1261
-63
135
1405
3792
4984
4394
4183
5475
6249
5931
6411
7915
8218
6222
4785
5177
5148
3893
2863
3141
3020
854
-1425
-1908
-1856
-3177
-5285
-5933
-5703
-6552
-7515
-7517
-7342
-8009
-8831
-8232
-7223
-7099
-6931
-5594
-3648
-2934
-2744
-1421
190
933
1120
2116
3506
4206
4744
5523
6251
6207
5615
5205
5145
5282
5327
5411
5807
6029
5655
5525
5643
5261
4522
4728
5767
5311
3499
2108
1893
1853
573
-833
-1068
-1078
-2230
-3333
-3136
-3156
-4572
-6373
-7198
-7354
-7711
-7464
-5720
-4359
-5045
-5754
-4498
-2739
-2489
-2772
-1689
-124
272
639
2460
4107
3649
2580
3139
4378
4534
4406
5220
5818
4744
3318
3534
4471
4157
2977
2493
2536
1495
-464
-1108
-497
-1266
-3318
-4147
-3839
-4294
-5512
-5958
-5469
-5926
-7445
-7404
-5777
-5345
-6142
-5897
-4420
-3580
-3873
-3416
-1599
-701
-1392
-1094
903
2166
1957
2023
2794
3137
3007
3422
4205
4144
3398
3099
3338
3729
4032
4011
4064
4373
4372
4251
4369
4392
4601
5005
4614
3750
3513
3519
3178
2618
1832
985
411
17
-291
-570
-1091
-1977
-2937
-3575
-4126
-4987
-5197
-4119
-3538
-4447
-5112
-4499
-3858
-4179
-4375
-3204
-1900
-2035
-2338
-1165
298
268
-376
158
1218
1396
1607
2956
4102
3713
3038
3619
4676
4739
4100
4004
4549
4597
3673
2701
2278
1712
520
-408
-560
-879
-2043
-3302
-4019
-4813
-5785
-6245
-6075
-6146
-6657
-7105
-6985
-6108
-5685
-5622
-5268
-4443
-3894
-3812
-2977
-2178
-1228
-871
-1176
-61
1187
1075
854
1914
2440
1810
1815
2955
3789
3546
3714
4100
4712
4869
4444
5376
6144
5692
5537
6935
8289
7200
5845
5311
4826
4485
3677
3337
3335
2402
515
-726
-193
-473
-2029
-2854
-3206
-4218
-5361
-5161
-4077
-4062
-5542
-6019
-4686
-4110
-4688
-4236
-2863
-2687
-3598
-3344
-1507
-303
-611
-679
258
1076
1365
2068
3441
4116
3541
3423
4838
6074
5785
5129
5158
5326
4655
3912
3839
3372
2127
455
-541
-908
-2051
-3244
-4029
-5091
-6154
-6790
-6912
-7084
-7565
-7858
-7978
-7776
-7188
-6481
-5966
-5829
-5256
-4849
-4602
-3327
-2194
-1884
-1593
-684
-140
192
1412
2163
2161
2396
3226
3416
3042
4427
5874
5038
3973
4876
6174
5802
5410
6229
6811
6041
5480
6303
6301
5734
5658
5145
3788
2240
2412
2959
1896
522
203
-27
-1040
-1465
-1277
-1595
-2644
-3434
-3642
-3727
-3680
-3374
-2909
-3312
-3804
-3507
-2967
-2421
-2178
-1945
-1814
-1861
-1674
-935
123
362
-240
-156
1003
1739
1722
2121
2737
2537
1897
2121
3169
3416
2383
1504
1610
1673
859
116
192
-228
-1943
-3044
-2972
-3043
-3869
-4788
-5008
-5254
-5758
-6163
-5554
-5037
-5419
-5616
-5295
-4133
-4044
-3993
-3326
-2727
-1800
-1888
-1637
-513
584
-223
-791
1350
2349
1293
1142
3174
3233
1824
2161
3219
3568
2529
2693
3193
3022
3065
3080
3506
3870
4160
4125
4159
4257
4511
5111
4914
4510
5050
5415
4671
4363
4290
3905
3219
2759
3131
2696
1937
1429
1069
646
-238
-564
-821
-1553
-2678
-3509
-3463
-3529
-4089
-4495
-4352
-4321
-4768
-5079
-4673
-4128
-4368
-4720
-4100
-3116
-2965
-2950
-1892
-793
-896
-1091
-58
1189
1464
1551
2288
2874
2718
2686
3295
3701
3290
2624
2364
2358
2029
1275
677
460
-113
-1289
-1951
-1609
-1677
-2905
-3855
-3743
-3787
-4314
-4061
-3246
-3568
-4494
-4214
-3538
-3645
-3358
-2414
-2410
-2788
-1696
-745
-1677
-1551
518
669
-805
-7
2340
2464
583
917
3208
2468
464
2548
4945
2842
1292
3905
5196
2814
2288
4870
5063
2773
3159
5115
4390
2751
3152
4042
3436
2494
2885
3174
1955
1242
1758
1492
622
666
813
-170
-1002
-538
-513
-1683
-2032
-1528
-2101
-3160
-2943
-2206
-2561
-3439
-3358
-2690
-2716
-3054
-2563
-1821
-1980
-2371
-1743
-775
-586
-528
-75
291
631
756
696
1377
2089
1770
1356
1696
2263
2258
1740
1645
1802
1245
456
271
536
189
-745
-1227
-1298
-1591
-2223
-2465
-2480
-2830
-3327
-3460
-3229
-3366
-3582
-3890
-3570
-2514
-3285
-3643
-2753
-2665
-2033
-2431
-2282
-1187
-849
-718
-1806
-326
897
-624
-351
418
801
810
344
873
1731
1111
1242
1737
1867
2389
1263
2139
3373
2141
1912
2664
3583
2927
2062
3421
4373
3411
2901
3684
4887
4482
2946
4164
5265
4168
3154
3463
4445
3318
2224
2792
3039
2262
1148
975
1204
233
-673
-577
-1350
-1900
-2485
-2937
-2723
-3620
-3862
-3996
-4273
-4085
-4230
-4106
-4023
-3890
-3814
-3393
-2921
-2728
-2243
-1947
-1531
-1013
-661
-141
519
719
697
1212
1519
1430
1831
1998
1324
1238
1662
1271
716
760
760
155
-615
-719
-656
-1253
-1978
-2131
-2076
-2616
-3226
-2901
-2322
-2959
-3824
-3408
-2482
-2718
-3796
-3088
-1963
-2182
-2607
-2498
-1345
-1333
-1606
-486
-146
9
-108
229
1907
1570
874
2221
2779
2516
2889
3138
3069
3540
4009
3572
3357
4121
4107
3479
3615
3443
3228
3117
2769
2703
2651
2439
1789
1778
2311
1673
808
998
1478
1574
978
216
484
643
148
-199
-106
59
-798
-943
-276
-1103
-1999
-1753
-1254
-1673
-2751
-2723
-2236
-2363
-2916
-3017
-2392
-2415
-2574
-2086
-1735
-1774
-1708
-1447
-1220
-940
-522
-189
-289
-41
341
430
358
415
1232
1260
650
681
1047
1153
683
525
454
360
405
-129
-419
-262
-296
-780
-1290
-812
-661
-1675
-1999
-982
-1360
-2459
-1681
-1291
-1559
-2022
-1879
-685
-510
-1441
-1836
77
668
-1290
-1248
1168
1576
-826
-466
1883
1699
-211
165
2394
2043
371
288
1958
2375
291
191
2561
1969
-574
580
2963
1539
-1393
180
3123
1010
-1774
218
2987
684
-1788
468
2462
620
-1257
930
2516
269
-444
2187
2358
114
764
2566
2412
745
952
2742
1791
289
1163
1797
614
270
883
252
-631
-600
-358
-865
-1459
-1399
-1545
-2006
-2017
-1956
-2244
-2302
-2062
-1971
-2169
-2247
-1816
-1448
-1748
-1976
-1341
-789
-1057
-1059
-507
-426
-510
-48
355
220
216
545
667
585
654
832
914
864
592
500
448
399
336
-16
47
-195
-798
-739
-413
-929
-1230
-1166
-1902
-873
-586
-2458
-1978
-429
-929
-2061
-1082
-517
-1350
-960
-377
-217
-653
-778
266
445
-123
109
1150
954
211
1165
1823
1479
823
1526
2587
1496
1201
1910
2199
1969
1228
1486
2264
1551
402
1474
2322
621
-510
1152
1894
-317
-434
1186
98
-883
140
253
-536
-776
-298
263
-481
-1139
-249
144
-364
-691
-586
6
-102
-644
-461
-446
-504
-78
-417
-910
-166
-62
-957
-795
-33
-173
-943
-924
-157
-120
-817
-976
-259
58
-652
-884
-215
31
-301
-332
-23
242
163
17
418
605
378
326
736
1090
824
464
533
1052
761
598
662
396
862
591
243
292
167
418
286
-602
-328
507
-633
-802
-376
-366
-339
-1239
-463
-218
-1038
-637
-643
-489
-310
-842
-474
-254
-520
96
-589
-464
565
-451
-34
424
-310
103
11
177
732
-608
-461
1214
-114
-1090
32
318
-281
-444
-659
-905
131
-585
-1354
-212
-608
-832
-704
-669
-46
-941
-1201
246
-205
-758
-320
-217
654
28
-577
626
675
256
142
793
1251
128
222
1625
1377
16
286
1838
1744
252
93
1550
1934
232
161
1551
983
629
1070
979
871
523
907
1365
590
388
1122
986
474
606
695
643
466
547
878
410
32
545
323
-53
376
-31
-372
-95
-75
-375
-895
-474
-134
-890
-1311
-777
-695
-1282
-1054
-1049
-1405
-1298
-1337
-968
-1252
-1963
-1107
-716
-1685
-1704
-897
-1137
-1180
-1114
-1209
-774
-1252
-683
-680
-1575
-541
-108
-969
-889
85
-695
-289
488
-695
-160
0
410
1365
-606
-1056
2257
1558
-1097
1025
1653
787
1040
596
1653
969
-164
2095
1689
-509
654
1872
582
56
703
464
785
-69
-363
519
82
-378
-177
-185
-520
232
-913
-116
197
-441
-808
125
526
-322
-464
15
1051
150
-144
486
1168
449
-24
1539
1303
48
1101
1377
1181
258
885
1555
1265
-514
1226
1560
-293
392
796
339
-126
248
4
240
-632
-402
441
-487
-1243
-218
47
-955
-1109
-565
-351
-673
-1223
-860
-268
-523
-1254
-1151
-471
-473
-992
-1070
-884
-750
-628
-719
-919
-846
-436
-393
-872
-933
-543
-175
-177
-518
-670
-385
185
25
-466
-358
494
104
-1
212
-156
400
380
448
19
16
342
1144
10
-73
152
456
694
-47
-191
511
-191
96
299
-473
-264
811
-724
-220
-319
165
168
-1066
58
133
-481
-311
554
-324
116
250
28
816
-345
749
684
327
688
917
269
897
1055
381
1003
674
543
1239
798
471
693
381
761
1165
-303
291
872
24
500
-158
-302
732
-99
-467
26
-266
66
-196
-620
-80
-407
-490
-469
-302
-199
-717
-555
-443
-169
-397
-873
-148
192
-737
-897
-29
116
-96
-510
-214
-37
-58
204
-226
-115
-193
434
409
-623
-37
557
520
-364
-609
341
821
-305
-750
307
194
-134
-809
-513
213
-118
-764
-1035
28
-213
-1094
-744
131
-398
-1155
-508
-46
-287
-1344
123
660
-1257
-390
425
281
-382
-502
941
705
-366
-163
1365
1118
-648
309
1425
1351
120
-208
1664
1173
86
474
1026
696
469
776
171
544
534
238
666
136
-145
-130
579
678
-919
-654
652
299
-983
-960
341
467
-987
-1790
343
584
-1717
-879
172
-501
-1135
-970
244
-327
-1759
-389
659
-646
-1164
-504
515
184
-1200
-392
912
152
-793
176
1196
128
-366
767
1381
544
-404
754
1890
908
-265
578
2002
974
-90
825
1345
719
514
767
551
273
524
1130
249
-956
259
1241
-130
-1344
-493
783
-294
-1226
-767
-198
-1
-1064
-1096
-427
-461
-829
-281
-1122
-881
24
-356
-936
-1273
431
247
-1441
-601
467
-70
-620
-345
239
108
-697
378
350
-638
-159
597
467
-514
-194
529
694
-370
-292
482
206
158
-386
86
182
233
-394
-87
681
-664
-128
443
127
-881
-104
564
-242
-645
-99
154
-203
82
-632
-454
412
382
-722
-680
474
486
-474
-113
23
356
291
-102
521
161
59
983
376
131
903
439
-6
908
901
248
111
547
1441
621
-601
606
1348
358
252
288
341
707
163
31
243
-406
437
1102
-856
-1195
744
1018
-486
-1391
-208
1314
-561
-1029
-39
146
-446
-169
-118
-330
-133
-333
0
-205
-642
116
-199
-356
-198
-557
0
-261
-857
35
22
-793
-691
-368
-53
-102
-1020
-775
194
-348
-954
-540
-73
-391
-611
-102
-359
-551
-121
-46
-184
-711
-83
731
-390
-694
111
299
182
-203
195
520
-425
185
843
-240
47
498
339
664
100
-96
694
710
601
93
-16
1219
748
183
271
276
1274
391
-53
793
254
605
618
-16
492
406
232
566
47
-169
523
374
-396
-326
244
270
-324
-550
-196
62
-167
-421
-494
-754
91
347
-1171
-997
491
292
-1185
-1006
626
652
-879
-943
408
460
-231
-508
82
522
-330
-93
595
-245
-148
554
175
-707
19
865
-1
-570
-205
891
-239
-603
82
-71
39
94
-618
-356
107
567
-344
-1215
242
971
-651
-1161
276
743
-246
-940
-231
685
-11
-415
-312
27
406
-98
-335
-456
355
880
-468
-667
240
734
70
-911
188
824
-277
-195
342
-231
-38
734
-360
-489
517
594
-250
-605
660
441
-528
-153
758
20
-185
-77
396
360
-186
223
336
-36
438
93
-186
462
617
64
-320
379
863
-5
-339
579
719
-387
746
347
-350
-13
716
714
-726
-297
827
841
-643
-822
898
655
-592
-523
257
520
-551
-545
137
-211
-669
151
-83
-427
-776
-278
203
-527
-828
299
-433
-958
-89
75
-457
-1027
-312
591
-323
-1267
-550
658
-159
-953
-242
-61
29
-90
-586
-85
137
-41
202
-240
-262
485
403
-167
-156
205
512
643
-318
-357
728
814
172
-601
256
1082
373
-472
-218
1010
615
-602
-239
913
511
-389
-454
671
1024
-1227
-368
1386
313
-174
-665
200
1158
-416
-545
547
215
-86
-245
196
793
-319
-108
858
-247
-89
693
395
-142
-669
889
911
-948
22
845
197
-75
-365
-81
351
79
236
-822
-790
1304
134
-1391
-947
741
1222
-1604
-1871
867
953
-1120
-1165
-300
266
-153
-844
-261
-1000
-142
937
-1109
-1462
339
561
-691
-662
15
-97
-471
259
157
-1079
26
1101
-79
-1169
407
1411
-407
-774
636
1260
-186
-692
1129
742
-449
552
950
71
56
539
660
430
-401
628
1181
-570
212
720
269
172
-541
595
588
-622
58
485
-184
-110
95
-48
165
-668
-357
895
-209
-1095
-250
575
224
-1067
-824
905
513
-1262
-843
707
532
-891
-867
627
629
-689
-589
323
-128
-346
504
-276
-808
283
421
231
-774
-945
1238
784
-920
-740
159
1217
-53
-1359
202
939
288
-311
-886
343
1228
-451
-651
245
185
270
-248
-40
216
-389
563
186
-931
451
458
-568
138
476
-241
73
-123
318
351
-444
552
-234
-15
1143
-118
-763
835
228
509
-310
-130
849
-138
139
489
-547
-131
736
734
-994
-701
481
1177
-542
-827
-373
740
177
-496
-447
-597
31
487
139
-1188
-1346
1003
1128
-1168
-1666
14
1317
335
-1936
-817
825
441
-202
-1397
-212
1018
-187
-712
-206
107
146
327
-106
-497
-191
740
499
-779
-273
673
459
-256
-266
203
735
226
-305
351
249
403
-9
-159
610
148
-15
40
654
220
-471
24
447
204
-150
-117
-392
552
-152
-143
-436
139
338
-118
-634
-363
418
-6
-250
-642
167
137
246
-269
-441
109
693
78
-454
131
9
604
399
-656
5
503
662
-26
-624
201
709
55
-123
-88
-262
610
327
-691
-109
-52
82
328
-704
-489
368
42
-189
-347
-404
397
-59
-650
257
-49
-185
-94
-107
256
-121
-3
40
82
89
150
23
-441
337
376
-17
-365
-472
1036
565
-1120
-323
662
637
-278
-1043
328
670
-138
-198
-720
236
901
-716
-741
414
487
51
-915
-350
929
-320
-515
42
-452
104
-32
-170
-208
-688
464
681
-988
-750
577
473
-309
-995
37
991
-326
-816
227
533
-77
-244
146
399
-327
-124
1087
32
-560
124
347
887
111
-481
295
764
704
-158
-374
117
1241
677
-957
205
405
570
426
-679
-9
263
846
381
-1143
-367
1401
401
-1026
-310
374
887
-732
-1204
758
549
-671
-543
222
202
-151
-601
-238
381
-153
-226
-453
-246
660
-438
-671
-210
164
178
-280
-1013
53
568
-313
-196
-937
157
878
-513
-796
-139
669
247
-889
-527
916
-6
-397
57
178
55
-419
589
-275
-145
151
121
239
-624
152
-93
44
37
291
-296
-416
609
335
-351
-628
507
550
-235
-341
45
557
122
38
-338
271
420
355
156
-290
443
636
545
-471
316
490
557
287
-324
390
23
422
480
-283
-395
289
925
-208
-1004
-123
501
72
-429
-917
-39
396
-88
-749
-1063
284
591
-480
-968
-167
253
273
-563
-658
460
-32
162
-423
-224
411
15
-219
-243
554
158
148
-103
271
158
-25
188
-56
234
140
127
-121
-232
146
264
2
-447
413
212
-640
-221
133
212
-469
-622
441
397
-529
-925
-66
920
-199
-1303
-272
745
347
-705
-853
477
548
-382
-256
-254
74
529
256
-472
-265
646
578
204
-358
216
899
435
129
-169
345
926
464
-352
129
841
163
115
163
67
482
191
-85
50
-50
-24
120
-82
-566
-151
61
42
-258
-767
-63
50
-339
-659
-408
-78
93
-654
-327
-85
-258
-203
18
-152
-362
-11
484
-20
-444
92
412
263
-19
-70
370
265
-16
154
312
-109
216
781
-169
-284
410
309
36
-346
-93
507
15
-607
-159
241
91
-384
-506
144
-23
-396
-151
-396
-196
143
-282
-448
-225
67
147
-262
-326
-21
280
121
-425
-183
411
551
-201
-198
121
548
495
-214
-102
547
685
40
25
158
341
640
234
-112
-174
568
557
-125
-267
46
365
166
71
-183
-265
35
250
-244
-560
-225
52
-63
-326
-431
-150
35
30
-416
-405
117
183
-158
-578
-159
430
-11
-377
-197
421
238
-483
-98
206
237
57
-39
-134
90
172
236
-181
-434
293
662
-142
-517
-34
492
289
-294
-244
250
207
-20
-149
-274
137
336
-55
-240
-142
282
223
-303
-156
129
166
89
-175
-83
1
-102
126
-9
-322
2
140
10
-101
-239
-92
-55
191
105
-444
-161
234
280
-137
-447
-15
619
271
-449
-276
99
627
86
-366
-138
393
490
-42
-321
-18
370
494
-21
-541
150
377
274
-180
-492
146
460
68
-247
-314
127
382
1
-211
-204
112
398
-49
-291
-178
124
348
-59
-372
-109
260
203
-102
-394
74
415
-41
-213
-117
94
98
3
-161
-17
-66
112
-66
-159
18
33
-94
-78
-107
-52
-117
-142
-84
0
-107
-132
-128
-57
22
-130
-62
-56
151
-26
-94
-56
125
72
-90
13
224
43
-69
0
19
14
97
116
109
-111
-40
315
100
-171
18
301
239
-80
-116
111
222
79
-6
-74
62
254
82
4
-60
57
252
-28
-74
-7
-55
47
-45
-50
-36
-43
66
-28
-77
14
37
13
14
75
28
-162
-42
204
22
-123
-16
77
56
-123
-115
30
-25
-7
46
-120
-207
-43
62
-158
-297
-35
71
-102
-208
-214
-22
57
-185
-262
-133
16
11
-282
-335
0
138
-11
-172
-102
145
99
-26
-26
-6
210
131
-23
196
189
121
129
91
219
137
22
194
255
152
71
127
140
58
116
84
-24
60
118
49
-123
-136
137
100
-83
-41
4
-37
-69
42
-35
-152
18
175
126
-128
-112
156
173
-10
-88
93
156
53
36
-93
-99
78
74
-41
-99
-35
43
-30
-146
-165
-93
-19
-102
-227
-197
-116
-33
-165
-311
-208
-100
-78
-200
-249
-98
25
-58
-186
-109
35
113
-14
-164
-6
204
91
-81
21
162
160
46
43
127
81
55
64
90
82
26
98
76
-51
-29
20
52
41
-29
-12
76
110
37
-20
19
49
16
-6
-8
-9
-24
54
67
-72
40
154
89
6
-60
94
126
-8
-44
13
131
70
5
29
11
59
56
41
31
16
123
81
-18
24
41
102
63
-10
58
22
-17
-59
-73
-14
-96
-100
-30
-79
-91
-124
-145
-93
-76
-73
-121
-127
-66
-94
-122
-104
-52
-8
-51
-74
-73
-45
3
-18
-39
-8
42
93
74
32
86
106
41
23
54
46
-8
-15
20
34
-7
-43
-35
-1
0
-117
-134
-3
36
5
-60
-48
43
15
-26
-19
29
94
56
39
69
82
105
72
88
109
66
95
60
7
33
14
7
16
23
37
17
26
33
-28
-66
-84
-56
-20
-54
-51
-68
-108
-78
-72
-62
-27
-7
-9
-15
17
6
-8
-2
8
71
39
0
28
11
12
25
61
67
40
82
127
124
59
37
94
45
-14
16
24
40
-24
-93
-44
-37
-60
-101
-101
-35
-83
-130
-103
-56
4
-40
-45
26
24
-1
-72
-98
-22
24
14
-8
13
66
37
-9
-2
9
45
19
14
62
35
30
1
1
36
2
-3
-12
-18
-29
-62
-45
-43
-26
-8
-24
9
4
-23
-6
-32
-21
-8
-31
-24
-51
-47
1
-7
1
17
41
63
36
61
86
61
61
80
112
93
26
31
48
17
18
29
7
-4
12
53
36
-20
-7
19
2
-35
-42
2
7
-31
-28
-22
-8
-14
-57
-45
-29
-36
-59
-88
-58
-49
-77
-82
-58
-30
-49
-84
-51
-11
-53
-78
-27
-1
-26
-53
-30
13
-8
-35
6
35
36
57
55
40
52
66
73
70
56
56
61
63
66
56
46
72
103
83
60
94
121
75
8
-9
10
9
-10
6
36
20
6
31
17
-28
-21
5
-10
-40
-54
-41
-17
-15
-19
-6
-15
-18
-13
-39
-62
-36
-22
-28
-23
-23
-13
-36
-36
-10
-18
-3
-30
-24
-15
-51
-27
-43
-54
-46
-96
-74
-67
-83
-67
-71
-44
-45
-45
-13
-19
10
19
19
47
29
47
70
79
95
60
69
54
2
20
18
39
58
30
15
-14
-10
-20
-66
-42
-2
-4
-16
-30
-34
-34
-34
3
17
18
32
21
6
-21
-16
-2
2
49
55
32
44
37
50
71
79
105
97
95
93
43
17
19
55
69
38
49
53
44
23
-9
-3
-6
-3
2
-14
-8
-20
-59
-66
-68
-68
-72
-90
-86
-63
-45
-59
-49
-6
19
36
10
-20
-21
-27
-40
-79
-89
-46
-20
-34
-78
-77
-45
-45
-42
-28
10
27
5
1
4
10
11
17
41
35
31
36
-15
-32
-3
-4
-9
-1
23
14
-30
-32
-28
-38
-28
8
47
39
18
7
7
14
3
-2
6
45
72
39
21
46
69
63
50
50
62
73
69
65
62
88
108
97
90
59
36
31
-9
-34
-54
-77
-76
-92
-103
-110
-120
-98
-91
-84
-66
-49
-31
-46
-47
-25
-43
-68
-60
-30
0
4
0
9
22
35
31
26
46
52
38
27
13
25
30
13
32
66
82
65
41
53
49
25
3
-2
20
9
-18
-23
-17
-11
-38
-41
-2
1
-13
-22
-4
13
-12
-19
-13
-6
-4
-26
-13
-17
-46
-55
-67
-64
-70
-82
-67
-72
-73
-64
-56
-19
0
4
21
40
59
51
30
35
46
56
33
7
10
14
11
12
43
77
89
95
90
79
57
36
25
5
-17
-30
-30
-17
-22
-33
-26
-10
2
15
22
35
54
50
50
55
57
37
20
42
37
6
-15
8
39
10
-19
-8
6
-26
-79
-94
-83
-77
-87
-95
-76
-49
-39
-65
-75
-58
-58
-75
-94
-80
-61
-41
5
18
20
46
52
46
35
22
39
44
29
24
38
73
64
42
38
34
32
-1
-27
-35
-31
-17
-33
-59
-63
-42
-12
-23
-36
-20
-7
-9
-29
-34
-17
-2
6
12
27
31
28
30
3
0
31
46
51
31
33
42
13
-12
-27
-9
26
25
11
8
32
47
38
46
63
67
67
56
36
17
0
12
26
6
-7
11
23
-1
-27
-28
3
20
5
6
19
46
38
-1
-4
2
-2
-39
-74
-79
-84
-83
-94
-94
-69
-49
-41
-49
-43
-30
-28
-32
-40
-35
-26
-24
-22
-19
-7
5
8
5
13
22
40
47
44
42
56
75
73
83
82
75
61
14
-8
-23
-43
-50
-57
-48
-40
-41
-38
-33
-17
-16
-31
-23
-9
-3
-11
-7
20
30
30
31
21
12
-4
-4
-5
-23
-20
-6
10
10
6
21
23
25
19
11
9
1
1
2
5
6
-2
1
11
23
27
27
32
43
52
55
60
63
57
36
15
2
-5
-13
-25
-32
-35
-38
-46
-46
-35
-19
-14
-16
-16
-15
-20
-24
-19
-6
2
-2
-5
-3
-7
-14
-17
-9
-2
0
0
5
5
5
7
14
16
11
4
0
-5
-17
-28
-27
-13
-3
-4
-6
5
16
16
4
-4
0
-2
-22
-40
-38
-26
-18
-22
-20
-2
15
15
5
8
25
39
35
24
23
28
29
18
12
11
10
3
-5
-6
0
4
0
-6
-9
-11
-17
-23
-27
-24
-14
1
16
23
20
14
9
-2
-19
-35
-41
-42
-42
-35
-21
-1
16
29
37
46
53
51
43
37
36
37
33
25
19
15
6
-14
-34
-44
-48
-55
-61
-52
-30
-11
-3
-1
7
21
31
36
35
34
27
12
-4
-15
-18
-18
-24
-29
-29
-22
-16
-15
-13
-3
9
13
6
-2
-2
-2
-6
-14
-18
-10
-1
4
5
10
17
15
8
5
10
12
10
10
8
6
4
8
14
11
4
2
8
11
8
7
12
18
16
10
7
9
5
-7
-16
-13
-6
-5
-7
-1
14
25
24
19
22
28
22
10
0
-2
-5
-15
-26
-33
-34
-35
-44
-53
-53
-44
-36
-36
-38
-33
-22
-13
-7
4
19
30
34
35
40
46
44
38
33
31
25
13
-3
-12
-15
-21
-28
-31
-27
-22
-20
-21
-22
-20
-21
-19
-15
-8
-3
1
3
1
-4
-6
-4
2
12
23
33
39
42
44
49
49
46
39
33
26
16
4
-5
-12
-15
-18
-22
-27
-33
-42
-51
-57
-56
-51
-46
-39
-28
-14
-2
5
17
28
41
47
46
48
52
52
48
43
42
40
36
35
34
33
30
25
18
8
-4
-10
-14
-23
-29
-34
-33
-33
-32
-29
-20
-15
-15
-17
-17
-27
-41
-52
-53
-47
-41
-35
-30
-22
-15
-9
1
8
14
12
8
7
10
12
14
14
15
12
13
17
21
19
12
3
-2
-9
-13
-12
-5
2
6
4
8
12
11
4
0
0
5
7
12
22
32
35
28
21
19
15
8
1
0
-1
-6
-10
-15
-21
-31
-38
-40
-39
-35
-29
-23
-17
-16
-14
-11
-6
-1
1
8
23
39
56
73
85
93
92
82
69
56
44
31
19
8
-3
-17
-30
-39
-41
-43
-45
-47
-47
-49
-55
-60
-64
-63
-62
-60
-57
-54
-49
-44
-38
-26
-12
1
12
24
36
45
48
47
45
46
47
45
38
26
17
13
11
13
14
16
20
24
28
24
14
2
-7
-11
-15
-17
-20
-20
-20
-19
-16
-14
-12
-12
-10
-8
-7
-3
3
13
21
23
20
13
4
-7
-23
-38
-43
-42
-32
-23
-17
-12
-5
1
7
7
8
8
10
16
24
35
41
44
41
35
24
13
4
-2
-4
-5
-6
-4
-5
-5
-7
-8
-10
-10
-9
-10
-7
-5
-3
-2
-1
-7
-12
-18
-23
-25
-28
-28
-27
-23
-14
0
18
38
52
58
61
63
62
56
49
43
40
31
15
-1
-12
-20
-35
-47
-53
-52
-56
-59
-58
-48
-40
-37
-35
-29
-29
-31
-33
-25
-14
-5
3
9
16
25
34
38
36
33
34
37
39
38
37
34
29
19
10
5
2
-3
-12
-17
-14
-13
-21
-28
-27
-24
-29
-36
-42
-41
-40
-38
-35
-26
-7
13
32
40
52
62
72
71
64
58
56
54
43
28
15
5
-4
-18
-31
-40
-41
-37
-31
-28
-21
-8
0
3
3
4
8
14
12
1
-5
-4
-6
-12
-14
-3
9
12
6
-1
2
-1
-12
-30
-27
-25
-23
-28
-26
-19
-12
-9
-14
-21
-20
-14
-17
-31
-41
-36
-28
-19
-5
8
22
32
37
26
21
31
35
24
21
40
41
28
12
19
22
13
3
-1
10
7
9
-7
-5
-4
2
-10
-15
-7
5
0
-13
-3
3
25
11
10
2
5
12
-7
-18
-18
31
38
17
-5
10
53
7
-34
-66
4
-3
-31
-72
-84
17
-3
-20
-125
1
23
23
-87
-81
7
25
25
-74
-10
42
123
43
-43
30
93
128
-2
20
10
109
72
-22
-62
-21
106
0
-55
-114
35
43
-15
-101
-79
30
29
-33
-117
-53
33
21
-53
-88
15
66
52
-28
-29
37
77
48
-31
-12
58
97
34
-22
10
54
46
-35
-47
-10
29
22
-25
-41
-17
17
-15
-50
-37
7
37
1
-19
3
27
24
3
-12
4
21
-8
-41
-41
-21
-2
-3
-16
-19
-13
-10
-18
-31
-27
-11
-1
-9
-26
-25
-7
1
-5
2
22
31
18
4
6
7
15
10
9
15
34
41
30
31
29
35
24
23
10
12
18
14
4
-5
4
3
6
-1
-2
-3
-5
-13
-31
-32
-23
-13
-17
-19
-6
4
3
-13
-14
-3
6
-2
-8
-5
1
3
-1
0
11
28
27
11
0
-3
-5
-10
-10
-4
3
2
-6
-16
-20
-19
-20
-20
-16
-10
-9
-12
-14
-15
-10
-6
-2
1
10
14
13
7
7
6
7
10
16
20
21
23
23
22
18
17
10
6
-2
-10
-26
-34
-35
-34
-34
-32
-24
-18
-14
-13
-11
-8
-8
-2
8
21
26
20
16
20
27
28
27
32
38
33
18
10
14
21
17
10
9
12
3
-11
-20
-15
-9
-10
-16
-14
-7
-4
-10
-15
-11
1
5
4
8
18
23
17
6
2
3
1
-7
-13
-13
-15
-24
-34
-36
-29
-21
-23
-27
-29
-26
-25
-30
-34
-28
-14
0
7
10
13
16
16
15
18
25
32
35
37
36
32
32
36
41
39
31
23
16
0
-13
-17
-9
-3
-3
-4
0
0
-7
-17
-17
-13
-10
-13
-19
-23
-24
-27
-30
-31
-30
-25
-22
-23
-22
-16
-12
-11
-12
-10
-4
-3
-2
4
13
21
23
25
31
35
34
31
30
29
26
25
27
29
29
26
21
15
12
13
11
4
-6
-14
-22
-28
-35
-34
-29
-24
-22
-20
-15
-8
-4
2
7
14
10
0
-11
-13
-8
-5
-6
-10
-10
-8
-7
-10
-11
-7
-2
0
-3
0
9
18
21
17
18
26
35
37
33
34
36
28
7
-12
-20
-17
-20
-27
-28
-19
-15
-23
-35
-34
-26
-21
-24
-22
-10
-1
-3
-8
-4
5
11
12
11
14
17
21
19
16
12
11
7
0
-4
1
7
6
-2
-5
-3
0
-3
-8
-7
-4
-7
-16
-21
-18
-10
-6
-3
2
11
19
24
27
30
29
27
24
22
17
11
11
15
16
12
7
4
1
-5
-11
-14
-14
-12
-14
-13
-11
-9
-7
-4
1
2
5
3
4
5
4
-2
-4
-8
-13
-22
-28
-26
-20
-18
-20
-18
-14
-13
-17
-21
-16
-6
3
3
0
-2
2
-1
-10
-14
-7
-1
-2
-6
-4
4
11
10
10
15
23
24
19
16
22
25
26
23
25
30
32
26
17
15
14
11
4
-4
-4
-3
-5
-15
-19
-18
-13
-13
-14
-13
-7
-2
-4
-5
-3
1
3
1
-3
-5
-4
-3
-3
-3
-1
4
7
3
-2
-7
-5
-1
2
0
2
4
4
-2
-6
-6
-3
-5
-8
-7
-2
-1
-2
-6
-3
-1
-4
-7
-8
-3
-1
-1
-1
5
10
11
9
9
7
1
-1
1
5
8
8
7
1
-8
-14
-18
-21
-21
-16
-6
0
1
0
-1
-7
-10
-9
-2
1
2
4
6
10
10
16
23
27
25
22
19
14
9
7
10
15
14
8
2
1
1
1
-3
-5
-2
0
-2
-8
-12
-11
-10
-13
-16
-14
-11
-11
-13
-7
5
14
17
16
17
16
10
-1
-9
-16
-19
-21
-25
-26
-19
-11
-5
-7
-12
-12
-8
-6
-5
-2
5
11
10
9
9
14
20
23
27
29
29
24
16
12
13
17
17
11
3
-3
-5
-6
-7
-4
-2
-6
-15
-21
-22
-23
-26
-28
-26
-22
-17
-15
-13
-12
-10
-8
-7
-4
-3
1
4
6
12
19
20
15
8
8
13
17
16
15
15
12
7
5
6
4
2
2
3
2
-4
-8
-5
1
2
1
0
-2
-7
-15
-22
-24
-20
-14
-12
-15
-15
-14
-13
-13
-13
-8
2
8
9
9
14
18
21
24
32
41
43
39
36
38
37
28
17
8
4
-7
-20
-28
-29
-30
-34
-38
-37
-33
-29
-27
-24
-24
-23
-21
-15
-9
-4
-4
-2
3
10
18
22
24
26
28
29
28
25
22
19
16
14
15
17
18
17
7
-5
-21
-35
-45
-52
-55
-53
-47
-38
-31
-23
-15
-5
2
11
17
20
25
30
37
42
46
48
48
46
41
35
27
20
16
13
12
9
3
-7
-19
-30
-39
-44
-48
-48
-46
-40
-32
-25
-21
-19
-19
-19
-17
-14
-4
7
19
30
37
41
42
42
45
48
49
47
43
38
34
30
23
10
-7
-25
-38
-45
-47
-45
-42
-39
-39
-40
-43
-47
-50
-55
-52
-47
-39
-31
-24
-17
-8
6
18
28
33
32
27
21
19
20
26
35
43
46
41
32
22
15
13
13
13
11
10
8
11
14
19
22
22
18
8
-2
-12
-22
-27
-29
-31
-35
-38
-44
-47
-48
-45
-43
-42
-40
-39
-35
-29
-20
-8
4
17
26
30
30
30
31
35
44
51
56
57
55
55
58
62
64
59
50
36
25
18
15
14
14
10
0
-10
-21
-31
-39
-45
-46
-46
-44
-42
-40
-39
-41
-45
-49
-51
-55
-59
-61
-59
-55
-44
-30
-16
1
14
22
25
22
20
19
23
30
36
37
35
28
16
5
-5
-13
-11
-4
7
17
21
19
13
9
10
16
24
31
32
30
27
22
20
21
26
32
36
33
23
10
-3
-13
-21
-26
-31
-34
-35
-33
-33
-32
-33
-32
-30
-30
-31
-33
-37
-41
-40
-36
-26
-14
-1
10
15
15
13
11
9
9
12
15
16
17
18
19
21
23
23
25
27
28
25
20
13
8
8
11
14
16
17
14
11
9
7
7
6
5
2
-2
-4
-4
3
10
20
23
18
6
-8
-20
-27
-31
-32
-33
-33
-32
-31
-30
-28
-24
-18
-11
-7
-8
-14
-20
-24
-24
-22
-20
-16
-11
-5
4
9
14
13
12
13
14
16
16
16
16
20
21
24
22
20
17
17
18
16
13
7
1
-4
-8
-12
-14
-18
-19
-18
-17
-13
-9
-5
-3
-3
-5
-8
-10
-9
-4
5
14
21
26
27
25
24
22
22
22
22
20
18
14
8
2
-5
-9
-10
-8
-9
-15
-23
-29
-31
-28
-24
-23
-23
-25
-23
-22
-19
-15
-9
-4
0
4
7
11
15
19
22
26
30
36
39
37
31
23
18
15
14
12
6
-5
-17
-27
-36
-42
-43
-41
-35
-29
-24
-23
-24
-24
-22
-15
-6
3
8
11
11
11
10
13
18
24
32
35
31
23
13
7
8
12
16
16
14
8
1
-6
-11
-15
-16
-17
-14
-15
-15
-18
-19
-19
-16
-10
-3
1
3
1
-2
-1
3
9
15
17
15
11
4
1
2
7
10
14
14
11
8
6
8
13
16
17
12
2
-9
-18
-21
-19
-16
-14
-15
-19
-22
-24
-21
-16
-10
-5
-2
1
3
4
6
8
11
13
11
9
5
3
4
5
5
4
4
1
2
3
-2
-4
-6
-7
-3
2
5
7
6
5
5
4
1
1
-2
1
4
7
7
5
1
0
-2
-4
-6
-7
-7
-8
-6
-6
-8
-10
-13
-14
-15
-15
-14
-11
-5
-2
-1
-1
-2
-1
0
3
7
12
16
19
24
25
25
25
26
27
28
25
19
12
3
-1
-3
-3
-1
-5
-7
-13
-18
-23
-26
-27
-25
-24
-22
-22
-18
-17
-13
-11
-11
-13
-14
-12
-6
4
16
23
26
27
27
26
25
23
18
16
13
12
12
13
13
13
12
4
-4
-12
-18
-21
-22
-19
-17
-15
-14
-14
-14
-12
-9
-1
2
3
1
-3
-6
-6
-3
1
3
4
4
6
9
12
11
9
7
3
2
-2
-7
-10
-11
-10
-7
-3
-2
-5
-8
-12
-14
-15
-10
-6
0
2
5
6
6
8
10
14
14
14
13
12
12
12
14
16
17
17
15
14
12
11
13
15
14
8
0
-6
-9
-13
-13
-12
-9
-7
-6
-9
-12
-18
-24
-24
-20
-16
-11
-10
-11
-11
-11
-10
-9
-8
-7
-6
-4
-2
1
0
0
-1
-1
0
1
1
3
3
10
14
15
14
18
18
16
9
4
0
-1
-4
-5
-4
-2
-1
-3
-2
0
3
7
10
13
12
8
5
3
2
2
3
6
8
12
13
17
19
18
15
11
9
2
-8
-12
-12
-13
-12
-5
-3
-6
-7
-6
-11
-18
-22
-26
-30
-31
-31
-31
-26
-19
-8
3
14
19
21
18
11
5
3
1
2
4
7
12
14
11
8
4
4
6
7
6
3
0
-4
-6
-6
-6
-7
-5
-1
-1
2
2
-2
-1
6
11
7
5
12
14
11
11
18
24
25
22
14
10
3
2
-1
-5
-11
-13
-15
-22
-30
-34
-34
-30
-26
-19
-15
-8
-5
-7
-9
-12
-15
-14
-12
-8
-4
-1
4
10
15
20
24
27
27
27
27
25
22
24
25
22
23
21
16
8
4
0
-4
-5
-3
-2
1
0
-4
-7
-12
-15
-17
-17
-15
-15
-11
-9
-9
-11
-17
-20
-24
-23
-21
-16
-13
-12
-11
-10
-9
-3
2
10
13
15
15
10
6
2
0
-2
-3
-4
-4
-6
-7
-10
-10
-6
1
13
21
26
27
25
19
14
11
11
16
23
28
29
23
16
12
9
8
5
5
6
8
6
4
-1
-5
-6
-8
-10
-12
-17
-16
-14
-7
-4
-3
-8
-18
-27
-32
-32
-27
-16
-9
-4
-3
-5
-8
-9
-7
-4
-2
-2
-5
-6
-7
-4
-1
3
9
14
15
13
7
1
0
3
9
14
16
16
12
8
2
-4
-8
-6
-2
1
6
7
7
6
7
8
10
13
15
13
9
3
-2
-5
-3
1
4
4
4
2
0
-3
-5
-5
-6
-6
-7
-8
-9
-10
-8
-9
-9
-8
-6
-6
-4
-5
-10
-11
-11
-6
2
6
9
9
9
8
9
12
11
10
8
7
7
8
6
4
2
1
0
-2
-3
-5
-6
-7
-6
-4
-2
2
6
8
11
12
10
8
4
0
-3
-4
-5
-6
-8
-8
-6
-3
1
4
4
2
0
-3
-5
-6
-7
-6
-6
-5
-3
0
4
8
8
6
1
-1
0
0
-1
-6
-13
-20
-23
-23
-19
-13
-10
-9
-10
-9
-8
-10
-13
-15
-14
-8
1
9
13
15
18
21
28
35
41
44
46
45
44
41
35
28
23
23
21
12
0
-8
-12
-13
-17
-23
-27
-30
-35
-42
-49
-50
-47
-42
-36
-29
-20
-16
-14
-13
-9
-2
7
18
26
33
40
44
46
44
39
31
25
22
22
19
14
9
2
-7
-15
-23
-30
-39
-47
-48
-45
-43
-43
-39
-32
-29
-26
-23
-17
-10
1
12
23
30
35
41
47
50
47
45
44
41
35
28
24
22
14
6
-3
-12
-20
-25
-27
-30
-33
-33
-33
-36
-38
-35
-28
-23
-20
-13
-4
4
7
10
16
21
26
29
32
34
34
33
31
29
26
26
25
25
21
15
6
-3
-13
-23
-31
-33
-36
-37
-38
-38
-37
-36
-36
-31
-22
-14
-6
-1
1
2
4
10
20
28
33
35
35
34
30
22
17
14
14
9
1
-2
-3
-3
-6
-10
-10
-9
-9
-12
-19
-24
-29
-32
-34
-33
-31
-25
-18
-12
-6
0
4
8
12
19
24
25
25
28
32
34
31
30
32
30
25
18
12
8
3
-5
-12
-16
-23
-26
-30
-29
-28
-28
-25
-18
-12
-10
-10
-11
-8
-5
-2
1
4
6
6
6
10
14
15
17
18
17
20
20
15
8
9
10
4
-1
-3
-4
-9
-13
-15
-15
-14
-13
-12
-10
-9
-8
-4
0
6
11
17
23
27
28
26
21
17
12
10
10
10
8
4
1
-3
-8
-13
-17
-19
-24
-31
-38
-42
-45
-46
-45
-41
-36
-30
-27
-23
-18
-12
-6
0
6
8
12
18
23
31
38
44
49
50
51
50
48
45
43
37
32
26
22
16
10
2
-6
-12
-15
-17
-25
-35
-42
-47
-52
-55
-54
-47
-41
-41
-38
-34
-25
-16
-2
10
18
23
29
35
41
44
51
60
63
56
45
35
29
22
17
11
6
-2
-13
-23
-27
-30
-31
-33
-34
-33
-31
-30
-29
-29
-25
-22
-19
-15
-10
-5
2
6
10
11
11
11
11
9
8
9
8
9
11
13
12
8
3
-1
-3
-4
-8
-12
-14
-14
-10
-7
-2
2
5
8
11
8
4
3
8
17
23
28
33
36
35
29
28
26
24
18
10
5
1
-6
-15
-22
-26
-30
-32
-39
-43
-44
-43
-45
-39
-34
-36
-33
-24
-16
-14
-8
1
7
12
19
22
25
31
37
36
31
27
21
19
20
20
20
19
17
14
11
9
4
-2
-7
-11
-12
-13
-13
-10
-8
-9
-11
-14
-16
-18
-20
-23
-21
-17
-11
-5
0
6
13
18
21
22
23
21
21
20
18
14
12
9
4
2
2
2
3
2
1
-2
-7
-13
-13
-12
-11
-6
-4
-1
1
2
1
1
-1
0
-4
-6
-6
-7
-8
-10
-14
-16
-18
-16
-13
-8
-2
-1
0
6
9
12
11
6
5
0
-3
-5
-8
-7
-5
-3
-1
1
5
6
6
7
8
12
16
18
16
11
4
2
1
2
4
3
-1
-3
-4
-4
-5
-7
-8
-9
-8
-5
-3
1
3
6
10
13
16
13
8
3
-1
-9
-12
-12
-7
-3
-3
-1
-1
-2
-8
-12
-11
-7
-4
2
7
9
11
12
14
13
10
13
19
22
18
9
5
3
0
-4
-7
-10
-12
-13
-15
-13
-11
-12
-11
-13
-15
-18
-17
-14
-11
-6
-1
8
16
18
14
8
4
5
3
4
8
12
17
20
23
23
19
14
8
1
-4
-9
-14
-15
-16
-17
-19
-18
-19
-21
-23
-24
-27
-25
-21
-13
-6
0
5
8
8
3
0
3
12
21
27
28
30
29
20
10
1
-2
-1
0
2
3
4
2
-2
-8
-13
-16
-18
-19
-21
-19
-16
-11
-8
-4
1
8
15
18
15
10
9
11
12
11
14
19
25
25
22
21
23
20
15
10
7
-2
-15
-23
-22
-23
-26
-28
-25
-19
-17
-14
-13
-10
-7
-6
-8
-12
-11
-9
-4
1
5
12
19
23
22
18
12
7
4
1
-2
-4
-5
-2
-1
1
-2
-6
-10
-14
-14
-13
-12
-11
-12
-13
-18
-21
-20
-15
-8
-2
2
7
13
20
26
32
36
37
36
34
31
27
21
16
10
5
5
6
7
9
8
5
-1
-8
-15
-20
-23
-26
-28
-32
-37
-41
-42
-39
-34
-28
-21
-14
-10
-7
-6
-5
-2
0
5
9
12
15
19
21
24
25
25
23
20
17
15
14
19
20
24
24
25
23
22
20
16
12
8
8
9
8
9
9
9
9
8
4
-2
-6
-10
-14
-17
-20
-25
-29
-37
-40
-44
-45
-46
-46
-45
-44
-42
-37
-32
-25
-19
-14
-9
-4
2
13
25
35
43
49
50
46
42
37
34
31
29
28
24
18
10
4
-1
-7
-13
-16
-20
-21
-26
-29
-26
-24
-20
-18
-17
-16
-16
-16
-13
-8
-2
4
13
17
21
27
31
30
31
38
39
37
36
34
27
18
11
3
-4
-8
-9
-11
-13
-16
-21
-27
-33
-40
-43
-42
-39
-35
-31
-26
-19
-12
-5
2
13
23
31
37
40
39
38
35
35
28
18
9
0
-6
-9
-11
-13
-12
-12
-11
-12
-12
-14
-18
-23
-22
-20
-19
-20
-15
-4
1
4
4
8
13
20
26
29
29
26
18
13
11
10
8
7
4
-2
-8
-14
-21
-26
-29
-29
-31
-34
-32
-24
-20
-18
-14
-3
6
10
13
14
17
17
21
23
25
24
22
22
23
23
20
16
9
0
-6
-9
-12
-11
-9
-5
-2
-2
0
-1
-2
-3
-5
-6
-8
-6
-6
-4
-1
4
9
11
13
12
10
9
8
4
3
1
1
0
-1
-2
-4
-7
-9
-14
-15
-18
-18
-16
-15
-11
-6
-2
2
6
6
5
3
1
-1
-2
0
3
9
17
23
28
27
22
14
8
-3
-10
-16
-20
-23
-24
-23
-22
-22
-24
-23
-20
-17
-12
-6
1
7
11
12
15
16
16
16
16
16
15
15
14
9
7
9
12
15
15
13
12
7
0
-4
-5
-5
-3
-3
-4
-7
-10
-12
-13
-9
-5
-1
2
7
8
3
-2
-5
-6
-10
-14
-12
-7
-4
-1
0
2
7
6
3
0
0
0
0
-1
-1
0
3
8
9
8
4
2
-1
1
4
6
12
14
11
3
1
0
-1
-4
-4
-5
-10
-13
-12
-9
-8
-8
-7
-7
-5
-6
-7
-4
-5
-9
-9
-11
-8
-8
-11
-9
-8
-6
-3
-1
2
3
4
4
5
3
5
7
10
14
16
16
18
18
18
17
18
19
10
1
-1
0
-3
-11
-15
-11
-8
-8
-3
4
12
14
14
16
14
10
5
4
2
1
0
1
0
-3
-6
-11
-8
-4
-2
-2
-2
-1
3
3
1
-1
-4
-7
-8
-9
-9
-10
-10
-10
-12
-13
-16
-14
-10
-4
-1
1
1
0
-1
-1
-3
-5
-6
-5
-3
1
4
8
8
7
5
2
-2
-2
0
4
10
16
16
17
17
17
18
16
13
10
9
7
6
1
-5
-7
-7
-6
-7
-9
-12
-12
-9
-6
-5
-2
0
2
3
0
0
1
4
7
11
14
16
16
16
15
10
6
-1
-4
-7
-9
-11
-13
-17
-19
-19
-19
-18
-17
-16
-15
-14
-12
-9
-8
-6
-2
1
4
6
6
5
5
4
8
9
12
16
18
19
22
23
25
25
23
17
9
1
-5
-9
-11
-11
-14
-15
-17
-19
-18
-16
-12
-5
2
3
5
2
-1
-2
-5
-6
-4
-2
1
3
4
2
1
-2
0
2
6
9
10
11
11
9
8
7
5
3
-1
-5
-11
-14
-15
-13
-9
-5
-2
2
6
8
9
9
7
3
2
1
2
6
8
8
6
2
-3
-7
-9
-12
-14
-13
-13
-11
-10
-9
-8
-6
-1
5
11
15
18
20
20
18
15
9
4
2
2
4
0
-2
-8
-8
-10
-14
-18
-23
-27
-27
-26
-23
-18
-14
-10
-6
-3
2
4
6
5
3
1
0
4
10
17
24
28
32
30
26
23
19
17
17
17
13
8
5
2
1
0
-1
-3
-8
-13
-18
-22
-24
-25
-23
-19
-14
-9
-6
-6
-5
-2
4
10
15
16
13
8
3
2
2
3
3
4
4
4
5
4
3
2
0
-1
-2
-4
-6
-8
-11
-14
-15
-15
-16
-17
-15
-13
-12
-13
-10
-6
-1
2
6
12
18
20
21
21
21
18
17
14
12
10
9
8
6
1
-5
-11
-14
-16
-13
-13
-11
-9
-4
3
11
18
17
13
10
6
2
-1
-2
-3
-5
-5
-5
0
-1
-4
-5
-3
0
-1
-4
-2
-2
-3
-5
-6
-6
-5
-5
-6
-5
-3
-2
-1
-3
-5
-7
-7
-9
-7
-7
-4
2
6
11
13
12
11
8
6
5
5
7
9
11
14
15
15
15
13
12
9
4
1
-4
-7
-10
-11
-12
-9
-6
-4
-6
-7
-7
-7
-7
-7
-5
-2
-4
-8
-7
-6
-6
-7
-8
-5
-4
-5
-2
3
3
1
-2
-3
-6
-9
-9
-6
-2
-1
-3
-1
2
5
6
5
4
5
6
9
12
16
17
19
20
21
17
14
14
10
8
9
10
9
8
7
6
3
-3
-11
-13
-13
-15
-17
-15
-10
-6
-6
-8
-10
-12
-17
-22
-24
-22
-16
-10
-3
5
8
11
13
13
13
11
9
6
3
0
-3
-2
0
-1
-2
-2
-2
-1
-5
-6
-7
-4
-2
-1
1
0
1
3
8
12
13
12
12
10
10
8
6
3
1
4
11
17
23
24
24
18
11
6
1
0
0
-2
-5
-11
-17
-20
-21
-18
-15
-14
-16
-19
-20
-20
-15
-11
-6
1
7
11
11
9
3
-4
-9
-11
-9
-9
-9
-9
-9
-6
-2
0
3
3
5
9
10
14
14
15
16
16
14
11
6
6
4
-1
-5
-6
-1
0
0
-1
0
3
3
1
3
9
7
0
1
1
-4
-8
-8
-7
-5
-1
-1
-3
-5
-2
0
2
-3
-5
-5
-7
-10
-11
-8
0
8
14
18
19
18
12
4
-2
-5
-11
-15
-16
-15
-15
-15
-13
-7
-2
3
5
8
9
10
8
6
3
3
5
7
9
7
1
-4
-8
-9
-10
-11
-11
-9
-4
-1
4
10
10
11
14
16
13
10
8
5
5
5
6
5
4
7
9
9
6
1
-5
-6
-2
1
3
4
0
-2
-5
-6
-8
-6
-7
-7
-9
-14
-17
-23
-25
-21
-19
-18
-14
-9
-10
-9
-2
1
3
9
14
14
13
12
11
6
2
1
-2
-3
-3
-2
-1
0
1
3
6
8
10
13
15
16
18
16
16
13
10
10
10
9
8
5
1
-2
-1
2
5
6
8
6
5
0
-1
-6
-11
-13
-13
-12
-15
-20
-19
-17
-15
-14
-12
-7
-5
-8
-10
-10
-7
-4
-2
-1
0
0
2
5
7
8
9
11
12
14
15
14
10
7
2
-3
-8
-10
-11
-8
-5
-1
1
5
9
13
14
11
10
8
7
7
5
2
0
-3
-2
0
2
3
3
4
4
1
0
-3
-7
-9
-10
-10
-11
-12
-13
-11
-9
-3
1
3
2
-1
-4
-7
-4
-4
-1
2
4
5
7
10
13
17
19
18
16
12
7
4
3
-1
-4
-12
-16
-17
-16
-12
-8
-5
-2
-3
-3
-3
-3
-1
1
3
3
3
2
3
2
3
6
7
8
9
10
7
5
4
2
1
3
7
8
8
5
4
1
0
-1
-7
-14
-18
-20
-20
-20
-19
-14
-9
-7
-4
-4
-3
0
1
4
9
13
16
17
15
12
9
7
6
4
3
-1
-3
-3
-3
-5
-7
-5
-1
0
-3
-1
4
8
10
9
7
5
3
-4
-7
-7
-6
-6
-4
-4
-6
-8
-7
-7
-2
0
3
4
5
0
-3
-4
-5
-6
-5
-3
2
5
6
6
7
8
9
10
12
14
14
13
11
8
7
9
9
11
12
11
11
8
6
6
5
3
-1
-7
-14
-20
-23
-24
-24
-22
-20
-18
-17
-18
-18
-17
-14
-8
-3
1
1
0
-4
-5
-5
-2
0
2
3
4
4
4
8
16
20
19
13
9
5
2
-2
-2
5
8
6
8
13
14
10
6
5
6
2
-1
0
1
0
-2
-3
-3
-4
-7
-9
-9
-10
-9
-9
-6
-4
-2
-1
2
0
0
-2
0
1
4
4
5
3
3
3
4
4
9
11
15
16
15
11
10
7
3
-1
-3
-5
-7
-8
-10
-8
-7
-8
-10
-8
-9
-11
-13
-13
-12
-13
-15
-15
-13
-10
-10
-10
-5
2
7
8
10
12
14
12
11
12
12
12
9
8
8
9
11
10
7
7
3
0
2
6
3
4
8
9
6
8
8
2
1
0
-3
-8
-11
-12
-12
-13
-13
-12
-13
-12
-11
-12
-13
-13
-14
-10
-8
-6
-4
-3
-3
-1
-1
2
3
3
2
2
2
4
5
6
6
5
6
8
11
15
18
20
21
19
15
10
9
8
6
2
0
0
1
2
0
-4
-8
-10
-9
-10
-12
-14
-16
-16
-15
-10
-7
-2
2
6
8
8
6
4
5
4
4
3
-3
-8
-12
-12
-9
-3
2
5
7
7
4
1
0
0
3
2
1
1
1
0
-1
1
2
1
-1
-4
-7
-8
-7
-5
-3
-3
-5
-7
-9
-11
-9
-7
-1
2
5
7
8
8
8
7
8
6
6
5
5
5
6
7
7
8
8
6
4
4
3
3
1
0
0
1
3
5
6
5
1
-4
-8
-12
-13
-12
-8
-4
-1
0
0
-2
-2
-1
-1
-2
-2
-1
0
2
4
3
3
4
7
9
10
6
0
-5
-8
-12
-14
-16
-18
-17
-16
-15
-12
-9
-5
1
7
11
13
13
11
5
0
-4
-5
-5
0
3
4
5
6
6
6
7
9
12
15
18
20
19
17
12
8
5
4
2
1
0
-2
-2
-1
-1
0
4
3
3
1
-3
-6
-9
-9
-10
-5
-7
-11
-19
-21
-19
-16
-13
-11
-5
-2
-3
-6
-7
-8
-10
-11
-11
-11
-10
-8
-5
0
4
9
12
13
13
14
14
16
18
22
25
25
24
20
14
9
3
-1
-3
-2
0
3
4
2
2
0
-1
-1
0
1
2
1
0
-3
-4
-6
-8
-7
-7
-8
-9
-11
-12
-13
-15
-17
-17
-17
-14
-11
-8
-3
2
7
13
15
17
16
13
8
2
-3
-7
-4
-2
3
5
8
8
7
5
2
2
1
1
0
-1
-2
-2
-1
-1
0
-2
-4
-6
-8
-10
-10
-8
-5
-2
0
2
2
5
5
3
2
3
6
12
16
18
18
16
15
16
13
10
6
2
0
1
0
1
1
1
0
-2
-5
-5
-6
-5
-4
-8
-9
-13
-14
-16
-17
-14
-13
-12
-12
-13
-12
-11
-8
-6
-4
-2
-2
-2
-2
-1
0
1
2
3
6
8
10
10
9
8
6
6
5
4
4
6
8
9
10
8
8
8
11
14
17
15
14
12
11
11
10
10
9
7
3
0
-3
-4
-7
-10
-12
-14
-15
-16
-17
-14
-12
-12
-13
-15
-18
-20
-20
-18
-15
-10
-4
-1
0
1
0
0
3
5
3
3
2
2
3
7
10
13
11
10
8
7
7
7
7
5
4
3
2
2
1
0
0
-1
-3
-6
-6
-5
-2
1
5
7
7
4
0
-3
-4
-2
-1
3
6
8
13
16
17
16
16
14
13
11
9
6
2
-2
-6
-9
-12
-13
-14
-11
-10
-5
-1
1
2
3
5
6
2
-3
-11
-16
-19
-17
-14
-12
-10
-12
-14
-15
-13
-10
-6
-3
-1
0
-1
-2
-4
-4
-3
-1
0
0
-2
-5
-7
-6
-4
1
8
15
20
22
22
19
17
18
20
22
26
28
29
28
27
26
23
18
13
6
-1
-6
-10
-14
-16
-18
-20
-23
-25
-27
-27
-27
-26
-25
-24
-23
-22
-20
-18
-16
-14
-13
-11
-10
-7
-4
1
6
11
17
19
22
22
22
23
22
22
19
14
10
7
6
6
6
6
5
2
1
0
0
2
1
2
0
-3
-5
-7
-6
-6
-4
0
0
3
5
6
7
8
7
5
2
-2
-6
-10
-11
-13
-14
-14
-13
-11
-8
-5
-2
-2
-4
-7
-12
-14
-11
-5
0
4
5
5
6
9
13
15
17
14
11
8
6
4
4
5
5
5
4
3
2
-1
-2
-4
-6
-8
-10
-11
-11
-12
-8
-4
-2
-3
-8
-13
-19
-20
-16
-10
0
10
15
18
18
17
17
18
18
16
12
9
7
4
4
2
1
5
8
9
7
3
0
-2
-3
-3
-6
-10
-13
-16
-17
-17
-18
-16
-12
-4
1
8
11
10
8
2
-2
-6
-7
-5
-3
0
1
0
1
-2
-1
0
0
0
0
0
1
2
5
7
11
14
15
14
10
8
5
2
1
1
0
0
0
-2
-4
-4
-2
-1
0
1
2
-1
-2
-5
-8
-10
-12
-10
-6
-2
-3
-1
0
-1
-5
-7
-8
-8
-9
-9
-9
-5
-3
4
10
16
20
22
21
19
15
11
8
5
2
-1
-2
-3
-4
-5
-6
-5
-4
-1
1
2
2
2
3
4
4
2
3
0
0
-1
0
3
4
4
2
-1
-4
-7
-10
-9
-7
-6
-5
-5
-5
-8
-8
-8
-5
-3
-2
-1
-1
-3
-4
-2
-2
0
4
5
5
5
5
7
9
10
12
13
13
9
6
2
-1
-2
-3
-1
0
2
3
3
1
1
0
-1
0
3
9
12
11
9
6
1
-2
-8
-16
-22
-25
-22
-19
-14
-8
-1
5
9
9
6
4
4
4
3
2
-1
0
2
4
6
6
5
5
4
4
4
2
0
2
5
8
7
5
0
-5
-8
-10
-13
-17
-19
-19
-15
-11
-7
-5
-5
-5
-6
-4
-2
1
3
5
7
9
8
7
9
12
13
11
10
7
6
5
6
8
10
12
12
9
5
3
1
1
-1
0
0
-1
0
-1
-4
-6
-7
-8
-9
-10
-10
-8
-8
-8
-8
-8
-10
-9
-8
-6
-6
-7
-7
-9
-10
-9
-7
-4
-1
1
2
3
3
6
8
12
14
14
14
12
13
13
12
10
8
8
10
12
14
14
10
8
5
4
5
7
9
8
7
1
-1
-2
-4
-4
-8
-13
-19
-22
-24
-24
-25
-21
-16
-12
-10
-10
-14
-13
-11
-6
0
4
5
8
9
8
5
3
1
1
3
5
7
8
11
16
21
25
26
24
20
13
5
-2
-8
-10
-11
-9
-7
-6
-8
-11
-11
-11
-10
-9
-8
-6
-4
-2
1
4
5
8
9
10
12
10
12
9
6
3
0
-2
-2
-3
-5
-7
-6
-7
-5
-5
-5
-8
-8
-8
-6
-4
-1
-1
-1
-2
-3
-3
-2
1
2
5
7
8
9
9
7
5
4
2
-1
-3
-5
-7
-9
-7
-4
1
6
8
7
5
2
2
1
2
4
5
5
3
2
1
-1
0
0
1
-1
-3
-6
-7
-5
-4
-1
1
4
8
9
7
5
4
5
6
4
2
0
-2
1
0
1
-1
-1
-1
-2
-5
-7
-6
-5
-3
-3
-7
-9
-11
-10
-8
-6
-5
-7
-6
-5
-4
-2
0
2
3
5
7
7
5
5
8
11
12
13
13
16
14
9
6
3
1
2
4
4
2
-3
-7
-9
-9
-7
-7
-6
-6
-2
-2
-3
-6
-7
-7
-6
-6
-5
-7
-6
-5
-5
-5
-2
0
2
4
7
6
8
8
8
7
7
7
6
6
6
5
4
3
5
5
6
5
4
2
-1
-3
-4
-5
-3
-4
-1
1
1
2
1
-1
-3
-5
-6
-6
-5
-3
-1
2
4
5
6
6
4
5
5
5
5
5
4
3
-1
-5
-9
-12
-16
-16
-17
-17
-14
-10
-6
-3
-2
-1
1
2
2
4
4
5
4
3
1
1
3
4
5
6
3
1
0
1
1
4
5
5
7
6
4
2
0
-3
-3
-4
-5
-5
-4
-4
-2
-2
2
4
8
8
10
7
6
6
5
5
5
3
3
2
0
-5
-6
-4
-6
-7
-8
-7
-4
-2
1
4
9
13
14
14
12
6
2
-3
-8
-12
-11
-10
-6
-4
-4
-3
-3
-5
-6
-8
-9
-12
-12
-13
-13
-10
-8
-5
-1
1
2
3
4
5
3
6
10
14
18
21
24
21
17
10
4
0
-3
-3
-2
-3
-2
-5
-5
-10
-12
-12
-13
-12
-10
-8
-5
0
5
9
10
13
15
16
13
6
2
0
0
1
1
-1
-1
-5
-6
-7
-8
-7
-6
-5
-3
-3
-5
-9
-13
-13
-12
-8
-5
-1
0
0
2
1
2
5
8
11
14
14
12
10
9
9
9
8
6
4
3
0
-2
-4
-4
-3
0
2
2
0
-1
-3
-3
-4
-2
0
1
2
4
4
4
4
5
8
8
6
3
1
-1
-3
-4
-3
-2
-3
-2
-5
-8
-8
-8
-7
-8
-10
-12
-13
-13
-13
-11
-10
-6
-1
5
10
12
9
3
-2
-5
-6
-7
-9
-8
-7
-4
-2
-2
-1
-2
-1
0
1
2
4
6
11
15
18
21
21
19
18
14
10
7
5
5
7
10
10
9
7
4
1
1
0
-1
-1
-2
-4
-8
-10
-11
-12
-12
-12
-11
-11
-8
-5
-3
-2
-2
-3
-2
-3
-3
-3
-1
3
7
10
13
13
12
8
4
-1
-6
-9
-10
-11
-11
-10
-9
-8
-6
-4
-1
2
5
7
7
6
3
0
-3
-4
-2
2
4
5
2
1
2
2
2
0
-2
-2
-1
1
4
5
5
4
4
3
3
1
-1
-1
0
2
4
8
9
11
11
10
11
9
8
4
-1
-2
-5
-10
-14
-18
-18
-17
-15
-11
-7
-4
-1
2
5
6
4
3
1
-1
-1
-1
2
4
6
4
4
2
-1
-5
-6
-6
-7
-6
-1
9
13
10
7
7
8
8
5
3
2
0
0
-1
-4
-7
-8
-8
-9
-9
-10
-9
-9
-6
-5
-2
1
5
7
9
8
7
6
6
7
9
9
10
11
8
5
2
0
-1
-4
-6
-7
-6
-6
-5
-5
-2
1
2
1
1
-1
-2
-5
-6
-6
-4
-3
0
3
5
6
7
6
4
3
0
-1
-3
-4
-7
-7
-6
-4
-2
-1
-1
2
1
0
-2
-3
-1
2
5
7
7
4
2
3
5
6
5
2
-1
-3
-3
-2
-1
0
0
0
-2
-6
-10
-15
-16
-11
-5
-1
0
-1
-1
0
1
2
3
9
16
20
23
25
24
